best-result = 23.21388840675354
warmup-time = 22.978123664855957
all-measurements = [ 23.495182514190674, 23.24070119857788, 23.21388840675354,]
