best-result = 47.228779315948486
warmup-time = 62.2297625541687
all-measurements = [ 47.245516538619995, 47.89730405807495, 47.228779315948486,]
