best-result = 46.35855674743652
warmup-time = 57.30407094955444
all-measurements = [ 46.35855674743652, 46.70612120628357, 47.444376707077026,]
