best-result = 935.9996154308319
warmup-time = 1145.835727930069
all-measurements = [ 951.1533415317535, 950.7891972064972, 935.9996154308319,]
