best-result = 85.41785287857056
warmup-time = 100.08496189117432
all-measurements = [ 85.7060158252716, 85.82776236534119, 85.41785287857056,]
