best-result = 82.18504524230957
warmup-time = 101.34514737129211
all-measurements = [ 82.90072512626648, 82.68996667861938, 82.18504524230957,]
