best-result = 70.68593549728394
warmup-time = 93.29973411560059
all-measurements = [ 70.68593549728394, 82.61859512329102, 72.0016462802887,]
