best-result = 91.58962106704712
warmup-time = 106.36697268486023
all-measurements = [ 92.54341101646423, 91.58962106704712, 92.2329957485199,]
