best-result = 635.6868505477905
warmup-time = 653.8451449871063
all-measurements = [ 639.6177997589111, 638.8991885185242, 635.6868505477905,]
