best-result = 64.64076614379883
warmup-time = 80.53291511535645
all-measurements = [ 65.44163131713867, 65.43393564224243, 64.64076614379883,]
