best-result = 223.1902198791504
warmup-time = 373.4736895561218
all-measurements = [ 225.16989946365356, 223.79903650283813, 223.1902198791504,]
