best-result = 437.4243288040161
warmup-time = 886.1536889076233
all-measurements = [ 437.4243288040161, 443.75103998184204, 440.30142283439636,]
