best-result = 62.17134714126587
warmup-time = 79.72625827789307
all-measurements = [ 62.334235429763794, 62.17134714126587, 62.64416432380676,]
