best-result = 143.33348941802979
warmup-time = 162.51404690742493
all-measurements = [ 143.5157389640808, 143.33348941802979, 143.65720510482788,]
