best-result = 886.4847438335419
warmup-time = 924.3734340667725
all-measurements = [ 886.4847438335419, 890.9586124420166, 890.3910007476807,]
