best-result = 27.605549573898315
warmup-time = 36.39455604553223
all-measurements = [ 27.605549573898315, 28.093461275100708, 28.042208433151245,]
