best-result = 58.817312240600586
warmup-time = 72.48707580566406
all-measurements = [ 58.817312240600586, 59.91806769371033, 59.578973054885864,]
