best-result = 59.5075466632843
warmup-time = 73.52466416358948
all-measurements = [ 59.5075466632843, 60.38203287124634, 59.72220492362976,]
