best-result = 110.96737837791443
warmup-time = 138.36714506149292
all-measurements = [ 110.96737837791443, 126.00158190727234, 122.15909147262573,]
