best-result = 786.8730561733246
warmup-time = 852.3364531993866
all-measurements = [ 786.8730561733246, 794.675448179245, 789.3118743896484,]
