best-result = 33.94251251220703
warmup-time = 43.39507484436035
all-measurements = [ 34.05008316040039, 34.054847955703735, 33.94251251220703,]
