best-result = 55.205276012420654
warmup-time = 70.84987258911133
all-measurements = [ 55.60094332695007, 56.04246973991394, 55.205276012420654,]
