best-result = 1569.1537220478058
warmup-time = 3052.4717705249786
all-measurements = [ 2115.338789701462, 2137.378175973892, 1569.1537220478058,]
