best-result = 49.583640813827515
warmup-time = 71.50228762626648
all-measurements = [ 49.583640813827515, 50.09913372993469, 50.22747445106506,]
