best-result = 78.57407307624817
warmup-time = 99.43158555030823
all-measurements = [ 79.70057106018066, 78.57407307624817, 78.68516683578491,]
