best-result = 36.89838671684265
warmup-time = 44.9379403591156
all-measurements = [ 37.019744634628296, 36.89838671684265, 36.97369623184204,]
