best-result = 354.1141588687897
warmup-time = 493.49257159233093
all-measurements = [ 360.9216401576996, 354.1141588687897, 359.07366037368774,]
