best-result = 59.1467342376709
warmup-time = 60.24800109863281
all-measurements = [ 59.1467342376709, 59.628114461898804, 59.75826573371887,]
