best-result = 22.53861117362976
warmup-time = 22.830970287322998
all-measurements = [ 22.53861117362976, 22.779840230941772, 22.60342764854431,]
