best-result = 46.70042276382446
warmup-time = 64.8183765411377
all-measurements = [ 47.56074070930481, 46.70042276382446, 47.129740715026855,]
