best-result = 46.49946880340576
warmup-time = 57.28730607032776
all-measurements = [ 46.65866470336914, 46.49946880340576, 46.74754023551941,]
