best-result = 920.8325519561768
warmup-time = 1113.5767576694489
all-measurements = [ 924.2597541809082, 920.8325519561768, 940.0213389396667,]
