best-result = 84.94041705131531
warmup-time = 98.20792889595032
all-measurements = [ 85.78341865539551, 85.27989840507507, 84.94041705131531,]
