best-result = 984.2811460494995
warmup-time = 1009.2449586391449
all-measurements = [ 985.1009659767151, 985.5979931354523, 984.2811460494995,]
