best-result = 82.05091762542725
warmup-time = 102.88506650924683
all-measurements = [ 82.77267122268677, 83.61256074905396, 82.05091762542725,]
