best-result = 68.56779384613037
warmup-time = 89.17222499847412
all-measurements = [ 68.66890811920166, 68.56779384613037, 68.95138835906982,]
