best-result = 91.6807906627655
warmup-time = 106.63581132888794
all-measurements = [ 91.74178886413574, 92.30921244621277, 91.6807906627655,]
