best-result = 653.1626944541931
warmup-time = 666.1937530040741
all-measurements = [ 655.7926187515259, 653.1626944541931, 654.8724851608276,]
