best-result = 63.417391777038574
warmup-time = 78.81578183174133
all-measurements = [ 63.9435088634491, 63.76359558105469, 63.417391777038574,]
