best-result = 209.55394911766052
warmup-time = 362.94535422325134
all-measurements = [ 209.55394911766052, 212.4078929424286, 210.46360754966736,]
