best-result = 431.2059099674225
warmup-time = 881.2134623527527
all-measurements = [ 431.2059099674225, 431.22052454948425, 434.9796099662781,]
