best-result = 62.28930068016052
warmup-time = 79.07922029495239
all-measurements = [ 62.28930068016052, 62.64418697357178, 62.41828942298889,]
