best-result = 39.18013858795166
warmup-time = 47.76202726364136
all-measurements = [ 40.49934434890747, 39.18013858795166, 39.76773738861084,]
