best-result = 138.35608077049255
warmup-time = 171.9829933643341
all-measurements = [ 139.1469419002533, 138.35608077049255, 139.35387873649597,]
