best-result = 908.5009980201721
warmup-time = 942.0955679416656
all-measurements = [ 935.9339091777802, 914.8854925632477, 908.5009980201721,]
