best-result = 27.286661386489868
warmup-time = 36.16696810722351
all-measurements = [ 27.7389554977417, 27.286661386489868, 27.97741675376892,]
