best-result = 57.946824073791504
warmup-time = 71.95834064483643
all-measurements = [ 58.16329836845398, 57.946824073791504, 58.18909478187561,]
