best-result = 58.83872389793396
warmup-time = 73.05197930335999
all-measurements = [ 58.83872389793396, 59.44131779670715, 59.16782021522522,]
