best-result = 111.31157922744751
warmup-time = 139.261075258255
all-measurements = [ 111.3946647644043, 111.31157922744751, 111.40001654624939,]
