best-result = 787.0912208557129
warmup-time = 857.7505702972412
all-measurements = [ 788.8967106342316, 792.3362424373627, 787.0912208557129,]
