best-result = 33.58270072937012
warmup-time = 42.223398208618164
all-measurements = [ 34.0014066696167, 34.43402409553528, 33.58270072937012,]
