best-result = 55.15817189216614
warmup-time = 71.54643297195435
all-measurements = [ 55.47870707511902, 55.15817189216614, 55.16431450843811,]
