best-result = 2101.0260004997253
warmup-time = 1441.5147080421448
all-measurements = [ 2113.2280316352844, 2101.0260004997253, 2155.683361053467,]
