best-result = 48.71269345283508
warmup-time = 70.6572003364563
all-measurements = [ 49.248029470443726, 49.30489230155945, 48.71269345283508,]
