best-result = 77.18656659126282
warmup-time = 98.53271794319153
all-measurements = [ 77.18656659126282, 78.60628986358643, 78.33495497703552,]
