best-result = 36.820895195007324
warmup-time = 46.97513461112976
all-measurements = [ 37.44384455680847, 37.27819061279297, 36.820895195007324,]
