best-result = 345.81425166130066
warmup-time = 496.8303084373474
all-measurements = [ 356.91714668273926, 345.81425166130066, 347.8284122943878,]
