best-result = 58.745983600616455
warmup-time = 59.20556831359863
all-measurements = [ 59.25891041755676, 58.928465843200684, 58.745983600616455,]
