best-result = 25.60147213935852
warmup-time = 26.423863410949707
all-measurements = [ 25.60147213935852, 26.359692573547363, 25.676271677017212,]
