best-result = 37.0496187210083
warmup-time = 35.14356708526611
all-measurements = [ 37.0496187210083, 38.02040123939514, 37.291146993637085,]
