best-result = 30.69706130027771
warmup-time = 31.113729238510132
all-measurements = [ 32.48572254180908, 30.69706130027771, 31.83542776107788,]
