best-result = 254.8987274169922
warmup-time = 261.6544625759125
all-measurements = [ 256.04635524749756, 254.8987274169922, 256.19638204574585,]
