best-result = 36.46876931190491
warmup-time = 37.19158577919006
all-measurements = [ 36.62521147727966, 36.46876931190491, 36.49547457695007,]
