best-result = 111.23111009597778
warmup-time = 114.25663685798645
all-measurements = [ 111.23111009597778, 111.57176399230957, 113.30135536193848,]
