best-result = 40.33731293678284
warmup-time = 42.4773383140564
all-measurements = [ 41.015602111816406, 40.768916845321655, 40.33731293678284,]
