best-result = 46.75304174423218
warmup-time = 48.50301742553711
all-measurements = [ 46.75304174423218, 48.99841499328613, 47.78609776496887,]
