best-result = 33.611308336257935
warmup-time = 33.22703790664673
all-measurements = [ 33.73339653015137, 34.791555881500244, 33.611308336257935,]
