best-result = 36.995333671569824
warmup-time = 38.29552412033081
all-measurements = [ 36.995333671569824, 37.382511138916016, 37.97696495056152,]
