best-result = 59.35165619850159
warmup-time = 61.45149207115173
all-measurements = [ 60.776527643203735, 59.35165619850159, 63.01651430130005,]
