best-result = 222.81716108322144
warmup-time = 227.48428678512573
all-measurements = [ 224.21116137504578, 225.26402187347412, 222.81716108322144,]
