best-result = 511.3808524608612
warmup-time = 517.3490240573883
all-measurements = [ 511.3808524608612, 513.8966710567474, 516.2703068256378,]
