best-result = 35.70276427268982
warmup-time = 35.25220537185669
all-measurements = [ 36.035561323165894, 36.43058133125305, 35.70276427268982,]
