best-result = 29.078439474105835
warmup-time = 29.20174479484558
all-measurements = [ 29.17886447906494, 29.22879195213318, 29.078439474105835,]
