best-result = 68.02379512786865
warmup-time = 77.12607288360596
all-measurements = [ 75.15184259414673, 68.02379512786865, 72.18722891807556,]
