best-result = 61.50051832199097
warmup-time = 61.660998821258545
all-measurements = [ 61.50051832199097, 61.68807649612427, 63.61336421966553,]
