best-result = 27.36595892906189
warmup-time = 28.67931628227234
all-measurements = [ 27.866756200790405, 27.36595892906189, 28.3045654296875,]
