best-result = 32.410006046295166
warmup-time = 34.70467925071716
all-measurements = [ 34.90554404258728, 32.410006046295166, 35.007216930389404,]
