best-result = 33.3399612903595
warmup-time = 33.63006854057312
all-measurements = [ 34.42272639274597, 33.3399612903595, 33.7725555896759,]
