best-result = 42.07734560966492
warmup-time = 42.87637281417847
all-measurements = [ 43.095001220703125, 42.07734560966492, 42.24017119407654,]
