best-result = 94.49599099159241
warmup-time = 96.89770650863647
all-measurements = [ 94.49599099159241, 95.27120637893677, 96.76706552505493,]
