best-result = 27.93599843978882
warmup-time = 29.71739888191223
all-measurements = [ 27.955682039260864, 27.93599843978882, 29.560462951660156,]
