best-result = 33.57502865791321
warmup-time = 34.958468437194824
all-measurements = [ 34.77571153640747, 34.27102255821228, 33.57502865791321,]
