best-result = 87.73505473136902
warmup-time = 87.69729781150818
all-measurements = [ 97.65053129196167, 87.73505473136902, 87.96185564994812,]
