best-result = 38.58892321586609
warmup-time = 39.87152361869812
all-measurements = [ 38.58892321586609, 39.33563280105591, 39.61323046684265,]
