best-result = 42.719358921051025
warmup-time = 46.42493915557861
all-measurements = [ 45.125059604644775, 44.802605628967285, 42.719358921051025,]
