best-result = 27.60521173477173
warmup-time = 28.559730768203735
all-measurements = [ 27.93543529510498, 27.60521173477173, 28.721848249435425,]
