best-result = 634.7852532863617
warmup-time = 673.7861022949219
all-measurements = [ 639.94211769104, 638.2689294815063, 634.7852532863617,]
