best-result = 168.29391622543335
warmup-time = 171.6293432712555
all-measurements = [ 171.0939643383026, 173.6184561252594, 168.29391622543335,]
