best-result = 65.74724388122559
warmup-time = 60.37663912773132
all-measurements = [ 66.05189824104309, 65.74724388122559, 65.80226159095764,]
