best-result = 21.609951734542847
warmup-time = 22.072779655456543
all-measurements = [ 21.6468505859375, 21.613649606704712, 21.609951734542847,]
