best-result = 47.348531007766724
warmup-time = 63.187581300735474
all-measurements = [ 47.54799461364746, 47.348531007766724, 47.70200300216675,]
