best-result = 47.075780391693115
warmup-time = 59.12134003639221
all-measurements = [ 47.075780391693115, 47.27430009841919, 47.38662314414978,]
