best-result = 980.0352911949158
warmup-time = 1177.8440268039703
all-measurements = [ 995.9123921394348, 980.0352911949158, 987.3236675262451,]
