best-result = 81.935706615448
warmup-time = 95.11355066299438
all-measurements = [ 83.0918595790863, 82.68691158294678, 81.935706615448,]
