best-result = 78.91505861282349
warmup-time = 101.6483142375946
all-measurements = [ 79.07680797576904, 78.91505861282349, 79.01946139335632,]
