best-result = 69.64408993721008
warmup-time = 92.08664059638977
all-measurements = [ 70.8818347454071, 69.78604173660278, 69.64408993721008,]
