best-result = 84.3893690109253
warmup-time = 97.97689986228943
all-measurements = [ 84.3893690109253, 85.08104848861694, 85.03860187530518,]
