best-result = 593.7836077213287
warmup-time = 610.0558934211731
all-measurements = [ 593.7836077213287, 596.5570552349091, 594.9043970108032,]
