best-result = 61.83488631248474
warmup-time = 77.33982944488525
all-measurements = [ 62.39314556121826, 62.42850184440613, 61.83488631248474,]
