best-result = 228.5508725643158
warmup-time = 393.5011839866638
all-measurements = [ 229.6306402683258, 231.54306769371033, 228.5508725643158,]
