best-result = 442.9564599990845
warmup-time = 906.9196572303772
all-measurements = [ 449.24779176712036, 442.9564599990845, 462.3562824726105,]
