best-result = 60.461771726608276
warmup-time = 76.4139187335968
all-measurements = [ 61.27389717102051, 60.90003037452698, 60.461771726608276,]
