best-result = 855.9839448928833
warmup-time = 891.8876059055328
all-measurements = [ 860.6685817241669, 855.9839448928833, 866.4990501403809,]
