best-result = 27.211483478546143
warmup-time = 36.29835653305054
all-measurements = [ 27.52725100517273, 28.422990322113037, 27.211483478546143,]
