best-result = 58.35326385498047
warmup-time = 73.6676242351532
all-measurements = [ 59.86188244819641, 58.62655472755432, 58.35326385498047,]
