best-result = 56.027472734451294
warmup-time = 70.26619839668274
all-measurements = [ 56.027472734451294, 57.232417821884155, 56.20708084106445,]
