best-result = 108.77577590942383
warmup-time = 138.1604118347168
all-measurements = [ 109.77869009971619, 110.37686371803284, 108.77577590942383,]
