best-result = 772.3830966949463
warmup-time = 840.7626223564148
all-measurements = [ 774.0010647773743, 772.9556541442871, 772.3830966949463,]
