best-result = 33.46477460861206
warmup-time = 40.64906120300293
all-measurements = [ 33.46477460861206, 33.75267767906189, 34.31129741668701,]
