best-result = 53.255698919296265
warmup-time = 68.90893268585205
all-measurements = [ 53.35258913040161, 53.255698919296265, 53.58814454078674,]
