best-result = 49.746355056762695
warmup-time = 69.48041582107544
all-measurements = [ 49.746355056762695, 50.094874143600464, 50.00599384307861,]
