best-result = 79.29772734642029
warmup-time = 100.24999046325684
all-measurements = [ 79.29772734642029, 79.44823002815247, 79.63821411132812,]
