best-result = 35.75648808479309
warmup-time = 43.380648136138916
all-measurements = [ 35.98982048034668, 35.75648808479309, 35.848891496658325,]
