best-result = 340.69245052337646
warmup-time = 490.5627267360687
all-measurements = [ 354.55482387542725, 340.69245052337646, 365.23183965682983,]
