best-result = 103.51465034484863
warmup-time = 103.89506530761719
all-measurements = [ 103.59182167053223, 103.79043555259705, 103.51465034484863,]
