best-result = 25.294402837753296
warmup-time = 25.61735486984253
all-measurements = [ 25.687657833099365, 25.294402837753296, 25.333635091781616,]
