best-result = 37.105459690093994
warmup-time = 39.43929481506348
all-measurements = [ 38.42005658149719, 37.105459690093994, 38.98253130912781,]
