best-result = 31.080628633499146
warmup-time = 31.722750425338745
all-measurements = [ 31.861448526382446, 31.36926031112671, 31.080628633499146,]
