best-result = 262.59186601638794
warmup-time = 265.86349964141846
all-measurements = [ 264.39457988739014, 262.59186601638794, 265.950318813324,]
