best-result = 35.9301061630249
warmup-time = 37.13411784172058
all-measurements = [ 37.53975033760071, 35.9301061630249, 37.11394166946411,]
