best-result = 40.7855064868927
warmup-time = 41.12278866767883
all-measurements = [ 43.1514527797699, 40.7855064868927, 41.61233878135681,]
