best-result = 48.74424600601196
warmup-time = 49.57733201980591
all-measurements = [ 50.34441113471985, 48.74424600601196, 50.07194256782532,]
