best-result = 33.121222257614136
warmup-time = 34.71091389656067
all-measurements = [ 33.121222257614136, 33.277159452438354, 34.05781602859497,]
