best-result = 35.62248158454895
warmup-time = 36.343852519989014
all-measurements = [ 36.27312517166138, 37.86034822463989, 35.62248158454895,]
