best-result = 63.91130495071411
warmup-time = 64.26637101173401
all-measurements = [ 63.91130495071411, 64.44432973861694, 64.26460361480713,]
