best-result = 226.20180082321167
warmup-time = 227.1169717311859
all-measurements = [ 226.20180082321167, 230.75177645683289, 227.1086287498474,]
