best-result = 520.8634257316589
warmup-time = 522.3781464099884
all-measurements = [ 520.8634257316589, 523.8915846347809, 521.8985822200775,]
