best-result = 35.066988945007324
warmup-time = 36.9749059677124
all-measurements = [ 37.16323447227478, 35.066988945007324, 36.540459394454956,]
