best-result = 75.01659727096558
warmup-time = 79.99453973770142
all-measurements = [ 78.09048175811768, 75.01659727096558, 82.79532504081726,]
