best-result = 61.40299153327942
warmup-time = 61.180875062942505
all-measurements = [ 64.20152544975281, 61.40299153327942, 64.72547602653503,]
