best-result = 27.377421617507935
warmup-time = 28.12230396270752
all-measurements = [ 28.031955242156982, 27.377421617507935, 27.43440341949463,]
