best-result = 35.15537476539612
warmup-time = 35.38212060928345
all-measurements = [ 35.15537476539612, 35.391117095947266, 35.340858936309814,]
