best-result = 33.618640184402466
warmup-time = 33.27106285095215
all-measurements = [ 33.88679647445679, 34.3052077293396, 33.618640184402466,]
