best-result = 41.49311351776123
warmup-time = 41.881205797195435
all-measurements = [ 43.63525176048279, 43.301002740859985, 41.49311351776123,]
