best-result = 97.24646496772766
warmup-time = 97.44283318519592
all-measurements = [ 97.43604731559753, 97.50532650947571, 97.24646496772766,]
