best-result = 27.30224609375
warmup-time = 28.37450122833252
all-measurements = [ 28.71896982192993, 29.337302684783936, 27.30224609375,]
