best-result = 34.67614936828613
warmup-time = 33.65039920806885
all-measurements = [ 34.67614936828613, 35.49206042289734, 36.89677357673645,]
