best-result = 87.03885436058044
warmup-time = 96.60122752189636
all-measurements = [ 87.03885436058044, 93.86749505996704, 95.54794001579285,]
