best-result = 38.635658979415894
warmup-time = 38.669721841812134
all-measurements = [ 39.063042879104614, 38.635658979415894, 40.057621717453,]
