best-result = 42.6865029335022
warmup-time = 47.750049352645874
all-measurements = [ 44.450178384780884, 42.73441958427429, 42.6865029335022,]
