best-result = 27.367676496505737
warmup-time = 28.764021635055542
all-measurements = [ 27.367676496505737, 28.32749605178833, 28.647289752960205,]
