best-result = 711.4166574478149
warmup-time = 739.7895629405975
all-measurements = [ 716.3690013885498, 711.4166574478149, 723.1150782108307,]
