best-result = 173.13814091682434
warmup-time = 179.18852305412292
all-measurements = [ 173.13814091682434, 176.57786059379578, 174.8887448310852,]
