best-result = 68.08500599861145
warmup-time = 69.5317268371582
all-measurements = [ 71.2455415725708, 68.08500599861145, 68.82674479484558,]
