best-result = 25.50984001159668
warmup-time = 25.910665035247803
all-measurements = [ 25.50984001159668, 26.360198259353638, 25.704437971115112,]
