best-result = 36.117762088775635
warmup-time = 37.06002449989319
all-measurements = [ 37.67487573623657, 38.411009550094604, 36.117762088775635,]
