best-result = 30.287930250167847
warmup-time = 31.61775517463684
all-measurements = [ 31.227262258529663, 30.287930250167847, 30.601500511169434,]
