best-result = 252.9984884262085
warmup-time = 257.6814022064209
all-measurements = [ 252.9984884262085, 255.1266324520111, 256.53058981895447,]
