best-result = 35.89692568778992
warmup-time = 37.22414994239807
all-measurements = [ 36.443137645721436, 35.89692568778992, 37.00550651550293,]
