best-result = 111.08275938034058
warmup-time = 114.79533648490906
all-measurements = [ 111.08275938034058, 111.81348085403442, 112.11200523376465,]
