best-result = 35.137598514556885
warmup-time = 35.34373879432678
all-measurements = [ 35.36073613166809, 35.877711057662964, 35.137598514556885,]
