best-result = 40.24715518951416
warmup-time = 40.47366213798523
all-measurements = [ 40.414323806762695, 40.55556607246399, 40.24715518951416,]
