best-result = 47.76962876319885
warmup-time = 47.56210494041443
all-measurements = [ 47.76962876319885, 49.14454746246338, 48.04042434692383,]
