best-result = 33.67059111595154
warmup-time = 33.981817960739136
all-measurements = [ 34.291107177734375, 35.09856605529785, 33.67059111595154,]
