best-result = 37.137566328048706
warmup-time = 37.399070024490356
all-measurements = [ 37.182185649871826, 37.137566328048706, 37.21759629249573,]
