best-result = 60.325573682785034
warmup-time = 61.15185904502869
all-measurements = [ 63.20781207084656, 60.778132915496826, 60.325573682785034,]
