best-result = 221.97298192977905
warmup-time = 224.8645896911621
all-measurements = [ 221.97298192977905, 222.5509111881256, 223.63960146903992,]
