best-result = 513.2454886436462
warmup-time = 518.0290215015411
all-measurements = [ 513.2454886436462, 515.5149097442627, 515.8790380954742,]
