best-result = 35.83539414405823
warmup-time = 37.22162079811096
all-measurements = [ 35.83539414405823, 35.97155261039734, 36.75787591934204,]
