best-result = 28.57205581665039
warmup-time = 28.25293755531311
all-measurements = [ 28.57205581665039, 28.83053731918335, 28.907074213027954,]
