best-result = 76.70959687232971
warmup-time = 76.05394268035889
all-measurements = [ 77.62881016731262, 78.05021262168884, 76.70959687232971,]
