best-result = 60.75776410102844
warmup-time = 64.0162353515625
all-measurements = [ 60.75776410102844, 62.52468180656433, 63.4404411315918,]
