best-result = 27.521466493606567
warmup-time = 27.326529264450073
all-measurements = [ 28.8052179813385, 27.521466493606567, 27.753737926483154,]
