best-result = 32.70044469833374
warmup-time = 32.08972144126892
all-measurements = [ 32.70044469833374, 35.10033655166626, 34.89391374588013,]
