best-result = 32.54943013191223
warmup-time = 33.54650807380676
all-measurements = [ 32.54943013191223, 33.91291689872742, 34.010138750076294,]
