best-result = 41.58251070976257
warmup-time = 43.7375054359436
all-measurements = [ 42.355690002441406, 42.844056606292725, 41.58251070976257,]
