best-result = 94.29804134368896
warmup-time = 95.15632581710815
all-measurements = [ 94.29804134368896, 96.54063487052917, 94.72106409072876,]
