best-result = 27.703140258789062
warmup-time = 29.542961835861206
all-measurements = [ 28.510934829711914, 27.848695755004883, 27.703140258789062,]
