best-result = 33.7016224861145
warmup-time = 35.14159846305847
all-measurements = [ 34.70615196228027, 34.60909700393677, 33.7016224861145,]
