best-result = 85.96636414527893
warmup-time = 95.38510274887085
all-measurements = [ 95.23419547080994, 85.96636414527893, 87.32547855377197,]
