best-result = 38.17572498321533
warmup-time = 39.58105230331421
all-measurements = [ 38.73112201690674, 39.60240626335144, 38.17572498321533,]
