best-result = 42.158634662628174
warmup-time = 46.019593477249146
all-measurements = [ 43.22722816467285, 42.158634662628174, 45.41190695762634,]
