best-result = 49.62487721443176
warmup-time = 49.754884243011475
all-measurements = [ 49.62487721443176, 50.22165274620056, 51.073126554489136,]
