best-result = 28.05163550376892
warmup-time = 29.212701320648193
all-measurements = [ 29.349445343017578, 28.77253770828247, 28.05163550376892,]
