best-result = 643.6920697689056
warmup-time = 674.5270073413849
all-measurements = [ 643.6920697689056, 650.6602478027344, 648.4703769683838,]
