best-result = 170.5754177570343
warmup-time = 170.3265073299408
all-measurements = [ 173.06148386001587, 170.5754177570343, 172.64146780967712,]
