best-result = 59.85454988479614
warmup-time = 65.9578275680542
all-measurements = [ 67.78051209449768, 59.85454988479614, 66.71498966217041,]
