best-result = 22.53561758995056
warmup-time = 22.554086446762085
all-measurements = [ 23.142784595489502, 22.728437185287476, 22.53561758995056,]
