best-result = 47.51322078704834
warmup-time = 62.728132009506226
all-measurements = [ 47.977275371551514, 48.1909613609314, 47.51322078704834,]
