best-result = 46.75911068916321
warmup-time = 58.32332515716553
all-measurements = [ 47.28846454620361, 46.75911068916321, 46.768385887145996,]
