best-result = 951.1256711483002
warmup-time = 1145.4911432266235
all-measurements = [ 951.6489305496216, 951.1256711483002, 967.4162118434906,]
