best-result = 85.63177227973938
warmup-time = 100.65431833267212
all-measurements = [ 85.63177227973938, 85.89062595367432, 85.64743638038635,]
