best-result = 81.0658540725708
warmup-time = 102.4625654220581
all-measurements = [ 81.10150122642517, 81.2024552822113, 81.0658540725708,]
