best-result = 69.58300542831421
warmup-time = 92.11042141914368
all-measurements = [ 69.58300542831421, 69.60887408256531, 69.59134006500244,]
