best-result = 90.17914485931396
warmup-time = 105.52999091148376
all-measurements = [ 90.639808177948, 90.93419122695923, 90.17914485931396,]
