best-result = 616.9271767139435
warmup-time = 630.5364730358124
all-measurements = [ 616.9271767139435, 617.1765072345734, 622.1595919132233,]
