best-result = 64.67816972732544
warmup-time = 78.62043142318726
all-measurements = [ 64.67816972732544, 65.57845950126648, 65.05197334289551,]
