best-result = 222.9608509540558
warmup-time = 370.7654860019684
all-measurements = [ 226.04613828659058, 222.9608509540558, 223.81262850761414,]
