best-result = 441.2097055912018
warmup-time = 882.6485488414764
all-measurements = [ 444.60661602020264, 441.2097055912018, 447.0993437767029,]
