best-result = 61.47179102897644
warmup-time = 78.8471291065216
all-measurements = [ 61.70029377937317, 61.739166259765625, 61.47179102897644,]
