best-result = 857.0322952270508
warmup-time = 892.1108632087708
all-measurements = [ 858.2855906486511, 863.4226343631744, 857.0322952270508,]
