best-result = 27.61336851119995
warmup-time = 35.733325719833374
all-measurements = [ 27.61336851119995, 27.776533842086792, 27.7529239654541,]
