best-result = 58.005746603012085
warmup-time = 71.51761651039124
all-measurements = [ 58.407461404800415, 58.005746603012085, 58.2914092540741,]
