best-result = 58.55995965003967
warmup-time = 72.59501671791077
all-measurements = [ 58.78483319282532, 58.55995965003967, 58.96170496940613,]
