best-result = 109.57468628883362
warmup-time = 138.86460876464844
all-measurements = [ 109.57468628883362, 110.76580214500427, 110.27665710449219,]
