best-result = 778.6889717578888
warmup-time = 844.8016655445099
all-measurements = [ 780.5836973190308, 778.6889717578888, 786.1780014038086,]
