best-result = 38.15423250198364
warmup-time = 42.75180387496948
all-measurements = [ 40.99335289001465, 39.868457555770874, 38.15423250198364,]
