best-result = 54.515682220458984
warmup-time = 72.37172102928162
all-measurements = [ 54.57783842086792, 54.515682220458984, 54.52206754684448,]
