best-result = 2027.4142253398895
warmup-time = 2375.1816675662994
all-measurements = [ 2027.4142253398895, 2166.300924539566, 2249.5158381462097,]
