best-result = 49.62287998199463
warmup-time = 70.91250729560852
all-measurements = [ 49.891677379608154, 50.80890417098999, 49.62287998199463,]
