best-result = 80.77837538719177
warmup-time = 101.60212111473083
all-measurements = [ 80.77837538719177, 81.3910002708435, 81.7513177394867,]
