best-result = 36.31493663787842
warmup-time = 44.31397294998169
all-measurements = [ 36.31493663787842, 37.091728925704956, 36.50753140449524,]
