best-result = 342.1544303894043
warmup-time = 484.7338855266571
all-measurements = [ 356.04130268096924, 347.01061058044434, 342.1544303894043,]
