best-result = 104.6212522983551
warmup-time = 104.65309977531433
all-measurements = [ 104.85451769828796, 104.6212522983551, 104.73304438591003,]
