best-result = 23.352232217788696
warmup-time = 24.05970311164856
all-measurements = [ 23.624114274978638, 23.390170335769653, 23.352232217788696,]
