best-result = 47.08168292045593
warmup-time = 64.72917151451111
all-measurements = [ 47.08168292045593, 47.17711687088013, 47.38697957992554,]
