best-result = 46.69735264778137
warmup-time = 57.7512481212616
all-measurements = [ 46.95441818237305, 46.69735264778137, 46.758464097976685,]
