best-result = 896.9608700275421
warmup-time = 1110.2320518493652
all-measurements = [ 918.7864544391632, 900.1917090415955, 896.9608700275421,]
