best-result = 86.00905752182007
warmup-time = 99.98853373527527
all-measurements = [ 86.14107251167297, 86.67398500442505, 86.00905752182007,]
