best-result = 989.4549396038055
warmup-time = 1021.472044467926
all-measurements = [ 992.2260131835938, 989.4549396038055, 990.9483680725098,]
