best-result = 83.80579113960266
warmup-time = 104.65154981613159
all-measurements = [ 84.25514221191406, 85.46577048301697, 83.80579113960266,]
