best-result = 68.63557028770447
warmup-time = 88.90778708457947
all-measurements = [ 68.8555748462677, 68.63557028770447, 68.74401211738586,]
