best-result = 91.35089588165283
warmup-time = 105.74631810188293
all-measurements = [ 91.35089588165283, 91.90392541885376, 92.50907111167908,]
