best-result = 646.6273970603943
warmup-time = 662.0957090854645
all-measurements = [ 649.4991850852966, 646.6273970603943, 649.3988604545593,]
