best-result = 62.01728343963623
warmup-time = 73.704509973526
all-measurements = [ 62.81335711479187, 62.976173400878906, 62.01728343963623,]
