best-result = 205.2053575515747
warmup-time = 362.49136447906494
all-measurements = [ 205.2053575515747, 206.2414710521698, 205.86043620109558,]
