best-result = 387.008620262146
warmup-time = 824.3895604610443
all-measurements = [ 387.008620262146, 390.06692361831665, 387.65415501594543,]
