best-result = 63.023874044418335
warmup-time = 81.2750518321991
all-measurements = [ 63.73589086532593, 63.023874044418335, 63.32985997200012,]
