best-result = 40.10972476005554
warmup-time = 48.801204204559326
all-measurements = [ 40.10972476005554, 40.801716804504395, 40.63532066345215,]
