best-result = 134.39887309074402
warmup-time = 160.6083300113678
all-measurements = [ 135.4029610157013, 134.39887309074402, 135.94238090515137,]
