best-result = 919.9910986423492
warmup-time = 957.7052998542786
all-measurements = [ 924.9284160137177, 919.9910986423492, 924.4222159385681,]
