best-result = 28.28889513015747
warmup-time = 37.688987493515015
all-measurements = [ 28.450525760650635, 28.28889513015747, 28.294789791107178,]
