best-result = 57.93824625015259
warmup-time = 69.79462957382202
all-measurements = [ 58.48672032356262, 57.93824625015259, 58.762364625930786,]
