best-result = 60.43641781806946
warmup-time = 75.06233286857605
all-measurements = [ 60.5605571269989, 60.43641781806946, 61.45298361778259,]
