best-result = 109.8857045173645
warmup-time = 138.45991110801697
all-measurements = [ 110.5903639793396, 110.03096151351929, 109.8857045173645,]
