best-result = 774.8646168708801
warmup-time = 871.9638001918793
all-measurements = [ 775.2433526515961, 774.8646168708801, 807.0062115192413,]
