best-result = 33.99933433532715
warmup-time = 41.80415916442871
all-measurements = [ 34.40343189239502, 33.99933433532715, 34.080650329589844,]
