best-result = 56.09257459640503
warmup-time = 71.6906464099884
all-measurements = [ 56.1271710395813, 56.09257459640503, 56.192036151885986,]
