best-result = 1570.4788336753845
warmup-time = 2163.420863866806
all-measurements = [ 1570.4788336753845, 1632.570358991623, 1997.7575149536133,]
