best-result = 49.00551748275757
warmup-time = 70.06246089935303
all-measurements = [ 49.247795820236206, 49.00551748275757, 49.13756346702576,]
