best-result = 83.36671924591064
warmup-time = 101.81967496871948
all-measurements = [ 83.8693494796753, 83.54872488975525, 83.36671924591064,]
