best-result = 37.892826557159424
warmup-time = 47.81625747680664
all-measurements = [ 37.892826557159424, 38.25445508956909, 38.39751958847046,]
