best-result = 332.5878257751465
warmup-time = 474.86515736579895
all-measurements = [ 341.4852373600006, 332.5878257751465, 338.0714054107666,]
