best-result = 59.34823989868164
warmup-time = 59.76736354827881
all-measurements = [ 60.04105091094971, 59.34823989868164, 59.55368947982788,]
