best-result = 22.493757009506226
warmup-time = 23.160537719726562
all-measurements = [ 22.597789764404297, 23.35745644569397, 22.493757009506226,]
