best-result = 46.61641001701355
warmup-time = 64.12576222419739
all-measurements = [ 46.61641001701355, 47.02013683319092, 46.64477491378784,]
