best-result = 46.30651140213013
warmup-time = 58.727232217788696
all-measurements = [ 46.30651140213013, 46.77775454521179, 46.590829610824585,]
