best-result = 947.1765787601471
warmup-time = 1125.0887820720673
all-measurements = [ 947.9939384460449, 958.8686859607697, 947.1765787601471,]
