best-result = 84.1649603843689
warmup-time = 99.00646209716797
all-measurements = [ 84.1649603843689, 85.00360798835754, 84.38919997215271,]
