best-result = 82.62577295303345
warmup-time = 101.7315742969513
all-measurements = [ 82.74956035614014, 82.62577295303345, 83.73371958732605,]
