best-result = 70.36576986312866
warmup-time = 90.58442306518555
all-measurements = [ 70.36576986312866, 71.68897604942322, 70.67749118804932,]
