best-result = 90.44372057914734
warmup-time = 104.82378554344177
all-measurements = [ 91.00268340110779, 91.53828716278076, 90.44372057914734,]
