best-result = 647.014119386673
warmup-time = 670.3854908943176
all-measurements = [ 663.2465603351593, 647.014119386673, 649.6748087406158,]
