best-result = 65.76300168037415
warmup-time = 78.85219287872314
all-measurements = [ 66.32911396026611, 65.76300168037415, 66.35131406784058,]
