best-result = 221.6966576576233
warmup-time = 373.60033774375916
all-measurements = [ 224.27115035057068, 221.6966576576233, 223.29418468475342,]
