best-result = 432.1065607070923
warmup-time = 872.9419085979462
all-measurements = [ 434.5615050792694, 442.42876267433167, 432.1065607070923,]
