best-result = 61.59360885620117
warmup-time = 77.40139889717102
all-measurements = [ 61.82117247581482, 61.59360885620117, 61.80779767036438,]
