best-result = 143.36174774169922
warmup-time = 171.70667457580566
all-measurements = [ 143.44170880317688, 143.36174774169922, 144.32201552391052,]
