best-result = 894.7306809425354
warmup-time = 924.6281859874725
all-measurements = [ 897.1265845298767, 894.7306809425354, 897.557540178299,]
