best-result = 27.023121118545532
warmup-time = 34.922000885009766
all-measurements = [ 27.023121118545532, 27.574259519577026, 27.34932255744934,]
