best-result = 60.85312223434448
warmup-time = 72.12237286567688
all-measurements = [ 60.90217995643616, 60.85312223434448, 61.123292207717896,]
