best-result = 58.90881586074829
warmup-time = 72.75392603874207
all-measurements = [ 59.221168994903564, 58.90881586074829, 59.46377444267273,]
