best-result = 111.80389356613159
warmup-time = 137.4595184326172
all-measurements = [ 112.02259182929993, 111.8361337184906, 111.80389356613159,]
