best-result = 782.1787407398224
warmup-time = 856.8184916973114
all-measurements = [ 782.1787407398224, 790.12220287323, 787.2460725307465,]
