best-result = 33.592925786972046
warmup-time = 41.55700206756592
all-measurements = [ 33.753708362579346, 33.71453356742859, 33.592925786972046,]
