best-result = 54.958556175231934
warmup-time = 71.63371324539185
all-measurements = [ 54.958556175231934, 55.185768842697144, 55.53644013404846,]
