best-result = 1886.3052022457123
warmup-time = 1838.4974591732025
all-measurements = [ 2109.7775893211365, 1886.3052022457123, 3119.9405796527863,]
