best-result = 49.36479568481445
warmup-time = 71.27887558937073
all-measurements = [ 49.36479568481445, 49.75987529754639, 49.42138600349426,]
