best-result = 78.38552689552307
warmup-time = 96.81109356880188
all-measurements = [ 79.70168256759644, 79.15181303024292, 78.38552689552307,]
