best-result = 36.16934013366699
warmup-time = 44.394776344299316
all-measurements = [ 36.16934013366699, 36.65122747421265, 37.029460191726685,]
