best-result = 341.8070080280304
warmup-time = 470.1974604129791
all-measurements = [ 341.8070080280304, 344.6860384941101, 350.56348729133606,]
