best-result = 59.98926830291748
warmup-time = 60.986833333969116
all-measurements = [ 60.606122970581055, 59.98926830291748, 60.12569284439087,]
