best-result = 21.592561721801758
warmup-time = 22.007734298706055
all-measurements = [ 21.592561721801758, 21.86951184272766, 21.78855609893799,]
