best-result = 47.0208055973053
warmup-time = 63.050570487976074
all-measurements = [ 47.0208055973053, 47.48747396469116, 47.028852462768555,]
