best-result = 46.40318536758423
warmup-time = 58.68078017234802
all-measurements = [ 46.54165315628052, 46.40318536758423, 46.900630712509155,]
