best-result = 950.918092250824
warmup-time = 1143.1335880756378
all-measurements = [ 965.8202385902405, 950.918092250824, 955.6358559131622,]
