best-result = 81.95263695716858
warmup-time = 94.98755598068237
all-measurements = [ 82.280770778656, 81.95263695716858, 82.09248399734497,]
