best-result = 78.35705304145813
warmup-time = 98.20009756088257
all-measurements = [ 78.91560506820679, 78.73695349693298, 78.35705304145813,]
