best-result = 68.61215043067932
warmup-time = 92.26111221313477
all-measurements = [ 69.52656769752502, 69.30717492103577, 68.61215043067932,]
