best-result = 83.74803805351257
warmup-time = 99.34696316719055
all-measurements = [ 84.28365063667297, 83.74803805351257, 84.19638919830322,]
