best-result = 593.137202501297
warmup-time = 610.1505420207977
all-measurements = [ 595.952398777008, 593.137202501297, 593.5744452476501,]
