best-result = 62.376224517822266
warmup-time = 78.01455640792847
all-measurements = [ 62.376224517822266, 62.45288610458374, 62.809426069259644,]
