best-result = 222.3503863811493
warmup-time = 378.6396460533142
all-measurements = [ 223.5504515171051, 222.3503863811493, 226.09348464012146,]
