best-result = 434.8087155818939
warmup-time = 883.3957469463348
all-measurements = [ 443.6806879043579, 439.2042045593262, 434.8087155818939,]
