best-result = 59.65856909751892
warmup-time = 76.53977584838867
all-measurements = [ 59.65856909751892, 69.14587140083313, 66.97887969017029,]
