best-result = 846.114917755127
warmup-time = 882.4499883651733
all-measurements = [ 850.2415211200714, 846.114917755127, 848.2921411991119,]
