best-result = 26.911080598831177
warmup-time = 35.743194818496704
all-measurements = [ 27.36937165260315, 26.911080598831177, 26.919052362442017,]
