best-result = 57.86938428878784
warmup-time = 71.74487447738647
all-measurements = [ 57.86938428878784, 58.25367188453674, 58.65723371505737,]
