best-result = 55.97294068336487
warmup-time = 68.18036890029907
all-measurements = [ 56.68846797943115, 55.97294068336487, 56.769500732421875,]
