best-result = 108.3872652053833
warmup-time = 136.35114192962646
all-measurements = [ 108.5317006111145, 108.3872652053833, 108.75022768974304,]
