best-result = 760.3098182678223
warmup-time = 824.9827415943146
all-measurements = [ 760.3098182678223, 760.9628734588623, 761.3048949241638,]
