best-result = 33.942981004714966
warmup-time = 42.56710720062256
all-measurements = [ 33.942981004714966, 34.5713586807251, 34.04444980621338,]
