best-result = 53.614033460617065
warmup-time = 69.65867972373962
all-measurements = [ 53.64280080795288, 53.74323034286499, 53.614033460617065,]
