best-result = 49.028640031814575
warmup-time = 68.81025004386902
all-measurements = [ 49.25453329086304, 49.09539461135864, 49.028640031814575,]
