best-result = 78.93817639350891
warmup-time = 98.77937078475952
all-measurements = [ 78.93817639350891, 79.04899430274963, 86.21716570854187,]
