best-result = 35.74711799621582
warmup-time = 44.55888748168945
all-measurements = [ 35.97674202919006, 35.74711799621582, 36.076971769332886,]
