best-result = 335.8364646434784
warmup-time = 472.7915780544281
all-measurements = [ 341.7083668708801, 335.8364646434784, 336.03958463668823,]
