best-result = 102.54627060890198
warmup-time = 103.2179524898529
all-measurements = [ 102.86787557601929, 102.54627060890198, 102.70525527000427,]
