best-result = 22.953762531280518
warmup-time = 22.9819176197052
all-measurements = [ 23.024712085723877, 23.103269815444946, 22.953762531280518,]
