best-result = 46.32402563095093
warmup-time = 65.138503074646
all-measurements = [ 47.35422921180725, 46.32402563095093, 46.690256118774414,]
