best-result = 46.850512742996216
warmup-time = 58.331443548202515
all-measurements = [ 46.87307953834534, 46.850512742996216, 47.00157570838928,]
