best-result = 919.5780854225159
warmup-time = 1138.210721731186
all-measurements = [ 926.778516292572, 919.5780854225159, 948.2935106754303,]
