best-result = 85.52197813987732
warmup-time = 101.37392783164978
all-measurements = [ 86.77103400230408, 85.52197813987732, 85.84745907783508,]
