best-result = 994.548009634018
warmup-time = 1024.539404630661
all-measurements = [ 1001.9014298915863, 1000.938369512558, 994.548009634018,]
