best-result = 83.0025486946106
warmup-time = 103.48030257225037
all-measurements = [ 83.51341533660889, 83.0025486946106, 83.2587718963623,]
