best-result = 67.99036192893982
warmup-time = 89.9877302646637
all-measurements = [ 68.96703720092773, 68.70660305023193, 67.99036192893982,]
