best-result = 91.9719250202179
warmup-time = 105.96465921401978
all-measurements = [ 92.76330518722534, 91.9719250202179, 92.18838882446289,]
