best-result = 650.6929867267609
warmup-time = 669.0814003944397
all-measurements = [ 651.9388711452484, 650.6929867267609, 654.8341999053955,]
