best-result = 63.434085845947266
warmup-time = 77.62517142295837
all-measurements = [ 63.69087815284729, 63.712663888931274, 63.434085845947266,]
