best-result = 211.3618187904358
warmup-time = 367.2091705799103
all-measurements = [ 211.3618187904358, 214.40654253959656, 212.2404339313507,]
