best-result = 428.32873272895813
warmup-time = 905.9075284004211
all-measurements = [ 428.76992416381836, 428.32873272895813, 431.71834349632263,]
