best-result = 62.18407344818115
warmup-time = 76.93863224983215
all-measurements = [ 62.27146792411804, 62.18407344818115, 63.407670974731445,]
