best-result = 39.80636405944824
warmup-time = 48.617918968200684
all-measurements = [ 39.80636405944824, 40.11189341545105, 40.61473107337952,]
