best-result = 138.86242008209229
warmup-time = 164.3652846813202
all-measurements = [ 139.51145577430725, 138.9063491821289, 138.86242008209229,]
