best-result = 911.7657835483551
warmup-time = 937.958554983139
all-measurements = [ 917.3846461772919, 917.5652735233307, 911.7657835483551,]
