best-result = 27.43396282196045
warmup-time = 35.539151430130005
all-measurements = [ 27.726914167404175, 27.43396282196045, 27.740785598754883,]
