best-result = 57.86817169189453
warmup-time = 71.46887969970703
all-measurements = [ 57.86817169189453, 58.604573249816895, 57.8860650062561,]
