best-result = 59.65734100341797
warmup-time = 75.04237914085388
all-measurements = [ 60.55061483383179, 59.65734100341797, 59.903968811035156,]
