best-result = 110.81645584106445
warmup-time = 138.02102756500244
all-measurements = [ 111.02059078216553, 110.81645584106445, 113.05235695838928,]
