best-result = 786.6561894416809
warmup-time = 858.1544325351715
all-measurements = [ 790.2961378097534, 789.8051373958588, 786.6561894416809,]
