best-result = 33.912322998046875
warmup-time = 42.85436534881592
all-measurements = [ 33.959580183029175, 34.0448317527771, 33.912322998046875,]
