best-result = 55.45398283004761
warmup-time = 71.61132621765137
all-measurements = [ 55.67658185958862, 55.45398283004761, 56.16963720321655,]
