best-result = 1719.244505405426
warmup-time = 1985.8135735988617
all-measurements = [ 1754.1496443748474, 1719.244505405426, 2295.5070831775665,]
