best-result = 48.59359288215637
warmup-time = 70.72732448577881
all-measurements = [ 48.59359288215637, 49.133549451828, 49.233498096466064,]
