best-result = 78.10011553764343
warmup-time = 98.80869269371033
all-measurements = [ 78.33261966705322, 78.99207305908203, 78.10011553764343,]
