best-result = 36.79321789741516
warmup-time = 46.153305768966675
all-measurements = [ 36.79321789741516, 37.23542308807373, 37.41046667098999,]
