best-result = 351.6697201728821
warmup-time = 492.5414388179779
all-measurements = [ 359.0221383571625, 380.0882782936096, 351.6697201728821,]
