best-result = 58.8915958404541
warmup-time = 59.69071316719055
all-measurements = [ 58.8915958404541, 59.51955509185791, 59.7279999256134,]
