best-result = 22.813263654708862
warmup-time = 24.54189658164978
all-measurements = [ 22.983991384506226, 22.813263654708862, 22.930906772613525,]
memory-traffic = 276
