best-result = 46.71785044670105
warmup-time = 65.45839166641235
all-measurements = [ 47.81942176818848, 47.51916313171387, 46.71785044670105,]
memory-traffic = 3733
