best-result = 46.39798450469971
warmup-time = 61.64880084991455
all-measurements = [ 46.73241138458252, 46.716328382492065, 46.39798450469971,]
memory-traffic = 3364
