best-result = 940.852062702179
warmup-time = 1162.2892434597015
all-measurements = [ 940.852062702179, 950.1660549640656, 962.6019093990326,]
