best-result = 83.64637637138367
warmup-time = 99.00228977203369
all-measurements = [ 83.68119502067566, 83.64637637138367, 83.81204867362976,]
memory-traffic = 7330
