best-result = 79.22472548484802
warmup-time = 104.55915975570679
all-measurements = [ 79.22472548484802, 79.22923016548157, 79.32802104949951,]
memory-traffic = 6201
