best-result = 69.11549019813538
warmup-time = 94.60188817977905
all-measurements = [ 69.98597311973572, 69.11549019813538, 70.00984048843384,]
memory-traffic = 6004
