best-result = 87.38387179374695
warmup-time = 103.39620685577393
all-measurements = [ 87.4710624217987, 87.85173606872559, 87.38387179374695,]
memory-traffic = 7706
