best-result = 595.2491550445557
warmup-time = 611.6576201915741
all-measurements = [ 595.2491550445557, 597.7409489154816, 600.5510113239288,]
memory-traffic = 56408
