best-result = 61.4309356212616
warmup-time = 79.6976523399353
all-measurements = [ 61.84176707267761, 61.94349002838135, 61.4309356212616,]
memory-traffic = 3659
