best-result = 222.9893810749054
warmup-time = 377.8241539001465
all-measurements = [ 223.19982266426086, 222.9893810749054, 225.68420457839966,]
