best-result = 437.36630940437317
warmup-time = 909.2361669540405
all-measurements = [ 437.36630940437317, 444.2421748638153, 448.63333654403687,]
memory-traffic = 26240
