best-result = 60.585724115371704
warmup-time = 77.87572193145752
all-measurements = [ 60.871296644210815, 60.585724115371704, 60.585838317871094,]
memory-traffic = 3712
