best-result = 878.5185191631317
warmup-time = 910.1495409011841
all-measurements = [ 879.7357194423676, 880.2883746623993, 878.5185191631317,]
memory-traffic = 101828
