best-result = 26.70381236076355
warmup-time = 36.90256881713867
all-measurements = [ 26.850570678710938, 26.901504278182983, 26.70381236076355,]
memory-traffic = 804
