best-result = 57.116661071777344
warmup-time = 72.90313410758972
all-measurements = [ 57.48538780212402, 57.35732126235962, 57.116661071777344,]
memory-traffic = 4019
