best-result = 56.93779253959656
warmup-time = 71.77959537506104
all-measurements = [ 57.55465078353882, 57.115952491760254, 56.93779253959656,]
memory-traffic = 3247
