best-result = 109.3819010257721
warmup-time = 138.96078658103943
all-measurements = [ 109.99493312835693, 109.3819010257721, 110.50946307182312,]
memory-traffic = 10493
