best-result = 768.2438187599182
warmup-time = 839.0524952411652
all-measurements = [ 775.1860768795013, 768.2438187599182, 770.0581891536713,]
memory-traffic = 68923
