best-result = 33.12951111793518
warmup-time = 45.71244978904724
all-measurements = [ 34.16136384010315, 33.12951111793518, 33.82641315460205,]
memory-traffic = 1321
