best-result = 53.638853549957275
warmup-time = 71.83513808250427
all-measurements = [ 53.638853549957275, 53.9280960559845, 53.86516308784485,]
memory-traffic = 3779
