best-result = 1283.5921959877014
warmup-time = 1580.4328956604004
all-measurements = [ 1283.5921959877014, 1862.42866897583, 1884.551242351532,]
