best-result = 48.71544122695923
warmup-time = 71.25631976127625
all-measurements = [ 49.79963970184326, 49.06600785255432, 48.71544122695923,]
memory-traffic = 3743
