best-result = 80.44731044769287
warmup-time = 101.27129244804382
all-measurements = [ 80.44731044769287, 80.73467302322388, 80.9110758304596,]
memory-traffic = 6656
