best-result = 35.63271355628967
warmup-time = 46.54957175254822
all-measurements = [ 35.74836039543152, 35.99959135055542, 35.63271355628967,]
memory-traffic = 1790
