best-result = 346.298127412796
warmup-time = 494.65265107154846
all-measurements = [ 347.16415548324585, 346.298127412796, 351.0048460960388,]
memory-traffic = 34597
