best-result = 125.06186294555664
warmup-time = 130.1055634021759
all-measurements = [ 125.06186294555664, 126.75877594947815, 126.62301278114319,]
memory-traffic = 9263
