best-result = 22.685606479644775
warmup-time = 22.586118459701538
all-measurements = [ 22.685606479644775, 22.882174968719482, 22.716621160507202,]
