best-result = 46.7131986618042
warmup-time = 63.468411445617676
all-measurements = [ 46.7131986618042, 46.805413007736206, 46.76641297340393,]
