best-result = 46.32029867172241
warmup-time = 58.1657874584198
all-measurements = [ 46.52038359642029, 46.32029867172241, 46.80027174949646,]
