best-result = 922.0986616611481
warmup-time = 1111.0405449867249
all-measurements = [ 922.0986616611481, 945.034072637558, 943.1984558105469,]
