best-result = 84.23329281806946
warmup-time = 100.11957478523254
all-measurements = [ 85.20529174804688, 84.30495643615723, 84.23329281806946,]
