best-result = 984.4497768878937
warmup-time = 1009.2161691188812
all-measurements = [ 990.8757815361023, 984.4497768878937, 985.9456951618195,]
