best-result = 81.95348811149597
warmup-time = 103.49755692481995
all-measurements = [ 82.30812573432922, 81.95348811149597, 82.45813727378845,]
