best-result = 69.98806047439575
warmup-time = 90.66616249084473
all-measurements = [ 70.44063973426819, 70.35539031028748, 69.98806047439575,]
