best-result = 91.14705634117126
warmup-time = 104.30067181587219
all-measurements = [ 91.40550661087036, 91.64813923835754, 91.14705634117126,]
