best-result = 63.46489381790161
warmup-time = 80.82224822044373
all-measurements = [ 63.577566146850586, 63.879027128219604, 63.46489381790161,]
