best-result = 208.40569472312927
warmup-time = 366.5355634689331
all-measurements = [ 209.33264589309692, 208.40569472312927, 212.7376697063446,]
