best-result = 427.9171552658081
warmup-time = 876.7721927165985
all-measurements = [ 432.64611077308655, 429.9456205368042, 427.9171552658081,]
