best-result = 61.8238320350647
warmup-time = 78.53197860717773
all-measurements = [ 62.182613134384155, 61.8238320350647, 62.92526888847351,]
