best-result = 39.59012246131897
warmup-time = 48.04314875602722
all-measurements = [ 40.127002477645874, 40.49141240119934, 39.59012246131897,]
