best-result = 138.85501861572266
warmup-time = 167.5210440158844
all-measurements = [ 138.85501861572266, 140.0628719329834, 140.22551465034485,]
