best-result = 909.0932204723358
warmup-time = 934.1030766963959
all-measurements = [ 909.453453540802, 909.0932204723358, 909.7244107723236,]
