best-result = 27.19014286994934
warmup-time = 36.31186628341675
all-measurements = [ 27.48841118812561, 27.528427839279175, 27.19014286994934,]
