best-result = 58.24129605293274
warmup-time = 72.40595841407776
all-measurements = [ 59.243582010269165, 58.24129605293274, 58.55889940261841,]
