best-result = 59.11121082305908
warmup-time = 73.60911917686462
all-measurements = [ 59.354841470718384, 59.877875566482544, 59.11121082305908,]
