best-result = 110.66625165939331
warmup-time = 137.53130412101746
all-measurements = [ 110.66625165939331, 111.4161868095398, 111.3125205039978,]
