best-result = 784.0413296222687
warmup-time = 854.0253970623016
all-measurements = [ 790.5717298984528, 784.0413296222687, 785.4500234127045,]
