best-result = 34.105698585510254
warmup-time = 41.35918855667114
all-measurements = [ 34.105698585510254, 34.11630296707153, 34.127785444259644,]
