best-result = 54.75505590438843
warmup-time = 70.24750208854675
all-measurements = [ 55.6201548576355, 54.971611738204956, 54.75505590438843,]
