best-result = 1442.4584169387817
warmup-time = 1522.7535116672516
all-measurements = [ 1490.5407571792603, 1897.8474967479706, 1442.4584169387817,]
