best-result = 49.59077072143555
warmup-time = 70.11516571044922
all-measurements = [ 50.19250178337097, 49.59077072143555, 49.96274471282959,]
