best-result = 78.24673008918762
warmup-time = 98.59914970397949
all-measurements = [ 78.35465788841248, 78.25095129013062, 78.24673008918762,]
