best-result = 36.70878744125366
warmup-time = 46.714794635772705
all-measurements = [ 36.70878744125366, 36.921947717666626, 36.76892161369324,]
