best-result = 349.7516174316406
warmup-time = 501.08411955833435
all-measurements = [ 351.35426139831543, 349.8246157169342, 349.7516174316406,]
