best-result = 58.34749698638916
warmup-time = 59.43936562538147
all-measurements = [ 58.34749698638916, 58.7939817905426, 58.82187581062317,]
