best-result = 25.360181093215942
warmup-time = 25.27968192100525
all-measurements = [ 25.360181093215942, 25.94430422782898, 25.62414240837097,]
