best-result = 37.520901679992676
warmup-time = 38.419617891311646
all-measurements = [ 37.520901679992676, 38.277578353881836, 37.632980823516846,]
