best-result = 31.884948253631592
warmup-time = 32.620577335357666
all-measurements = [ 32.4872887134552, 32.238091468811035, 31.884948253631592,]
