best-result = 263.471209526062
warmup-time = 270.9996192455292
all-measurements = [ 263.471209526062, 266.46351885795593, 268.26325392723083,]
