best-result = 35.81345891952515
warmup-time = 35.9423131942749
all-measurements = [ 35.81345891952515, 38.710585832595825, 36.33723545074463,]
