best-result = 41.9141206741333
warmup-time = 42.48160219192505
all-measurements = [ 41.9141206741333, 42.98010468482971, 43.04098153114319,]
