best-result = 49.99317455291748
warmup-time = 52.24646496772766
all-measurements = [ 50.484999656677246, 49.99317455291748, 51.17336320877075,]
