best-result = 34.47644352912903
warmup-time = 37.30381226539612
all-measurements = [ 34.47644352912903, 34.982123374938965, 36.082279682159424,]
