best-result = 38.041907787323
warmup-time = 38.16041302680969
all-measurements = [ 38.041907787323, 38.57400870323181, 38.3056321144104,]
