best-result = 62.426793813705444
warmup-time = 65.22057151794434
all-measurements = [ 64.16448378562927, 62.67968034744263, 62.426793813705444,]
