best-result = 229.21566653251648
warmup-time = 232.72727417945862
all-measurements = [ 230.52813816070557, 229.21566653251648, 230.02696585655212,]
