best-result = 523.3912918567657
warmup-time = 527.419105052948
all-measurements = [ 524.6592111587524, 523.3912918567657, 525.7603433132172,]
