best-result = 36.13460826873779
warmup-time = 36.9804573059082
all-measurements = [ 36.13460826873779, 36.67564415931702, 36.56520414352417,]
