best-result = 63.315398931503296
warmup-time = 65.7875816822052
all-measurements = [ 63.50733256340027, 64.21409153938293, 63.315398931503296,]
