best-result = 27.546349048614502
warmup-time = 27.099631309509277
all-measurements = [ 27.915816068649292, 27.683122873306274, 27.546349048614502,]
