best-result = 36.46503806114197
warmup-time = 36.56567406654358
all-measurements = [ 36.46503806114197, 36.731186389923096, 36.81846809387207,]
