best-result = 33.29425883293152
warmup-time = 33.272597312927246
all-measurements = [ 35.2395715713501, 33.29425883293152, 35.88232207298279,]
