best-result = 42.09427213668823
warmup-time = 43.74693584442139
all-measurements = [ 42.09427213668823, 45.58709645271301, 46.23368215560913,]
