best-result = 97.00482726097107
warmup-time = 98.99932408332825
all-measurements = [ 97.07526516914368, 98.12239646911621, 97.00482726097107,]
