best-result = 28.440727949142456
warmup-time = 27.936143159866333
all-measurements = [ 29.584853649139404, 28.745533227920532, 28.440727949142456,]
