best-result = 34.586342096328735
warmup-time = 32.50125241279602
all-measurements = [ 34.66729950904846, 35.64295530319214, 34.586342096328735,]
