best-result = 88.21842360496521
warmup-time = 99.53885173797607
all-measurements = [ 95.44171857833862, 88.21842360496521, 96.96766448020935,]
