best-result = 39.95528197288513
warmup-time = 40.468923807144165
all-measurements = [ 39.95528197288513, 41.283414125442505, 40.74116587638855,]
