best-result = 44.24378776550293
warmup-time = 43.53615689277649
all-measurements = [ 44.24378776550293, 46.24680852890015, 45.420316219329834,]
