best-result = 29.212505340576172
warmup-time = 27.917007207870483
all-measurements = [ 29.212505340576172, 29.23638677597046, 29.350466012954712,]
