best-result = 685.1672592163086
warmup-time = 713.6989500522614
all-measurements = [ 696.2406840324402, 688.378429889679, 685.1672592163086,]
