best-result = 173.73098278045654
warmup-time = 178.16390228271484
all-measurements = [ 173.73098278045654, 175.10422921180725, 176.2666368484497,]
