best-result = 43.2723491191864
warmup-time = 43.286895513534546
all-measurements = [ 44.272074937820435, 43.2723491191864, 46.03862237930298,]
