best-result = 26.013644695281982
warmup-time = 26.472632884979248
all-measurements = [ 26.013644695281982, 26.58513307571411, 26.459797859191895,]
