best-result = 37.97793698310852
warmup-time = 39.55135655403137
all-measurements = [ 39.23623967170715, 38.54815602302551, 37.97793698310852,]
