best-result = 31.517793893814087
warmup-time = 31.24508500099182
all-measurements = [ 31.517793893814087, 31.80674457550049, 32.74377107620239,]
