best-result = 265.727956533432
warmup-time = 272.6387867927551
all-measurements = [ 265.727956533432, 268.07306814193726, 273.14978981018066,]
