best-result = 37.116517066955566
warmup-time = 36.998964071273804
all-measurements = [ 37.414355754852295, 37.78657650947571, 37.116517066955566,]
