best-result = 41.85291290283203
warmup-time = 41.153095722198486
all-measurements = [ 42.1026566028595, 41.85291290283203, 42.21831798553467,]
