best-result = 49.32657480239868
warmup-time = 50.11785101890564
all-measurements = [ 49.32657480239868, 49.82663583755493, 50.11358165740967,]
