best-result = 32.06739950180054
warmup-time = 35.200669288635254
all-measurements = [ 33.94927740097046, 32.06739950180054, 33.91583728790283,]
