best-result = 37.477041244506836
warmup-time = 39.380109786987305
all-measurements = [ 38.41679787635803, 37.802008628845215, 37.477041244506836,]
