best-result = 62.858824014663696
warmup-time = 64.1454906463623
all-measurements = [ 64.93314576148987, 67.49025225639343, 62.858824014663696,]
