best-result = 225.93830227851868
warmup-time = 231.08128786087036
all-measurements = [ 228.6900610923767, 227.39450883865356, 225.93830227851868,]
