best-result = 518.338084936142
warmup-time = 526.5072796344757
all-measurements = [ 521.2937350273132, 520.310035943985, 518.338084936142,]
