best-result = 36.31349992752075
warmup-time = 38.056350231170654
all-measurements = [ 37.197776079177856, 39.4765830039978, 36.31349992752075,]
