best-result = 82.61368775367737
warmup-time = 81.51750230789185
all-measurements = [ 83.09028935432434, 86.53413248062134, 82.61368775367737,]
