best-result = 63.252633810043335
warmup-time = 62.51983571052551
all-measurements = [ 63.252633810043335, 63.37992310523987, 64.62983989715576,]
