best-result = 27.32720446586609
warmup-time = 28.705785274505615
all-measurements = [ 28.822791814804077, 28.86830425262451, 27.32720446586609,]
