best-result = 33.52628207206726
warmup-time = 36.14977145195007
all-measurements = [ 35.86656475067139, 33.52628207206726, 35.60926818847656,]
