best-result = 34.35595703125
warmup-time = 33.616297245025635
all-measurements = [ 34.35595703125, 34.459665060043335, 35.110695600509644,]
