best-result = 43.08019709587097
warmup-time = 42.85368061065674
all-measurements = [ 43.085580825805664, 43.08019709587097, 44.649343729019165,]
