best-result = 97.94258952140808
warmup-time = 99.12489151954651
all-measurements = [ 97.94258952140808, 98.19881844520569, 98.57132863998413,]
