best-result = 29.4077308177948
warmup-time = 28.328816175460815
all-measurements = [ 29.731152534484863, 29.606239080429077, 29.4077308177948,]
