best-result = 35.601184606552124
warmup-time = 34.98645877838135
all-measurements = [ 36.314995527267456, 35.90840172767639, 35.601184606552124,]
