best-result = 91.91820764541626
warmup-time = 96.26679706573486
all-measurements = [ 97.28986954689026, 92.10333228111267, 91.91820764541626,]
