best-result = 39.33683729171753
warmup-time = 40.18081068992615
all-measurements = [ 40.377817153930664, 39.33683729171753, 40.01967978477478,]
