best-result = 44.795294523239136
warmup-time = 45.57605862617493
all-measurements = [ 46.838791608810425, 45.85872268676758, 44.795294523239136,]
