best-result = 29.056307554244995
warmup-time = 29.597591161727905
all-measurements = [ 29.056307554244995, 29.18863344192505, 30.00095558166504,]
