best-result = 699.6921656131744
warmup-time = 738.2351930141449
all-measurements = [ 705.9790036678314, 700.1033761501312, 699.6921656131744,]
