best-result = 172.59948539733887
warmup-time = 175.90983057022095
all-measurements = [ 178.10720086097717, 178.1456642150879, 172.59948539733887,]
