best-result = 57.528568267822266
warmup-time = 64.67561554908752
all-measurements = [ 57.528568267822266, 68.79039287567139, 71.47034740447998,]
