best-result = 25.648975133895874
warmup-time = 25.81460404396057
all-measurements = [ 26.07149076461792, 25.648975133895874, 25.920060634613037,]
