best-result = 36.90235686302185
warmup-time = 39.29058861732483
all-measurements = [ 37.99890446662903, 36.90235686302185, 36.911437034606934,]
