best-result = 32.291943311691284
warmup-time = 32.39944672584534
all-measurements = [ 32.291943311691284, 33.04962706565857, 32.6552460193634,]
