best-result = 264.63980054855347
warmup-time = 269.2054238319397
all-measurements = [ 265.6646840572357, 264.63980054855347, 265.6177065372467,]
