best-result = 35.775656938552856
warmup-time = 36.283488512039185
all-measurements = [ 36.379111766815186, 37.6883749961853, 35.775656938552856,]
