best-result = 41.12490272521973
warmup-time = 42.32702898979187
all-measurements = [ 41.12490272521973, 42.00047564506531, 41.39448881149292,]
