best-result = 50.31671857833862
warmup-time = 51.4300057888031
all-measurements = [ 51.80923414230347, 50.31671857833862, 51.144091844558716,]
