best-result = 33.813923597335815
warmup-time = 35.144856214523315
all-measurements = [ 35.002538204193115, 33.813923597335815, 34.495585680007935,]
