best-result = 38.025999546051025
warmup-time = 37.99117994308472
all-measurements = [ 38.025999546051025, 38.22755479812622, 38.813782691955566,]
