best-result = 59.53817653656006
warmup-time = 62.95751953125
all-measurements = [ 59.53817653656006, 63.62645769119263, 60.482046127319336,]
