best-result = 227.81874418258667
warmup-time = 231.29987502098083
all-measurements = [ 229.7255597114563, 227.81874418258667, 229.82510638237,]
