best-result = 524.3065400123596
warmup-time = 525.9564485549927
all-measurements = [ 527.2252733707428, 524.3065400123596, 525.71351146698,]
