best-result = 37.7238655090332
warmup-time = 38.13608384132385
all-measurements = [ 38.6677565574646, 38.589802265167236, 37.7238655090332,]
