best-result = 62.326683044433594
warmup-time = 62.763033390045166
all-measurements = [ 63.754823446273804, 62.326683044433594, 63.235153913497925,]
