best-result = 28.209679126739502
warmup-time = 28.61568546295166
all-measurements = [ 28.209679126739502, 28.25567078590393, 28.372608423233032,]
