best-result = 36.207162618637085
warmup-time = 36.955304861068726
all-measurements = [ 36.580878496170044, 36.207162618637085, 36.70230579376221,]
