best-result = 33.96326303482056
warmup-time = 33.8700807094574
all-measurements = [ 34.6750168800354, 33.96326303482056, 35.264832735061646,]
