best-result = 43.737377882003784
warmup-time = 43.43312168121338
all-measurements = [ 44.58795928955078, 45.17971611022949, 43.737377882003784,]
