best-result = 96.14190530776978
warmup-time = 99.17376399040222
all-measurements = [ 99.14577794075012, 97.51725196838379, 96.14190530776978,]
