best-result = 28.760989904403687
warmup-time = 29.414602041244507
all-measurements = [ 28.932910919189453, 28.895172357559204, 28.760989904403687,]
