best-result = 33.584901094436646
warmup-time = 35.21778321266174
all-measurements = [ 33.584901094436646, 34.25976204872131, 35.06686544418335,]
