best-result = 88.21383166313171
warmup-time = 88.67701172828674
all-measurements = [ 88.21383166313171, 96.42246699333191, 89.60536289215088,]
