best-result = 40.242000341415405
warmup-time = 40.932658433914185
all-measurements = [ 41.92133808135986, 40.427865982055664, 40.242000341415405,]
