best-result = 43.27592992782593
warmup-time = 44.833897829055786
all-measurements = [ 43.27592992782593, 45.197874784469604, 44.93249535560608,]
