best-result = 28.03047513961792
warmup-time = 29.020365953445435
all-measurements = [ 29.015557527542114, 28.03047513961792, 29.056535482406616,]
