best-result = 684.6539454460144
warmup-time = 716.8750183582306
all-measurements = [ 691.4862468242645, 684.6539454460144, 688.8014509677887,]
