best-result = 176.9740128517151
warmup-time = 179.2086615562439
all-measurements = [ 176.9740128517151, 178.34406399726868, 180.3273012638092,]
