best-result = 44.17338991165161
warmup-time = 45.43823957443237
all-measurements = [ 45.47300434112549, 45.772058725357056, 44.17338991165161,]
