best-result = 22.502856969833374
warmup-time = 22.484524250030518
all-measurements = [ 22.502856969833374, 22.676684856414795, 22.991904735565186,]
