best-result = 47.90745830535889
warmup-time = 65.0396294593811
all-measurements = [ 48.55946660041809, 47.90745830535889, 48.35426902770996,]
