best-result = 47.67529773712158
warmup-time = 61.9073007106781
all-measurements = [ 49.03698801994324, 47.67529773712158, 48.83605074882507,]
