best-result = 1007.8984951972961
warmup-time = 1217.5561609268188
all-measurements = [ 1007.8984951972961, 1015.1029472351074, 1017.3172645568848,]
