best-result = 82.60657262802124
warmup-time = 97.30799579620361
all-measurements = [ 82.9847993850708, 83.84807276725769, 82.60657262802124,]
