best-result = 78.84597206115723
warmup-time = 102.37104225158691
all-measurements = [ 78.84597206115723, 79.06327533721924, 79.14275479316711,]
