best-result = 69.66767120361328
warmup-time = 95.50610136985779
all-measurements = [ 69.73993349075317, 69.66767120361328, 70.88652539253235,]
