best-result = 85.71993970870972
warmup-time = 100.076819896698
all-measurements = [ 86.80336618423462, 86.27694845199585, 85.71993970870972,]
