best-result = 595.1069526672363
warmup-time = 609.4766161441803
all-measurements = [ 598.848452091217, 595.1069526672363, 602.6820228099823,]
