best-result = 63.99374008178711
warmup-time = 81.85877871513367
all-measurements = [ 64.36158299446106, 64.15120911598206, 63.99374008178711,]
