best-result = 235.3546211719513
warmup-time = 420.34413743019104
all-measurements = [ 239.96342611312866, 235.3546211719513, 237.08952498435974,]
