best-result = 441.133695602417
warmup-time = 964.8072474002838
all-measurements = [ 444.08596301078796, 444.0573453903198, 441.133695602417,]
