best-result = 60.40504813194275
warmup-time = 77.9706392288208
all-measurements = [ 60.86873722076416, 60.40504813194275, 61.617372274398804,]
