best-result = 886.1175491809845
warmup-time = 920.0900521278381
all-measurements = [ 886.1175491809845, 889.5474915504456, 886.606543302536,]
