best-result = 27.82498574256897
warmup-time = 37.220876693725586
all-measurements = [ 27.862552165985107, 28.197125911712646, 27.82498574256897,]
