best-result = 56.45910573005676
warmup-time = 69.90582227706909
all-measurements = [ 56.45910573005676, 56.88054132461548, 56.98130941390991,]
