best-result = 111.84633445739746
warmup-time = 141.48998165130615
all-measurements = [ 112.55479073524475, 112.24968695640564, 111.84633445739746,]
