best-result = 779.3118889331818
warmup-time = 864.3546094894409
all-measurements = [ 780.0403201580048, 780.975560426712, 779.3118889331818,]
