best-result = 34.58790445327759
warmup-time = 42.545846700668335
all-measurements = [ 34.58790445327759, 34.775434732437134, 34.799190044403076,]
