best-result = 53.93073797225952
warmup-time = 70.19668817520142
all-measurements = [ 54.263500452041626, 53.93073797225952, 55.071574687957764,]
