best-result = 50.65001368522644
warmup-time = 71.70499682426453
all-measurements = [ 51.33509373664856, 51.16155004501343, 50.65001368522644,]
