best-result = 80.12419724464417
warmup-time = 102.50357174873352
all-measurements = [ 80.41723775863647, 80.6103503704071, 80.12419724464417,]
