best-result = 36.082083225250244
warmup-time = 45.45535135269165
all-measurements = [ 36.082083225250244, 36.708362340927124, 36.408191442489624,]
