best-result = 359.6676995754242
warmup-time = 516.2706451416016
all-measurements = [ 361.52334213256836, 359.6676995754242, 360.17076659202576,]
