best-result = 104.12913823127747
warmup-time = 104.87998247146606
all-measurements = [ 104.12913823127747, 104.41553163528442, 104.98643612861633,]
