best-result = 25.323919773101807
warmup-time = 26.257630348205566
all-measurements = [ 25.807419776916504, 26.014976739883423, 25.323919773101807,]
