best-result = 36.56056213378906
warmup-time = 34.805150508880615
all-measurements = [ 38.436322927474976, 36.56056213378906, 37.72187328338623,]
