best-result = 31.436723709106445
warmup-time = 32.36462092399597
all-measurements = [ 31.436723709106445, 32.83082389831543, 33.02315711975098,]
