best-result = 263.4706656932831
warmup-time = 268.2438087463379
all-measurements = [ 266.04609656333923, 263.4706656932831, 264.4129328727722,]
