best-result = 36.4865448474884
warmup-time = 36.348400831222534
all-measurements = [ 37.141987800598145, 36.4865448474884, 37.13169765472412,]
