best-result = 41.039467096328735
warmup-time = 42.955655336380005
all-measurements = [ 41.039467096328735, 42.4978187084198, 42.06473708152771,]
