best-result = 49.6385064125061
warmup-time = 51.36975979804993
all-measurements = [ 49.83021283149719, 49.70094656944275, 49.6385064125061,]
