best-result = 34.61920166015625
warmup-time = 34.90480589866638
all-measurements = [ 34.61920166015625, 34.690319299697876, 35.3604941368103,]
