best-result = 36.280457973480225
warmup-time = 38.360329151153564
all-measurements = [ 38.90376400947571, 36.280457973480225, 38.075146436691284,]
