best-result = 60.80646204948425
warmup-time = 64.92529964447021
all-measurements = [ 61.70588779449463, 60.80646204948425, 62.23157715797424,]
