best-result = 227.4060459136963
warmup-time = 232.3537666797638
all-measurements = [ 227.4060459136963, 230.9138321876526, 230.5242371559143,]
