best-result = 524.5764753818512
warmup-time = 528.6447598934174
all-measurements = [ 524.5764753818512, 525.6420755386353, 526.3403692245483,]
