best-result = 36.24300503730774
warmup-time = 38.50227403640747
all-measurements = [ 37.34926104545593, 36.24300503730774, 36.56251382827759,]
