best-result = 63.45525121688843
warmup-time = 63.72664523124695
all-measurements = [ 64.78655934333801, 65.21801471710205, 63.45525121688843,]
