best-result = 28.41877579689026
warmup-time = 27.612346649169922
all-measurements = [ 28.76410984992981, 28.41877579689026, 29.036185264587402,]
