best-result = 36.11989140510559
warmup-time = 36.740750789642334
all-measurements = [ 36.11989140510559, 36.20482659339905, 36.936808347702026,]
