best-result = 34.011351585388184
warmup-time = 34.12380051612854
all-measurements = [ 34.41287803649902, 34.011351585388184, 34.221269607543945,]
