best-result = 42.60167193412781
warmup-time = 44.30715799331665
all-measurements = [ 43.97967457771301, 42.60167193412781, 43.138015031814575,]
