best-result = 99.50884509086609
warmup-time = 98.47694659233093
all-measurements = [ 99.894127368927, 100.55955338478088, 99.50884509086609,]
