best-result = 27.510979175567627
warmup-time = 29.10357093811035
all-measurements = [ 29.226563930511475, 29.265849828720093, 27.510979175567627,]
