best-result = 33.840747356414795
warmup-time = 34.83884525299072
all-measurements = [ 35.20035147666931, 33.840747356414795, 34.693540811538696,]
