best-result = 88.65568923950195
warmup-time = 88.21800422668457
all-measurements = [ 92.41392040252686, 90.61371612548828, 88.65568923950195,]
