best-result = 41.02270793914795
warmup-time = 40.556325912475586
all-measurements = [ 41.02270793914795, 41.053802490234375, 42.89267039299011,]
