best-result = 43.60825324058533
warmup-time = 45.62147402763367
all-measurements = [ 43.60825324058533, 44.9698371887207, 44.37218618392944,]
