best-result = 28.757812976837158
warmup-time = 28.577738523483276
all-measurements = [ 28.757812976837158, 29.250102758407593, 29.049999713897705,]
