best-result = 693.5484268665314
warmup-time = 715.659111738205
all-measurements = [ 694.5733957290649, 693.5484268665314, 700.3824965953827,]
