best-result = 173.96901178359985
warmup-time = 176.21204090118408
all-measurements = [ 178.84136295318604, 173.96901178359985, 176.16041040420532,]
