best-result = 43.70519256591797
warmup-time = 45.08732604980469
all-measurements = [ 43.70519256591797, 44.41885161399841, 43.876272201538086,]
