best-result = 22.89373207092285
warmup-time = 25.13750433921814
all-measurements = [ 22.89373207092285, 23.488975048065186, 23.08527112007141,]
memory-traffic = 270
