best-result = 47.056129932403564
warmup-time = 66.73637795448303
all-measurements = [ 47.15594458580017, 47.056129932403564, 47.05858063697815,]
memory-traffic = 3706
