best-result = 46.80819869041443
warmup-time = 61.509987592697144
all-measurements = [ 47.22912001609802, 46.80819869041443, 46.89540457725525,]
memory-traffic = 3368
