best-result = 937.7949655056
warmup-time = 1148.836847782135
all-measurements = [ 954.033855676651, 937.7949655056, 962.1263074874878,]
memory-traffic = 95048
