best-result = 82.98878026008606
warmup-time = 102.16684651374817
all-measurements = [ 83.61011600494385, 84.28360199928284, 82.98878026008606,]
memory-traffic = 7316
