best-result = 79.69127345085144
warmup-time = 103.0565664768219
all-measurements = [ 79.69127345085144, 80.0962507724762, 80.5104398727417,]
memory-traffic = 6162
