best-result = 69.75358819961548
warmup-time = 93.4313371181488
all-measurements = [ 69.86238670349121, 69.75358819961548, 70.20473265647888,]
memory-traffic = 6110
