best-result = 87.50822401046753
warmup-time = 101.97476196289062
all-measurements = [ 87.50822401046753, 87.75228238105774, 87.6182210445404,]
memory-traffic = 7703
