best-result = 597.4975428581238
warmup-time = 617.6592125892639
all-measurements = [ 601.6958758831024, 600.788111448288, 597.4975428581238,]
memory-traffic = 56428
