best-result = 61.0852837562561
warmup-time = 77.9052619934082
all-measurements = [ 61.0852837562561, 62.7114143371582, 63.0483512878418,]
memory-traffic = 3661
