best-result = 221.71804118156433
warmup-time = 380.1772494316101
all-measurements = [ 221.71804118156433, 222.6624138355255, 224.1463906764984,]
memory-traffic = 17400
