best-result = 439.2765028476715
warmup-time = 903.2814149856567
all-measurements = [ 439.2765028476715, 439.5083804130554, 440.4985466003418,]
memory-traffic = 26347
