best-result = 61.033774852752686
warmup-time = 79.38853478431702
all-measurements = [ 61.033774852752686, 61.08531451225281, 61.60215401649475,]
memory-traffic = 3716
