best-result = 882.7097434997559
warmup-time = 904.2051739692688
all-measurements = [ 915.179055929184, 882.7097434997559, 886.1453313827515,]
memory-traffic = 101449
