best-result = 26.963850259780884
warmup-time = 37.66333198547363
all-measurements = [ 27.097139596939087, 27.088616132736206, 26.963850259780884,]
memory-traffic = 789
