best-result = 57.744065046310425
warmup-time = 70.71453619003296
all-measurements = [ 57.744065046310425, 58.64789390563965, 58.99517798423767,]
memory-traffic = 4012
