best-result = 56.9524040222168
warmup-time = 75.21668982505798
all-measurements = [ 56.9524040222168, 57.210448026657104, 57.66322445869446,]
memory-traffic = 3241
