best-result = 109.32337784767151
warmup-time = 140.02137541770935
all-measurements = [ 109.54367637634277, 109.32337784767151, 109.83912134170532,]
memory-traffic = 10475
