best-result = 770.7786979675293
warmup-time = 837.1372003555298
all-measurements = [ 770.8376784324646, 794.6498334407806, 770.7786979675293,]
memory-traffic = 68941
