best-result = 33.61682748794556
warmup-time = 45.49047136306763
all-measurements = [ 33.61682748794556, 33.752100467681885, 34.19271969795227,]
memory-traffic = 1303
