best-result = 53.7460241317749
warmup-time = 70.95324969291687
all-measurements = [ 54.183902978897095, 53.7460241317749, 54.205209732055664,]
memory-traffic = 3770
