best-result = 1563.6695039272308
warmup-time = 1861.4800071716309
all-measurements = [ 1729.4475708007812, 1803.576693534851, 1563.6695039272308,]
