best-result = 48.8171763420105
warmup-time = 71.24000072479248
all-measurements = [ 48.96707487106323, 48.8171763420105, 49.152931690216064,]
memory-traffic = 3726
