best-result = 80.30077123641968
warmup-time = 101.23859906196594
all-measurements = [ 80.30077123641968, 80.58381938934326, 80.55651354789734,]
memory-traffic = 6621
