best-result = 36.08942627906799
warmup-time = 47.585002183914185
all-measurements = [ 36.11605405807495, 36.606736183166504, 36.08942627906799,]
memory-traffic = 1785
