best-result = 340.8581702709198
warmup-time = 491.5897834300995
all-measurements = [ 351.25973653793335, 342.6534011363983, 340.8581702709198,]
memory-traffic = 34182
