best-result = 124.97261214256287
warmup-time = 130.48958826065063
all-measurements = [ 127.15157771110535, 124.97261214256287, 125.76210331916809,]
memory-traffic = 9248
