best-result = 22.32696270942688
warmup-time = 22.64757800102234
all-measurements = [ 22.786609888076782, 22.70628046989441, 22.32696270942688,]
