best-result = 48.109416484832764
warmup-time = 64.12352228164673
all-measurements = [ 48.109416484832764, 48.5186128616333, 48.21608209609985,]
