best-result = 47.469058990478516
warmup-time = 61.16255807876587
all-measurements = [ 48.16958045959473, 47.995797872543335, 47.469058990478516,]
