best-result = 1001.4193997383118
warmup-time = 1211.7673881053925
all-measurements = [ 1013.9464321136475, 1015.1042895317078, 1001.4193997383118,]
