best-result = 82.48538661003113
warmup-time = 98.53672528266907
all-measurements = [ 82.48538661003113, 82.8090124130249, 83.76347017288208,]
