best-result = 80.06534242630005
warmup-time = 108.28574299812317
all-measurements = [ 80.22262716293335, 80.12709069252014, 80.06534242630005,]
