best-result = 70.1229875087738
warmup-time = 94.29880666732788
all-measurements = [ 70.1229875087738, 70.54177665710449, 70.15078377723694,]
