best-result = 85.486332654953
warmup-time = 103.99451661109924
all-measurements = [ 86.09977340698242, 86.60367441177368, 85.486332654953,]
