best-result = 598.5657238960266
warmup-time = 614.8783195018768
all-measurements = [ 598.5657238960266, 601.7826092243195, 601.5357222557068,]
