best-result = 64.34810972213745
warmup-time = 78.08731508255005
all-measurements = [ 64.942387342453, 64.34810972213745, 65.71186327934265,]
