best-result = 233.87084913253784
warmup-time = 414.94196009635925
all-measurements = [ 233.87084913253784, 235.66752767562866, 236.66714763641357,]
