best-result = 439.32518768310547
warmup-time = 960.2703466415405
all-measurements = [ 439.32518768310547, 442.79330039024353, 441.4553291797638,]
