best-result = 61.816235303878784
warmup-time = 82.31837058067322
all-measurements = [ 63.03103995323181, 62.03583812713623, 61.816235303878784,]
