best-result = 883.2309443950653
warmup-time = 919.1036174297333
all-measurements = [ 883.2309443950653, 886.7179396152496, 888.4802641868591,]
