best-result = 27.765668630599976
warmup-time = 35.95830583572388
all-measurements = [ 28.289480686187744, 27.765668630599976, 28.688101053237915,]
