best-result = 56.645798206329346
warmup-time = 70.48583483695984
all-measurements = [ 56.77181005477905, 57.459585428237915, 56.645798206329346,]
