best-result = 111.43333411216736
warmup-time = 143.01986503601074
all-measurements = [ 112.71581816673279, 111.43333411216736, 112.87373924255371,]
