best-result = 779.806432723999
warmup-time = 858.4618706703186
all-measurements = [ 787.9799723625183, 780.7702176570892, 779.806432723999,]
