best-result = 53.753475189208984
warmup-time = 70.1592025756836
all-measurements = [ 54.75627374649048, 54.18384385108948, 53.753475189208984,]
