best-result = 51.30857586860657
warmup-time = 71.64193773269653
all-measurements = [ 51.30857586860657, 51.587491273880005, 51.57779884338379,]
