best-result = 80.85329365730286
warmup-time = 98.7948670387268
all-measurements = [ 81.03009557723999, 80.85329365730286, 81.86185812950134,]
