best-result = 36.314467430114746
warmup-time = 46.3620183467865
all-measurements = [ 36.331663608551025, 37.80207896232605, 36.314467430114746,]
