best-result = 353.6580536365509
warmup-time = 515.7682547569275
all-measurements = [ 368.0577940940857, 353.6580536365509, 360.27440643310547,]
