best-result = 104.88419842720032
warmup-time = 105.88662838935852
all-measurements = [ 105.05087685585022, 105.53863501548767, 104.88419842720032,]
