best-result = 25.855942487716675
warmup-time = 26.407000303268433
all-measurements = [ 25.855942487716675, 26.013654470443726, 26.59711718559265,]
