best-result = 36.86309003829956
warmup-time = 37.92465782165527
all-measurements = [ 37.677162170410156, 37.37240743637085, 36.86309003829956,]
