best-result = 31.010154247283936
warmup-time = 32.51935386657715
all-measurements = [ 32.372278451919556, 31.010154247283936, 31.981456756591797,]
