best-result = 264.5591549873352
warmup-time = 271.15887117385864
all-measurements = [ 266.4149024486542, 266.5563974380493, 264.5591549873352,]
