best-result = 36.68727397918701
warmup-time = 36.50877594947815
all-measurements = [ 36.78684878349304, 37.10913968086243, 36.68727397918701,]
