best-result = 41.086188316345215
warmup-time = 42.64694666862488
all-measurements = [ 43.30430221557617, 41.086188316345215, 43.31896662712097,]
