best-result = 49.63417100906372
warmup-time = 50.495858907699585
all-measurements = [ 50.194499492645264, 50.403562784194946, 49.63417100906372,]
