best-result = 34.4871301651001
warmup-time = 35.828088998794556
all-measurements = [ 35.037984132766724, 34.623573303222656, 34.4871301651001,]
