best-result = 38.67748475074768
warmup-time = 38.378668785095215
all-measurements = [ 40.89485263824463, 41.08630633354187, 38.67748475074768,]
