best-result = 61.71759080886841
warmup-time = 62.1305673122406
all-measurements = [ 61.71759080886841, 63.58761286735535, 61.75584626197815,]
