best-result = 227.94037580490112
warmup-time = 231.74899911880493
all-measurements = [ 229.4177703857422, 227.94037580490112, 231.02773642539978,]
