best-result = 522.0054087638855
warmup-time = 527.1397569179535
all-measurements = [ 528.7613215446472, 522.0054087638855, 527.162609577179,]
