best-result = 36.43835163116455
warmup-time = 36.80953240394592
all-measurements = [ 36.43835163116455, 38.01545977592468, 38.38480091094971,]
