best-result = 63.99745202064514
warmup-time = 65.40400433540344
all-measurements = [ 64.05596256256104, 63.99745202064514, 64.64655709266663,]
