best-result = 27.592759609222412
warmup-time = 27.297761917114258
all-measurements = [ 28.398639917373657, 28.475483894348145, 27.592759609222412,]
