best-result = 33.7726526260376
warmup-time = 33.550185203552246
all-measurements = [ 33.7726526260376, 33.9534010887146, 36.49001431465149,]
