best-result = 33.155062675476074
warmup-time = 33.2840793132782
all-measurements = [ 33.155062675476074, 34.80887770652771, 34.5651912689209,]
