best-result = 43.59330701828003
warmup-time = 44.93217468261719
all-measurements = [ 43.59330701828003, 43.938504219055176, 44.105775356292725,]
