best-result = 97.87443208694458
warmup-time = 99.1167824268341
all-measurements = [ 100.90922832489014, 97.87443208694458, 99.48765349388123,]
