best-result = 28.505852937698364
warmup-time = 28.172152280807495
all-measurements = [ 29.925034761428833, 29.256521701812744, 28.505852937698364,]
