best-result = 34.82088589668274
warmup-time = 33.92120695114136
all-measurements = [ 34.82088589668274, 35.112839460372925, 35.52824544906616,]
