best-result = 89.39263319969177
warmup-time = 95.05159378051758
all-measurements = [ 95.26792764663696, 99.9569160938263, 89.39263319969177,]
