best-result = 40.79867362976074
warmup-time = 40.197824001312256
all-measurements = [ 42.03702974319458, 40.79867362976074, 41.040005922317505,]
