best-result = 44.020151138305664
warmup-time = 45.62198305130005
all-measurements = [ 45.051645040512085, 45.741737842559814, 44.020151138305664,]
