best-result = 27.662566423416138
warmup-time = 27.68563723564148
all-measurements = [ 27.662566423416138, 28.99932837486267, 27.901498079299927,]
