best-result = 687.8410291671753
warmup-time = 708.9611854553223
all-measurements = [ 693.9371066093445, 693.6999192237854, 687.8410291671753,]
