best-result = 176.29021549224854
warmup-time = 178.5373010635376
all-measurements = [ 177.53261709213257, 178.38800978660583, 176.29021549224854,]
