best-result = 44.13548731803894
warmup-time = 43.167500019073486
all-measurements = [ 45.64743399620056, 44.46655774116516, 44.13548731803894,]
