best-result = 26.000953197479248
warmup-time = 26.717841863632202
all-measurements = [ 26.000953197479248, 26.213326454162598, 26.08440136909485,]
