best-result = 36.54418182373047
warmup-time = 36.48533582687378
all-measurements = [ 37.43620038032532, 36.54418182373047, 37.28593683242798,]
