best-result = 31.205185413360596
warmup-time = 31.70680594444275
all-measurements = [ 31.676204204559326, 31.205185413360596, 31.82782292366028,]
