best-result = 254.21088767051697
warmup-time = 257.3338453769684
all-measurements = [ 257.3146643638611, 257.2007803916931, 254.21088767051697,]
