best-result = 36.83668231964111
warmup-time = 35.67386341094971
all-measurements = [ 36.83668231964111, 37.21630311012268, 36.95795464515686,]
