best-result = 111.59056758880615
warmup-time = 117.01886177062988
all-measurements = [ 114.81931352615356, 111.59056758880615, 113.25127744674683,]
