best-result = 35.379985094070435
warmup-time = 35.75516986846924
all-measurements = [ 36.36145806312561, 35.379985094070435, 36.21534013748169,]
