best-result = 41.477130651474
warmup-time = 42.48885917663574
all-measurements = [ 42.04834270477295, 41.477130651474, 41.66010403633118,]
