best-result = 46.72361707687378
warmup-time = 48.18498086929321
all-measurements = [ 48.115026235580444, 47.91552257537842, 46.72361707687378,]
