best-result = 33.04740118980408
warmup-time = 32.53464651107788
all-measurements = [ 34.31882643699646, 33.75950813293457, 33.04740118980408,]
