best-result = 37.38485836982727
warmup-time = 36.94508194923401
all-measurements = [ 37.71498775482178, 37.839067220687866, 37.38485836982727,]
