best-result = 61.15277290344238
warmup-time = 57.263068437576294
all-measurements = [ 61.15277290344238, 63.3550910949707, 62.684393644332886,]
