best-result = 222.84179639816284
warmup-time = 224.8504045009613
all-measurements = [ 223.3916323184967, 222.84179639816284, 222.9423258304596,]
