best-result = 513.4500415325165
warmup-time = 519.4958634376526
all-measurements = [ 515.7428262233734, 513.4500415325165, 515.2637197971344,]
