best-result = 36.77375769615173
warmup-time = 35.01827549934387
all-measurements = [ 37.10501050949097, 37.374337673187256, 36.77375769615173,]
