best-result = 28.818281412124634
warmup-time = 29.882182598114014
all-measurements = [ 28.887356996536255, 29.5907621383667, 28.818281412124634,]
