best-result = 74.46543335914612
warmup-time = 73.15386533737183
all-measurements = [ 74.46543335914612, 77.00412130355835, 79.00177907943726,]
