best-result = 61.418468952178955
warmup-time = 62.90825271606445
all-measurements = [ 62.98815417289734, 62.79450488090515, 61.418468952178955,]
