best-result = 27.461910724639893
warmup-time = 29.15919589996338
all-measurements = [ 28.265664100646973, 27.461910724639893, 29.093319416046143,]
