best-result = 34.64837074279785
warmup-time = 35.2638783454895
all-measurements = [ 35.434192180633545, 35.45366954803467, 34.64837074279785,]
