best-result = 33.488017320632935
warmup-time = 33.63030433654785
all-measurements = [ 33.677807331085205, 34.19167447090149, 33.488017320632935,]
