best-result = 41.77139210700989
warmup-time = 41.75340127944946
all-measurements = [ 42.55727219581604, 41.77139210700989, 42.59951162338257,]
