best-result = 96.1049816608429
warmup-time = 97.94356846809387
all-measurements = [ 96.1049816608429, 100.06726169586182, 96.40865087509155,]
