best-result = 28.530702829360962
warmup-time = 28.010626792907715
all-measurements = [ 29.419074296951294, 29.21374773979187, 28.530702829360962,]
