best-result = 34.46876525878906
warmup-time = 34.3537757396698
all-measurements = [ 35.95727896690369, 34.46876525878906, 34.69256806373596,]
