best-result = 85.87616682052612
warmup-time = 85.63060092926025
all-measurements = [ 89.47906398773193, 85.87616682052612, 94.66738486289978,]
