best-result = 38.19099569320679
warmup-time = 38.430031299591064
all-measurements = [ 38.19099569320679, 38.42707800865173, 39.06429100036621,]
