best-result = 44.47248077392578
warmup-time = 45.16072940826416
all-measurements = [ 45.09253931045532, 44.47248077392578, 44.929460763931274,]
