best-result = 49.50962448120117
warmup-time = 50.35778522491455
all-measurements = [ 50.77494931221008, 50.03858804702759, 49.50962448120117,]
