best-result = 27.967140436172485
warmup-time = 29.055702447891235
all-measurements = [ 27.967140436172485, 28.388110160827637, 28.821268320083618,]
