best-result = 170.31211519241333
warmup-time = 170.6838846206665
all-measurements = [ 170.31211519241333, 174.19806265830994, 171.98340272903442,]
