best-result = 66.33039951324463
warmup-time = 58.0919406414032
all-measurements = [ 66.33039951324463, 68.04732251167297, 67.83378410339355,]
