best-result = 22.220092296600342
warmup-time = 22.686115026474
all-measurements = [ 22.68101406097412, 22.220092296600342, 22.63465404510498,]
