best-result = 46.562586069107056
warmup-time = 63.40767431259155
all-measurements = [ 46.6244752407074, 46.562586069107056, 47.11953926086426,]
