best-result = 46.374680042266846
warmup-time = 58.57700848579407
all-measurements = [ 46.374680042266846, 46.54348301887512, 46.39582920074463,]
