best-result = 928.372056722641
warmup-time = 1115.794493675232
all-measurements = [ 928.9653513431549, 939.2249045372009, 928.372056722641,]
