best-result = 84.82518792152405
warmup-time = 97.55926012992859
all-measurements = [ 85.47847318649292, 84.82518792152405, 85.3453676700592,]
