best-result = 82.36857962608337
warmup-time = 102.3099308013916
all-measurements = [ 82.9337100982666, 83.38684010505676, 82.36857962608337,]
