best-result = 69.8101658821106
warmup-time = 90.86481165885925
all-measurements = [ 69.8101658821106, 70.99916887283325, 70.28296995162964,]
