best-result = 91.65388751029968
warmup-time = 105.94663619995117
all-measurements = [ 91.65388751029968, 92.0061423778534, 91.81381487846375,]
