best-result = 633.3474442958832
warmup-time = 648.7055509090424
all-measurements = [ 634.7265553474426, 633.4682207107544, 633.3474442958832,]
