best-result = 63.78379845619202
warmup-time = 79.70448303222656
all-measurements = [ 64.38982200622559, 63.78379845619202, 64.59497594833374,]
