best-result = 223.70398926734924
warmup-time = 368.71841382980347
all-measurements = [ 225.85991382598877, 223.70398926734924, 223.89067220687866,]
