best-result = 441.12383246421814
warmup-time = 884.590322971344
all-measurements = [ 441.12383246421814, 449.34608793258667, 442.7758843898773,]
