best-result = 61.52186107635498
warmup-time = 78.49032855033875
all-measurements = [ 62.519341468811035, 62.596062898635864, 61.52186107635498,]
