best-result = 140.1642668247223
warmup-time = 170.74332332611084
all-measurements = [ 141.22248768806458, 141.10103130340576, 140.1642668247223,]
