best-result = 884.1552727222443
warmup-time = 917.5039916038513
all-measurements = [ 884.1552727222443, 894.1919541358948, 924.5557885169983,]
