best-result = 27.245800018310547
warmup-time = 36.62354063987732
all-measurements = [ 27.245800018310547, 27.51981019973755, 27.262028217315674,]
