best-result = 58.07105994224548
warmup-time = 72.508145570755
all-measurements = [ 58.07105994224548, 58.578373432159424, 58.56120014190674,]
