best-result = 58.68846678733826
warmup-time = 73.74266695976257
all-measurements = [ 58.68846678733826, 59.35954666137695, 59.498509645462036,]
