best-result = 110.81116247177124
warmup-time = 140.41021847724915
all-measurements = [ 111.08845973014832, 110.81116247177124, 111.21970224380493,]
