best-result = 789.1099207401276
warmup-time = 861.9990055561066
all-measurements = [ 789.1099207401276, 789.5867812633514, 790.7511978149414,]
