best-result = 33.61891412734985
warmup-time = 42.08204889297485
all-measurements = [ 33.61891412734985, 34.23919463157654, 33.65635132789612,]
