best-result = 54.90987849235535
warmup-time = 71.84401178359985
all-measurements = [ 55.443917989730835, 54.90987849235535, 55.5592896938324,]
