best-result = 2646.4148569107056
warmup-time = 3527.729505300522
all-measurements = [ 3583.5250947475433, 2646.4148569107056, 2854.6917204856873,]
