best-result = 49.683942794799805
warmup-time = 70.54024291038513
all-measurements = [ 49.97152590751648, 50.00712513923645, 49.683942794799805,]
