best-result = 78.5104410648346
warmup-time = 98.24120426177979
all-measurements = [ 78.5104410648346, 78.64659976959229, 78.87432909011841,]
