best-result = 36.77486777305603
warmup-time = 46.37768054008484
all-measurements = [ 36.88586187362671, 36.835702896118164, 36.77486777305603,]
