best-result = 355.9109146595001
warmup-time = 497.328409910202
all-measurements = [ 355.9109146595001, 356.9753806591034, 361.52559447288513,]
