best-result = 59.00811457633972
warmup-time = 60.65008473396301
all-measurements = [ 59.00811457633972, 59.321468353271484, 59.173588037490845,]
