best-result = 21.40866255760193
warmup-time = 20.74792194366455
all-measurements = [ 21.64057183265686, 21.71197772026062, 21.40866255760193,]
