best-result = 46.31511044502258
warmup-time = 63.41833209991455
all-measurements = [ 46.34220099449158, 46.80092930793762, 46.31511044502258,]
