best-result = 45.946449995040894
warmup-time = 58.166746854782104
all-measurements = [ 45.946449995040894, 46.144113540649414, 46.41229033470154,]
