best-result = 969.8666365146637
warmup-time = 1163.4255421161652
all-measurements = [ 969.8666365146637, 970.6150534152985, 972.2555787563324,]
