best-result = 81.34960269927979
warmup-time = 94.18235206604004
all-measurements = [ 81.42304491996765, 81.65660858154297, 81.34960269927979,]
