best-result = 77.02823305130005
warmup-time = 98.72727632522583
all-measurements = [ 77.02823305130005, 77.99066495895386, 77.153240442276,]
