best-result = 68.57175755500793
warmup-time = 91.9069607257843
all-measurements = [ 68.67831516265869, 68.57175755500793, 68.66054606437683,]
