best-result = 83.00358390808105
warmup-time = 97.71346759796143
all-measurements = [ 83.00358390808105, 83.29786944389343, 83.87753772735596,]
