best-result = 588.9504256248474
warmup-time = 595.5265390872955
all-measurements = [ 592.40079164505, 588.9504256248474, 591.4759449958801,]
