best-result = 61.17336559295654
warmup-time = 77.58557772636414
all-measurements = [ 61.97713017463684, 61.33486866950989, 61.17336559295654,]
