best-result = 230.58813285827637
warmup-time = 396.47375988960266
all-measurements = [ 233.17784810066223, 231.05669331550598, 230.58813285827637,]
