best-result = 440.3506383895874
warmup-time = 902.8962411880493
all-measurements = [ 445.01802110671997, 440.3506383895874, 443.8992655277252,]
