best-result = 59.20122718811035
warmup-time = 74.81364059448242
all-measurements = [ 59.20122718811035, 59.60319399833679, 60.03796935081482,]
