best-result = 856.4999086856842
warmup-time = 891.549281835556
all-measurements = [ 856.4999086856842, 859.2737581729889, 860.4629988670349,]
