best-result = 26.653171062469482
warmup-time = 34.354963541030884
all-measurements = [ 26.97559142112732, 26.91875410079956, 26.653171062469482,]
