best-result = 57.28937911987305
warmup-time = 71.10978651046753
all-measurements = [ 58.121800899505615, 57.28937911987305, 58.38362503051758,]
