best-result = 54.66436266899109
warmup-time = 66.68704271316528
all-measurements = [ 54.66436266899109, 54.94138789176941, 55.9215669631958,]
