best-result = 108.67820239067078
warmup-time = 136.2701816558838
all-measurements = [ 108.67820239067078, 108.68074369430542, 108.72272086143494,]
