best-result = 769.1535646915436
warmup-time = 834.1028628349304
all-measurements = [ 769.3493673801422, 770.0672454833984, 769.1535646915436,]
