best-result = 33.24462127685547
warmup-time = 41.07171964645386
all-measurements = [ 33.24462127685547, 34.051955223083496, 33.54989767074585,]
