best-result = 52.45839595794678
warmup-time = 67.14641332626343
all-measurements = [ 52.45839595794678, 52.91780185699463, 52.84893202781677,]
