best-result = 48.84640574455261
warmup-time = 67.01314163208008
all-measurements = [ 48.89518904685974, 49.03524994850159, 48.84640574455261,]
