best-result = 78.38881754875183
warmup-time = 98.05043864250183
all-measurements = [ 78.56421947479248, 78.69625544548035, 78.38881754875183,]
