best-result = 35.17198467254639
warmup-time = 43.81094932556152
all-measurements = [ 35.17198467254639, 35.26568794250488, 35.244356632232666,]
