best-result = 348.91709899902344
warmup-time = 490.328156709671
all-measurements = [ 348.91709899902344, 355.22689986228943, 363.28427481651306,]
