best-result = 102.20514726638794
warmup-time = 101.37818145751953
all-measurements = [ 102.35263013839722, 102.39372229576111, 102.20514726638794,]
