best-result = 25.99486541748047
warmup-time = 26.162851333618164
all-measurements = [ 25.99486541748047, 26.803128004074097, 26.029175758361816,]
