best-result = 35.95919227600098
warmup-time = 35.66676092147827
all-measurements = [ 36.939690589904785, 35.95919227600098, 37.619022607803345,]
