best-result = 31.115658044815063
warmup-time = 30.285136222839355
all-measurements = [ 31.286123037338257, 32.63389301300049, 31.115658044815063,]
