best-result = 265.5890283584595
warmup-time = 272.3439085483551
all-measurements = [ 266.3305199146271, 265.5890283584595, 269.1761453151703,]
