best-result = 36.290552854537964
warmup-time = 37.850828647613525
all-measurements = [ 38.53405427932739, 37.08311986923218, 36.290552854537964,]
