best-result = 40.16702055931091
warmup-time = 40.436487436294556
all-measurements = [ 40.61433982849121, 41.779136657714844, 40.16702055931091,]
