best-result = 48.99694085121155
warmup-time = 49.99046349525452
all-measurements = [ 49.76325535774231, 48.99694085121155, 49.946415424346924,]
