best-result = 33.855427265167236
warmup-time = 33.79523158073425
all-measurements = [ 33.855427265167236, 35.900654315948486, 34.10623526573181,]
