best-result = 36.355499505996704
warmup-time = 37.033597469329834
all-measurements = [ 37.6897931098938, 37.2765839099884, 36.355499505996704,]
