best-result = 61.198803186416626
warmup-time = 63.51088309288025
all-measurements = [ 61.198803186416626, 61.52068901062012, 67.05120873451233,]
