best-result = 227.0562436580658
warmup-time = 232.20706605911255
all-measurements = [ 227.19759321212769, 227.0562436580658, 227.9635899066925,]
