best-result = 520.9028964042664
warmup-time = 529.1242854595184
all-measurements = [ 530.3821823596954, 521.4872446060181, 520.9028964042664,]
