best-result = 36.28960180282593
warmup-time = 37.34728145599365
all-measurements = [ 36.28960180282593, 38.15313792228699, 41.17263865470886,]
