best-result = 81.72263360023499
warmup-time = 83.97113919258118
all-measurements = [ 86.32493185997009, 81.88264346122742, 81.72263360023499,]
