best-result = 62.08006310462952
warmup-time = 64.38023829460144
all-measurements = [ 64.25650691986084, 63.93797492980957, 62.08006310462952,]
