best-result = 27.208396196365356
warmup-time = 27.849383115768433
all-measurements = [ 27.208396196365356, 27.77359914779663, 28.358861207962036,]
