best-result = 32.524991273880005
warmup-time = 35.713080406188965
all-measurements = [ 35.45808243751526, 32.524991273880005, 35.5935959815979,]
