best-result = 32.97332692146301
warmup-time = 34.99427843093872
all-measurements = [ 33.6006076335907, 34.15079617500305, 32.97332692146301,]
