best-result = 42.070688247680664
warmup-time = 44.40907859802246
all-measurements = [ 42.717188119888306, 42.17105150222778, 42.070688247680664,]
