best-result = 95.09357905387878
warmup-time = 99.44284296035767
all-measurements = [ 100.21599054336548, 96.8904390335083, 95.09357905387878,]
