best-result = 27.60432243347168
warmup-time = 27.85534143447876
all-measurements = [ 27.60432243347168, 29.139702320098877, 28.042349576950073,]
