best-result = 33.59117531776428
warmup-time = 35.16258502006531
all-measurements = [ 35.30760312080383, 33.59117531776428, 35.49671959877014,]
