best-result = 88.13953638076782
warmup-time = 88.49968767166138
all-measurements = [ 88.3790442943573, 89.19305396080017, 88.13953638076782,]
