best-result = 39.02506184577942
warmup-time = 39.68445944786072
all-measurements = [ 39.23897576332092, 40.9024760723114, 39.02506184577942,]
