best-result = 42.97571325302124
warmup-time = 46.95551562309265
all-measurements = [ 42.97571325302124, 43.64464592933655, 44.199830293655396,]
