best-result = 27.931384801864624
warmup-time = 29.2023286819458
all-measurements = [ 27.931384801864624, 28.375552654266357, 28.52832317352295,]
