best-result = 696.7650933265686
warmup-time = 742.6834330558777
all-measurements = [ 696.7650933265686, 703.2900228500366, 705.8671028614044,]
