best-result = 172.5417230129242
warmup-time = 175.36444187164307
all-measurements = [ 173.4808909893036, 172.5417230129242, 176.88379502296448,]
