best-result = 67.1579532623291
warmup-time = 65.73332643508911
all-measurements = [ 69.31734609603882, 69.00113821029663, 67.1579532623291,]
