best-result = 22.769582509994507
warmup-time = 24.974689483642578
all-measurements = [ 22.769582509994507, 23.31428360939026, 23.158397436141968,]
memory-traffic = 271
