best-result = 47.2603075504303
warmup-time = 65.0891785621643
all-measurements = [ 47.99185037612915, 47.718634843826294, 47.2603075504303,]
memory-traffic = 3685
