best-result = 46.80522894859314
warmup-time = 61.20223569869995
all-measurements = [ 47.05431294441223, 47.15867590904236, 46.80522894859314,]
memory-traffic = 3338
