best-result = 953.3905084133148
warmup-time = 1155.8206870555878
all-measurements = [ 953.99595952034, 953.3905084133148, 954.9800703525543,]
memory-traffic = 94432
