best-result = 84.63394951820374
warmup-time = 102.17842531204224
all-measurements = [ 84.71071243286133, 86.10240435600281, 84.63394951820374,]
memory-traffic = 7314
