best-result = 80.69599056243896
warmup-time = 104.29106760025024
all-measurements = [ 81.05313849449158, 80.69599056243896, 80.95186948776245,]
memory-traffic = 6163
