best-result = 70.33833360671997
warmup-time = 95.2252151966095
all-measurements = [ 70.33833360671997, 70.57679319381714, 70.4561607837677,]
memory-traffic = 6074
