best-result = 89.19493865966797
warmup-time = 104.95556044578552
all-measurements = [ 89.19493865966797, 89.78696990013123, 89.6294994354248,]
memory-traffic = 7679
