best-result = 624.5773746967316
warmup-time = 639.7531943321228
all-measurements = [ 625.6321337223053, 624.5773746967316, 624.6990246772766,]
memory-traffic = 56423
