best-result = 63.6730375289917
warmup-time = 79.85098195075989
all-measurements = [ 64.02292799949646, 64.84736394882202, 63.6730375289917,]
memory-traffic = 3646
