best-result = 220.82977676391602
warmup-time = 380.10715198516846
all-measurements = [ 222.02434015274048, 220.82977676391602, 222.63144326210022,]
memory-traffic = 17201
