best-result = 444.3667278289795
warmup-time = 883.5193288326263
all-measurements = [ 448.6728448867798, 449.8940591812134, 444.3667278289795,]
memory-traffic = 26017
