best-result = 61.71719264984131
warmup-time = 79.12533450126648
all-measurements = [ 61.71719264984131, 62.13269543647766, 61.84397506713867,]
memory-traffic = 3702
