best-result = 919.1072955131531
warmup-time = 947.788984298706
all-measurements = [ 919.1865320205688, 919.1072955131531, 927.5388967990875,]
memory-traffic = 101395
