best-result = 27.17430543899536
warmup-time = 37.90375351905823
all-measurements = [ 27.27041721343994, 27.17430543899536, 27.362903356552124,]
memory-traffic = 789
