best-result = 57.69100570678711
warmup-time = 73.25786685943604
all-measurements = [ 58.080389738082886, 58.28748035430908, 57.69100570678711,]
memory-traffic = 4004
