best-result = 58.37455677986145
warmup-time = 73.5558910369873
all-measurements = [ 58.85820436477661, 58.37455677986145, 58.7626838684082,]
memory-traffic = 3232
