best-result = 109.89497828483582
warmup-time = 142.6313877105713
all-measurements = [ 110.67874312400818, 109.89497828483582, 110.600257396698,]
memory-traffic = 10422
