best-result = 782.8607771396637
warmup-time = 853.1536240577698
all-measurements = [ 782.8607771396637, 784.0129489898682, 782.8977553844452,]
memory-traffic = 68581
