best-result = 33.787389516830444
warmup-time = 45.56353735923767
all-measurements = [ 33.840874910354614, 33.787389516830444, 33.834195613861084,]
memory-traffic = 1303
