best-result = 54.09917497634888
warmup-time = 71.11456155776978
all-measurements = [ 54.09917497634888, 54.4829375743866, 54.360201358795166,]
memory-traffic = 3765
