best-result = 1315.3891043663025
warmup-time = 1670.9035816192627
all-measurements = [ 1667.011843919754, 1578.3932168483734, 1315.3891043663025,]
