best-result = 49.33765888214111
warmup-time = 70.35549426078796
all-measurements = [ 49.85274815559387, 49.660213232040405, 49.33765888214111,]
memory-traffic = 3714
