best-result = 80.42788004875183
warmup-time = 103.15112709999084
all-measurements = [ 80.74218440055847, 81.40349578857422, 80.42788004875183,]
memory-traffic = 6601
