best-result = 36.36812901496887
warmup-time = 47.135363817214966
all-measurements = [ 36.36812901496887, 36.39514923095703, 37.06925177574158,]
memory-traffic = 1779
