best-result = 342.9417700767517
warmup-time = 480.8000798225403
all-measurements = [ 342.9417700767517, 346.6830174922943, 346.4288704395294,]
memory-traffic = 34155
