best-result = 123.9783616065979
warmup-time = 130.48571801185608
all-measurements = [ 127.7990460395813, 123.9783616065979, 128.06248569488525,]
memory-traffic = 9195
