best-result = 25.308651208877563
warmup-time = 26.3693368434906
all-measurements = [ 26.12953782081604, 25.377582550048828, 25.308651208877563,]
