best-result = 37.193774938583374
warmup-time = 39.1831214427948
all-measurements = [ 38.878562450408936, 38.06625461578369, 37.193774938583374,]
