best-result = 31.210028886795044
warmup-time = 31.321417093276978
all-measurements = [ 31.210028886795044, 31.426631212234497, 31.534480094909668,]
