best-result = 263.5934519767761
warmup-time = 268.0850212574005
all-measurements = [ 263.5934519767761, 265.5798296928406, 264.5993058681488,]
