best-result = 36.056564807891846
warmup-time = 36.31970715522766
all-measurements = [ 36.4605348110199, 36.056564807891846, 37.30142021179199,]
