best-result = 41.066614627838135
warmup-time = 42.01692342758179
all-measurements = [ 42.417290687561035, 41.65098810195923, 41.066614627838135,]
