best-result = 48.946369886398315
warmup-time = 49.56511688232422
all-measurements = [ 49.248602867126465, 48.946369886398315, 50.814698934555054,]
