best-result = 33.22939491271973
warmup-time = 32.976181507110596
all-measurements = [ 33.22939491271973, 33.35902118682861, 33.25648641586304,]
