best-result = 37.21312856674194
warmup-time = 38.195653438568115
all-measurements = [ 38.123268842697144, 37.21312856674194, 37.48344087600708,]
