best-result = 60.07560729980469
warmup-time = 65.0456748008728
all-measurements = [ 60.07560729980469, 64.02269053459167, 60.5509147644043,]
