best-result = 226.22814559936523
warmup-time = 227.93361520767212
all-measurements = [ 226.4038462638855, 226.22814559936523, 227.29530811309814,]
