best-result = 518.8414273262024
warmup-time = 538.4074220657349
all-measurements = [ 524.9056644439697, 518.8414273262024, 519.7228519916534,]
