best-result = 37.574400663375854
warmup-time = 35.88836407661438
all-measurements = [ 37.574400663375854, 37.7167022228241, 37.87462401390076,]
