best-result = 75.67638111114502
warmup-time = 79.54580068588257
all-measurements = [ 80.42570877075195, 79.7800726890564, 75.67638111114502,]
