best-result = 62.21879553794861
warmup-time = 64.16861391067505
all-measurements = [ 64.30166840553284, 62.21879553794861, 65.86589026451111,]
