best-result = 27.985960960388184
warmup-time = 27.616219520568848
all-measurements = [ 27.985960960388184, 28.272310733795166, 28.46230983734131,]
