best-result = 32.53113889694214
warmup-time = 35.47688055038452
all-measurements = [ 35.106263875961304, 35.01736068725586, 32.53113889694214,]
