best-result = 33.1705048084259
warmup-time = 33.40236973762512
all-measurements = [ 33.1705048084259, 34.525880575180054, 34.73915982246399,]
