best-result = 42.804991483688354
warmup-time = 42.77317810058594
all-measurements = [ 43.732330322265625, 42.804991483688354, 43.655463457107544,]
