best-result = 96.32020711898804
warmup-time = 98.1797468662262
all-measurements = [ 97.32429528236389, 96.32020711898804, 96.97934985160828,]
