best-result = 27.710222244262695
warmup-time = 28.875844717025757
all-measurements = [ 29.521527767181396, 27.710222244262695, 28.70918917655945,]
