best-result = 33.726770639419556
warmup-time = 35.0834527015686
all-measurements = [ 33.726770639419556, 34.64871430397034, 34.815638303756714,]
