best-result = 94.12821078300476
warmup-time = 87.65827751159668
all-measurements = [ 95.73274540901184, 94.12821078300476, 95.10400724411011,]
