best-result = 39.13627314567566
warmup-time = 39.799434661865234
all-measurements = [ 40.00925660133362, 39.13627314567566, 39.6921820640564,]
