best-result = 43.14839839935303
warmup-time = 46.22854256629944
all-measurements = [ 43.14839839935303, 43.91439652442932, 43.55220818519592,]
