best-result = 27.513322830200195
warmup-time = 28.639853954315186
all-measurements = [ 27.513322830200195, 28.697301626205444, 28.72295641899109,]
