best-result = 693.8166031837463
warmup-time = 726.7634544372559
all-measurements = [ 693.8166031837463, 701.0706148147583, 702.3119552135468,]
