best-result = 173.91027355194092
warmup-time = 176.17578029632568
all-measurements = [ 173.91027355194092, 177.21961855888367, 174.6025390625,]
