best-result = 66.46827936172485
warmup-time = 70.56710982322693
all-measurements = [ 68.24027848243713, 66.46827936172485, 70.99361610412598,]
