best-result = 25.849801063537598
warmup-time = 26.589526891708374
all-measurements = [ 25.849801063537598, 25.936538696289062, 25.995251655578613,]
