best-result = 37.42279505729675
warmup-time = 37.199172496795654
all-measurements = [ 37.546786308288574, 37.42279505729675, 38.037673234939575,]
