best-result = 30.479310512542725
warmup-time = 30.99164366722107
all-measurements = [ 31.765066146850586, 31.146808862686157, 30.479310512542725,]
