best-result = 261.5646421909332
warmup-time = 268.4378123283386
all-measurements = [ 267.74578738212585, 261.5646421909332, 271.50051832199097,]
