best-result = 36.575854778289795
warmup-time = 36.47916340827942
all-measurements = [ 37.32814073562622, 36.575854778289795, 37.3372585773468,]
