best-result = 39.620442390441895
warmup-time = 41.36412811279297
all-measurements = [ 41.774723291397095, 39.620442390441895, 42.04136347770691,]
