best-result = 50.36629319190979
warmup-time = 49.87891960144043
all-measurements = [ 50.46953582763672, 51.19725799560547, 50.36629319190979,]
