best-result = 33.01885724067688
warmup-time = 34.40210509300232
all-measurements = [ 33.01885724067688, 34.432575702667236, 33.142587661743164,]
