best-result = 36.41866374015808
warmup-time = 36.486510038375854
all-measurements = [ 36.41866374015808, 36.6700541973114, 37.926859617233276,]
