best-result = 61.61228108406067
warmup-time = 67.25914931297302
all-measurements = [ 67.6211142539978, 61.61228108406067, 66.00189471244812,]
