best-result = 226.31870484352112
warmup-time = 230.0070915222168
all-measurements = [ 228.08500146865845, 226.31870484352112, 227.03219509124756,]
