best-result = 519.0904316902161
warmup-time = 522.9657526016235
all-measurements = [ 519.0904316902161, 522.2137019634247, 520.455570936203,]
