best-result = 37.09257531166077
warmup-time = 36.69662928581238
all-measurements = [ 37.09257531166077, 37.28660774230957, 38.28637146949768,]
