best-result = 74.2416729927063
warmup-time = 85.04974007606506
all-measurements = [ 74.2416729927063, 79.86759352684021, 74.48547387123108,]
