best-result = 61.708982944488525
warmup-time = 64.81670618057251
all-measurements = [ 61.708982944488525, 64.71083950996399, 61.96242332458496,]
