best-result = 28.13411831855774
warmup-time = 28.091698169708252
all-measurements = [ 28.13411831855774, 28.390305757522583, 28.439471006393433,]
