best-result = 35.68413591384888
warmup-time = 35.780762672424316
all-measurements = [ 35.86607050895691, 35.68413591384888, 36.33212161064148,]
