best-result = 33.33436465263367
warmup-time = 34.68106126785278
all-measurements = [ 34.08537840843201, 34.432549238204956, 33.33436465263367,]
