best-result = 41.474557876586914
warmup-time = 44.11024618148804
all-measurements = [ 41.474557876586914, 43.251869916915894, 43.3159384727478,]
