best-result = 96.7798867225647
warmup-time = 100.50078701972961
all-measurements = [ 96.7798867225647, 98.0062940120697, 98.35738015174866,]
