best-result = 28.354788541793823
warmup-time = 29.032947778701782
all-measurements = [ 29.032492637634277, 29.31136155128479, 28.354788541793823,]
