best-result = 34.739264726638794
warmup-time = 36.95267295837402
all-measurements = [ 34.739264726638794, 35.37853670120239, 34.810924768447876,]
