best-result = 86.702388048172
warmup-time = 88.2434949874878
all-measurements = [ 86.702388048172, 90.87715268135071, 88.06204342842102,]
