best-result = 39.66728353500366
warmup-time = 39.58246827125549
all-measurements = [ 39.88214898109436, 39.66728353500366, 40.2302041053772,]
