best-result = 45.25837826728821
warmup-time = 46.18960356712341
all-measurements = [ 45.25837826728821, 45.93304181098938, 45.9015052318573,]
