best-result = 28.02451729774475
warmup-time = 29.34404158592224
all-measurements = [ 28.915213108062744, 28.976333379745483, 28.02451729774475,]
