best-result = 693.5359015464783
warmup-time = 730.0663814544678
all-measurements = [ 704.013035774231, 693.5359015464783, 699.3442051410675,]
