best-result = 172.67742085456848
warmup-time = 177.3274621963501
all-measurements = [ 172.67742085456848, 177.00209856033325, 178.00559878349304,]
