best-result = 58.89994525909424
warmup-time = 70.24735617637634
all-measurements = [ 58.89994525909424, 66.19940400123596, 67.23052406311035,]
