best-result = 21.238350868225098
warmup-time = 21.619840145111084
all-measurements = [ 21.614910364151, 21.238350868225098, 21.667165517807007,]
