best-result = 47.16175651550293
warmup-time = 62.49091053009033
all-measurements = [ 47.16175651550293, 47.345717430114746, 47.46801424026489,]
