best-result = 46.49818253517151
warmup-time = 58.518088579177856
all-measurements = [ 46.49818253517151, 46.659839153289795, 47.005698442459106,]
