best-result = 970.6349914073944
warmup-time = 1154.4149794578552
all-measurements = [ 978.8533987998962, 970.6349914073944, 983.269609451294,]
