best-result = 80.38301491737366
warmup-time = 94.82017803192139
all-measurements = [ 81.39875221252441, 80.38301491737366, 82.50937294960022,]
