best-result = 77.98747515678406
warmup-time = 97.79983925819397
all-measurements = [ 78.17412090301514, 78.96641206741333, 77.98747515678406,]
