best-result = 68.54391241073608
warmup-time = 92.57370114326477
all-measurements = [ 68.54391241073608, 69.3665862083435, 68.73342967033386,]
