best-result = 83.70619225502014
warmup-time = 97.76394963264465
all-measurements = [ 83.70619225502014, 83.79298520088196, 83.71504092216492,]
