best-result = 590.6701695919037
warmup-time = 614.7522909641266
all-measurements = [ 590.6701695919037, 593.377149105072, 591.0200049877167,]
