best-result = 61.71258735656738
warmup-time = 74.70293974876404
all-measurements = [ 62.04191327095032, 61.90853452682495, 61.71258735656738,]
