best-result = 229.33272743225098
warmup-time = 394.3762249946594
all-measurements = [ 230.80273032188416, 229.33272743225098, 229.85102105140686,]
