best-result = 439.3370726108551
warmup-time = 904.3990976810455
all-measurements = [ 439.3370726108551, 445.68801641464233, 444.5415644645691,]
