best-result = 59.43827438354492
warmup-time = 77.87360572814941
all-measurements = [ 59.43827438354492, 60.510080099105835, 59.94882822036743,]
