best-result = 852.9562928676605
warmup-time = 885.7070536613464
all-measurements = [ 858.3749806880951, 852.9562928676605, 855.2950413227081,]
