best-result = 26.8750581741333
warmup-time = 36.148446559906006
all-measurements = [ 26.961031675338745, 27.18372416496277, 26.8750581741333,]
