best-result = 58.14902091026306
warmup-time = 71.94137954711914
all-measurements = [ 58.14902091026306, 58.35546040534973, 59.56266951560974,]
