best-result = 55.79037380218506
warmup-time = 69.52252197265625
all-measurements = [ 55.89556622505188, 56.522995471954346, 55.79037380218506,]
