best-result = 108.96348118782043
warmup-time = 137.736230134964
all-measurements = [ 108.96348118782043, 109.21526718139648, 109.50875067710876,]
