best-result = 767.3006112575531
warmup-time = 841.3910148143768
all-measurements = [ 770.7669682502747, 767.3006112575531, 768.6210849285126,]
