best-result = 33.3579478263855
warmup-time = 40.61819767951965
all-measurements = [ 33.70510458946228, 33.6715133190155, 33.3579478263855,]
