best-result = 53.15931510925293
warmup-time = 68.8151421546936
all-measurements = [ 53.15931510925293, 53.27824401855469, 53.27673888206482,]
