best-result = 49.520148038864136
warmup-time = 70.03764176368713
all-measurements = [ 49.520148038864136, 50.27566361427307, 50.04767942428589,]
