best-result = 78.63855981826782
warmup-time = 96.6486496925354
all-measurements = [ 79.52125978469849, 78.63855981826782, 79.68971920013428,]
