best-result = 35.69368028640747
warmup-time = 44.86657524108887
all-measurements = [ 35.69368028640747, 35.82908058166504, 36.27483534812927,]
