best-result = 344.4937517642975
warmup-time = 487.7299015522003
all-measurements = [ 347.9684510231018, 344.4937517642975, 345.87483763694763,]
