best-result = 102.41265892982483
warmup-time = 102.79645013809204
all-measurements = [ 102.41265892982483, 103.44634985923767, 103.02439022064209,]
