best-result = 25.843085050582886
warmup-time = 25.801787853240967
all-measurements = [ 25.887941598892212, 26.12020230293274, 25.843085050582886,]
