best-result = 35.53055715560913
warmup-time = 40.87408971786499
all-measurements = [ 35.53055715560913, 38.51561427116394, 37.331804275512695,]
