best-result = 32.737008810043335
warmup-time = 33.068989515304565
all-measurements = [ 33.16490840911865, 33.85133719444275, 32.737008810043335,]
