best-result = 281.42326378822327
warmup-time = 282.6737582683563
all-measurements = [ 283.8736789226532, 281.42326378822327, 281.45608711242676,]
