best-result = 36.90951228141785
warmup-time = 36.30885338783264
all-measurements = [ 37.12253952026367, 36.90951228141785, 37.0445990562439,]
