best-result = 42.41689705848694
warmup-time = 44.98292779922485
all-measurements = [ 42.41689705848694, 43.504143953323364, 44.04284119606018,]
