best-result = 51.91843771934509
warmup-time = 51.7249641418457
all-measurements = [ 51.91843771934509, 52.28900957107544, 52.28166675567627,]
