best-result = 34.54717993736267
warmup-time = 34.8439519405365
all-measurements = [ 35.880486488342285, 34.54717993736267, 35.099897146224976,]
