best-result = 37.69529151916504
warmup-time = 38.44207429885864
all-measurements = [ 38.87979531288147, 38.95480680465698, 37.69529151916504,]
