best-result = 61.92670702934265
warmup-time = 62.77098894119263
all-measurements = [ 63.25827646255493, 62.98080539703369, 61.92670702934265,]
