best-result = 248.5478539466858
warmup-time = 251.60529041290283
all-measurements = [ 248.5478539466858, 251.29022097587585, 251.08144998550415,]
