best-result = 576.5418016910553
warmup-time = 581.727371931076
all-measurements = [ 579.4085512161255, 576.5597379207611, 576.5418016910553,]
