best-result = 36.342297077178955
warmup-time = 36.23247814178467
all-measurements = [ 37.402690172195435, 37.46065378189087, 36.342297077178955,]
