best-result = 66.41379189491272
warmup-time = 68.44393944740295
all-measurements = [ 67.62739968299866, 66.41379189491272, 66.99587345123291,]
