best-result = 27.527575492858887
warmup-time = 29.161881923675537
all-measurements = [ 28.42889714241028, 27.527575492858887, 28.47092032432556,]
