best-result = 32.98781728744507
warmup-time = 37.0245726108551
all-measurements = [ 32.98781728744507, 33.472482204437256, 37.47659611701965,]
