best-result = 33.52765393257141
warmup-time = 33.75471639633179
all-measurements = [ 33.722349643707275, 34.305469036102295, 33.52765393257141,]
