best-result = 44.19241714477539
warmup-time = 44.348432302474976
all-measurements = [ 44.95256161689758, 44.19241714477539, 44.59110498428345,]
