best-result = 102.89607453346252
warmup-time = 102.71210885047913
all-measurements = [ 102.89607453346252, 104.50545334815979, 104.1087920665741,]
