best-result = 27.90692377090454
warmup-time = 30.08866262435913
all-measurements = [ 27.90692377090454, 29.636414289474487, 28.99856662750244,]
