best-result = 34.95239591598511
warmup-time = 35.489646911621094
all-measurements = [ 35.79769039154053, 35.6855571269989, 34.95239591598511,]
