best-result = 40.72641587257385
warmup-time = 42.10628032684326
all-measurements = [ 40.72641587257385, 41.016947507858276, 41.937824010849,]
