best-result = 44.57674527168274
warmup-time = 46.918112993240356
all-measurements = [ 46.490299463272095, 44.57674527168274, 46.859389781951904,]
