best-result = 28.020500421524048
warmup-time = 28.42237877845764
all-measurements = [ 28.75580668449402, 28.020500421524048, 28.90729546546936,]
