best-result = 725.8749115467072
warmup-time = 750.7644462585449
all-measurements = [ 734.3277745246887, 738.9208111763, 725.8749115467072,]
