best-result = 189.65959072113037
warmup-time = 198.07648468017578
all-measurements = [ 189.65959072113037, 193.5609712600708, 192.3991425037384,]
