best-result = 43.37240219116211
warmup-time = 43.80358910560608
all-measurements = [ 45.68671679496765, 44.50723457336426, 43.37240219116211,]
