best-result = 23.21423864364624
warmup-time = 23.733618021011353
all-measurements = [ 24.149386644363403, 23.530893564224243, 23.21423864364624,]
