best-result = 47.14693355560303
warmup-time = 63.84257936477661
all-measurements = [ 47.4378342628479, 47.49795699119568, 47.14693355560303,]
