best-result = 46.81816506385803
warmup-time = 59.12561082839966
all-measurements = [ 47.555248737335205, 47.33393144607544, 46.81816506385803,]
