best-result = 898.678290605545
warmup-time = 1086.4073238372803
all-measurements = [ 898.678290605545, 905.3362216949463, 911.4992065429688,]
