best-result = 86.26642155647278
warmup-time = 99.27808260917664
all-measurements = [ 87.12255859375, 86.57394218444824, 86.26642155647278,]
