best-result = 989.5236616134644
warmup-time = 1014.9517850875854
all-measurements = [ 989.5236616134644, 995.2807328701019, 997.2917878627777,]
