best-result = 65.97746658325195
warmup-time = 82.36984920501709
all-measurements = [ 66.02885293960571, 65.97746658325195, 66.42526078224182,]
