best-result = 84.4210000038147
warmup-time = 106.4496819972992
all-measurements = [ 84.4210000038147, 84.54164791107178, 84.49685549736023,]
