best-result = 68.85013818740845
warmup-time = 89.58463644981384
all-measurements = [ 69.02914834022522, 68.85013818740845, 69.16683888435364,]
