best-result = 91.59116506576538
warmup-time = 106.73391103744507
all-measurements = [ 92.16384553909302, 91.59116506576538, 92.29745244979858,]
