best-result = 640.4987425804138
warmup-time = 658.3407464027405
all-measurements = [ 641.9971261024475, 644.5257613658905, 640.4987425804138,]
