best-result = 63.104119539260864
warmup-time = 79.24040412902832
all-measurements = [ 63.104119539260864, 63.257795095443726, 63.73535680770874,]
