best-result = 191.4947190284729
warmup-time = 343.825581073761
all-measurements = [ 191.4947190284729, 192.8128981590271, 193.36118054389954,]
