best-result = 383.23966431617737
warmup-time = 838.842344045639
all-measurements = [ 398.65945076942444, 386.83970379829407, 383.23966431617737,]
