best-result = 63.061803579330444
warmup-time = 78.51841449737549
all-measurements = [ 63.29184603691101, 63.14521336555481, 63.061803579330444,]
