best-result = 40.80815577507019
warmup-time = 48.305954456329346
all-measurements = [ 40.80815577507019, 40.96669340133667, 41.702693700790405,]
