best-result = 135.0190179347992
warmup-time = 165.2636477947235
all-measurements = [ 135.4631643295288, 135.0190179347992, 136.4604082107544,]
