best-result = 929.7592780590057
warmup-time = 952.5287408828735
all-measurements = [ 931.0700025558472, 929.7592780590057, 933.9971163272858,]
