best-result = 28.10464119911194
warmup-time = 36.52572703361511
all-measurements = [ 28.68295431137085, 28.111427783966064, 28.10464119911194,]
