best-result = 59.41182327270508
warmup-time = 69.37785124778748
all-measurements = [ 59.41182327270508, 59.80397415161133, 59.528849601745605,]
