best-result = 60.74774622917175
warmup-time = 74.32726383209229
all-measurements = [ 60.74774622917175, 61.82589912414551, 63.33290958404541,]
