best-result = 110.5232138633728
warmup-time = 138.70959305763245
all-measurements = [ 110.5232138633728, 111.41190481185913, 111.15691208839417,]
