best-result = 772.277013540268
warmup-time = 838.9380345344543
all-measurements = [ 773.8057508468628, 772.277013540268, 790.64120054245,]
