best-result = 34.831443309783936
warmup-time = 42.68011283874512
all-measurements = [ 34.831443309783936, 35.0140323638916, 35.45029902458191,]
