best-result = 56.21312355995178
warmup-time = 69.91838884353638
all-measurements = [ 56.52506923675537, 56.21312355995178, 56.305307388305664,]
