best-result = 2506.8207852840424
warmup-time = 2068.153959274292
all-measurements = [ 2584.5526514053345, 2942.2854795455933, 2506.8207852840424,]
