best-result = 49.544326305389404
warmup-time = 71.14048457145691
all-measurements = [ 49.544326305389404, 50.253016233444214, 49.72360801696777,]
