best-result = 83.44520497322083
warmup-time = 102.25361633300781
all-measurements = [ 83.44520497322083, 83.67017936706543, 83.88141059875488,]
