best-result = 94.05981349945068
warmup-time = 116.57738494873047
all-measurements = [ 94.8029956817627, 94.83488202095032, 94.05981349945068,]
