best-result = 38.24378538131714
warmup-time = 46.955814599990845
all-measurements = [ 38.24378538131714, 38.454763889312744, 38.82287049293518,]
