best-result = 315.6216733455658
warmup-time = 451.9177780151367
all-measurements = [ 315.6216733455658, 318.1726462841034, 323.73104071617126,]
