best-result = 60.67558193206787
warmup-time = 60.80420184135437
all-measurements = [ 61.39838171005249, 60.67558193206787, 61.622023820877075,]
