best-result = 25.634409427642822
warmup-time = 26.237648487091064
all-measurements = [ 25.6737163066864, 25.71601891517639, 25.634409427642822,]
