best-result = 36.18531274795532
warmup-time = 38.481677532196045
all-measurements = [ 37.64912271499634, 36.18531274795532, 36.95170450210571,]
