best-result = 31.982083797454834
warmup-time = 32.8340425491333
all-measurements = [ 32.425530433654785, 33.60087823867798, 31.982083797454834,]
