best-result = 266.22732162475586
warmup-time = 272.7529067993164
all-measurements = [ 267.68799352645874, 269.44677996635437, 266.22732162475586,]
