best-result = 35.62507629394531
warmup-time = 36.42688536643982
all-measurements = [ 37.08736729621887, 35.62507629394531, 36.356563329696655,]
