best-result = 41.843833446502686
warmup-time = 42.77410554885864
all-measurements = [ 42.817150354385376, 42.43288969993591, 41.843833446502686,]
