best-result = 50.1598162651062
warmup-time = 51.32786154747009
all-measurements = [ 52.285619497299194, 50.875181674957275, 50.1598162651062,]
