best-result = 35.09333062171936
warmup-time = 36.232792139053345
all-measurements = [ 35.639732360839844, 35.39581370353699, 35.09333062171936,]
