best-result = 38.429264545440674
warmup-time = 36.560385942459106
all-measurements = [ 38.63986659049988, 38.429264545440674, 38.62681984901428,]
