best-result = 62.68230152130127
warmup-time = 64.32357144355774
all-measurements = [ 63.7586088180542, 64.36587691307068, 62.68230152130127,]
