best-result = 228.37197995185852
warmup-time = 231.4617154598236
all-measurements = [ 228.4649589061737, 228.42047810554504, 228.37197995185852,]
