best-result = 525.1708331108093
warmup-time = 532.6407263278961
all-measurements = [ 525.3980627059937, 525.1708331108093, 527.9003322124481,]
