best-result = 37.38216471672058
warmup-time = 36.71736764907837
all-measurements = [ 37.72064733505249, 37.95143985748291, 37.38216471672058,]
