best-result = 63.69257092475891
warmup-time = 64.52529692649841
all-measurements = [ 65.4030647277832, 63.846839427948, 63.69257092475891,]
