best-result = 27.535362005233765
warmup-time = 27.286909103393555
all-measurements = [ 27.535362005233765, 28.198484420776367, 28.925869464874268,]
