best-result = 36.429845333099365
warmup-time = 36.974438190460205
all-measurements = [ 36.76062059402466, 36.429845333099365, 36.93924021720886,]
