best-result = 32.68940281867981
warmup-time = 32.72723126411438
all-measurements = [ 34.428436040878296, 32.68940281867981, 34.238832235336304,]
