best-result = 42.52264857292175
warmup-time = 44.584176540374756
all-measurements = [ 44.951316833496094, 42.52264857292175, 43.549025535583496,]
