best-result = 95.87241983413696
warmup-time = 98.31134796142578
all-measurements = [ 95.87241983413696, 97.14527773857117, 99.0540714263916,]
