best-result = 27.316782474517822
warmup-time = 28.654606819152832
all-measurements = [ 27.316782474517822, 27.838475704193115, 28.783205032348633,]
