best-result = 34.940420627593994
warmup-time = 35.0802583694458
all-measurements = [ 34.940420627593994, 35.18832516670227, 35.52594065666199,]
