best-result = 87.59099006652832
warmup-time = 94.24067068099976
all-measurements = [ 87.76974058151245, 88.00763607025146, 87.59099006652832,]
