best-result = 41.523786544799805
warmup-time = 40.33521485328674
all-measurements = [ 44.61226415634155, 44.28968119621277, 41.523786544799805,]
