best-result = 44.33059597015381
warmup-time = 45.93382811546326
all-measurements = [ 44.33059597015381, 46.21753478050232, 46.44870924949646,]
