best-result = 28.65199589729309
warmup-time = 29.158548593521118
all-measurements = [ 28.9273579120636, 28.782266855239868, 28.65199589729309,]
