best-result = 685.4364614486694
warmup-time = 724.0061414241791
all-measurements = [ 686.0084075927734, 700.339549779892, 685.4364614486694,]
