best-result = 177.44699883460999
warmup-time = 180.22851371765137
all-measurements = [ 177.58978462219238, 177.44699883460999, 177.81758642196655,]
