best-result = 43.09952521324158
warmup-time = 45.40423321723938
all-measurements = [ 43.09952521324158, 43.73394703865051, 44.22358226776123,]
