best-result = 66.44965100288391
warmup-time = 57.61065411567688
all-measurements = [ 66.95269775390625, 68.70342779159546, 66.44965100288391,]
