best-result = 25.60582208633423
warmup-time = 25.8886501789093
all-measurements = [ 26.026274919509888, 26.080499410629272, 25.60582208633423,]
