best-result = 37.34497809410095
warmup-time = 38.24676561355591
all-measurements = [ 37.34497809410095, 38.11377310752869, 38.503156423568726,]
