best-result = 30.694998264312744
warmup-time = 30.939265251159668
all-measurements = [ 31.732298612594604, 30.694998264312744, 31.044004678726196,]
