best-result = 264.825909614563
warmup-time = 271.8258674144745
all-measurements = [ 266.9223508834839, 267.3218376636505, 264.825909614563,]
