best-result = 35.77388000488281
warmup-time = 37.69677400588989
all-measurements = [ 37.41114687919617, 35.77388000488281, 36.26988244056702,]
