best-result = 111.6458203792572
warmup-time = 115.78157186508179
all-measurements = [ 111.6458203792572, 112.83326816558838, 111.90733599662781,]
