best-result = 40.26231908798218
warmup-time = 40.80192518234253
all-measurements = [ 40.90607047080994, 40.889827489852905, 40.26231908798218,]
