best-result = 47.60119557380676
warmup-time = 48.3933961391449
all-measurements = [ 47.60119557380676, 47.86365079879761, 48.805217266082764,]
