best-result = 34.45154619216919
warmup-time = 34.014427185058594
all-measurements = [ 34.45154619216919, 35.28728747367859, 35.027257204055786,]
