best-result = 36.90114617347717
warmup-time = 36.130746603012085
all-measurements = [ 37.542322635650635, 36.90114617347717, 36.97420620918274,]
