best-result = 60.28916549682617
warmup-time = 62.59965443611145
all-measurements = [ 60.28916549682617, 60.3174729347229, 61.46043562889099,]
