best-result = 227.7777349948883
warmup-time = 233.1436595916748
all-measurements = [ 227.7777349948883, 229.4258177280426, 229.54189372062683,]
