best-result = 523.3435711860657
warmup-time = 530.8457973003387
all-measurements = [ 523.9166719913483, 523.3435711860657, 525.2730567455292,]
