best-result = 35.98060202598572
warmup-time = 36.27077007293701
all-measurements = [ 36.62533760070801, 36.923272371292114, 35.98060202598572,]
