best-result = 28.79169201850891
warmup-time = 30.221689224243164
all-measurements = [ 29.684417963027954, 28.929495573043823, 28.79169201850891,]
