best-result = 78.37792110443115
warmup-time = 82.22926211357117
all-measurements = [ 82.84022808074951, 83.74813938140869, 78.37792110443115,]
