best-result = 62.08281660079956
warmup-time = 62.450756549835205
all-measurements = [ 62.990591287612915, 62.08281660079956, 62.77100372314453,]
