best-result = 27.099786520004272
warmup-time = 27.819704055786133
all-measurements = [ 27.099786520004272, 27.90581727027893, 28.074855089187622,]
