best-result = 35.775474309921265
warmup-time = 35.91762733459473
all-measurements = [ 36.122788429260254, 35.867608308792114, 35.775474309921265,]
