best-result = 33.483601331710815
warmup-time = 34.34752011299133
all-measurements = [ 33.483601331710815, 34.444575786590576, 33.760303258895874,]
