best-result = 41.587096214294434
warmup-time = 42.19735550880432
all-measurements = [ 42.387126207351685, 41.587096214294434, 44.677053451538086,]
