best-result = 95.31438541412354
warmup-time = 95.69422936439514
all-measurements = [ 95.31438541412354, 96.55374431610107, 100.39345717430115,]
