best-result = 28.24193024635315
warmup-time = 27.893636465072632
all-measurements = [ 29.355470657348633, 28.956897735595703, 28.24193024635315,]
