best-result = 34.9432487487793
warmup-time = 34.122211933135986
all-measurements = [ 35.39326739311218, 35.3913676738739, 34.9432487487793,]
