best-result = 86.89615654945374
warmup-time = 96.6201274394989
all-measurements = [ 87.84988927841187, 87.255859375, 86.89615654945374,]
