best-result = 38.57384204864502
warmup-time = 38.7515549659729
all-measurements = [ 39.46420240402222, 38.57384204864502, 38.81677484512329,]
