best-result = 43.060420751571655
warmup-time = 43.25948452949524
all-measurements = [ 46.11355781555176, 45.840813875198364, 43.060420751571655,]
