best-result = 27.59543776512146
warmup-time = 28.77147340774536
all-measurements = [ 29.012837171554565, 27.724032640457153, 27.59543776512146,]
