best-result = 695.4909689426422
warmup-time = 719.4999549388885
all-measurements = [ 696.4684064388275, 695.4909689426422, 706.6949112415314,]
