best-result = 174.7687828540802
warmup-time = 174.65700769424438
all-measurements = [ 174.7687828540802, 177.0728724002838, 180.85937023162842,]
