best-result = 57.50890374183655
warmup-time = 67.19895267486572
all-measurements = [ 68.40593957901001, 57.50890374183655, 66.63192582130432,]
