best-result = 21.19268250465393
warmup-time = 21.862101078033447
all-measurements = [ 22.20213556289673, 22.43702721595764, 21.19268250465393,]
