best-result = 46.785266399383545
warmup-time = 63.06808280944824
all-measurements = [ 46.785266399383545, 47.605273962020874, 47.385475635528564,]
