best-result = 46.69280815124512
warmup-time = 59.226200342178345
all-measurements = [ 47.27103519439697, 47.03029465675354, 46.69280815124512,]
