best-result = 973.9623200893402
warmup-time = 1176.3763484954834
all-measurements = [ 981.2356839179993, 973.9623200893402, 986.9858601093292,]
