best-result = 81.7336220741272
warmup-time = 96.48738169670105
all-measurements = [ 81.7336220741272, 81.80669212341309, 82.24677681922913,]
