best-result = 78.52475595474243
warmup-time = 99.78813886642456
all-measurements = [ 79.19508767127991, 78.57878422737122, 78.52475595474243,]
