best-result = 69.45592284202576
warmup-time = 93.78504061698914
all-measurements = [ 70.0041434764862, 69.45592284202576, 69.52794218063354,]
