best-result = 84.30882143974304
warmup-time = 99.7461748123169
all-measurements = [ 84.30882143974304, 84.73652720451355, 85.1660144329071,]
