best-result = 593.9078986644745
warmup-time = 617.1580264568329
all-measurements = [ 593.9078986644745, 597.6032030582428, 595.2156057357788,]
