best-result = 62.179874420166016
warmup-time = 75.35055255889893
all-measurements = [ 62.5964789390564, 63.35616850852966, 62.179874420166016,]
