best-result = 230.71241068840027
warmup-time = 399.4766035079956
all-measurements = [ 232.1952166557312, 230.71241068840027, 232.43309020996094,]
