best-result = 441.7905421257019
warmup-time = 907.2707359790802
all-measurements = [ 441.7905421257019, 442.2170715332031, 443.81050419807434,]
