best-result = 60.13853669166565
warmup-time = 75.22253489494324
all-measurements = [ 61.328848361968994, 60.27083611488342, 60.13853669166565,]
