best-result = 859.9274530410767
warmup-time = 894.2454328536987
all-measurements = [ 859.9274530410767, 865.6721527576447, 861.5742928981781,]
