best-result = 27.183401823043823
warmup-time = 35.85282492637634
all-measurements = [ 27.279529094696045, 27.39875364303589, 27.183401823043823,]
