best-result = 58.20667266845703
warmup-time = 73.03019499778748
all-measurements = [ 58.20667266845703, 58.59175777435303, 58.21595120429993,]
