best-result = 56.285027503967285
warmup-time = 70.46676826477051
all-measurements = [ 56.285027503967285, 56.52304196357727, 56.28951406478882,]
