best-result = 109.4596939086914
warmup-time = 138.91836977005005
all-measurements = [ 109.4596939086914, 109.5788266658783, 109.842844247818,]
