best-result = 773.8848116397858
warmup-time = 840.7274630069733
all-measurements = [ 773.8848116397858, 776.738335609436, 775.0522663593292,]
