best-result = 33.67396283149719
warmup-time = 41.47714447975159
all-measurements = [ 33.67396283149719, 34.11327767372131, 33.82236838340759,]
