best-result = 53.6135470867157
warmup-time = 68.39358925819397
all-measurements = [ 53.74144530296326, 53.68837380409241, 53.6135470867157,]
