best-result = 49.98423099517822
warmup-time = 69.36801791191101
all-measurements = [ 50.81221413612366, 49.98423099517822, 50.27151942253113,]
