best-result = 79.26142001152039
warmup-time = 98.20394229888916
all-measurements = [ 79.26142001152039, 80.31256341934204, 79.48551034927368,]
