best-result = 35.9697380065918
warmup-time = 45.03609323501587
all-measurements = [ 35.9697380065918, 36.061413049697876, 36.08077049255371,]
