best-result = 345.6824872493744
warmup-time = 491.54056763648987
all-measurements = [ 346.5742404460907, 348.8398132324219, 345.6824872493744,]
