best-result = 102.67430639266968
warmup-time = 103.52446341514587
all-measurements = [ 103.03418278694153, 102.67430639266968, 103.64856028556824,]
