best-result = 23.343981742858887
warmup-time = 23.45167374610901
all-measurements = [ 23.578397274017334, 23.972413539886475, 23.343981742858887,]
