best-result = 46.887510538101196
warmup-time = 62.63035464286804
all-measurements = [ 47.5034544467926, 46.887510538101196, 47.34225821495056,]
