best-result = 46.77321934700012
warmup-time = 58.15351343154907
all-measurements = [ 46.96127462387085, 46.92596673965454, 46.77321934700012,]
