best-result = 1068.1287989616394
warmup-time = 1319.6292793750763
all-measurements = [ 1068.1287989616394, 1085.5631892681122, 1089.323367357254,]
