best-result = 85.77382826805115
warmup-time = 100.06268548965454
all-measurements = [ 86.64453148841858, 86.60596680641174, 85.77382826805115,]
