best-result = 988.989741563797
warmup-time = 1024.4301064014435
all-measurements = [ 990.6890187263489, 994.5659983158112, 988.989741563797,]
