best-result = 84.26203107833862
warmup-time = 105.10781455039978
all-measurements = [ 84.26203107833862, 84.66045188903809, 85.37032723426819,]
