best-result = 68.39095759391785
warmup-time = 87.47476267814636
all-measurements = [ 68.49633979797363, 68.39095759391785, 68.50320529937744,]
