best-result = 92.30145859718323
warmup-time = 105.72971701622009
all-measurements = [ 92.96719288825989, 92.30145859718323, 93.00440168380737,]
