best-result = 647.9922208786011
warmup-time = 662.7427411079407
all-measurements = [ 647.9922208786011, 651.1145236492157, 653.7459619045258,]
