best-result = 62.3178448677063
warmup-time = 74.97130584716797
all-measurements = [ 62.51610207557678, 62.3178448677063, 62.485371589660645,]
