best-result = 273.97466588020325
warmup-time = 498.1749310493469
all-measurements = [ 273.97466588020325, 286.32278323173523, 281.1097218990326,]
