best-result = 392.98928785324097
warmup-time = 899.5980205535889
all-measurements = [ 392.98928785324097, 395.80831027030945, 396.1123046875,]
