best-result = 63.20828413963318
warmup-time = 79.48738026618958
all-measurements = [ 63.20828413963318, 63.26538872718811, 63.23726487159729,]
