best-result = 40.437145948410034
warmup-time = 48.02729535102844
all-measurements = [ 40.68942475318909, 40.50880026817322, 40.437145948410034,]
