best-result = 134.90762424468994
warmup-time = 160.12596678733826
all-measurements = [ 134.9916055202484, 134.90762424468994, 135.3443419933319,]
