best-result = 924.8300964832306
warmup-time = 953.5428566932678
all-measurements = [ 924.8300964832306, 936.153746843338, 924.9780306816101,]
