best-result = 28.056796073913574
warmup-time = 36.48828315734863
all-measurements = [ 28.056796073913574, 28.596645832061768, 28.650426626205444,]
