best-result = 57.857996463775635
warmup-time = 71.17072916030884
all-measurements = [ 57.857996463775635, 57.9407114982605, 57.88819241523743,]
