best-result = 60.29332423210144
warmup-time = 73.93437147140503
all-measurements = [ 60.68184566497803, 60.29332423210144, 60.62789440155029,]
