best-result = 112.59900045394897
warmup-time = 141.74535393714905
all-measurements = [ 112.59900045394897, 113.18003630638123, 112.97393560409546,]
