best-result = 780.6880176067352
warmup-time = 846.2864217758179
all-measurements = [ 781.6224892139435, 780.7743284702301, 780.6880176067352,]
