best-result = 34.161916732788086
warmup-time = 41.285301208496094
all-measurements = [ 34.564228773117065, 34.92477011680603, 34.161916732788086,]
