best-result = 55.77346205711365
warmup-time = 68.97421526908875
all-measurements = [ 56.09094285964966, 55.79758834838867, 55.77346205711365,]
