best-result = 1315.364406824112
warmup-time = 1465.4437673091888
all-measurements = [ 1755.7286882400513, 1315.364406824112, 2095.9133388996124,]
