best-result = 48.98814582824707
warmup-time = 70.3253607749939
all-measurements = [ 49.571024656295776, 48.98814582824707, 49.681798458099365,]
