best-result = 83.0279450416565
warmup-time = 101.13661932945251
all-measurements = [ 83.0279450416565, 83.07554268836975, 83.04841446876526,]
