best-result = 38.08766150474548
warmup-time = 48.166680574417114
all-measurements = [ 38.49871778488159, 38.08766150474548, 38.12568736076355,]
