best-result = 376.45855808258057
warmup-time = 535.6341090202332
all-measurements = [ 376.45855808258057, 376.85430359840393, 381.085734128952,]
