best-result = 59.081268548965454
warmup-time = 60.250218629837036
all-measurements = [ 59.623212575912476, 59.081268548965454, 59.10616636276245,]
