best-result = 21.293169736862183
warmup-time = 21.409777879714966
all-measurements = [ 21.293169736862183, 21.416759729385376, 21.33264708518982,]
