best-result = 46.16753530502319
warmup-time = 60.707608222961426
all-measurements = [ 46.16753530502319, 46.70345711708069, 46.447824001312256,]
