best-result = 46.14185976982117
warmup-time = 58.603368282318115
all-measurements = [ 46.314833879470825, 46.14185976982117, 46.28714895248413,]
