best-result = 972.0967700481415
warmup-time = 1170.3892304897308
all-measurements = [ 978.7360548973083, 972.0967700481415, 984.6054427623749,]
