best-result = 80.4363968372345
warmup-time = 94.09721970558167
all-measurements = [ 80.88640975952148, 81.03365087509155, 80.4363968372345,]
