best-result = 76.95349645614624
warmup-time = 99.37850880622864
all-measurements = [ 76.95349645614624, 78.25298929214478, 77.60599303245544,]
