best-result = 67.82661294937134
warmup-time = 90.35245132446289
all-measurements = [ 68.19592332839966, 69.03926157951355, 67.82661294937134,]
