best-result = 83.25739574432373
warmup-time = 98.99462890625
all-measurements = [ 83.91775560379028, 83.5609073638916, 83.25739574432373,]
