best-result = 587.7445135116577
warmup-time = 605.5775027275085
all-measurements = [ 594.1731042861938, 587.7445135116577, 588.8447093963623,]
