best-result = 61.574756383895874
warmup-time = 78.001797914505
all-measurements = [ 61.81591558456421, 61.574756383895874, 61.92833113670349,]
