best-result = 229.53551816940308
warmup-time = 397.80614376068115
all-measurements = [ 230.94849300384521, 229.53551816940308, 232.16963243484497,]
