best-result = 441.92727875709534
warmup-time = 901.1772594451904
all-measurements = [ 443.40365767478943, 446.81971740722656, 441.92727875709534,]
