best-result = 58.98584342002869
warmup-time = 75.8469409942627
all-measurements = [ 59.080946922302246, 59.106191873550415, 58.98584342002869,]
