best-result = 857.9304509162903
warmup-time = 885.1603331565857
all-measurements = [ 862.7399764060974, 868.712361574173, 857.9304509162903,]
