best-result = 26.65691828727722
warmup-time = 34.92438292503357
all-measurements = [ 26.65691828727722, 26.748756647109985, 26.89378809928894,]
