best-result = 57.897053480148315
warmup-time = 68.31818103790283
all-measurements = [ 58.24212718009949, 57.897053480148315, 58.23962426185608,]
