best-result = 55.191197633743286
warmup-time = 68.60426306724548
all-measurements = [ 56.140395402908325, 55.93678045272827, 55.191197633743286,]
