best-result = 107.56166410446167
warmup-time = 135.24532318115234
all-measurements = [ 109.32960796356201, 107.56166410446167, 107.91446208953857,]
