best-result = 767.0111706256866
warmup-time = 836.2569818496704
all-measurements = [ 771.1418161392212, 767.0111706256866, 774.9495139122009,]
