best-result = 33.247243881225586
warmup-time = 40.99927806854248
all-measurements = [ 33.43236970901489, 33.353302001953125, 33.247243881225586,]
