best-result = 52.532259702682495
warmup-time = 68.14089345932007
all-measurements = [ 52.532259702682495, 52.977871894836426, 53.40908622741699,]
