best-result = 49.07125687599182
warmup-time = 67.11897873878479
all-measurements = [ 49.149911403656006, 49.07125687599182, 49.18202066421509,]
