best-result = 78.31080865859985
warmup-time = 94.51046824455261
all-measurements = [ 78.87087988853455, 78.70086932182312, 78.31080865859985,]
