best-result = 35.35040783882141
warmup-time = 44.27459144592285
all-measurements = [ 35.48034048080444, 35.35040783882141, 35.380818605422974,]
