best-result = 348.71782302856445
warmup-time = 495.19966650009155
all-measurements = [ 348.71782302856445, 378.8460490703583, 356.1636185646057,]
