best-result = 101.56451869010925
warmup-time = 102.37922954559326
all-measurements = [ 102.59705448150635, 101.82742643356323, 101.56451869010925,]
