best-result = 22.55911898612976
warmup-time = 22.535903930664062
all-measurements = [ 22.55911898612976, 23.556989908218384, 22.844391584396362,]
