best-result = 46.513633728027344
warmup-time = 61.4187593460083
all-measurements = [ 46.93785905838013, 46.513633728027344, 47.61848545074463,]
