best-result = 46.41816854476929
warmup-time = 58.32267451286316
all-measurements = [ 46.41816854476929, 46.822425365448, 46.71947193145752,]
