best-result = 932.0150210857391
warmup-time = 1133.8738107681274
all-measurements = [ 932.0150210857391, 933.8152403831482, 957.4585402011871,]
