best-result = 84.81207942962646
warmup-time = 100.02570605278015
all-measurements = [ 85.54775762557983, 84.81207942962646, 85.2310574054718,]
