best-result = 81.80170726776123
warmup-time = 103.34843826293945
all-measurements = [ 81.97146344184875, 81.80170726776123, 81.91896152496338,]
