best-result = 69.67597365379333
warmup-time = 92.64980101585388
all-measurements = [ 69.67597365379333, 69.75520992279053, 69.78920650482178,]
