best-result = 91.17494702339172
warmup-time = 105.27205324172974
all-measurements = [ 91.17494702339172, 91.25102949142456, 91.70202279090881,]
