best-result = 646.665712594986
warmup-time = 682.3582699298859
all-measurements = [ 647.0752727985382, 647.1460263729095, 646.665712594986,]
