best-result = 66.21097755432129
warmup-time = 79.07980966567993
all-measurements = [ 66.21097755432129, 66.65596842765808, 66.61694979667664,]
