best-result = 222.2631118297577
warmup-time = 373.5334448814392
all-measurements = [ 222.92908477783203, 222.2631118297577, 222.40407872200012,]
