best-result = 436.3531861305237
warmup-time = 880.8380162715912
all-measurements = [ 437.76766991615295, 436.3531861305237, 440.7503402233124,]
