best-result = 61.55719566345215
warmup-time = 77.31805205345154
all-measurements = [ 61.64008021354675, 61.98281216621399, 61.55719566345215,]
