best-result = 143.8276960849762
warmup-time = 176.5460238456726
all-measurements = [ 143.86100721359253, 144.31938219070435, 143.8276960849762,]
