best-result = 899.2075037956238
warmup-time = 925.2478921413422
all-measurements = [ 899.2075037956238, 901.0519819259644, 913.3273248672485,]
