best-result = 27.171549558639526
warmup-time = 35.94479584693909
all-measurements = [ 27.713771104812622, 27.680899620056152, 27.171549558639526,]
