best-result = 58.937251329422
warmup-time = 71.85973358154297
all-measurements = [ 59.01051950454712, 58.937251329422, 60.059597969055176,]
