best-result = 58.87977313995361
warmup-time = 74.2497968673706
all-measurements = [ 58.89433813095093, 59.39263439178467, 58.87977313995361,]
