best-result = 111.53541779518127
warmup-time = 139.97691798210144
all-measurements = [ 111.53541779518127, 111.71948099136353, 111.64507985115051,]
