best-result = 787.0529472827911
warmup-time = 847.4477076530457
all-measurements = [ 790.5085697174072, 787.0529472827911, 787.9227428436279,]
