best-result = 33.7263240814209
warmup-time = 41.344659090042114
all-measurements = [ 34.070629835128784, 33.7263240814209, 34.00989007949829,]
