best-result = 55.29074239730835
warmup-time = 69.36324977874756
all-measurements = [ 55.89392066001892, 55.29353642463684, 55.29074239730835,]
