best-result = 2084.7463471889496
warmup-time = 2200.8481187820435
all-measurements = [ 2567.9470868110657, 2084.7463471889496, 2944.0390939712524,]
