best-result = 49.33079791069031
warmup-time = 71.06979608535767
all-measurements = [ 49.9352388381958, 49.737704277038574, 49.33079791069031,]
