best-result = 77.96755242347717
warmup-time = 100.1144392490387
all-measurements = [ 78.0904929637909, 77.96755242347717, 78.24561333656311,]
