best-result = 36.907968521118164
warmup-time = 46.07475733757019
all-measurements = [ 37.17080044746399, 36.907968521118164, 37.10329627990723,]
