best-result = 343.95124197006226
warmup-time = 480.73802185058594
all-measurements = [ 345.4507417678833, 351.8181529045105, 343.95124197006226,]
