best-result = 60.42851209640503
warmup-time = 60.78045701980591
all-measurements = [ 60.58067083358765, 60.88229298591614, 60.42851209640503,]
