best-result = 25.941094160079956
warmup-time = 26.480557918548584
all-measurements = [ 26.016685247421265, 25.941094160079956, 26.211318969726562,]
