best-result = 37.00043988227844
warmup-time = 40.364487409591675
all-measurements = [ 37.06418418884277, 37.97954726219177, 37.00043988227844,]
