best-result = 30.174607515335083
warmup-time = 31.738969564437866
all-measurements = [ 30.174607515335083, 31.61164140701294, 32.09735369682312,]
