best-result = 255.30648064613342
warmup-time = 263.56002044677734
all-measurements = [ 258.3276996612549, 255.30648064613342, 257.8402178287506,]
