best-result = 36.19713044166565
warmup-time = 35.92051911354065
all-measurements = [ 36.22962999343872, 36.471723318099976, 36.19713044166565,]
