best-result = 117.62092399597168
warmup-time = 121.80269289016724
all-measurements = [ 117.62092399597168, 119.86917209625244, 119.98552894592285,]
