best-result = 40.34878945350647
warmup-time = 41.815760374069214
all-measurements = [ 40.34878945350647, 40.34945869445801, 41.84096360206604,]
