best-result = 48.38543939590454
warmup-time = 51.43460249900818
all-measurements = [ 48.38543939590454, 48.595787048339844, 50.52199959754944,]
