best-result = 33.620394229888916
warmup-time = 33.939581632614136
all-measurements = [ 33.620394229888916, 35.572831869125366, 35.157251834869385,]
