best-result = 37.20195960998535
warmup-time = 36.98547673225403
all-measurements = [ 37.20195960998535, 37.64690709114075, 37.50368332862854,]
