best-result = 57.354836225509644
warmup-time = 63.12408971786499
all-measurements = [ 57.354836225509644, 64.36430644989014, 62.280643463134766,]
