best-result = 225.15722131729126
warmup-time = 228.93646550178528
all-measurements = [ 225.15722131729126, 226.67477416992188, 226.36582612991333,]
