best-result = 514.4140799045563
warmup-time = 520.8027880191803
all-measurements = [ 535.0196044445038, 514.4140799045563, 515.0657377243042,]
