best-result = 36.85553789138794
warmup-time = 36.42147493362427
all-measurements = [ 36.85553789138794, 38.01182794570923, 37.32003664970398,]
