best-result = 28.823049068450928
warmup-time = 29.55041790008545
all-measurements = [ 29.146082401275635, 29.399131774902344, 28.823049068450928,]
