best-result = 76.26529169082642
warmup-time = 74.93261790275574
all-measurements = [ 78.47548484802246, 76.26529169082642, 80.64730596542358,]
