best-result = 61.43552589416504
warmup-time = 61.98738670349121
all-measurements = [ 61.43552589416504, 61.48816680908203, 62.716463804244995,]
