best-result = 28.401610851287842
warmup-time = 28.484082460403442
all-measurements = [ 29.15600299835205, 28.401610851287842, 29.207889556884766,]
