best-result = 35.432878255844116
warmup-time = 35.40855002403259
all-measurements = [ 35.558754205703735, 35.432878255844116, 36.050183057785034,]
