best-result = 35.00186896324158
warmup-time = 35.64888620376587
all-measurements = [ 35.95768356323242, 35.00186896324158, 35.39249610900879,]
