best-result = 42.380032539367676
warmup-time = 43.57183122634888
all-measurements = [ 44.940386056900024, 42.380032539367676, 44.40054893493652,]
