best-result = 95.54251527786255
warmup-time = 100.34545540809631
all-measurements = [ 95.54251527786255, 96.9631404876709, 97.50167751312256,]
