best-result = 28.66326880455017
warmup-time = 29.189760208129883
all-measurements = [ 28.66326880455017, 29.923736095428467, 29.882555723190308,]
