best-result = 34.99180746078491
warmup-time = 33.313960552215576
all-measurements = [ 35.652384757995605, 34.99180746078491, 35.618799686431885,]
