best-result = 91.56564021110535
warmup-time = 91.62265157699585
all-measurements = [ 91.56564021110535, 97.08893179893494, 92.72513222694397,]
