best-result = 39.09966158866882
warmup-time = 40.09813833236694
all-measurements = [ 40.59224200248718, 39.09966158866882, 39.69795060157776,]
