best-result = 42.345635175704956
warmup-time = 43.98604679107666
all-measurements = [ 43.06138634681702, 44.17845678329468, 42.345635175704956,]
