best-result = 27.80799436569214
warmup-time = 28.845004558563232
all-measurements = [ 28.427911043167114, 28.237123012542725, 27.80799436569214,]
