best-result = 657.7538666725159
warmup-time = 714.1467144489288
all-measurements = [ 658.0270364284515, 662.6873590946198, 657.7538666725159,]
