best-result = 171.99884462356567
warmup-time = 171.86956191062927
all-measurements = [ 174.3443648815155, 171.99884462356567, 173.652037858963,]
