best-result = 64.43687558174133
warmup-time = 66.90105676651001
all-measurements = [ 69.35714387893677, 70.6603479385376, 64.43687558174133,]
