best-result = 26.14228129386902
warmup-time = 26.471729516983032
all-measurements = [ 26.291505575180054, 26.562795162200928, 26.14228129386902,]
