best-result = 38.976731300354004
warmup-time = 41.39865684509277
all-measurements = [ 38.976731300354004, 39.9836528301239, 40.0907084941864,]
