best-result = 33.72439384460449
warmup-time = 34.09200406074524
all-measurements = [ 33.78723669052124, 34.04827046394348, 33.72439384460449,]
