best-result = 285.67872858047485
warmup-time = 292.11482071876526
all-measurements = [ 285.67872858047485, 289.5172257423401, 287.7574951648712,]
