best-result = 36.87778401374817
warmup-time = 37.69202947616577
all-measurements = [ 37.814083099365234, 36.87778401374817, 37.81084990501404,]
