best-result = 43.60686779022217
warmup-time = 45.36474585533142
all-measurements = [ 44.0953848361969, 45.14340353012085, 43.60686779022217,]
