best-result = 51.82200050354004
warmup-time = 52.21379113197327
all-measurements = [ 51.82200050354004, 52.36626124382019, 53.344873666763306,]
