best-result = 34.999587297439575
warmup-time = 36.511871099472046
all-measurements = [ 35.485965967178345, 34.999587297439575, 37.05703353881836,]
