best-result = 40.01880717277527
warmup-time = 41.44545936584473
all-measurements = [ 40.01880717277527, 40.1664559841156, 40.32395577430725,]
