best-result = 62.12192749977112
warmup-time = 61.34482169151306
all-measurements = [ 62.12192749977112, 62.28797459602356, 63.29643797874451,]
