best-result = 254.5975000858307
warmup-time = 260.63832569122314
all-measurements = [ 255.337260723114, 254.5975000858307, 257.22882556915283,]
