best-result = 598.4106101989746
warmup-time = 597.4911935329437
all-measurements = [ 598.4106101989746, 599.2071499824524, 602.4057970046997,]
