best-result = 37.19898438453674
warmup-time = 38.42260670661926
all-measurements = [ 38.10350704193115, 38.39541697502136, 37.19898438453674,]
