best-result = 67.67567133903503
warmup-time = 67.2886254787445
all-measurements = [ 67.67567133903503, 68.42386937141418, 69.45832252502441,]
