best-result = 28.569802045822144
warmup-time = 27.760449409484863
all-measurements = [ 28.569802045822144, 29.11533808708191, 29.286895036697388,]
