best-result = 37.58539605140686
warmup-time = 37.670708417892456
all-measurements = [ 37.58539605140686, 38.23216414451599, 38.00400233268738,]
