best-result = 33.37215828895569
warmup-time = 34.77516055107117
all-measurements = [ 33.37571096420288, 33.37215828895569, 33.74046468734741,]
