best-result = 45.35705828666687
warmup-time = 46.435882806777954
all-measurements = [ 45.35705828666687, 46.06199407577515, 47.29003667831421,]
