best-result = 106.65081334114075
warmup-time = 108.20216655731201
all-measurements = [ 108.32676649093628, 106.65081334114075, 109.56187057495117,]
