best-result = 29.555140733718872
warmup-time = 28.406890630722046
all-measurements = [ 29.625865697860718, 29.645299911499023, 29.555140733718872,]
