best-result = 35.804394483566284
warmup-time = 35.85849332809448
all-measurements = [ 36.92824339866638, 35.804394483566284, 36.14351534843445,]
