best-result = 42.635645389556885
warmup-time = 42.11830377578735
all-measurements = [ 43.2091269493103, 43.11834239959717, 42.635645389556885,]
