best-result = 45.42707657814026
warmup-time = 46.10841083526611
all-measurements = [ 45.74999380111694, 45.42707657814026, 47.23433184623718,]
