best-result = 28.59485673904419
warmup-time = 28.322420835494995
all-measurements = [ 28.59485673904419, 29.397850513458252, 29.618690729141235,]
