best-result = 732.343076467514
warmup-time = 747.6124448776245
all-measurements = [ 732.343076467514, 741.737491607666, 737.1224493980408,]
