best-result = 193.86741375923157
warmup-time = 195.94414067268372
all-measurements = [ 196.53854155540466, 193.86741375923157, 198.7644019126892,]
