best-result = 43.73253655433655
warmup-time = 47.79114055633545
all-measurements = [ 47.71047782897949, 45.61660075187683, 43.73253655433655,]
