best-result = 23.428363800048828
warmup-time = 25.34266424179077
all-measurements = [ 23.744647979736328, 23.428363800048828, 23.78040599822998,]
memory-traffic = 275
