best-result = 47.38856625556946
warmup-time = 64.24036026000977
all-measurements = [ 47.38856625556946, 47.8861665725708, 47.818222999572754,]
memory-traffic = 3685
