best-result = 46.51765751838684
warmup-time = 61.62674880027771
all-measurements = [ 47.240172147750854, 46.51765751838684, 46.63103914260864,]
memory-traffic = 3337
