best-result = 944.6493775844574
warmup-time = 1146.519279241562
all-measurements = [ 944.6493775844574, 946.5411958694458, 950.965588092804,]
memory-traffic = 94425
