best-result = 83.39430236816406
warmup-time = 101.85920357704163
all-measurements = [ 85.09194374084473, 84.5186665058136, 83.39430236816406,]
memory-traffic = 7295
