best-result = 79.94448471069336
warmup-time = 103.7629280090332
all-measurements = [ 80.64063286781311, 79.94448471069336, 80.74333691596985,]
memory-traffic = 6203
