best-result = 71.23954701423645
warmup-time = 114.66263699531555
all-measurements = [ 74.67002749443054, 71.3725757598877, 71.23954701423645,]
memory-traffic = 6087
