best-result = 88.25730276107788
warmup-time = 105.11402130126953
all-measurements = [ 88.25730276107788, 88.49843907356262, 89.01108431816101,]
memory-traffic = 7669
