best-result = 614.1511740684509
warmup-time = 629.3199355602264
all-measurements = [ 614.1511740684509, 616.4062213897705, 618.8187165260315,]
memory-traffic = 56292
