best-result = 63.394912242889404
warmup-time = 75.19207334518433
all-measurements = [ 64.76991605758667, 63.394912242889404, 64.16271257400513,]
memory-traffic = 3627
