best-result = 223.46074032783508
warmup-time = 375.2136459350586
all-measurements = [ 223.46074032783508, 226.26156640052795, 226.8695273399353,]
memory-traffic = 17183
