best-result = 438.58144307136536
warmup-time = 893.0004389286041
all-measurements = [ 438.58144307136536, 438.7921426296234, 438.6929552555084,]
memory-traffic = 26406
