best-result = 61.15122175216675
warmup-time = 80.0816342830658
all-measurements = [ 61.15122175216675, 61.85509896278381, 62.20246911048889,]
memory-traffic = 3708
