best-result = 851.0601992607117
warmup-time = 879.4267871379852
all-measurements = [ 854.5691204071045, 856.4643821716309, 851.0601992607117,]
memory-traffic = 99549
