best-result = 27.050301551818848
warmup-time = 36.28754210472107
all-measurements = [ 27.103917837142944, 27.050301551818848, 27.72018337249756,]
memory-traffic = 797
