best-result = 57.837175607681274
warmup-time = 73.59923648834229
all-measurements = [ 57.837175607681274, 57.844780921936035, 58.13138961791992,]
memory-traffic = 3997
