best-result = 57.57281303405762
warmup-time = 73.53023195266724
all-measurements = [ 59.12691521644592, 57.57281303405762, 58.801339626312256,]
memory-traffic = 3250
