best-result = 109.10019040107727
warmup-time = 139.04959630966187
all-measurements = [ 109.20959281921387, 109.10019040107727, 109.8719573020935,]
memory-traffic = 10429
