best-result = 775.0326428413391
warmup-time = 842.9092004299164
all-measurements = [ 776.7187459468842, 778.5058999061584, 775.0326428413391,]
memory-traffic = 68373
