best-result = 33.77597665786743
warmup-time = 44.71017122268677
all-measurements = [ 34.602012634277344, 34.459035873413086, 33.77597665786743,]
memory-traffic = 1317
