best-result = 53.52291464805603
warmup-time = 71.20341563224792
all-measurements = [ 54.34616255760193, 53.95306396484375, 53.52291464805603,]
memory-traffic = 3772
