best-result = 1447.2943012714386
warmup-time = 1818.5827419757843
all-measurements = [ 1464.5258648395538, 1447.2943012714386, 2147.9706494808197,]
