best-result = 49.48986887931824
warmup-time = 69.95622038841248
all-measurements = [ 49.641091108322144, 50.342347383499146, 49.48986887931824,]
memory-traffic = 3749
