best-result = 80.1765387058258
warmup-time = 102.33213520050049
all-measurements = [ 80.1765387058258, 80.28287267684937, 80.47655057907104,]
memory-traffic = 6633
