best-result = 36.11367058753967
warmup-time = 47.600804567337036
all-measurements = [ 36.11367058753967, 36.82458448410034, 36.359647274017334,]
memory-traffic = 1772
