best-result = 349.12207889556885
warmup-time = 482.93920493125916
all-measurements = [ 349.12207889556885, 349.9287896156311, 352.52285051345825,]
memory-traffic = 34346
