best-result = 124.89304971694946
warmup-time = 128.44753575325012
all-measurements = [ 126.15692448616028, 126.53418493270874, 124.89304971694946,]
memory-traffic = 9173
