best-result = 25.9309720993042
warmup-time = 26.638662099838257
all-measurements = [ 25.9309720993042, 25.931888103485107, 26.397676944732666,]
