best-result = 36.88264441490173
warmup-time = 40.027464389801025
all-measurements = [ 36.88264441490173, 37.017393350601196, 37.94013857841492,]
