best-result = 31.387465238571167
warmup-time = 31.38367486000061
all-measurements = [ 31.387465238571167, 31.912405252456665, 32.37061548233032,]
