best-result = 261.9827914237976
warmup-time = 269.1622829437256
all-measurements = [ 261.9827914237976, 270.13048934936523, 263.54105949401855,]
