best-result = 36.9473762512207
warmup-time = 37.85676598548889
all-measurements = [ 36.9473762512207, 37.21838355064392, 37.98815655708313,]
