best-result = 40.164607524871826
warmup-time = 42.8972053527832
all-measurements = [ 40.63923096656799, 41.59662079811096, 40.164607524871826,]
