best-result = 49.89187574386597
warmup-time = 48.25709295272827
all-measurements = [ 50.01740908622742, 49.89187574386597, 50.129719734191895,]
