best-result = 33.42611908912659
warmup-time = 34.6324667930603
all-measurements = [ 34.94170045852661, 33.42611908912659, 34.597835540771484,]
