best-result = 37.00198459625244
warmup-time = 38.47667384147644
all-measurements = [ 37.44795227050781, 37.00198459625244, 37.0138578414917,]
