best-result = 59.76856541633606
warmup-time = 62.1280779838562
all-measurements = [ 59.76856541633606, 62.44730257987976, 61.14369487762451,]
