best-result = 226.5108516216278
warmup-time = 229.97501826286316
all-measurements = [ 226.5108516216278, 229.02494740486145, 228.11497688293457,]
