best-result = 521.2493970394135
warmup-time = 526.8147819042206
all-measurements = [ 521.2493970394135, 523.7538058757782, 525.3963434696198,]
