best-result = 36.45969915390015
warmup-time = 36.398154973983765
all-measurements = [ 37.07245850563049, 37.36374115943909, 36.45969915390015,]
