best-result = 79.12917160987854
warmup-time = 81.7450168132782
all-measurements = [ 82.21045994758606, 89.4315345287323, 79.12917160987854,]
