best-result = 62.33320665359497
warmup-time = 64.88033699989319
all-measurements = [ 62.33320665359497, 65.08021664619446, 64.73639130592346,]
