best-result = 27.483607530593872
warmup-time = 28.149879932403564
all-measurements = [ 27.483607530593872, 28.880706071853638, 28.468660354614258,]
