best-result = 33.00178503990173
warmup-time = 35.810736656188965
all-measurements = [ 33.00178503990173, 35.77931213378906, 35.836464405059814,]
