best-result = 33.73637008666992
warmup-time = 34.19666290283203
all-measurements = [ 33.73637008666992, 35.23739838600159, 35.45234680175781,]
