best-result = 42.64693093299866
warmup-time = 42.49844813346863
all-measurements = [ 42.64693093299866, 42.85286068916321, 43.08941197395325,]
