best-result = 96.51508522033691
warmup-time = 97.42924189567566
all-measurements = [ 97.77902626991272, 97.93979239463806, 96.51508522033691,]
