best-result = 28.203694820404053
warmup-time = 28.16828751564026
all-measurements = [ 30.189326763153076, 29.98668622970581, 28.203694820404053,]
