best-result = 34.66178345680237
warmup-time = 35.16136717796326
all-measurements = [ 34.66178345680237, 35.143492221832275, 36.19187259674072,]
