best-result = 86.58549070358276
warmup-time = 90.34532690048218
all-measurements = [ 86.58549070358276, 97.50023937225342, 87.31552171707153,]
