best-result = 39.4606077671051
warmup-time = 39.62031435966492
all-measurements = [ 39.85552358627319, 39.4606077671051, 40.803627014160156,]
