best-result = 44.09271955490112
warmup-time = 45.65220284461975
all-measurements = [ 44.42874312400818, 44.40328311920166, 44.09271955490112,]
