best-result = 27.935803651809692
warmup-time = 29.204535245895386
all-measurements = [ 28.764143705368042, 27.935803651809692, 29.553115367889404,]
