best-result = 699.7184607982635
warmup-time = 739.5591225624084
all-measurements = [ 700.7819983959198, 699.7184607982635, 702.1629993915558,]
