best-result = 175.60443329811096
warmup-time = 179.70572805404663
all-measurements = [ 175.62082743644714, 175.60443329811096, 176.24556517601013,]
