best-result = 54.81483864784241
warmup-time = 65.03612041473389
all-measurements = [ 54.81483864784241, 67.68354487419128, 65.28254437446594,]
