best-result = 23.2270085811615
warmup-time = 23.45642924308777
all-measurements = [ 23.6153724193573, 23.2270085811615, 23.722695350646973,]
