best-result = 47.01204323768616
warmup-time = 65.30361270904541
all-measurements = [ 47.194384813308716, 47.01204323768616, 47.02701663970947,]
