best-result = 46.7643039226532
warmup-time = 58.76979923248291
all-measurements = [ 47.34833383560181, 46.7643039226532, 46.79805517196655,]
