best-result = 896.9030959606171
warmup-time = 1117.4220283031464
all-measurements = [ 900.8188617229462, 896.9030959606171, 898.8689017295837,]
