best-result = 85.30318355560303
warmup-time = 99.80535626411438
all-measurements = [ 86.22009992599487, 85.30318355560303, 85.8116717338562,]
