best-result = 984.4921224117279
warmup-time = 1029.4219119548798
all-measurements = [ 984.4921224117279, 989.1334555149078, 988.1117739677429,]
