best-result = 82.63744044303894
warmup-time = 103.0859956741333
all-measurements = [ 83.188148021698, 82.63744044303894, 82.94362211227417,]
