best-result = 67.79362964630127
warmup-time = 87.42087864875793
all-measurements = [ 67.79362964630127, 68.35997176170349, 68.15424919128418,]
