best-result = 91.01064729690552
warmup-time = 105.28775453567505
all-measurements = [ 91.01064729690552, 93.25829195976257, 91.07972764968872,]
