best-result = 646.9428057670593
warmup-time = 659.5975389480591
all-measurements = [ 646.9428057670593, 650.2746834754944, 649.0058023929596,]
