best-result = 62.087191581726074
warmup-time = 74.43171095848083
all-measurements = [ 62.83251476287842, 62.10979104042053, 62.087191581726074,]
