best-result = 205.36963319778442
warmup-time = 361.9674458503723
all-measurements = [ 205.91516709327698, 205.36963319778442, 205.39872884750366,]
