best-result = 425.92129826545715
warmup-time = 862.1982810497284
all-measurements = [ 426.8527376651764, 425.92129826545715, 429.5775420665741,]
