best-result = 62.863560914993286
warmup-time = 79.88741445541382
all-measurements = [ 63.2751784324646, 62.863560914993286, 63.62655425071716,]
