best-result = 39.88438129425049
warmup-time = 48.49056673049927
all-measurements = [ 39.96735858917236, 40.1934072971344, 39.88438129425049,]
