best-result = 135.0925862789154
warmup-time = 157.1417682170868
all-measurements = [ 135.21836638450623, 136.50015425682068, 135.0925862789154,]
