best-result = 917.3842556476593
warmup-time = 942.2485311031342
all-measurements = [ 917.4198608398438, 919.0779898166656, 917.3842556476593,]
