best-result = 28.000990629196167
warmup-time = 37.41958665847778
all-measurements = [ 28.000990629196167, 28.70865535736084, 28.064814567565918,]
