best-result = 57.18303966522217
warmup-time = 70.49653482437134
all-measurements = [ 57.27726912498474, 57.18303966522217, 57.54220533370972,]
