best-result = 59.77928352355957
warmup-time = 75.75306582450867
all-measurements = [ 59.77928352355957, 60.140005588531494, 60.3034827709198,]
