best-result = 109.98515629768372
warmup-time = 137.08049321174622
all-measurements = [ 110.12960314750671, 110.49462723731995, 109.98515629768372,]
