best-result = 779.7969999313354
warmup-time = 871.1530153751373
all-measurements = [ 785.1974201202393, 779.7969999313354, 791.1916420459747,]
