best-result = 33.9419162273407
warmup-time = 42.01725244522095
all-measurements = [ 34.17326045036316, 33.9419162273407, 33.97993230819702,]
