best-result = 55.76771950721741
warmup-time = 72.10383725166321
all-measurements = [ 55.781131744384766, 56.07242798805237, 55.76771950721741,]
