best-result = 1545.1804807186127
warmup-time = 2037.9163274765015
all-measurements = [ 1608.3222484588623, 1831.277918100357, 1545.1804807186127,]
