best-result = 48.979207038879395
warmup-time = 71.2594985961914
all-measurements = [ 48.979207038879395, 49.135308027267456, 49.18424892425537,]
