best-result = 80.88915753364563
warmup-time = 100.42324948310852
all-measurements = [ 81.01959276199341, 80.88915753364563, 81.0643801689148,]
