best-result = 37.17776894569397
warmup-time = 47.14633536338806
all-measurements = [ 37.40903687477112, 37.50726556777954, 37.17776894569397,]
