best-result = 332.1725342273712
warmup-time = 476.384245634079
all-measurements = [ 332.1725342273712, 343.87835788726807, 336.6168644428253,]
