best-result = 59.11066460609436
warmup-time = 59.72852611541748
all-measurements = [ 59.11066460609436, 59.42656445503235, 59.44325637817383,]
