best-result = 22.458826541900635
warmup-time = 22.10921835899353
all-measurements = [ 22.458826541900635, 22.69487428665161, 23.287889003753662,]
