best-result = 47.555665493011475
warmup-time = 65.23355674743652
all-measurements = [ 48.058013677597046, 47.75792956352234, 47.555665493011475,]
