best-result = 47.26561141014099
warmup-time = 59.68745231628418
all-measurements = [ 47.92922806739807, 47.26561141014099, 47.62029957771301,]
