best-result = 999.7872135639191
warmup-time = 1230.428172826767
all-measurements = [ 1004.8541257381439, 999.7872135639191, 1005.1709859371185,]
