best-result = 82.59645462036133
warmup-time = 96.92410731315613
all-measurements = [ 84.26722002029419, 82.59645462036133, 83.05336689949036,]
