best-result = 79.96562361717224
warmup-time = 104.26720428466797
all-measurements = [ 79.96562361717224, 80.69169473648071, 80.310706615448,]
