best-result = 69.29530882835388
warmup-time = 93.64905142784119
all-measurements = [ 69.29530882835388, 70.38425493240356, 69.37284731864929,]
