best-result = 86.0636157989502
warmup-time = 102.28618049621582
all-measurements = [ 86.0636157989502, 86.45267629623413, 86.44461488723755,]
