best-result = 598.6605830192566
warmup-time = 611.8070209026337
all-measurements = [ 602.3024699687958, 598.6605830192566, 601.7990431785583,]
