best-result = 63.317259550094604
warmup-time = 81.35051536560059
all-measurements = [ 63.317259550094604, 63.55039691925049, 64.13060474395752,]
