best-result = 235.336119890213
warmup-time = 416.31097197532654
all-measurements = [ 237.6269931793213, 239.06504797935486, 235.336119890213,]
