best-result = 438.969078540802
warmup-time = 953.5091092586517
all-measurements = [ 439.1771836280823, 438.969078540802, 445.206472158432,]
