best-result = 61.4763126373291
warmup-time = 79.19484663009644
all-measurements = [ 61.53085923194885, 61.4763126373291, 63.10540556907654,]
