best-result = 883.3034579753876
warmup-time = 917.3813042640686
all-measurements = [ 883.3034579753876, 884.5402944087982, 890.4925570487976,]
