best-result = 27.470219135284424
warmup-time = 36.271016359329224
all-measurements = [ 27.470219135284424, 29.213144540786743, 28.14455795288086,]
