best-result = 56.557841539382935
warmup-time = 69.85421419143677
all-measurements = [ 56.557841539382935, 56.69996619224548, 56.5832040309906,]
