best-result = 111.26506781578064
warmup-time = 143.69323801994324
all-measurements = [ 116.60804557800293, 111.7670648097992, 111.26506781578064,]
