best-result = 778.2461838722229
warmup-time = 857.7003629207611
all-measurements = [ 784.424519777298, 779.5926704406738, 778.2461838722229,]
