best-result = 53.84928107261658
warmup-time = 69.66353392601013
all-measurements = [ 53.84928107261658, 54.80072999000549, 53.90115475654602,]
