best-result = 50.310884952545166
warmup-time = 71.0480260848999
all-measurements = [ 50.310884952545166, 51.17687273025513, 50.417311668395996,]
