best-result = 79.87210845947266
warmup-time = 100.58569097518921
all-measurements = [ 79.87210845947266, 81.66206240653992, 80.79592943191528,]
