best-result = 36.088923931121826
warmup-time = 45.73475098609924
all-measurements = [ 37.05799889564514, 36.37563443183899, 36.088923931121826,]
