best-result = 355.84381890296936
warmup-time = 513.7722728252411
all-measurements = [ 367.1522309780121, 365.08125257492065, 355.84381890296936,]
