best-result = 104.05642986297607
warmup-time = 105.53685569763184
all-measurements = [ 104.05642986297607, 104.49098777770996, 105.37445092201233,]
