best-result = 26.102965354919434
warmup-time = 26.545563220977783
all-measurements = [ 26.330716609954834, 26.59442949295044, 26.102965354919434,]
