best-result = 36.28047490119934
warmup-time = 38.27470064163208
all-measurements = [ 36.28047490119934, 38.04331398010254, 36.92630624771118,]
