best-result = 30.38287091255188
warmup-time = 31.26900315284729
all-measurements = [ 32.41529631614685, 31.08731746673584, 30.38287091255188,]
