best-result = 258.6244902610779
warmup-time = 264.8963508605957
all-measurements = [ 258.6244902610779, 261.3150200843811, 260.1936492919922,]
