best-result = 35.78125214576721
warmup-time = 38.64655900001526
all-measurements = [ 37.57594442367554, 35.78125214576721, 35.83796405792236,]
