best-result = 112.48184323310852
warmup-time = 115.53772115707397
all-measurements = [ 112.48184323310852, 112.92481708526611, 114.28748774528503,]
