best-result = 34.58335995674133
warmup-time = 36.484583377838135
all-measurements = [ 35.306784868240356, 34.58335995674133, 36.12838625907898,]
