best-result = 40.49919152259827
warmup-time = 42.46767497062683
all-measurements = [ 41.20726442337036, 40.88480567932129, 40.49919152259827,]
