best-result = 47.02843761444092
warmup-time = 47.697572231292725
all-measurements = [ 47.97698712348938, 49.2567195892334, 47.02843761444092,]
