best-result = 33.49222421646118
warmup-time = 31.50485348701477
all-measurements = [ 34.4391565322876, 34.15796184539795, 33.49222421646118,]
