best-result = 37.209089279174805
warmup-time = 37.766542196273804
all-measurements = [ 37.80538249015808, 37.711020708084106, 37.209089279174805,]
