best-result = 60.799328327178955
warmup-time = 60.94204902648926
all-measurements = [ 62.21765947341919, 64.67835474014282, 60.799328327178955,]
