best-result = 221.1416313648224
warmup-time = 223.78952407836914
all-measurements = [ 224.06333112716675, 221.1416313648224, 222.6805703639984,]
