best-result = 513.6300921440125
warmup-time = 518.830598115921
all-measurements = [ 517.1364054679871, 513.6300921440125, 537.7623066902161,]
