best-result = 34.47693991661072
warmup-time = 38.200233459472656
all-measurements = [ 38.20490479469299, 34.47693991661072, 37.371668577194214,]
