best-result = 28.89630389213562
warmup-time = 29.198117971420288
all-measurements = [ 28.89630389213562, 28.95505928993225, 29.337109327316284,]
