best-result = 71.89345788955688
warmup-time = 74.43228363990784
all-measurements = [ 71.89345788955688, 80.50688695907593, 73.17718148231506,]
