best-result = 60.67804193496704
warmup-time = 63.594205141067505
all-measurements = [ 62.88958430290222, 60.67804193496704, 61.151695013046265,]
