best-result = 28.175204753875732
warmup-time = 27.600987434387207
all-measurements = [ 28.47002410888672, 28.175204753875732, 28.99148201942444,]
