best-result = 35.28737235069275
warmup-time = 35.596715211868286
all-measurements = [ 35.51500630378723, 35.28737235069275, 35.4624400138855,]
