best-result = 33.359214782714844
warmup-time = 33.70195817947388
all-measurements = [ 33.87532138824463, 33.359214782714844, 33.83679962158203,]
