best-result = 42.04593086242676
warmup-time = 41.40767812728882
all-measurements = [ 43.2364227771759, 42.41129922866821, 42.04593086242676,]
