best-result = 95.54464721679688
warmup-time = 95.49703407287598
all-measurements = [ 95.54464721679688, 98.84884452819824, 96.3189058303833,]
