best-result = 27.501808404922485
warmup-time = 28.39085030555725
all-measurements = [ 28.909889221191406, 27.636338710784912, 27.501808404922485,]
