best-result = 35.37351727485657
warmup-time = 35.1569390296936
all-measurements = [ 35.37351727485657, 35.99891424179077, 35.67191028594971,]
