best-result = 86.95958590507507
warmup-time = 94.81928992271423
all-measurements = [ 88.1755120754242, 86.95958590507507, 90.2982771396637,]
