best-result = 37.124115228652954
warmup-time = 39.00517201423645
all-measurements = [ 39.60010766983032, 38.543068408966064, 37.124115228652954,]
