best-result = 44.26223945617676
warmup-time = 45.39289450645447
all-measurements = [ 46.805460691452026, 44.33370661735535, 44.26223945617676,]
