best-result = 49.86144256591797
warmup-time = 51.52859139442444
all-measurements = [ 50.24404430389404, 49.86144256591797, 50.251996755599976,]
