best-result = 29.031415700912476
warmup-time = 27.854621648788452
all-measurements = [ 29.031415700912476, 29.080953121185303, 29.363834857940674,]
