best-result = 639.8532066345215
warmup-time = 704.157794713974
all-measurements = [ 645.4243497848511, 639.8532066345215, 649.9300796985626,]
