best-result = 167.6453197002411
warmup-time = 167.3791103363037
all-measurements = [ 170.01055431365967, 171.14041137695312, 167.6453197002411,]
