best-result = 68.24560785293579
warmup-time = 67.47314882278442
all-measurements = [ 68.36599707603455, 68.24560785293579, 69.06825995445251,]
