best-result = 22.279125690460205
warmup-time = 22.794377088546753
all-measurements = [ 22.704898834228516, 22.940187215805054, 22.279125690460205,]
