best-result = 47.55921745300293
warmup-time = 66.02181124687195
all-measurements = [ 47.78142046928406, 47.706946849823, 47.55921745300293,]
