best-result = 47.27332663536072
warmup-time = 60.942225217819214
all-measurements = [ 47.27332663536072, 47.357890367507935, 47.75630736351013,]
