best-result = 994.6686277389526
warmup-time = 1207.6685988903046
all-measurements = [ 994.6686277389526, 995.4942166805267, 1010.4767172336578,]
