best-result = 82.79889249801636
warmup-time = 97.81801676750183
all-measurements = [ 82.79889249801636, 83.22225260734558, 83.51746773719788,]
