best-result = 78.58522343635559
warmup-time = 103.5751633644104
all-measurements = [ 78.58522343635559, 78.64935064315796, 79.43514943122864,]
