best-result = 69.52504324913025
warmup-time = 93.8239221572876
all-measurements = [ 69.52504324913025, 71.46352076530457, 69.81097102165222,]
