best-result = 85.49478268623352
warmup-time = 101.96444416046143
all-measurements = [ 85.81087875366211, 86.44655776023865, 85.49478268623352,]
