best-result = 603.2208437919617
warmup-time = 616.5215122699738
all-measurements = [ 625.807532787323, 606.1445579528809, 603.2208437919617,]
