best-result = 63.69815635681152
warmup-time = 82.61234450340271
all-measurements = [ 63.74835157394409, 64.04988431930542, 63.69815635681152,]
