best-result = 233.62357807159424
warmup-time = 415.46055126190186
all-measurements = [ 233.8623595237732, 233.62357807159424, 233.89297795295715,]
