best-result = 442.7494213581085
warmup-time = 956.402586221695
all-measurements = [ 444.41072845458984, 451.05573987960815, 442.7494213581085,]
