best-result = 60.272846698760986
warmup-time = 79.50423836708069
all-measurements = [ 61.4904363155365, 61.18943428993225, 60.272846698760986,]
