best-result = 879.9364552497864
warmup-time = 923.9168388843536
all-measurements = [ 884.4034516811371, 886.3445048332214, 879.9364552497864,]
