best-result = 27.634994506835938
warmup-time = 36.448588371276855
all-measurements = [ 27.7660813331604, 27.634994506835938, 27.76874589920044,]
