best-result = 59.852184534072876
warmup-time = 74.4771819114685
all-measurements = [ 59.852184534072876, 61.119035720825195, 60.039188385009766,]
