best-result = 57.05216121673584
warmup-time = 70.78764224052429
all-measurements = [ 57.05216121673584, 57.27523684501648, 57.31741452217102,]
