best-result = 110.40795564651489
warmup-time = 140.18438982963562
all-measurements = [ 111.27981495857239, 110.40795564651489, 110.76833057403564,]
