best-result = 777.3539927005768
warmup-time = 863.5162937641144
all-measurements = [ 782.5826489925385, 777.3539927005768, 777.7388279438019,]
