best-result = 34.24748468399048
warmup-time = 41.160175800323486
all-measurements = [ 35.02327108383179, 34.24748468399048, 34.872339487075806,]
