best-result = 53.56350779533386
warmup-time = 70.87181234359741
all-measurements = [ 53.56350779533386, 55.06212043762207, 53.91324782371521,]
