best-result = 50.445852279663086
warmup-time = 70.93220376968384
all-measurements = [ 50.445852279663086, 50.50453758239746, 50.48039364814758,]
