best-result = 79.6173050403595
warmup-time = 99.5606062412262
all-measurements = [ 79.6173050403595, 80.42703485488892, 79.76321268081665,]
