best-result = 36.367971897125244
warmup-time = 45.712634325027466
all-measurements = [ 36.367971897125244, 36.374547719955444, 36.38190221786499,]
