best-result = 351.7219383716583
warmup-time = 507.54406094551086
all-measurements = [ 351.7219383716583, 369.6347703933716, 361.883980512619,]
