best-result = 103.80458045005798
warmup-time = 105.27263879776001
all-measurements = [ 103.80458045005798, 104.16882038116455, 104.88447117805481,]
