best-result = 25.88401174545288
warmup-time = 25.966001749038696
all-measurements = [ 26.036783933639526, 25.88401174545288, 26.14119267463684,]
