best-result = 38.5797553062439
warmup-time = 39.56130337715149
all-measurements = [ 39.044230222702026, 38.5797553062439, 39.1143901348114,]
