best-result = 30.555039644241333
warmup-time = 30.843279361724854
all-measurements = [ 31.894230127334595, 31.404589414596558, 30.555039644241333,]
