best-result = 253.51819276809692
warmup-time = 263.590562582016
all-measurements = [ 261.09991931915283, 257.8204483985901, 253.51819276809692,]
