best-result = 35.482093334198
warmup-time = 37.0553925037384
all-measurements = [ 37.049163579940796, 35.482093334198, 35.770588397979736,]
