best-result = 118.13241982460022
warmup-time = 119.6485767364502
all-measurements = [ 118.13241982460022, 118.48300909996033, 119.26053977012634,]
