best-result = 38.88367223739624
warmup-time = 40.182446241378784
all-measurements = [ 41.379095792770386, 38.88367223739624, 40.90708374977112,]
