best-result = 47.16920471191406
warmup-time = 48.55348324775696
all-measurements = [ 49.58981442451477, 47.91238975524902, 47.16920471191406,]
