best-result = 32.6989963054657
warmup-time = 34.500760316848755
all-measurements = [ 32.6989963054657, 34.518115758895874, 33.70368432998657,]
