best-result = 37.65071892738342
warmup-time = 44.745638847351074
all-measurements = [ 41.39554810523987, 38.31395411491394, 37.65071892738342,]
