best-result = 57.478604555130005
warmup-time = 64.59869980812073
all-measurements = [ 64.05914640426636, 57.478604555130005, 63.14443802833557,]
