best-result = 227.32116723060608
warmup-time = 233.6147894859314
all-measurements = [ 227.32116723060608, 230.63118648529053, 230.52103734016418,]
