best-result = 512.7337262630463
warmup-time = 523.0366508960724
all-measurements = [ 520.2910580635071, 512.7337262630463, 515.3622937202454,]
