best-result = 37.01833248138428
warmup-time = 36.67569041252136
all-measurements = [ 38.38951277732849, 37.01833248138428, 38.46332383155823,]
