best-result = 28.861823558807373
warmup-time = 29.436325788497925
all-measurements = [ 28.96021866798401, 28.861823558807373, 29.10225772857666,]
