best-result = 78.96346044540405
warmup-time = 83.2987642288208
all-measurements = [ 84.16133499145508, 78.96346044540405, 79.60937213897705,]
