best-result = 60.16123628616333
warmup-time = 63.9852511882782
all-measurements = [ 63.02261710166931, 60.16123628616333, 60.34147572517395,]
