best-result = 28.563733100891113
warmup-time = 29.527689218521118
all-measurements = [ 28.563733100891113, 30.53825616836548, 28.947354555130005,]
