best-result = 32.301631689071655
warmup-time = 35.48588180541992
all-measurements = [ 35.18472385406494, 32.301631689071655, 35.63362431526184,]
