best-result = 35.22447204589844
warmup-time = 36.85214877128601
all-measurements = [ 37.10120391845703, 36.39953565597534, 35.22447204589844,]
