best-result = 42.17615818977356
warmup-time = 44.074193239212036
all-measurements = [ 42.17615818977356, 42.804909229278564, 44.3724889755249,]
