best-result = 95.30237007141113
warmup-time = 97.90496754646301
all-measurements = [ 96.6259195804596, 95.30237007141113, 96.77006578445435,]
