best-result = 28.77270269393921
warmup-time = 28.349514484405518
all-measurements = [ 29.797085523605347, 30.347370862960815, 28.77270269393921,]
