best-result = 34.74233031272888
warmup-time = 36.73463988304138
all-measurements = [ 36.192455530166626, 34.74233031272888, 35.177125453948975,]
