best-result = 91.3503634929657
warmup-time = 87.26785469055176
all-measurements = [ 91.60491633415222, 91.3503634929657, 96.33065509796143,]
