best-result = 39.10544419288635
warmup-time = 39.08214807510376
all-measurements = [ 39.48774552345276, 39.10544419288635, 40.0143518447876,]
