best-result = 43.96207356452942
warmup-time = 42.889036893844604
all-measurements = [ 45.01871848106384, 43.96207356452942, 45.61713743209839,]
