best-result = 27.82709836959839
warmup-time = 27.94702959060669
all-measurements = [ 27.82709836959839, 29.035322904586792, 28.811041831970215,]
