best-result = 663.2433841228485
warmup-time = 709.219732761383
all-measurements = [ 663.2433841228485, 666.5922644138336, 673.3340411186218,]
