best-result = 172.68285942077637
warmup-time = 177.84288573265076
all-measurements = [ 173.15679049491882, 172.68285942077637, 177.647221326828,]
