best-result = 58.241170167922974
warmup-time = 66.7705807685852
all-measurements = [ 60.56716179847717, 58.241170167922974, 68.2454891204834,]
