best-result = 25.46393346786499
warmup-time = 25.9227237701416
all-measurements = [ 26.168429136276245, 25.46393346786499, 25.821670532226562,]
