best-result = 36.41605997085571
warmup-time = 38.1677827835083
all-measurements = [ 37.814627170562744, 36.51948690414429, 36.41605997085571,]
