best-result = 30.3597993850708
warmup-time = 32.37977862358093
all-measurements = [ 30.78636908531189, 31.050330638885498, 30.3597993850708,]
