best-result = 265.34352445602417
warmup-time = 266.85765528678894
all-measurements = [ 271.62912106513977, 265.34352445602417, 266.82598090171814,]
