best-result = 36.4300320148468
warmup-time = 37.40049433708191
all-measurements = [ 36.4300320148468, 37.26709747314453, 37.69787645339966,]
