best-result = 114.06998038291931
warmup-time = 115.34257125854492
all-measurements = [ 115.08088636398315, 117.04359674453735, 114.06998038291931,]
