best-result = 39.804582357406616
warmup-time = 40.0050094127655
all-measurements = [ 39.804582357406616, 40.45984959602356, 41.73472332954407,]
