best-result = 49.44619297981262
warmup-time = 49.47893142700195
all-measurements = [ 50.750895977020264, 49.44619297981262, 50.27733111381531,]
