best-result = 33.03266787528992
warmup-time = 33.872950315475464
all-measurements = [ 34.24604368209839, 33.03266787528992, 34.47774147987366,]
