best-result = 62.88760256767273
warmup-time = 64.3604564666748
all-measurements = [ 62.88760256767273, 65.32061886787415, 63.35686898231506,]
