best-result = 226.07966351509094
warmup-time = 227.7802426815033
all-measurements = [ 226.07966351509094, 229.03082752227783, 231.86552715301514,]
