best-result = 522.7502148151398
warmup-time = 527.533536195755
all-measurements = [ 523.0472071170807, 524.0192770957947, 522.7502148151398,]
