best-result = 35.6878719329834
warmup-time = 35.201417446136475
all-measurements = [ 36.92806029319763, 35.6878719329834, 38.315234422683716,]
