best-result = 28.77319598197937
warmup-time = 29.052147150039673
all-measurements = [ 28.80350136756897, 28.914756774902344, 28.77319598197937,]
