best-result = 76.9132137298584
warmup-time = 76.86636543273926
all-measurements = [ 79.06433844566345, 76.9132137298584, 78.01669120788574,]
