best-result = 61.172558546066284
warmup-time = 61.78387475013733
all-measurements = [ 61.172558546066284, 62.959999561309814, 64.37300944328308,]
