best-result = 27.76340675354004
warmup-time = 27.583954095840454
all-measurements = [ 28.078315019607544, 27.90219521522522, 27.76340675354004,]
