best-result = 34.975775718688965
warmup-time = 35.841577768325806
all-measurements = [ 34.975775718688965, 35.26237988471985, 35.399633169174194,]
