best-result = 34.291534185409546
warmup-time = 33.64539957046509
all-measurements = [ 34.291534185409546, 35.196209192276, 34.41884636878967,]
