best-result = 42.25388979911804
warmup-time = 43.22000026702881
all-measurements = [ 42.479158878326416, 42.25783157348633, 42.25388979911804,]
