best-result = 94.65856695175171
warmup-time = 97.44994759559631
all-measurements = [ 94.65856695175171, 95.80817723274231, 96.14133405685425,]
