best-result = 27.41250252723694
warmup-time = 29.015952587127686
all-measurements = [ 27.579038619995117, 27.512430667877197, 27.41250252723694,]
