best-result = 34.482539892196655
warmup-time = 35.05389356613159
all-measurements = [ 35.39470386505127, 34.482539892196655, 34.72174382209778,]
