best-result = 89.16637516021729
warmup-time = 88.05210161209106
all-measurements = [ 98.7089102268219, 90.64378070831299, 89.16637516021729,]
