best-result = 37.5468852519989
warmup-time = 39.369601249694824
all-measurements = [ 38.4678258895874, 38.78614139556885, 37.5468852519989,]
