best-result = 43.8968026638031
warmup-time = 44.89710760116577
all-measurements = [ 43.8968026638031, 45.34153962135315, 44.3399224281311,]
