best-result = 28.491698741912842
warmup-time = 29.048606872558594
all-measurements = [ 28.721932888031006, 28.6918728351593, 28.491698741912842,]
