best-result = 693.3246369361877
warmup-time = 731.6264278888702
all-measurements = [ 697.0717377662659, 701.064001083374, 693.3246369361877,]
