best-result = 172.5311975479126
warmup-time = 178.29943180084229
all-measurements = [ 172.5311975479126, 173.90498447418213, 173.8564329147339,]
