best-result = 52.612661600112915
warmup-time = 68.32625699043274
all-measurements = [ 70.26279044151306, 52.612661600112915, 69.57820296287537,]
