best-result = 22.803386449813843
warmup-time = 22.92768669128418
all-measurements = [ 23.186190366744995, 22.803386449813843, 23.02248501777649,]
