best-result = 46.85101509094238
warmup-time = 61.579856395721436
all-measurements = [ 46.991705894470215, 47.19173979759216, 46.85101509094238,]
