best-result = 46.121532678604126
warmup-time = 58.20162510871887
all-measurements = [ 46.121532678604126, 46.36809420585632, 46.45277214050293,]
