best-result = 893.8937237262726
warmup-time = 1111.8593018054962
all-measurements = [ 912.5683579444885, 893.8937237262726, 897.2469537258148,]
