best-result = 84.69389820098877
warmup-time = 101.97927045822144
all-measurements = [ 85.11582779884338, 84.69389820098877, 85.08403301239014,]
