best-result = 982.3461918830872
warmup-time = 1007.3117754459381
all-measurements = [ 982.7937712669373, 984.0870747566223, 982.3461918830872,]
