best-result = 81.8140709400177
warmup-time = 104.15712904930115
all-measurements = [ 82.23679614067078, 81.8140709400177, 81.97756171226501,]
