best-result = 66.70878529548645
warmup-time = 87.98216032981873
all-measurements = [ 66.70878529548645, 67.14450693130493, 67.30142426490784,]
