best-result = 91.07134318351746
warmup-time = 106.45917344093323
all-measurements = [ 91.49054169654846, 91.27411460876465, 91.07134318351746,]
