best-result = 642.1883473396301
warmup-time = 657.0128383636475
all-measurements = [ 642.1883473396301, 648.9422340393066, 645.4684751033783,]
