best-result = 61.20998787879944
warmup-time = 72.5536196231842
all-measurements = [ 61.20998787879944, 62.032289028167725, 61.21125245094299,]
