best-result = 204.88017058372498
warmup-time = 356.7380380630493
all-measurements = [ 205.77923822402954, 204.88017058372498, 206.3196759223938,]
