best-result = 421.9596276283264
warmup-time = 858.0835609436035
all-measurements = [ 423.02850437164307, 425.7925748825073, 421.9596276283264,]
