best-result = 61.77266979217529
warmup-time = 78.67212224006653
all-measurements = [ 61.77266979217529, 61.8291175365448, 62.149760723114014,]
