best-result = 39.76607847213745
warmup-time = 48.71656680107117
all-measurements = [ 39.76607847213745, 40.10524916648865, 40.42308306694031,]
