best-result = 134.6811330318451
warmup-time = 163.13291883468628
all-measurements = [ 135.00170373916626, 135.24906301498413, 134.6811330318451,]
