best-result = 901.5797748565674
warmup-time = 945.291745185852
all-measurements = [ 909.9786763191223, 902.2944183349609, 901.5797748565674,]
