best-result = 27.703367948532104
warmup-time = 35.822168588638306
all-measurements = [ 27.703367948532104, 28.022637367248535, 27.756285190582275,]
