best-result = 56.85606861114502
warmup-time = 69.97394824028015
all-measurements = [ 56.85606861114502, 57.51255130767822, 56.92440223693848,]
