best-result = 58.85698175430298
warmup-time = 74.17341494560242
all-measurements = [ 59.85322308540344, 58.85698175430298, 59.09147262573242,]
