best-result = 108.85692644119263
warmup-time = 136.58432269096375
all-measurements = [ 109.9401204586029, 108.85692644119263, 109.63064241409302,]
