best-result = 772.1886637210846
warmup-time = 839.2956743240356
all-measurements = [ 773.8260381221771, 772.6733436584473, 772.1886637210846,]
