best-result = 33.76701784133911
warmup-time = 43.06281042098999
all-measurements = [ 33.76701784133911, 33.9805634021759, 34.515451192855835,]
