best-result = 55.07362723350525
warmup-time = 69.43784666061401
all-measurements = [ 55.38188719749451, 55.13357710838318, 55.07362723350525,]
