best-result = 2020.7250800132751
warmup-time = 1920.9297921657562
all-measurements = [ 2614.7812373638153, 2403.7510738372803, 2020.7250800132751,]
