best-result = 47.59542632102966
warmup-time = 68.29802417755127
all-measurements = [ 48.14153218269348, 48.19505167007446, 47.59542632102966,]
