best-result = 77.49966859817505
warmup-time = 98.59776616096497
all-measurements = [ 77.49966859817505, 78.55802774429321, 77.868891954422,]
