best-result = 36.53397488594055
warmup-time = 46.68067026138306
all-measurements = [ 36.53397488594055, 37.13997435569763, 37.28317832946777,]
