best-result = 337.59518098831177
warmup-time = 477.57558155059814
all-measurements = [ 341.86237621307373, 347.4520823955536, 337.59518098831177,]
