best-result = 58.49578332901001
warmup-time = 59.97468376159668
all-measurements = [ 58.49578332901001, 58.92737817764282, 58.91560387611389,]
