best-result = 25.305140495300293
warmup-time = 26.150412797927856
all-measurements = [ 25.305140495300293, 25.369014978408813, 25.563973665237427,]
