best-result = 35.87346434593201
warmup-time = 37.203919410705566
all-measurements = [ 35.90279483795166, 35.87346434593201, 36.24657964706421,]
