best-result = 30.71965980529785
warmup-time = 31.1561381816864
all-measurements = [ 31.664873838424683, 30.71965980529785, 31.480743408203125,]
