best-result = 262.8984410762787
warmup-time = 268.140070438385
all-measurements = [ 262.8984410762787, 264.6047008037567, 265.888507604599,]
