best-result = 36.639190435409546
warmup-time = 35.23637938499451
all-measurements = [ 36.9642448425293, 36.639190435409546, 37.302314043045044,]
