best-result = 40.215179443359375
warmup-time = 42.27348756790161
all-measurements = [ 42.647769927978516, 40.887540340423584, 40.215179443359375,]
