best-result = 48.718207359313965
warmup-time = 51.40982985496521
all-measurements = [ 50.07011389732361, 48.718207359313965, 49.816386699676514,]
