best-result = 31.697529554367065
warmup-time = 34.03467535972595
all-measurements = [ 34.582995653152466, 34.28973984718323, 31.697529554367065,]
