best-result = 35.204315423965454
warmup-time = 37.79051351547241
all-measurements = [ 36.2463173866272, 35.204315423965454, 37.11972975730896,]
