best-result = 61.02527904510498
warmup-time = 64.50326347351074
all-measurements = [ 61.02527904510498, 62.2411904335022, 63.32415461540222,]
