best-result = 224.98348426818848
warmup-time = 230.61646676063538
all-measurements = [ 228.78995299339294, 226.7237298488617, 224.98348426818848,]
