best-result = 518.7311930656433
warmup-time = 525.9179906845093
all-measurements = [ 523.1691303253174, 522.1558187007904, 518.7311930656433,]
