best-result = 35.742647647857666
warmup-time = 37.577338218688965
all-measurements = [ 35.742647647857666, 37.08969974517822, 37.431236743927,]
