best-result = 28.15212607383728
warmup-time = 28.363104104995728
all-measurements = [ 28.46588969230652, 28.15212607383728, 29.072880506515503,]
