best-result = 73.73615431785583
warmup-time = 78.22506499290466
all-measurements = [ 80.57243037223816, 81.23437404632568, 73.73615431785583,]
