best-result = 62.02443766593933
warmup-time = 64.11064195632935
all-measurements = [ 63.19116449356079, 62.1893355846405, 62.02443766593933,]
