best-result = 26.74879765510559
warmup-time = 28.79530382156372
all-measurements = [ 26.74879765510559, 28.458877325057983, 28.619091749191284,]
