best-result = 34.77970314025879
warmup-time = 35.532408237457275
all-measurements = [ 34.77970314025879, 35.47776746749878, 35.339762449264526,]
