best-result = 33.00668907165527
warmup-time = 34.102417945861816
all-measurements = [ 33.27259111404419, 33.00668907165527, 33.75764560699463,]
