best-result = 42.54083776473999
warmup-time = 42.81024646759033
all-measurements = [ 43.332722425460815, 43.877888441085815, 42.54083776473999,]
