best-result = 94.37135410308838
warmup-time = 99.04550075531006
all-measurements = [ 99.28842759132385, 96.04927277565002, 94.37135410308838,]
