best-result = 28.60377264022827
warmup-time = 28.97110342979431
all-measurements = [ 29.26664638519287, 28.60377264022827, 28.77222180366516,]
