best-result = 34.28303861618042
warmup-time = 34.3989942073822
all-measurements = [ 36.399982213974, 34.28303861618042, 34.69493770599365,]
