best-result = 89.13816857337952
warmup-time = 97.79311752319336
all-measurements = [ 94.81695675849915, 89.13816857337952, 91.31139945983887,]
