best-result = 38.51201105117798
warmup-time = 37.89610481262207
all-measurements = [ 38.51201105117798, 40.009748220443726, 39.82341694831848,]
