best-result = 43.77165079116821
warmup-time = 45.40745568275452
all-measurements = [ 43.77165079116821, 45.00139045715332, 44.515867471694946,]
