best-result = 27.95954155921936
warmup-time = 28.553887605667114
all-measurements = [ 28.203389644622803, 27.95954155921936, 28.535176753997803,]
