best-result = 691.8427591323853
warmup-time = 721.1849849224091
all-measurements = [ 691.8427591323853, 693.7011392116547, 697.9763958454132,]
