best-result = 171.5614881515503
warmup-time = 173.73454689979553
all-measurements = [ 171.5614881515503, 171.977956533432, 173.01588249206543,]
