best-result = 66.8064022064209
warmup-time = 66.78324055671692
all-measurements = [ 69.53011083602905, 67.10605144500732, 66.8064022064209,]
