best-result = 23.25178861618042
warmup-time = 23.597044229507446
all-measurements = [ 23.634584426879883, 23.291439056396484, 23.25178861618042,]
