best-result = 47.05750846862793
warmup-time = 60.87228202819824
all-measurements = [ 47.32089138031006, 48.01395320892334, 47.05750846862793,]
