best-result = 46.771021604537964
warmup-time = 58.51683831214905
all-measurements = [ 46.89847183227539, 46.771021604537964, 47.254119634628296,]
