best-result = 898.9585559368134
warmup-time = 1110.7173886299133
all-measurements = [ 920.5164275169373, 898.9585559368134, 903.9494881629944,]
