best-result = 86.75049662590027
warmup-time = 99.26086044311523
all-measurements = [ 86.75049662590027, 89.20977735519409, 86.84324645996094,]
