best-result = 988.868245601654
warmup-time = 1024.750515460968
all-measurements = [ 990.7526218891144, 988.868245601654, 992.8347814083099,]
