best-result = 84.73814582824707
warmup-time = 104.21595239639282
all-measurements = [ 84.73814582824707, 85.22566819190979, 85.60625457763672,]
