best-result = 68.38247084617615
warmup-time = 88.72066807746887
all-measurements = [ 68.38247084617615, 68.58349084854126, 69.23921036720276,]
