best-result = 91.85630774497986
warmup-time = 104.56251239776611
all-measurements = [ 92.88198041915894, 92.1943895816803, 91.85630774497986,]
