best-result = 651.2952423095703
warmup-time = 667.6332316398621
all-measurements = [ 652.0928225517273, 652.7443337440491, 651.2952423095703,]
