best-result = 62.885108947753906
warmup-time = 75.90076279640198
all-measurements = [ 63.60694766044617, 63.266114473342896, 62.885108947753906,]
