best-result = 203.19523096084595
warmup-time = 357.8735601902008
all-measurements = [ 203.9463791847229, 204.14394688606262, 203.19523096084595,]
