best-result = 387.23660945892334
warmup-time = 823.4453411102295
all-measurements = [ 388.22872281074524, 387.23660945892334, 387.721962928772,]
