best-result = 63.80922484397888
warmup-time = 79.75028920173645
all-measurements = [ 64.5266501903534, 63.80922484397888, 63.92576837539673,]
