best-result = 40.46389317512512
warmup-time = 48.300567865371704
all-measurements = [ 40.684332609176636, 40.90262246131897, 40.46389317512512,]
