best-result = 135.15279912948608
warmup-time = 165.48138570785522
all-measurements = [ 136.00519394874573, 135.9237298965454, 135.15279912948608,]
