best-result = 933.0539255142212
warmup-time = 986.7727956771851
all-measurements = [ 939.4007496833801, 938.6717214584351, 933.0539255142212,]
