best-result = 28.032614707946777
warmup-time = 37.30237817764282
all-measurements = [ 28.305195569992065, 28.032614707946777, 28.04858112335205,]
