best-result = 58.38816690444946
warmup-time = 70.45219945907593
all-measurements = [ 58.43827033042908, 58.40462255477905, 58.38816690444946,]
