best-result = 60.48248243331909
warmup-time = 73.75611758232117
all-measurements = [ 60.8566255569458, 60.48248243331909, 60.79687571525574,]
