best-result = 110.12800431251526
warmup-time = 138.58603858947754
all-measurements = [ 110.30317902565002, 110.12800431251526, 110.57295966148376,]
