best-result = 775.4621176719666
warmup-time = 844.3383543491364
all-measurements = [ 775.4621176719666, 775.5264050960541, 776.1523764133453,]
