best-result = 34.29759383201599
warmup-time = 43.26393485069275
all-measurements = [ 34.335856914520264, 34.43407654762268, 34.29759383201599,]
