best-result = 55.93540978431702
warmup-time = 70.4966311454773
all-measurements = [ 55.97348713874817, 55.93540978431702, 56.08533811569214,]
