best-result = 1308.4676082134247
warmup-time = 1373.3276479244232
all-measurements = [ 1941.517365694046, 1308.4676082134247, 1925.197892665863,]
