best-result = 49.06572890281677
warmup-time = 69.02919340133667
all-measurements = [ 49.39032173156738, 49.06572890281677, 49.11572241783142,]
