best-result = 83.20927286148071
warmup-time = 101.80562853813171
all-measurements = [ 83.35407900810242, 83.5872278213501, 83.20927286148071,]
