best-result = 38.49835157394409
warmup-time = 47.34582328796387
all-measurements = [ 38.49835157394409, 38.72321391105652, 38.77351999282837,]
