best-result = 333.2803978919983
warmup-time = 472.9957890510559
all-measurements = [ 333.2803978919983, 335.63822650909424, 337.1208162307739,]
