best-result = 59.25578689575195
warmup-time = 60.604769706726074
all-measurements = [ 59.41252398490906, 59.64886212348938, 59.25578689575195,]
