best-result = 23.170340061187744
warmup-time = 23.875327825546265
all-measurements = [ 23.262218475341797, 23.170340061187744, 23.268709421157837,]
