best-result = 46.68123435974121
warmup-time = 63.42489695549011
all-measurements = [ 47.00312256813049, 47.24597716331482, 46.68123435974121,]
