best-result = 46.20060062408447
warmup-time = 58.86204123497009
all-measurements = [ 47.00640106201172, 46.20060062408447, 47.1011860370636,]
