best-result = 897.2061512470245
warmup-time = 1110.909436225891
all-measurements = [ 898.397554397583, 897.2061512470245, 899.4485423564911,]
