best-result = 85.749831199646
warmup-time = 99.19877362251282
all-measurements = [ 86.06510949134827, 85.749831199646, 86.26851296424866,]
