best-result = 984.4806385040283
warmup-time = 1018.796365737915
all-measurements = [ 984.4806385040283, 987.7139239311218, 988.6513562202454,]
