best-result = 82.75056481361389
warmup-time = 103.73568034172058
all-measurements = [ 82.75056481361389, 83.48902320861816, 83.33119869232178,]
