best-result = 68.16447281837463
warmup-time = 87.16021776199341
all-measurements = [ 68.73487973213196, 68.45298838615417, 68.16447281837463,]
