best-result = 92.41010618209839
warmup-time = 106.66184759140015
all-measurements = [ 93.01408386230469, 92.74131083488464, 92.41010618209839,]
