best-result = 647.6278667449951
warmup-time = 663.7014048099518
all-measurements = [ 647.6278667449951, 648.8418126106262, 650.4840531349182,]
