best-result = 61.99076724052429
warmup-time = 74.46313333511353
all-measurements = [ 62.89747667312622, 62.49004530906677, 61.99076724052429,]
