best-result = 206.4057376384735
warmup-time = 360.50288558006287
all-measurements = [ 206.4057376384735, 208.5327491760254, 209.43588280677795,]
