best-result = 423.7757043838501
warmup-time = 867.3703792095184
all-measurements = [ 430.53452801704407, 428.6975235939026, 423.7757043838501,]
