best-result = 62.507739305496216
warmup-time = 78.50184369087219
all-measurements = [ 62.507739305496216, 63.95845890045166, 63.66079926490784,]
