best-result = 40.47547626495361
warmup-time = 48.661749601364136
all-measurements = [ 40.47547626495361, 41.309675455093384, 40.836987257003784,]
