best-result = 135.51413488388062
warmup-time = 159.24001598358154
all-measurements = [ 135.94700956344604, 136.39336276054382, 135.51413488388062,]
