best-result = 910.4531800746918
warmup-time = 951.3392648696899
all-measurements = [ 910.4531800746918, 912.8048062324524, 958.2712337970734,]
