best-result = 27.860724925994873
warmup-time = 36.060288429260254
all-measurements = [ 28.12028431892395, 27.860724925994873, 28.13940978050232,]
