best-result = 57.39057445526123
warmup-time = 69.9608781337738
all-measurements = [ 57.71896529197693, 57.732755184173584, 57.39057445526123,]
