best-result = 60.66207003593445
warmup-time = 75.03191232681274
all-measurements = [ 60.89818286895752, 60.684024810791016, 60.66207003593445,]
