best-result = 109.21651458740234
warmup-time = 135.76655292510986
all-measurements = [ 109.84865975379944, 110.31803369522095, 109.21651458740234,]
