best-result = 780.3470234870911
warmup-time = 853.0080330371857
all-measurements = [ 780.5129301548004, 780.3470234870911, 810.1935977935791,]
