best-result = 34.10886335372925
warmup-time = 43.216148376464844
all-measurements = [ 34.180795431137085, 34.3977472782135, 34.10886335372925,]
