best-result = 55.933608293533325
warmup-time = 71.7307755947113
all-measurements = [ 55.933608293533325, 56.384886503219604, 56.504992961883545,]
