best-result = 1880.8579666614532
warmup-time = 1735.0240354537964
all-measurements = [ 2325.889936208725, 1880.8579666614532, 2531.3546664714813,]
