best-result = 48.498000621795654
warmup-time = 69.45393013954163
all-measurements = [ 48.498000621795654, 48.57461452484131, 48.72465133666992,]
