best-result = 81.10103034973145
warmup-time = 100.89374089241028
all-measurements = [ 82.3219404220581, 81.10103034973145, 81.81345224380493,]
