best-result = 37.008084774017334
warmup-time = 45.62743902206421
all-measurements = [ 37.008084774017334, 37.77588367462158, 37.95791578292847,]
