best-result = 333.56384325027466
warmup-time = 488.5513644218445
all-measurements = [ 338.60831928253174, 335.8696780204773, 333.56384325027466,]
