best-result = 58.69751334190369
warmup-time = 59.75478219985962
all-measurements = [ 58.69751334190369, 59.1399130821228, 58.755274057388306,]
