best-result = 21.53263783454895
warmup-time = 21.860439777374268
all-measurements = [ 21.53263783454895, 21.687108516693115, 21.71705174446106,]
