best-result = 46.75611186027527
warmup-time = 64.83115291595459
all-measurements = [ 46.8389995098114, 46.82915425300598, 46.75611186027527,]
