best-result = 46.479493379592896
warmup-time = 58.984295129776
all-measurements = [ 46.70447587966919, 46.58922529220581, 46.479493379592896,]
