best-result = 986.1371188163757
warmup-time = 1203.7859711647034
all-measurements = [ 993.3202006816864, 986.1371188163757, 988.8135099411011,]
