best-result = 81.98667097091675
warmup-time = 95.2785096168518
all-measurements = [ 82.17187190055847, 82.24178218841553, 81.98667097091675,]
