best-result = 77.34036159515381
warmup-time = 102.81988406181335
all-measurements = [ 78.19551753997803, 77.34036159515381, 78.03802013397217,]
