best-result = 68.48628544807434
warmup-time = 91.95224094390869
all-measurements = [ 69.45434737205505, 68.48628544807434, 69.3772783279419,]
