best-result = 83.36761212348938
warmup-time = 98.24260091781616
all-measurements = [ 83.36761212348938, 84.69972681999207, 84.38634967803955,]
