best-result = 593.760817527771
warmup-time = 610.9851570129395
all-measurements = [ 594.6034014225006, 598.3625149726868, 593.760817527771,]
