best-result = 62.13204503059387
warmup-time = 72.67124891281128
all-measurements = [ 62.13204503059387, 62.48907661437988, 62.94513726234436,]
