best-result = 232.870352268219
warmup-time = 412.03230476379395
all-measurements = [ 233.09498071670532, 234.16589331626892, 232.870352268219,]
