best-result = 439.4311456680298
warmup-time = 944.6652545928955
all-measurements = [ 439.4311456680298, 446.2273018360138, 444.98121905326843,]
