best-result = 59.832772970199585
warmup-time = 77.40315914154053
all-measurements = [ 59.832772970199585, 60.46124076843262, 60.744375467300415,]
