best-result = 867.955724477768
warmup-time = 902.9089224338531
all-measurements = [ 868.9788329601288, 867.955724477768, 870.8814816474915,]
