best-result = 26.664398670196533
warmup-time = 36.5500214099884
all-measurements = [ 27.36865782737732, 26.89305281639099, 26.664398670196533,]
