best-result = 58.30112290382385
warmup-time = 72.33138346672058
all-measurements = [ 58.566282510757446, 58.30112290382385, 58.57866024971008,]
