best-result = 55.49793028831482
warmup-time = 82.3709762096405
all-measurements = [ 57.77822470664978, 56.23037791252136, 55.49793028831482,]
