best-result = 109.08752036094666
warmup-time = 138.9140808582306
all-measurements = [ 109.86114597320557, 109.13137364387512, 109.08752036094666,]
