best-result = 773.3574385643005
warmup-time = 842.3511216640472
all-measurements = [ 773.3574385643005, 773.5666360855103, 775.2384202480316,]
