best-result = 33.45821690559387
warmup-time = 41.65686225891113
all-measurements = [ 34.07300639152527, 33.45821690559387, 33.8412811756134,]
