best-result = 52.790470123291016
warmup-time = 68.72162747383118
all-measurements = [ 52.790470123291016, 53.02291488647461, 53.121132135391235,]
