best-result = 49.08557677268982
warmup-time = 68.72384738922119
all-measurements = [ 50.280768156051636, 49.8112370967865, 49.08557677268982,]
