best-result = 79.02122330665588
warmup-time = 97.43165564537048
all-measurements = [ 79.17928957939148, 79.02122330665588, 79.12488198280334,]
