best-result = 35.55024075508118
warmup-time = 44.717103242874146
all-measurements = [ 35.78509974479675, 35.98693609237671, 35.55024075508118,]
