best-result = 349.5522027015686
warmup-time = 504.1398994922638
all-measurements = [ 351.9463086128235, 356.75824642181396, 349.5522027015686,]
