best-result = 102.98593854904175
warmup-time = 103.75908184051514
all-measurements = [ 102.98593854904175, 103.52797484397888, 104.06425738334656,]
