best-result = 24.67233920097351
warmup-time = 24.919925689697266
all-measurements = [ 24.685572624206543, 24.67233920097351, 24.779587984085083,]
