best-result = 35.99557900428772
warmup-time = 38.83681869506836
all-measurements = [ 37.046682357788086, 35.99557900428772, 37.169440031051636,]
