best-result = 30.600314378738403
warmup-time = 31.735615730285645
all-measurements = [ 32.54117965698242, 30.600314378738403, 31.411106824874878,]
