best-result = 273.02523398399353
warmup-time = 273.336496591568
all-measurements = [ 274.7245261669159, 277.07074189186096, 273.02523398399353,]
