best-result = 35.303019523620605
warmup-time = 36.29298138618469
all-measurements = [ 35.303019523620605, 35.68040370941162, 36.480703592300415,]
