best-result = 40.31403732299805
warmup-time = 42.53351902961731
all-measurements = [ 42.680779457092285, 40.707117557525635, 40.31403732299805,]
