best-result = 49.19890832901001
warmup-time = 50.58500385284424
all-measurements = [ 49.64896082878113, 49.19890832901001, 50.197460889816284,]
