best-result = 34.12413215637207
warmup-time = 35.19408059120178
all-measurements = [ 34.12413215637207, 34.164159536361694, 34.22464108467102,]
