best-result = 35.73444151878357
warmup-time = 36.70258831977844
all-measurements = [ 35.73444151878357, 36.0978786945343, 37.587960720062256,]
