best-result = 57.96578860282898
warmup-time = 60.651516914367676
all-measurements = [ 63.010842084884644, 57.96578860282898, 59.4847354888916,]
