best-result = 241.7247474193573
warmup-time = 241.07604336738586
all-measurements = [ 241.7247474193573, 243.52589058876038, 243.23670411109924,]
