best-result = 546.8423101902008
warmup-time = 547.4951949119568
all-measurements = [ 547.2471284866333, 546.8423101902008, 547.3779554367065,]
