best-result = 35.40484094619751
warmup-time = 35.41939735412598
all-measurements = [ 36.3567328453064, 35.40484094619751, 36.353922605514526,]
