best-result = 64.62262272834778
warmup-time = 65.19874811172485
all-measurements = [ 66.46795797348022, 65.36214208602905, 64.62262272834778,]
