best-result = 26.522916078567505
warmup-time = 28.45849609375
all-measurements = [ 26.83435297012329, 26.522916078567505, 26.749145030975342,]
