best-result = 35.93591642379761
warmup-time = 32.81092143058777
all-measurements = [ 35.93591642379761, 36.178252935409546, 36.36055779457092,]
