best-result = 32.186678886413574
warmup-time = 33.10366201400757
all-measurements = [ 33.61988115310669, 33.1276638507843, 32.186678886413574,]
