best-result = 41.1971321105957
warmup-time = 44.66887187957764
all-measurements = [ 41.9281165599823, 43.69265389442444, 41.1971321105957,]
