best-result = 99.21431708335876
warmup-time = 103.25211930274963
all-measurements = [ 100.9494514465332, 99.3573546409607, 99.21431708335876,]
