best-result = 27.10562491416931
warmup-time = 28.167196035385132
all-measurements = [ 28.081905841827393, 27.10562491416931, 27.683870792388916,]
