best-result = 32.43409276008606
warmup-time = 34.68170356750488
all-measurements = [ 32.43409276008606, 33.893925189971924, 33.327468395233154,]
