best-result = 39.739978075027466
warmup-time = 40.373929500579834
all-measurements = [ 40.07351899147034, 39.739978075027466, 40.00008845329285,]
