best-result = 42.35263013839722
warmup-time = 46.178141593933105
all-measurements = [ 42.35263013839722, 43.88522553443909, 44.72522711753845,]
