best-result = 26.43638801574707
warmup-time = 27.128586292266846
all-measurements = [ 26.854138612747192, 28.076810598373413, 26.43638801574707,]
