best-result = 696.2558062076569
warmup-time = 712.4866662025452
all-measurements = [ 702.3321495056152, 699.0735521316528, 696.2558062076569,]
