best-result = 180.12753295898438
warmup-time = 182.65029096603394
all-measurements = [ 180.12753295898438, 181.32986283302307, 181.3946077823639,]
