best-result = 42.28468608856201
warmup-time = 43.96820664405823
all-measurements = [ 43.80486989021301, 42.31161713600159, 42.28468608856201,]
