best-result = 25.531310081481934
warmup-time = 25.85787534713745
all-measurements = [ 26.04551601409912, 25.582282304763794, 25.531310081481934,]
