best-result = 36.39968943595886
warmup-time = 37.622190713882446
all-measurements = [ 37.475178956985474, 36.39968943595886, 36.89126777648926,]
