best-result = 30.937315702438354
warmup-time = 31.138684034347534
all-measurements = [ 30.937315702438354, 31.7606942653656, 31.66383194923401,]
