best-result = 265.71867537498474
warmup-time = 265.9463543891907
all-measurements = [ 266.3414511680603, 266.450425863266, 265.71867537498474,]
