best-result = 36.558597803115845
warmup-time = 36.35218405723572
all-measurements = [ 36.558597803115845, 36.76093816757202, 36.81034803390503,]
