best-result = 41.03844380378723
warmup-time = 40.812721967697144
all-measurements = [ 41.47140049934387, 41.03844380378723, 41.495545625686646,]
