best-result = 48.46962094306946
warmup-time = 49.602707624435425
all-measurements = [ 48.46962094306946, 48.66360020637512, 49.5343964099884,]
