best-result = 31.84639573097229
warmup-time = 33.25805401802063
all-measurements = [ 33.57418942451477, 31.84639573097229, 33.64294934272766,]
