best-result = 36.620885133743286
warmup-time = 37.80427956581116
all-measurements = [ 36.620885133743286, 36.64635467529297, 37.19204235076904,]
