best-result = 59.785561323165894
warmup-time = 63.3677716255188
all-measurements = [ 65.99920463562012, 59.785561323165894, 63.16010880470276,]
