best-result = 225.38240480422974
warmup-time = 226.83087372779846
all-measurements = [ 226.18057799339294, 225.73771977424622, 225.38240480422974,]
