best-result = 519.173689365387
warmup-time = 524.0063283443451
all-measurements = [ 522.6968338489532, 523.8268527984619, 519.173689365387,]
