best-result = 36.30312538146973
warmup-time = 37.301141023635864
all-measurements = [ 38.433485984802246, 37.62541198730469, 36.30312538146973,]
