best-result = 83.84391021728516
warmup-time = 81.75832772254944
all-measurements = [ 83.84391021728516, 90.01081275939941, 87.50149893760681,]
