best-result = 62.22140860557556
warmup-time = 63.7991669178009
all-measurements = [ 62.638587474823, 64.22263765335083, 62.22140860557556,]
