best-result = 27.23895263671875
warmup-time = 28.041417598724365
all-measurements = [ 32.47650074958801, 32.02618885040283, 27.23895263671875,]
