best-result = 32.2165424823761
warmup-time = 35.448803424835205
all-measurements = [ 32.2165424823761, 35.083428382873535, 35.3051860332489,]
