best-result = 31.84286403656006
warmup-time = 31.703954458236694
all-measurements = [ 33.965288400650024, 31.84286403656006, 34.008939266204834,]
