best-result = 42.22559905052185
warmup-time = 43.19990015029907
all-measurements = [ 44.94773578643799, 42.22559905052185, 42.65083050727844,]
