best-result = 96.26726722717285
warmup-time = 98.36422729492188
all-measurements = [ 96.78017210960388, 97.72535991668701, 96.26726722717285,]
