best-result = 27.398833751678467
warmup-time = 29.3475079536438
all-measurements = [ 29.30186367034912, 27.398833751678467, 28.3612961769104,]
