best-result = 34.51384258270264
warmup-time = 36.403409004211426
all-measurements = [ 36.03111457824707, 34.724653482437134, 34.51384258270264,]
