best-result = 86.67315101623535
warmup-time = 98.66815137863159
all-measurements = [ 94.61371088027954, 86.67315101623535, 91.91155529022217,]
