best-result = 38.91952061653137
warmup-time = 39.20768427848816
all-measurements = [ 39.5320520401001, 40.277424812316895, 38.91952061653137,]
