best-result = 43.51342821121216
warmup-time = 44.01703190803528
all-measurements = [ 43.51342821121216, 45.13193941116333, 45.34712481498718,]
