best-result = 27.48270320892334
warmup-time = 28.8015079498291
all-measurements = [ 27.48270320892334, 28.030191659927368, 28.27208399772644,]
