best-result = 702.4773502349854
warmup-time = 729.8169553279877
all-measurements = [ 707.987292766571, 704.3149120807648, 702.4773502349854,]
