best-result = 172.22839403152466
warmup-time = 175.44916033744812
all-measurements = [ 172.22839403152466, 176.75427842140198, 172.67503023147583,]
