best-result = 66.35657167434692
warmup-time = 60.26799964904785
all-measurements = [ 66.42679023742676, 66.35657167434692, 68.63660764694214,]
