best-result = 25.30658268928528
warmup-time = 25.467416048049927
all-measurements = [ 25.559523820877075, 25.365225553512573, 25.30658268928528,]
