best-result = 37.38757252693176
warmup-time = 38.15700697898865
all-measurements = [ 37.595324993133545, 37.866819858551025, 37.38757252693176,]
