best-result = 32.371931314468384
warmup-time = 31.26966381072998
all-measurements = [ 32.86494159698486, 32.449349880218506, 32.371931314468384,]
