best-result = 271.3890540599823
warmup-time = 275.75037479400635
all-measurements = [ 279.99105501174927, 271.3890540599823, 274.03579473495483,]
