best-result = 36.0400915145874
warmup-time = 36.067941665649414
all-measurements = [ 36.1845428943634, 36.40194082260132, 36.0400915145874,]
