best-result = 40.309685945510864
warmup-time = 42.115198612213135
all-measurements = [ 40.309685945510864, 40.57784986495972, 41.232017517089844,]
