best-result = 49.978331327438354
warmup-time = 50.632344007492065
all-measurements = [ 52.43863368034363, 50.25490117073059, 49.978331327438354,]
