best-result = 34.582783222198486
warmup-time = 34.22717547416687
all-measurements = [ 34.94487714767456, 34.8204710483551, 34.582783222198486,]
