best-result = 37.63550066947937
warmup-time = 37.57283401489258
all-measurements = [ 37.63550066947937, 37.74160885810852, 38.003978967666626,]
