best-result = 58.908212661743164
warmup-time = 60.918253898620605
all-measurements = [ 59.357911348342896, 63.36293911933899, 58.908212661743164,]
