best-result = 242.17537593841553
warmup-time = 242.0422761440277
all-measurements = [ 243.08401775360107, 243.998113155365, 242.17537593841553,]
