best-result = 546.9179322719574
warmup-time = 550.0756855010986
all-measurements = [ 553.3404078483582, 546.9179322719574, 550.1426932811737,]
