best-result = 35.26677227020264
warmup-time = 36.02844738960266
all-measurements = [ 35.26677227020264, 36.84529757499695, 35.33028531074524,]
