best-result = 64.15947222709656
warmup-time = 65.44753098487854
all-measurements = [ 64.15947222709656, 67.66307854652405, 67.22819972038269,]
