best-result = 27.313541173934937
warmup-time = 28.71049404144287
all-measurements = [ 27.7112774848938, 28.90216827392578, 27.313541173934937,]
