best-result = 33.33435845375061
warmup-time = 36.2727267742157
all-measurements = [ 33.33435845375061, 36.517871618270874, 36.705143213272095,]
