best-result = 31.815847635269165
warmup-time = 32.19880676269531
all-measurements = [ 31.815847635269165, 32.829901933670044, 33.133217334747314,]
