best-result = 42.15309524536133
warmup-time = 41.83156871795654
all-measurements = [ 43.07988500595093, 42.878642320632935, 42.15309524536133,]
