best-result = 100.30192947387695
warmup-time = 99.6835834980011
all-measurements = [ 100.30192947387695, 100.67656517028809, 101.00544309616089,]
