best-result = 27.246832609176636
warmup-time = 28.282939195632935
all-measurements = [ 28.980037689208984, 29.33626699447632, 27.246832609176636,]
