best-result = 34.82150912284851
warmup-time = 34.62547731399536
all-measurements = [ 34.82150912284851, 35.217612743377686, 35.30875277519226,]
