best-result = 39.354663372039795
warmup-time = 39.860485792160034
all-measurements = [ 40.09773898124695, 39.354663372039795, 39.36519122123718,]
