best-result = 43.976223945617676
warmup-time = 46.39836668968201
all-measurements = [ 45.04303765296936, 43.98489594459534, 43.976223945617676,]
