best-result = 27.116421222686768
warmup-time = 27.493538856506348
all-measurements = [ 27.116421222686768, 27.911320686340332, 28.595699310302734,]
