best-result = 710.3740122318268
warmup-time = 719.0796847343445
all-measurements = [ 710.3740122318268, 716.6112117767334, 712.8052825927734,]
