best-result = 181.0118589401245
warmup-time = 183.40592908859253
all-measurements = [ 182.0454592704773, 181.0118589401245, 184.41202402114868,]
