best-result = 43.42174506187439
warmup-time = 45.04712438583374
all-measurements = [ 43.42174506187439, 43.467026233673096, 44.737947940826416,]
