best-result = 23.68844699859619
warmup-time = 23.820238828659058
all-measurements = [ 23.882476568222046, 23.98454451560974, 23.68844699859619,]
