best-result = 47.654112815856934
warmup-time = 63.11270523071289
all-measurements = [ 48.02974033355713, 47.654112815856934, 47.88407230377197,]
