best-result = 47.6629843711853
warmup-time = 59.196126222610474
all-measurements = [ 47.89483857154846, 47.6629843711853, 48.000776529312134,]
