best-result = 906.1287045478821
warmup-time = 1066.8716249465942
all-measurements = [ 906.1287045478821, 908.5070562362671, 909.2331609725952,]
