best-result = 85.05444502830505
warmup-time = 99.36027026176453
all-measurements = [ 86.67454814910889, 86.5260968208313, 85.05444502830505,]
