best-result = 881.4489009380341
warmup-time = 916.2748637199402
all-measurements = [ 885.8679277896881, 900.4725489616394, 881.4489009380341,]
