best-result = 67.10707306861877
warmup-time = 82.4682068824768
all-measurements = [ 68.15180492401123, 67.49658989906311, 67.10707306861877,]
