best-result = 86.08843803405762
warmup-time = 107.7608733177185
all-measurements = [ 86.08843803405762, 86.10534310340881, 87.14233136177063,]
