best-result = 69.82195663452148
warmup-time = 89.55105233192444
all-measurements = [ 69.82195663452148, 82.29360294342041, 73.00921940803528,]
