best-result = 88.1617078781128
warmup-time = 103.87956762313843
all-measurements = [ 89.13148927688599, 89.11692929267883, 88.1617078781128,]
