best-result = 654.8780136108398
warmup-time = 667.727733373642
all-measurements = [ 654.8780136108398, 658.0246481895447, 655.0721786022186,]
