best-result = 64.38549041748047
warmup-time = 82.23866677284241
all-measurements = [ 65.45540070533752, 64.854816198349, 64.38549041748047,]
