best-result = 193.41056847572327
warmup-time = 351.189400434494
all-measurements = [ 193.41056847572327, 195.16117429733276, 195.00916051864624,]
