best-result = 393.9230945110321
warmup-time = 824.3738694190979
all-measurements = [ 394.7350573539734, 393.9230945110321, 396.164160490036,]
