best-result = 64.38720178604126
warmup-time = 81.16116714477539
all-measurements = [ 64.51762104034424, 64.70338344573975, 64.38720178604126,]
