best-result = 41.263484716415405
warmup-time = 49.86973214149475
all-measurements = [ 41.86948919296265, 41.76763963699341, 41.263484716415405,]
