best-result = 138.2537066936493
warmup-time = 168.60196733474731
all-measurements = [ 138.2537066936493, 138.29370546340942, 138.47396659851074,]
