best-result = 956.9890732765198
warmup-time = 986.8274955749512
all-measurements = [ 963.833153963089, 956.9890732765198, 959.2240273952484,]
