best-result = 28.380139112472534
warmup-time = 36.72793531417847
all-measurements = [ 28.705872774124146, 29.251368045806885, 28.380139112472534,]
