best-result = 60.29294681549072
warmup-time = 73.03001761436462
all-measurements = [ 60.829296588897705, 60.29294681549072, 61.31564426422119,]
