best-result = 60.399235248565674
warmup-time = 74.82816648483276
all-measurements = [ 60.9857337474823, 60.399235248565674, 61.31565523147583,]
