best-result = 110.84272122383118
warmup-time = 139.7403712272644
all-measurements = [ 111.32384443283081, 111.41910529136658, 110.84272122383118,]
