best-result = 784.827043056488
warmup-time = 858.5350563526154
all-measurements = [ 788.3963270187378, 789.1294898986816, 784.827043056488,]
