best-result = 35.17164397239685
warmup-time = 43.05231690406799
all-measurements = [ 35.17164397239685, 35.60420799255371, 35.62979435920715,]
