best-result = 56.92375159263611
warmup-time = 71.52686905860901
all-measurements = [ 56.92375159263611, 57.198938608169556, 57.58616518974304,]
