best-result = 2876.724641084671
warmup-time = 2944.4190022945404
all-measurements = [ 2891.3599877357483, 2876.724641084671, 3482.987284183502,]
