best-result = 49.90208721160889
warmup-time = 71.37558197975159
all-measurements = [ 49.90208721160889, 51.04558229446411, 50.530863523483276,]
