best-result = 83.69842720031738
warmup-time = 101.09237313270569
all-measurements = [ 84.8174500465393, 83.69842720031738, 91.38397145271301,]
