best-result = 94.43817257881165
warmup-time = 132.60122847557068
all-measurements = [ 94.73279142379761, 94.43817257881165, 94.83700251579285,]
