best-result = 38.68532919883728
warmup-time = 46.985737562179565
all-measurements = [ 38.745609998703, 38.68532919883728, 39.29879021644592,]
