best-result = 310.5846264362335
warmup-time = 463.8139934539795
all-measurements = [ 310.5846264362335, 318.43936491012573, 318.4397885799408,]
