best-result = 61.86433005332947
warmup-time = 63.19125843048096
all-measurements = [ 62.37659025192261, 62.51119613647461, 61.86433005332947,]
