best-result = 25.98802089691162
warmup-time = 26.673046588897705
all-measurements = [ 26.070822954177856, 26.188743114471436, 25.98802089691162,]
