best-result = 35.399717807769775
warmup-time = 37.197088956832886
all-measurements = [ 38.54672384262085, 37.79065752029419, 35.399717807769775,]
