best-result = 30.66443109512329
warmup-time = 31.132030963897705
all-measurements = [ 31.20101022720337, 31.192275047302246, 30.66443109512329,]
