best-result = 255.29248046875
warmup-time = 261.3061554431915
all-measurements = [ 262.7088317871094, 255.29248046875, 257.6096737384796,]
