best-result = 36.00157880783081
warmup-time = 36.430119037628174
all-measurements = [ 36.460466623306274, 36.00157880783081, 37.13682746887207,]
