best-result = 113.43633842468262
warmup-time = 116.58556747436523
all-measurements = [ 113.85643672943115, 113.43633842468262, 114.32798433303833,]
