best-result = 33.8743257522583
warmup-time = 34.70492076873779
all-measurements = [ 34.98546099662781, 36.42217826843262, 33.8743257522583,]
