best-result = 40.71328830718994
warmup-time = 41.41867804527283
all-measurements = [ 40.71328830718994, 41.30908131599426, 41.18331480026245,]
