best-result = 45.9989595413208
warmup-time = 48.09698748588562
all-measurements = [ 45.9989595413208, 47.69717335700989, 48.08337736129761,]
