best-result = 32.989038705825806
warmup-time = 33.498406171798706
all-measurements = [ 34.034141063690186, 34.143996238708496, 32.989038705825806,]
