best-result = 37.326162338256836
warmup-time = 36.52896451950073
all-measurements = [ 37.6938841342926, 37.326162338256836, 37.58037996292114,]
