best-result = 59.69673037528992
warmup-time = 62.474647760391235
all-measurements = [ 62.240458965301514, 63.001503467559814, 59.69673037528992,]
