best-result = 220.11848974227905
warmup-time = 223.72403979301453
all-measurements = [ 220.11848974227905, 221.98279523849487, 220.15754890441895,]
