best-result = 509.5309054851532
warmup-time = 516.8252644538879
all-measurements = [ 514.727471113205, 512.2585291862488, 509.5309054851532,]
