best-result = 36.066725730895996
warmup-time = 37.60278296470642
all-measurements = [ 36.066725730895996, 36.99585437774658, 36.08423399925232,]
