best-result = 28.700235605239868
warmup-time = 28.789634466171265
all-measurements = [ 28.700235605239868, 29.44788384437561, 30.12411379814148,]
