best-result = 70.58678889274597
warmup-time = 77.8419201374054
all-measurements = [ 70.58678889274597, 76.46310448646545, 76.248375415802,]
