best-result = 61.46835279464722
warmup-time = 70.23568940162659
all-measurements = [ 70.65783834457397, 65.90636396408081, 61.46835279464722,]
