best-result = 27.473041772842407
warmup-time = 29.705057621002197
all-measurements = [ 28.279133796691895, 29.224498510360718, 27.473041772842407,]
