best-result = 35.088937282562256
warmup-time = 32.806280851364136
all-measurements = [ 35.76830863952637, 35.54700684547424, 35.088937282562256,]
