best-result = 33.08376693725586
warmup-time = 33.78223896026611
all-measurements = [ 34.576751947402954, 33.08376693725586, 34.68493342399597,]
