best-result = 42.109150648117065
warmup-time = 44.024534463882446
all-measurements = [ 44.021530628204346, 43.52222943305969, 42.109150648117065,]
