best-result = 95.92318487167358
warmup-time = 96.13006448745728
all-measurements = [ 97.23512315750122, 99.69269347190857, 95.92318487167358,]
