best-result = 27.057207107543945
warmup-time = 28.146471977233887
all-measurements = [ 27.967000484466553, 27.874370098114014, 27.057207107543945,]
