best-result = 34.389456272125244
warmup-time = 34.381879568099976
all-measurements = [ 35.82795548439026, 35.7911319732666, 34.389456272125244,]
