best-result = 89.47366976737976
warmup-time = 90.56907725334167
all-measurements = [ 93.25189661979675, 89.47366976737976, 94.64163017272949,]
