best-result = 38.033416986465454
warmup-time = 38.58954191207886
all-measurements = [ 38.033416986465454, 38.2344856262207, 39.43395805358887,]
