best-result = 43.36509680747986
warmup-time = 44.088977336883545
all-measurements = [ 46.09816837310791, 43.36509680747986, 44.421284198760986,]
