best-result = 50.02566385269165
warmup-time = 54.0770103931427
all-measurements = [ 50.02566385269165, 50.7033166885376, 50.349905252456665,]
