best-result = 27.659679889678955
warmup-time = 28.917587757110596
all-measurements = [ 29.772618532180786, 27.659679889678955, 27.87811803817749,]
