best-result = 671.5429275035858
warmup-time = 714.7379677295685
all-measurements = [ 677.8102278709412, 673.6708722114563, 671.5429275035858,]
