best-result = 167.36887335777283
warmup-time = 167.58656811714172
all-measurements = [ 167.36887335777283, 169.42947459220886, 168.8916952610016,]
