best-result = 64.38286638259888
warmup-time = 67.94135332107544
all-measurements = [ 69.10609841346741, 67.31289029121399, 64.38286638259888,]
