best-result = 26.542784452438354
warmup-time = 27.75816535949707
all-measurements = [ 26.94035267829895, 26.542784452438354, 27.01027798652649,]
