best-result = 36.12061405181885
warmup-time = 42.99138045310974
all-measurements = [ 36.12061405181885, 40.924501180648804, 38.86135530471802,]
