best-result = 35.08518600463867
warmup-time = 33.66199445724487
all-measurements = [ 35.48827528953552, 35.502832651138306, 35.08518600463867,]
