best-result = 283.5383949279785
warmup-time = 288.23705101013184
all-measurements = [ 283.5383949279785, 287.0205497741699, 285.942120552063,]
