best-result = 37.5160915851593
warmup-time = 38.51115393638611
all-measurements = [ 38.578601360321045, 38.75124645233154, 37.5160915851593,]
