best-result = 44.13557982444763
warmup-time = 45.37578368186951
all-measurements = [ 44.91623282432556, 47.60287666320801, 44.13557982444763,]
