best-result = 52.8447630405426
warmup-time = 53.129149436950684
all-measurements = [ 55.4745306968689, 52.8447630405426, 53.400410652160645,]
