best-result = 35.94890022277832
warmup-time = 38.051241874694824
all-measurements = [ 35.94890022277832, 37.979305267333984, 37.25636434555054,]
