best-result = 38.507038593292236
warmup-time = 40.961403131484985
all-measurements = [ 42.33831238746643, 39.399550437927246, 38.507038593292236,]
