best-result = 64.2642593383789
warmup-time = 66.33421897888184
all-measurements = [ 64.2642593383789, 64.93721508979797, 66.2457275390625,]
