best-result = 254.19807171821594
warmup-time = 257.3309006690979
all-measurements = [ 257.1641433238983, 254.19807171821594, 256.67751717567444,]
