best-result = 592.4288971424103
warmup-time = 594.2617008686066
all-measurements = [ 599.3383491039276, 598.5201573371887, 592.4288971424103,]
