best-result = 37.742934226989746
warmup-time = 40.002593994140625
all-measurements = [ 38.93197798728943, 37.742934226989746, 39.978983640670776,]
