best-result = 68.18391919136047
warmup-time = 70.6196780204773
all-measurements = [ 70.15077447891235, 68.18391919136047, 68.79890942573547,]
