best-result = 28.470921754837036
warmup-time = 28.982722759246826
all-measurements = [ 28.470921754837036, 29.283618927001953, 30.36154866218567,]
