best-result = 35.98348259925842
warmup-time = 38.17954111099243
all-measurements = [ 37.754536867141724, 35.98348259925842, 38.28909921646118,]
