best-result = 34.76266956329346
warmup-time = 35.02568316459656
all-measurements = [ 35.145153522491455, 36.18239212036133, 34.76266956329346,]
