best-result = 46.4913272857666
warmup-time = 45.78493356704712
all-measurements = [ 46.80360388755798, 46.4913272857666, 46.64231491088867,]
