best-result = 105.31207489967346
warmup-time = 106.72237253189087
all-measurements = [ 106.33770871162415, 106.84555244445801, 105.31207489967346,]
