best-result = 30.678691625595093
warmup-time = 31.15222144126892
all-measurements = [ 30.960179328918457, 30.678691625595093, 31.08314609527588,]
