best-result = 36.067410707473755
warmup-time = 37.05358672142029
all-measurements = [ 37.2758309841156, 37.12230849266052, 36.067410707473755,]
