best-result = 43.394182443618774
warmup-time = 42.808735847473145
all-measurements = [ 43.394182443618774, 43.427855253219604, 43.74317479133606,]
