best-result = 45.940736532211304
warmup-time = 47.91747069358826
all-measurements = [ 45.940736532211304, 46.46270275115967, 46.538740158081055,]
