best-result = 29.17572593688965
warmup-time = 31.86926794052124
all-measurements = [ 29.302029371261597, 29.17572593688965, 29.318955898284912,]
