best-result = 742.1141219139099
warmup-time = 738.8526809215546
all-measurements = [ 745.6094372272491, 742.1141219139099, 768.6425747871399,]
