best-result = 197.9400918483734
warmup-time = 198.7771463394165
all-measurements = [ 201.53110933303833, 200.48447513580322, 197.9400918483734,]
