best-result = 44.81121063232422
warmup-time = 46.73212170600891
all-measurements = [ 44.81121063232422, 47.165873765945435, 50.01526689529419,]
