best-result = 24.958020210266113
warmup-time = 24.96683406829834
all-measurements = [ 25.81388211250305, 24.958020210266113, 25.05680799484253,]
