best-result = 35.04275393486023
warmup-time = 38.965277910232544
all-measurements = [ 35.04275393486023, 36.47633457183838, 37.01539897918701,]
