best-result = 31.440592288970947
warmup-time = 32.1186637878418
all-measurements = [ 32.231977224349976, 31.440592288970947, 31.644043684005737,]
