best-result = 274.5654835700989
warmup-time = 278.3029601573944
all-measurements = [ 275.7624440193176, 274.5654835700989, 278.1373348236084,]
