best-result = 35.175294637680054
warmup-time = 36.06764841079712
all-measurements = [ 37.14427399635315, 35.175294637680054, 35.25016188621521,]
