best-result = 41.04163432121277
warmup-time = 41.60914373397827
all-measurements = [ 41.50612950325012, 41.04163432121277, 42.830244064331055,]
