best-result = 50.892648220062256
warmup-time = 50.46186971664429
all-measurements = [ 52.56160235404968, 52.05899381637573, 50.892648220062256,]
