best-result = 34.36830687522888
warmup-time = 34.45959973335266
all-measurements = [ 35.3081374168396, 34.89628839492798, 34.36830687522888,]
