best-result = 36.82961583137512
warmup-time = 38.267661333084106
all-measurements = [ 36.82961583137512, 37.52122235298157, 37.45387578010559,]
