best-result = 58.82754111289978
warmup-time = 63.443912744522095
all-measurements = [ 61.9677848815918, 62.271658420562744, 58.82754111289978,]
