best-result = 242.4055688381195
warmup-time = 245.32484793663025
all-measurements = [ 243.65347695350647, 244.2598261833191, 242.4055688381195,]
