best-result = 547.321177482605
warmup-time = 550.0559787750244
all-measurements = [ 548.3636577129364, 548.9137198925018, 547.321177482605,]
