best-result = 35.51501274108887
warmup-time = 37.24869465827942
all-measurements = [ 35.946826696395874, 36.98942255973816, 35.51501274108887,]
