best-result = 65.00835609436035
warmup-time = 64.89637088775635
all-measurements = [ 65.39259719848633, 65.00835609436035, 67.4200189113617,]
