best-result = 26.80422353744507
warmup-time = 27.512942790985107
all-measurements = [ 27.887685537338257, 26.80422353744507, 27.32521915435791,]
