best-result = 34.18702483177185
warmup-time = 33.82908391952515
all-measurements = [ 34.18702483177185, 35.951443910598755, 36.41418266296387,]
