best-result = 31.97795796394348
warmup-time = 33.018757343292236
all-measurements = [ 31.97795796394348, 34.985445737838745, 33.32683706283569,]
