best-result = 42.99674129486084
warmup-time = 44.68297719955444
all-measurements = [ 44.80167865753174, 42.99674129486084, 43.14846444129944,]
