best-result = 99.75018286705017
warmup-time = 102.10130620002747
all-measurements = [ 99.9343626499176, 102.22262239456177, 99.75018286705017,]
