best-result = 27.30461359024048
warmup-time = 28.71401357650757
all-measurements = [ 28.08493733406067, 27.30461359024048, 29.02448534965515,]
