best-result = 33.422847032547
warmup-time = 34.91449213027954
all-measurements = [ 33.9738085269928, 33.422847032547, 34.35640907287598,]
