best-result = 39.37654256820679
warmup-time = 40.080368757247925
all-measurements = [ 39.61591410636902, 40.353920221328735, 39.37654256820679,]
