best-result = 43.511945962905884
warmup-time = 46.414222717285156
all-measurements = [ 44.73438286781311, 43.511945962905884, 44.63706064224243,]
