best-result = 27.526727199554443
warmup-time = 27.35942053794861
all-measurements = [ 27.526727199554443, 28.624680042266846, 28.5447199344635,]
