best-result = 702.7171556949615
warmup-time = 712.099630355835
all-measurements = [ 703.530764579773, 702.7171556949615, 709.0264184474945,]
