best-result = 179.49703907966614
warmup-time = 186.38186025619507
all-measurements = [ 180.5022270679474, 184.99668717384338, 179.49703907966614,]
