best-result = 43.11644268035889
warmup-time = 42.82716155052185
all-measurements = [ 43.11644268035889, 44.23513603210449, 44.836936712265015,]
