best-result = 25.888725996017456
warmup-time = 26.274790287017822
all-measurements = [ 25.888725996017456, 26.117471933364868, 26.299025058746338,]
