best-result = 37.01387095451355
warmup-time = 40.30649518966675
all-measurements = [ 37.01387095451355, 37.7356059551239, 38.768861055374146,]
