best-result = 30.91969633102417
warmup-time = 31.836530685424805
all-measurements = [ 31.567627429962158, 30.91969633102417, 31.666187286376953,]
