best-result = 263.7938640117645
warmup-time = 268.345333814621
all-measurements = [ 263.7938640117645, 267.73779129981995, 266.1826033592224,]
