best-result = 36.58849048614502
warmup-time = 36.40657877922058
all-measurements = [ 36.58849048614502, 37.56590533256531, 37.20774006843567,]
