best-result = 41.069432497024536
warmup-time = 41.28007531166077
all-measurements = [ 41.07333326339722, 41.069432497024536, 44.253544330596924,]
