best-result = 48.85421586036682
warmup-time = 50.882956981658936
all-measurements = [ 49.556248903274536, 49.16259741783142, 48.85421586036682,]
