best-result = 33.65001082420349
warmup-time = 35.57469964027405
all-measurements = [ 33.65001082420349, 35.06445121765137, 33.655688762664795,]
