best-result = 35.895800828933716
warmup-time = 37.817721128463745
all-measurements = [ 37.38313961029053, 36.76407337188721, 35.895800828933716,]
