best-result = 59.11802005767822
warmup-time = 62.68482065200806
all-measurements = [ 64.05866360664368, 59.914684534072876, 59.11802005767822,]
