best-result = 224.94412302970886
warmup-time = 229.07455682754517
all-measurements = [ 225.83985495567322, 226.04458832740784, 224.94412302970886,]
