best-result = 522.454498052597
warmup-time = 523.3304581642151
all-measurements = [ 524.1314573287964, 525.3104581832886, 522.454498052597,]
