best-result = 37.420719146728516
warmup-time = 36.30355525016785
all-measurements = [ 37.54430294036865, 39.236329078674316, 37.420719146728516,]
