best-result = 69.95913219451904
warmup-time = 74.10523867607117
all-measurements = [ 69.95913219451904, 73.7226734161377, 78.5365662574768,]
