best-result = 62.203699588775635
warmup-time = 63.376389265060425
all-measurements = [ 63.826042890548706, 62.203699588775635, 64.98359417915344,]
