best-result = 27.521878004074097
warmup-time = 27.860682487487793
all-measurements = [ 27.630229711532593, 28.495400428771973, 27.521878004074097,]
