best-result = 35.638280153274536
warmup-time = 35.75148963928223
all-measurements = [ 35.638280153274536, 36.470380783081055, 35.89417099952698,]
