best-result = 34.02468395233154
warmup-time = 35.68848967552185
all-measurements = [ 34.68597984313965, 34.02468395233154, 34.487037897109985,]
