best-result = 42.74290370941162
warmup-time = 42.88363981246948
all-measurements = [ 42.74290370941162, 43.596550703048706, 44.31929421424866,]
