best-result = 97.54466962814331
warmup-time = 98.57910513877869
all-measurements = [ 99.27655363082886, 97.54466962814331, 99.31256532669067,]
