best-result = 27.804211616516113
warmup-time = 29.415019750595093
all-measurements = [ 28.127105236053467, 27.804211616516113, 29.383214235305786,]
