best-result = 32.984885454177856
warmup-time = 35.64895248413086
all-measurements = [ 32.984885454177856, 34.37218379974365, 34.663044929504395,]
