best-result = 87.2549798488617
warmup-time = 98.08369493484497
all-measurements = [ 89.6602668762207, 87.2549798488617, 95.00452041625977,]
