best-result = 38.12956619262695
warmup-time = 40.48563742637634
all-measurements = [ 39.2579448223114, 39.778586864471436, 38.12956619262695,]
