best-result = 43.024404764175415
warmup-time = 45.54470777511597
all-measurements = [ 46.68689203262329, 45.96586298942566, 43.024404764175415,]
