best-result = 28.751563549041748
warmup-time = 29.159589052200317
all-measurements = [ 28.751563549041748, 29.197338104248047, 28.991454601287842,]
