best-result = 712.2040235996246
warmup-time = 737.3439047336578
all-measurements = [ 712.2040235996246, 717.5751802921295, 725.8846619129181,]
