best-result = 172.5525803565979
warmup-time = 180.1479024887085
all-measurements = [ 173.8155345916748, 172.5525803565979, 173.96138048171997,]
