best-result = 61.047611713409424
warmup-time = 69.4153733253479
all-measurements = [ 61.047611713409424, 65.30929374694824, 66.69464659690857,]
