best-result = 25.217265367507935
warmup-time = 25.112785816192627
all-measurements = [ 25.562681913375854, 25.34412693977356, 25.217265367507935,]
