best-result = 36.33274817466736
warmup-time = 39.22600698471069
all-measurements = [ 36.33274817466736, 37.59771943092346, 37.49694752693176,]
