best-result = 30.976722717285156
warmup-time = 31.696851015090942
all-measurements = [ 32.02231049537659, 32.00970721244812, 30.976722717285156,]
