best-result = 273.31877303123474
warmup-time = 277.96452832221985
all-measurements = [ 273.31877303123474, 276.2795717716217, 273.98084115982056,]
