best-result = 35.32445287704468
warmup-time = 35.839778900146484
all-measurements = [ 35.32445287704468, 36.38692092895508, 35.96766471862793,]
