best-result = 40.871843099594116
warmup-time = 43.14594340324402
all-measurements = [ 40.871843099594116, 42.856379985809326, 41.359606981277466,]
