best-result = 50.24426221847534
warmup-time = 50.50795006752014
all-measurements = [ 50.24426221847534, 50.25475263595581, 51.36470317840576,]
