best-result = 33.14055156707764
warmup-time = 33.90151810646057
all-measurements = [ 33.43235945701599, 33.14055156707764, 35.30187678337097,]
