best-result = 37.78524446487427
warmup-time = 37.87481689453125
all-measurements = [ 37.78524446487427, 37.88327145576477, 37.97026348114014,]
