best-result = 58.86253833770752
warmup-time = 59.60832500457764
all-measurements = [ 58.86253833770752, 60.79986333847046, 59.80126667022705,]
