best-result = 241.84393453598022
warmup-time = 245.51972198486328
all-measurements = [ 242.1885302066803, 241.84393453598022, 242.86557936668396,]
