best-result = 544.5554325580597
warmup-time = 549.1086132526398
all-measurements = [ 547.6190021038055, 547.3363955020905, 544.5554325580597,]
