best-result = 35.304606437683105
warmup-time = 36.29227256774902
all-measurements = [ 35.61453151702881, 35.87552857398987, 35.304606437683105,]
