best-result = 65.08544945716858
warmup-time = 67.38070893287659
all-measurements = [ 66.23567986488342, 65.20299553871155, 65.08544945716858,]
