best-result = 27.572885513305664
warmup-time = 26.726102590560913
all-measurements = [ 27.572885513305664, 28.541170358657837, 28.273041009902954,]
