best-result = 33.21223568916321
warmup-time = 36.47171187400818
all-measurements = [ 35.57458734512329, 33.21223568916321, 33.21344041824341,]
