best-result = 32.367722034454346
warmup-time = 33.16807699203491
all-measurements = [ 32.367722034454346, 33.155821561813354, 32.91481876373291,]
