best-result = 42.858784437179565
warmup-time = 43.73571443557739
all-measurements = [ 43.91771221160889, 43.75194525718689, 42.858784437179565,]
