best-result = 98.48449230194092
warmup-time = 98.69657349586487
all-measurements = [ 98.48449230194092, 100.11527371406555, 98.9532630443573,]
