best-result = 28.50144386291504
warmup-time = 28.474396467208862
all-measurements = [ 28.89618945121765, 28.50144386291504, 28.588924169540405,]
