best-result = 33.9861786365509
warmup-time = 33.91591548919678
all-measurements = [ 35.619521379470825, 33.9861786365509, 35.12230324745178,]
