best-result = 38.85828375816345
warmup-time = 38.45214533805847
all-measurements = [ 39.85731768608093, 39.92615222930908, 38.85828375816345,]
