best-result = 43.29376530647278
warmup-time = 46.102662086486816
all-measurements = [ 46.04547071456909, 43.29376530647278, 43.5841920375824,]
