best-result = 27.590206146240234
warmup-time = 27.632821083068848
all-measurements = [ 27.590206146240234, 28.513169288635254, 28.547025680541992,]
