best-result = 698.9584348201752
warmup-time = 722.1063992977142
all-measurements = [ 698.9584348201752, 699.8197705745697, 708.2653148174286,]
