best-result = 178.98492217063904
warmup-time = 180.69853925704956
all-measurements = [ 179.84052681922913, 181.37929797172546, 178.98492217063904,]
