best-result = 44.44607472419739
warmup-time = 43.54197907447815
all-measurements = [ 44.44607472419739, 44.47620391845703, 46.02178907394409,]
