best-result = 26.55430817604065
warmup-time = 27.273885011672974
all-measurements = [ 26.55430817604065, 27.066558361053467, 26.693012475967407,]
