best-result = 37.45409035682678
warmup-time = 42.24303436279297
all-measurements = [ 37.92476463317871, 39.88753390312195, 37.45409035682678,]
