best-result = 32.40391397476196
warmup-time = 33.33531594276428
all-measurements = [ 32.40391397476196, 34.49561834335327, 35.58255863189697,]
