best-result = 285.1496467590332
warmup-time = 289.26122426986694
all-measurements = [ 285.6849367618561, 285.1496467590332, 287.9263286590576,]
