best-result = 37.74197435379028
warmup-time = 37.09070611000061
all-measurements = [ 37.74197435379028, 38.110026359558105, 38.093074798583984,]
