best-result = 44.24433517456055
warmup-time = 45.23451900482178
all-measurements = [ 44.24433517456055, 44.48908734321594, 45.67932724952698,]
