best-result = 51.834372758865356
warmup-time = 52.788127183914185
all-measurements = [ 52.01643943786621, 51.834372758865356, 53.086658239364624,]
