best-result = 36.732547998428345
warmup-time = 38.590099811553955
all-measurements = [ 37.72913336753845, 36.732547998428345, 36.934701681137085,]
