best-result = 40.09236812591553
warmup-time = 41.86897563934326
all-measurements = [ 40.09236812591553, 40.7566123008728, 41.31836986541748,]
