best-result = 61.399993896484375
warmup-time = 60.497780323028564
all-measurements = [ 64.60931277275085, 61.399993896484375, 65.86187720298767,]
