best-result = 256.62000012397766
warmup-time = 257.3722081184387
all-measurements = [ 259.08996987342834, 256.62000012397766, 256.8106255531311,]
