best-result = 595.7181677818298
warmup-time = 599.6186878681183
all-measurements = [ 595.7181677818298, 600.1755735874176, 596.1474425792694,]
