best-result = 37.04228377342224
warmup-time = 41.20361614227295
all-measurements = [ 40.61286211013794, 37.04228377342224, 39.25002908706665,]
