best-result = 68.95125794410706
warmup-time = 68.25860166549683
all-measurements = [ 69.88497805595398, 69.90229654312134, 68.95125794410706,]
