best-result = 28.12109899520874
warmup-time = 30.712028980255127
all-measurements = [ 29.49566078186035, 29.926707983016968, 28.12109899520874,]
