best-result = 37.829299449920654
warmup-time = 35.86847448348999
all-measurements = [ 37.84436583518982, 37.829299449920654, 38.03288173675537,]
