best-result = 34.24548864364624
warmup-time = 34.66437125205994
all-measurements = [ 34.86656379699707, 34.24548864364624, 35.02370500564575,]
