best-result = 44.76199817657471
warmup-time = 46.03843092918396
all-measurements = [ 45.8016037940979, 44.76199817657471, 47.090383529663086,]
