best-result = 105.78870344161987
warmup-time = 108.42708325386047
all-measurements = [ 109.04113006591797, 106.30930376052856, 105.78870344161987,]
