best-result = 29.539254665374756
warmup-time = 29.98273205757141
all-measurements = [ 29.539254665374756, 31.537235975265503, 30.13506531715393,]
