best-result = 35.838223457336426
warmup-time = 36.04644298553467
all-measurements = [ 35.838223457336426, 36.48229265213013, 36.910651206970215,]
