best-result = 42.118794679641724
warmup-time = 41.857460498809814
all-measurements = [ 43.70236778259277, 42.118794679641724, 42.27079772949219,]
