best-result = 46.050986766815186
warmup-time = 45.34220314025879
all-measurements = [ 46.237274408340454, 46.050986766815186, 46.556856870651245,]
