best-result = 28.11464500427246
warmup-time = 30.791898727416992
all-measurements = [ 29.296424865722656, 28.11464500427246, 29.200350046157837,]
