best-result = 734.7046554088593
warmup-time = 735.9142870903015
all-measurements = [ 734.7046554088593, 746.2437765598297, 761.3858213424683,]
