best-result = 196.2106158733368
warmup-time = 198.14760327339172
all-measurements = [ 196.2106158733368, 197.77427172660828, 200.04495859146118,]
