best-result = 45.16729688644409
warmup-time = 46.10043716430664
all-measurements = [ 48.06534719467163, 45.16729688644409, 47.51236963272095,]
