best-result = 22.23658299446106
warmup-time = 22.254140377044678
all-measurements = [ 22.4973087310791, 22.55887460708618, 22.23658299446106,]
