best-result = 46.78645086288452
warmup-time = 63.81776452064514
all-measurements = [ 46.83371877670288, 46.78645086288452, 47.032875776290894,]
