best-result = 45.98035907745361
warmup-time = 58.78785467147827
all-measurements = [ 46.11822867393494, 46.05648589134216, 45.98035907745361,]
