best-result = 938.1640424728394
warmup-time = 1132.9395732879639
all-measurements = [ 939.4777114391327, 962.5719809532166, 938.1640424728394,]
