best-result = 84.75457382202148
warmup-time = 97.86566114425659
all-measurements = [ 85.15352153778076, 85.3615369796753, 84.75457382202148,]
