best-result = 81.81826853752136
warmup-time = 101.77296805381775
all-measurements = [ 97.14904928207397, 82.3952009677887, 81.81826853752136,]
