best-result = 69.8462586402893
warmup-time = 89.49756598472595
all-measurements = [ 69.92185568809509, 70.68388104438782, 69.8462586402893,]
