best-result = 90.54045796394348
warmup-time = 104.30734539031982
all-measurements = [ 90.54045796394348, 91.93236422538757, 91.69130396842957,]
