best-result = 647.7931530475616
warmup-time = 664.6829977035522
all-measurements = [ 648.9280295372009, 647.8371875286102, 647.7931530475616,]
