best-result = 64.26864433288574
warmup-time = 81.235586643219
all-measurements = [ 64.26864433288574, 64.86213064193726, 65.1435215473175,]
