best-result = 218.10685181617737
warmup-time = 372.2809031009674
all-measurements = [ 219.03029775619507, 220.03165793418884, 218.10685181617737,]
