best-result = 433.652498960495
warmup-time = 870.5559957027435
all-measurements = [ 436.0268702507019, 433.652498960495, 441.7539005279541,]
