best-result = 61.157158613204956
warmup-time = 77.54499125480652
all-measurements = [ 62.00682520866394, 61.157158613204956, 62.87847852706909,]
