best-result = 139.73127102851868
warmup-time = 168.6835823059082
all-measurements = [ 139.73127102851868, 140.18036031723022, 140.85878920555115,]
