best-result = 875.2938139438629
warmup-time = 902.3767735958099
all-measurements = [ 878.8258571624756, 882.0384409427643, 875.2938139438629,]
