best-result = 27.283862352371216
warmup-time = 36.55352735519409
all-measurements = [ 27.44825315475464, 27.92460060119629, 27.283862352371216,]
