best-result = 57.048539876937866
warmup-time = 70.2433111667633
all-measurements = [ 57.18133473396301, 57.048539876937866, 57.29135584831238,]
