best-result = 58.63827967643738
warmup-time = 72.65271949768066
all-measurements = [ 59.26656985282898, 58.93250060081482, 58.63827967643738,]
