best-result = 110.42546129226685
warmup-time = 137.5076503753662
all-measurements = [ 111.38175463676453, 112.04192972183228, 110.42546129226685,]
