best-result = 785.867696762085
warmup-time = 843.7293620109558
all-measurements = [ 786.3443324565887, 785.867696762085, 786.0405466556549,]
