best-result = 33.21188449859619
warmup-time = 40.1996009349823
all-measurements = [ 33.69690275192261, 33.21188449859619, 33.48792862892151,]
