best-result = 54.77563261985779
warmup-time = 70.99721264839172
all-measurements = [ 54.992539405822754, 54.77563261985779, 55.35817217826843,]
