best-result = 1314.6564118862152
warmup-time = 1987.0554234981537
all-measurements = [ 1314.6564118862152, 2305.2721707820892, 1813.264038324356,]
