best-result = 48.73085427284241
warmup-time = 71.68611979484558
all-measurements = [ 49.03372883796692, 48.73085427284241, 49.35483503341675,]
