best-result = 78.39145278930664
warmup-time = 96.00971984863281
all-measurements = [ 79.12930226325989, 78.39145278930664, 79.01452970504761,]
