best-result = 36.29883074760437
warmup-time = 45.03881788253784
all-measurements = [ 36.29883074760437, 37.18952441215515, 37.22284388542175,]
