best-result = 339.32139253616333
warmup-time = 477.90933895111084
all-measurements = [ 339.32139253616333, 360.6596872806549, 355.8010165691376,]
