best-result = 58.77893924713135
warmup-time = 58.672672748565674
all-measurements = [ 58.77893924713135, 59.32981014251709, 59.0167121887207,]
