best-result = 26.020036458969116
warmup-time = 26.659199476242065
all-measurements = [ 26.020036458969116, 26.08363127708435, 26.26203227043152,]
