best-result = 37.98651480674744
warmup-time = 37.63374161720276
all-measurements = [ 37.98651480674744, 39.5337016582489, 39.968496322631836,]
