best-result = 30.5242657661438
warmup-time = 30.850966215133667
all-measurements = [ 31.296886682510376, 32.206395864486694, 30.5242657661438,]
