best-result = 261.5298840999603
warmup-time = 262.24720430374146
all-measurements = [ 261.83682131767273, 261.5298840999603, 263.7563934326172,]
