best-result = 36.316725969314575
warmup-time = 35.35276651382446
all-measurements = [ 36.316725969314575, 36.52840971946716, 36.879634380340576,]
