best-result = 118.05391573905945
warmup-time = 120.28887605667114
all-measurements = [ 118.05391573905945, 118.32356238365173, 119.43302536010742,]
