best-result = 41.268142223358154
warmup-time = 41.7283501625061
all-measurements = [ 41.268142223358154, 42.113441705703735, 42.05431342124939,]
