best-result = 48.51175928115845
warmup-time = 48.586384773254395
all-measurements = [ 50.61535096168518, 49.10240292549133, 48.51175928115845,]
