best-result = 33.69054698944092
warmup-time = 35.18932843208313
all-measurements = [ 33.69054698944092, 33.94254398345947, 34.70592761039734,]
