best-result = 37.41665053367615
warmup-time = 38.136659383773804
all-measurements = [ 37.76257133483887, 37.456881046295166, 37.41665053367615,]
