best-result = 61.57070231437683
warmup-time = 57.425535440444946
all-measurements = [ 63.97405242919922, 64.01649379730225, 61.57070231437683,]
