best-result = 224.15720748901367
warmup-time = 230.4381000995636
all-measurements = [ 229.64412689208984, 224.15720748901367, 228.3882451057434,]
