best-result = 516.1786108016968
warmup-time = 520.9837913513184
all-measurements = [ 516.1786108016968, 544.8337624073029, 517.0986819267273,]
