best-result = 35.44715142250061
warmup-time = 36.7714786529541
all-measurements = [ 35.44715142250061, 37.15153217315674, 37.509418964385986,]
