best-result = 29.399445056915283
warmup-time = 29.42531657218933
all-measurements = [ 29.75656509399414, 29.399445056915283, 29.60297179222107,]
