best-result = 78.8231589794159
warmup-time = 70.03784966468811
all-measurements = [ 78.8231589794159, 79.20861673355103, 79.74624252319336,]
