best-result = 61.804518938064575
warmup-time = 62.90380001068115
all-measurements = [ 63.311490058898926, 62.011940717697144, 61.804518938064575,]
