best-result = 28.759832620620728
warmup-time = 29.690512895584106
all-measurements = [ 29.7215576171875, 29.61664581298828, 28.759832620620728,]
