best-result = 35.286409854888916
warmup-time = 36.38706612586975
all-measurements = [ 35.286409854888916, 35.40840744972229, 35.47101354598999,]
