best-result = 35.50379467010498
warmup-time = 35.44116926193237
all-measurements = [ 36.16829752922058, 36.286428928375244, 35.50379467010498,]
