best-result = 43.53462767601013
warmup-time = 44.141454219818115
all-measurements = [ 45.16352438926697, 43.53462767601013, 43.994590759277344,]
