best-result = 96.90169095993042
warmup-time = 96.15584087371826
all-measurements = [ 98.89109110832214, 97.93215370178223, 96.90169095993042,]
