best-result = 28.47546696662903
warmup-time = 30.771670818328857
all-measurements = [ 29.52882146835327, 29.6374990940094, 28.47546696662903,]
