best-result = 34.86353898048401
warmup-time = 35.01970815658569
all-measurements = [ 35.14690089225769, 34.86353898048401, 35.27404832839966,]
