best-result = 89.32544088363647
warmup-time = 90.9128270149231
all-measurements = [ 95.43894171714783, 91.76540565490723, 89.32544088363647,]
