best-result = 39.72437787055969
warmup-time = 40.699787616729736
all-measurements = [ 40.46004509925842, 39.72437787055969, 40.33483290672302,]
