best-result = 43.9943413734436
warmup-time = 46.043131828308105
all-measurements = [ 45.06572914123535, 45.029563903808594, 43.9943413734436,]
