best-result = 28.840298175811768
warmup-time = 28.688279151916504
all-measurements = [ 29.06305432319641, 29.061573266983032, 28.840298175811768,]
