best-result = 660.4609563350677
warmup-time = 702.5584304332733
all-measurements = [ 671.3563456535339, 661.930588722229, 660.4609563350677,]
