best-result = 169.72801756858826
warmup-time = 174.48596334457397
all-measurements = [ 178.37535643577576, 169.72801756858826, 173.37065052986145,]
