best-result = 58.99153780937195
warmup-time = 70.66256976127625
all-measurements = [ 67.00524640083313, 68.56132769584656, 58.99153780937195,]
