best-result = 22.744465589523315
warmup-time = 22.83739161491394
all-measurements = [ 22.79013681411743, 22.744465589523315, 22.805862188339233,]
