best-result = 46.3102445602417
warmup-time = 63.33904767036438
all-measurements = [ 46.3102445602417, 46.56777262687683, 46.39254140853882,]
