best-result = 46.209940910339355
warmup-time = 58.232056617736816
all-measurements = [ 46.88294267654419, 46.209940910339355, 47.42837071418762,]
