best-result = 925.8186321258545
warmup-time = 1134.545785665512
all-measurements = [ 930.8364884853363, 925.8186321258545, 930.7732179164886,]
