best-result = 85.10996222496033
warmup-time = 99.20952033996582
all-measurements = [ 85.10996222496033, 86.17865514755249, 85.64241552352905,]
