best-result = 82.13935995101929
warmup-time = 104.35685873031616
all-measurements = [ 82.83317542076111, 82.13935995101929, 82.58215260505676,]
