best-result = 69.98972034454346
warmup-time = 91.56396222114563
all-measurements = [ 70.59833335876465, 69.98972034454346, 70.81730556488037,]
