best-result = 90.91245245933533
warmup-time = 106.70893335342407
all-measurements = [ 93.39008855819702, 90.91245245933533, 92.64743542671204,]
