best-result = 633.0684015750885
warmup-time = 647.6039624214172
all-measurements = [ 634.8967199325562, 635.0702042579651, 633.0684015750885,]
