best-result = 63.68854570388794
warmup-time = 79.01555633544922
all-measurements = [ 63.91652011871338, 63.68854570388794, 64.38746237754822,]
