best-result = 221.0024652481079
warmup-time = 374.24814653396606
all-measurements = [ 223.57065749168396, 221.0024652481079, 223.6764931678772,]
