best-result = 446.1537628173828
warmup-time = 879.8964736461639
all-measurements = [ 446.25239419937134, 448.22445034980774, 446.1537628173828,]
