best-result = 62.27700901031494
warmup-time = 78.51701378822327
all-measurements = [ 63.05475997924805, 63.62896656990051, 62.27700901031494,]
