best-result = 140.96539998054504
warmup-time = 174.06055212020874
all-measurements = [ 140.96539998054504, 141.09479212760925, 141.21637749671936,]
