best-result = 881.5368175506592
warmup-time = 911.2420032024384
all-measurements = [ 886.4046363830566, 881.5368175506592, 889.0225987434387,]
