best-result = 27.262948274612427
warmup-time = 35.63336229324341
all-measurements = [ 27.262948274612427, 27.839596271514893, 27.434980154037476,]
