best-result = 58.157809257507324
warmup-time = 72.17170524597168
all-measurements = [ 58.157809257507324, 58.423110008239746, 58.60597062110901,]
