best-result = 59.18033981323242
warmup-time = 73.07430720329285
all-measurements = [ 59.993815183639526, 59.18033981323242, 60.33330011367798,]
