best-result = 111.08554077148438
warmup-time = 138.58262753486633
all-measurements = [ 111.08554077148438, 111.78021454811096, 111.18310165405273,]
