best-result = 785.8878448009491
warmup-time = 881.3666858673096
all-measurements = [ 785.8878448009491, 787.9648747444153, 787.9150323867798,]
