best-result = 33.49756193161011
warmup-time = 42.74435567855835
all-measurements = [ 33.52221894264221, 33.49756193161011, 34.50226593017578,]
