best-result = 55.37421011924744
warmup-time = 71.24020338058472
all-measurements = [ 55.66368556022644, 55.41504788398743, 55.37421011924744,]
