best-result = 2759.9799087047577
warmup-time = 3924.135068655014
all-measurements = [ 4100.653118610382, 2759.9799087047577, 2960.0420908927917,]
