best-result = 49.549752712249756
warmup-time = 72.3050651550293
all-measurements = [ 49.549752712249756, 49.80209517478943, 50.0775842666626,]
