best-result = 78.27028512954712
warmup-time = 99.36579775810242
all-measurements = [ 78.27028512954712, 78.598956823349, 79.08473539352417,]
