best-result = 36.78641438484192
warmup-time = 46.151766300201416
all-measurements = [ 37.165818214416504, 36.999855518341064, 36.78641438484192,]
