best-result = 350.75310945510864
warmup-time = 494.80190563201904
all-measurements = [ 360.2192418575287, 350.75310945510864, 356.4833507537842,]
