best-result = 58.59321689605713
warmup-time = 59.496036529541016
all-measurements = [ 60.08649826049805, 59.652300119400024, 58.59321689605713,]
