best-result = 22.814115285873413
warmup-time = 23.051530122756958
all-measurements = [ 22.982560396194458, 22.814115285873413, 22.883264303207397,]
