best-result = 46.68846845626831
warmup-time = 60.85239911079407
all-measurements = [ 46.7723343372345, 46.84987020492554, 46.68846845626831,]
