best-result = 45.841076135635376
warmup-time = 58.117799282073975
all-measurements = [ 46.40739703178406, 46.29623746871948, 45.841076135635376,]
