best-result = 900.2998442649841
warmup-time = 1107.4231970310211
all-measurements = [ 900.2998442649841, 902.5963513851166, 902.45858502388,]
