best-result = 84.27513527870178
warmup-time = 100.70627522468567
all-measurements = [ 84.84450507164001, 85.37551832199097, 84.27513527870178,]
