best-result = 980.8920590877533
warmup-time = 1008.4202435016632
all-measurements = [ 982.1097159385681, 980.8920590877533, 983.9427077770233,]
