best-result = 82.22763419151306
warmup-time = 102.60638189315796
all-measurements = [ 82.2850341796875, 82.53459739685059, 82.22763419151306,]
