best-result = 67.36552691459656
warmup-time = 87.77179217338562
all-measurements = [ 67.40491127967834, 67.36552691459656, 67.62205100059509,]
