best-result = 90.97605967521667
warmup-time = 104.63434958457947
all-measurements = [ 91.38822031021118, 90.97605967521667, 91.13766384124756,]
