best-result = 642.3469092845917
warmup-time = 659.7635803222656
all-measurements = [ 644.9525637626648, 642.3469092845917, 644.5230429172516,]
