best-result = 61.65181517601013
warmup-time = 74.39255833625793
all-measurements = [ 62.34848666191101, 61.894428968429565, 61.65181517601013,]
