best-result = 204.2907440662384
warmup-time = 360.37230944633484
all-measurements = [ 207.03012585639954, 206.06320142745972, 204.2907440662384,]
