best-result = 421.20449328422546
warmup-time = 856.5790882110596
all-measurements = [ 423.27092146873474, 421.20449328422546, 425.19195795059204,]
