best-result = 62.46612524986267
warmup-time = 78.12123107910156
all-measurements = [ 62.8285129070282, 62.46612524986267, 62.49209141731262,]
