best-result = 39.72481656074524
warmup-time = 47.830145835876465
all-measurements = [ 40.49100732803345, 40.037211894989014, 39.72481656074524,]
