best-result = 133.9314477443695
warmup-time = 167.93425989151
all-measurements = [ 134.44480681419373, 133.9314477443695, 134.9433033466339,]
