best-result = 895.5200936794281
warmup-time = 946.7258954048157
all-measurements = [ 905.8912949562073, 895.5200936794281, 897.7035400867462,]
