best-result = 27.627750635147095
warmup-time = 35.48691201210022
all-measurements = [ 27.627750635147095, 27.66145896911621, 27.709317922592163,]
