best-result = 56.93457818031311
warmup-time = 69.61505103111267
all-measurements = [ 57.203908920288086, 56.93457818031311, 57.53032207489014,]
