best-result = 59.532482862472534
warmup-time = 74.36819195747375
all-measurements = [ 59.63959574699402, 59.532482862472534, 59.94486331939697,]
