best-result = 109.83352613449097
warmup-time = 137.82457494735718
all-measurements = [ 109.9844799041748, 109.83352613449097, 110.29308700561523,]
