best-result = 770.5762257575989
warmup-time = 836.9952008724213
all-measurements = [ 773.9042420387268, 770.5762257575989, 773.1273233890533,]
