best-result = 33.85301899909973
warmup-time = 41.805814266204834
all-measurements = [ 33.95281648635864, 33.8716561794281, 33.85301899909973,]
