best-result = 54.925137758255005
warmup-time = 70.35805988311768
all-measurements = [ 54.93657159805298, 54.925137758255005, 55.81318688392639,]
