best-result = 1891.8063914775848
warmup-time = 1619.5594019889832
all-measurements = [ 2319.7423515319824, 1891.8063914775848, 2295.20640540123,]
