best-result = 48.23305797576904
warmup-time = 68.4601035118103
all-measurements = [ 48.30253767967224, 48.82914876937866, 48.23305797576904,]
