best-result = 77.25008392333984
warmup-time = 98.7189610004425
all-measurements = [ 77.82011651992798, 77.25008392333984, 77.51116371154785,]
