best-result = 36.8781578540802
warmup-time = 46.475276947021484
all-measurements = [ 36.8781578540802, 37.43229389190674, 37.45188570022583,]
