best-result = 333.75479435920715
warmup-time = 473.5183928012848
all-measurements = [ 335.80310320854187, 340.0078089237213, 333.75479435920715,]
