best-result = 58.170724630355835
warmup-time = 59.07788443565369
all-measurements = [ 58.751873254776, 58.170724630355835, 58.65900444984436,]
