best-result = 23.437841653823853
warmup-time = 23.65881323814392
all-measurements = [ 23.437841653823853, 23.471397161483765, 23.77682137489319,]
