best-result = 47.24296808242798
warmup-time = 64.88775539398193
all-measurements = [ 47.78035616874695, 47.24296808242798, 47.43747806549072,]
