best-result = 47.13518524169922
warmup-time = 57.76847863197327
all-measurements = [ 47.18715786933899, 47.4174427986145, 47.13518524169922,]
