best-result = 903.9684574604034
warmup-time = 1072.8037881851196
all-measurements = [ 909.0829231739044, 908.5201532840729, 903.9684574604034,]
