best-result = 85.04936957359314
warmup-time = 98.67524719238281
all-measurements = [ 86.22342729568481, 85.32972145080566, 85.04936957359314,]
