best-result = 882.6177728176117
warmup-time = 908.4199759960175
all-measurements = [ 887.2194044589996, 885.879278421402, 882.6177728176117,]
