best-result = 66.31840562820435
warmup-time = 80.59452199935913
all-measurements = [ 67.33014869689941, 67.52240419387817, 66.31840562820435,]
