best-result = 84.83770561218262
warmup-time = 106.91156649589539
all-measurements = [ 85.14359188079834, 84.83770561218262, 84.94154524803162,]
