best-result = 69.12261748313904
warmup-time = 88.01862955093384
all-measurements = [ 69.51433300971985, 69.39862561225891, 69.12261748313904,]
