best-result = 87.92024111747742
warmup-time = 102.87125515937805
all-measurements = [ 88.37244033813477, 88.11764001846313, 87.92024111747742,]
