best-result = 657.6652317047119
warmup-time = 676.4882168769836
all-measurements = [ 657.6652317047119, 671.361004114151, 661.5548906326294,]
