best-result = 63.58934664726257
warmup-time = 76.38541865348816
all-measurements = [ 63.58934664726257, 63.95799803733826, 63.72368907928467,]
