best-result = 191.66861391067505
warmup-time = 344.7282302379608
all-measurements = [ 191.9490888118744, 191.66861391067505, 193.18178462982178,]
