best-result = 392.70647525787354
warmup-time = 824.816243648529
all-measurements = [ 392.70647525787354, 395.57578015327454, 395.30591011047363,]
