best-result = 63.181169509887695
warmup-time = 79.75457882881165
all-measurements = [ 63.95557498931885, 63.719990253448486, 63.181169509887695,]
