best-result = 40.96944451332092
warmup-time = 49.694530725479126
all-measurements = [ 41.136534452438354, 40.96944451332092, 41.0146484375,]
