best-result = 135.82701778411865
warmup-time = 170.90607261657715
all-measurements = [ 137.06128811836243, 136.3248996734619, 135.82701778411865,]
