best-result = 942.2462432384491
warmup-time = 971.1881198883057
all-measurements = [ 944.6571848392487, 942.2462432384491, 942.5965654850006,]
