best-result = 28.397119998931885
warmup-time = 37.4912543296814
all-measurements = [ 28.397119998931885, 28.681737184524536, 28.5596923828125,]
