best-result = 59.54380702972412
warmup-time = 72.75594520568848
all-measurements = [ 60.69453716278076, 59.54380702972412, 61.045432329177856,]
