best-result = 60.479241132736206
warmup-time = 73.66952013969421
all-measurements = [ 61.239524364471436, 60.85412383079529, 60.479241132736206,]
