best-result = 109.58072686195374
warmup-time = 139.0621795654297
all-measurements = [ 111.40131568908691, 109.58072686195374, 110.80522394180298,]
