best-result = 774.4612219333649
warmup-time = 847.4338359832764
all-measurements = [ 780.6719872951508, 779.0429191589355, 774.4612219333649,]
