best-result = 34.88393950462341
warmup-time = 42.86166429519653
all-measurements = [ 34.88801288604736, 34.88393950462341, 34.89904046058655,]
