best-result = 56.90328788757324
warmup-time = 72.87611532211304
all-measurements = [ 56.9462308883667, 56.90328788757324, 57.3736732006073,]
