best-result = 2290.530389070511
warmup-time = 2799.8288464546204
all-measurements = [ 2347.6177184581757, 2580.4370350837708, 2290.530389070511,]
