best-result = 49.824793577194214
warmup-time = 70.36264514923096
all-measurements = [ 49.824793577194214, 50.476906061172485, 49.84758377075195,]
