best-result = 83.74511289596558
warmup-time = 101.12094712257385
all-measurements = [ 85.62014484405518, 83.74511289596558, 84.29769444465637,]
