best-result = 93.65590381622314
warmup-time = 115.51850247383118
all-measurements = [ 93.65590381622314, 94.0976333618164, 94.13351845741272,]
