best-result = 38.50837802886963
warmup-time = 46.773319244384766
all-measurements = [ 38.56393837928772, 38.89425730705261, 38.50837802886963,]
