best-result = 321.4153702259064
warmup-time = 449.05803775787354
all-measurements = [ 326.33952808380127, 325.54170513153076, 321.4153702259064,]
