best-result = 60.98432278633118
warmup-time = 61.51144480705261
all-measurements = [ 60.98432278633118, 61.79331159591675, 61.99242830276489,]
