best-result = 22.52568483352661
warmup-time = 22.88603401184082
all-measurements = [ 22.736863136291504, 22.62216830253601, 22.52568483352661,]
