best-result = 46.7381055355072
warmup-time = 62.78651571273804
all-measurements = [ 47.201523542404175, 47.04357671737671, 46.7381055355072,]
