best-result = 46.48552107810974
warmup-time = 59.28835582733154
all-measurements = [ 46.547635555267334, 46.48552107810974, 46.93946051597595,]
