best-result = 933.2770373821259
warmup-time = 1140.374656200409
all-measurements = [ 933.2770373821259, 954.165180683136, 957.3983857631683,]
