best-result = 84.68705201148987
warmup-time = 99.25089859962463
all-measurements = [ 84.92481923103333, 84.68705201148987, 84.94241333007812,]
