best-result = 81.82648229598999
warmup-time = 101.33541107177734
all-measurements = [ 81.98922610282898, 81.82648229598999, 82.88760709762573,]
