best-result = 70.33627080917358
warmup-time = 94.19367599487305
all-measurements = [ 70.3689398765564, 70.33627080917358, 71.77491116523743,]
