best-result = 90.78407621383667
warmup-time = 105.22441267967224
all-measurements = [ 92.13633632659912, 92.05676794052124, 90.78407621383667,]
