best-result = 640.2050302028656
warmup-time = 655.8595576286316
all-measurements = [ 672.936535358429, 640.2050302028656, 642.5230529308319,]
