best-result = 65.90412831306458
warmup-time = 80.40495491027832
all-measurements = [ 66.17941880226135, 66.1792345046997, 65.90412831306458,]
