best-result = 220.91319036483765
warmup-time = 370.9190013408661
all-measurements = [ 220.91319036483765, 222.31422543525696, 221.6319224834442,]
