best-result = 441.18026995658875
warmup-time = 878.6672976016998
all-measurements = [ 441.18026995658875, 445.73895597457886, 442.62048983573914,]
