best-result = 61.56339502334595
warmup-time = 77.62179112434387
all-measurements = [ 62.47868824005127, 61.98518919944763, 61.56339502334595,]
