best-result = 143.39294385910034
warmup-time = 171.05191826820374
all-measurements = [ 144.12449312210083, 143.5642204284668, 143.39294385910034,]
