best-result = 900.3989126682281
warmup-time = 921.5859060287476
all-measurements = [ 903.5614960193634, 904.022634267807, 900.3989126682281,]
