best-result = 27.413461208343506
warmup-time = 36.46954035758972
all-measurements = [ 27.565833806991577, 27.413461208343506, 27.591344118118286,]
