best-result = 61.179532051086426
warmup-time = 75.05935549736023
all-measurements = [ 61.97895050048828, 61.30805277824402, 61.179532051086426,]
