best-result = 58.69785237312317
warmup-time = 72.93628859519958
all-measurements = [ 58.69785237312317, 59.13319444656372, 59.567357301712036,]
