best-result = 110.59810972213745
warmup-time = 138.46605014801025
all-measurements = [ 110.59810972213745, 111.44786643981934, 111.98501992225647,]
