best-result = 789.2096538543701
warmup-time = 855.0316119194031
all-measurements = [ 789.2096538543701, 790.9448461532593, 790.5663623809814,]
