best-result = 33.52500128746033
warmup-time = 42.11977243423462
all-measurements = [ 33.52500128746033, 33.701464891433716, 33.73528838157654,]
