best-result = 54.890785694122314
warmup-time = 71.24839639663696
all-measurements = [ 55.292425870895386, 55.383984327316284, 54.890785694122314,]
