best-result = 2576.2251601219177
warmup-time = 2136.3812997341156
all-measurements = [ 2684.893807888031, 2576.2251601219177, 2824.855264902115,]
