best-result = 49.763834714889526
warmup-time = 72.43187403678894
all-measurements = [ 50.019139766693115, 49.78420424461365, 49.763834714889526,]
