best-result = 78.7647442817688
warmup-time = 97.52395868301392
all-measurements = [ 79.49056816101074, 78.7647442817688, 79.33182096481323,]
