best-result = 36.347721576690674
warmup-time = 45.87072777748108
all-measurements = [ 36.347721576690674, 37.12157320976257, 36.50861167907715,]
