best-result = 346.4037489891052
warmup-time = 483.21836137771606
all-measurements = [ 346.4037489891052, 350.6387813091278, 347.8301303386688,]
