best-result = 59.589699029922485
warmup-time = 60.69127345085144
all-measurements = [ 59.909794092178345, 59.589699029922485, 59.983776330947876,]
