best-result = 26.044552326202393
warmup-time = 26.314629554748535
all-measurements = [ 26.061659336090088, 26.156675815582275, 26.044552326202393,]
