best-result = 36.4256534576416
warmup-time = 39.005693197250366
all-measurements = [ 38.09256076812744, 38.0735239982605, 36.4256534576416,]
