best-result = 31.139484882354736
warmup-time = 30.764763832092285
all-measurements = [ 31.590988874435425, 31.139484882354736, 32.09370684623718,]
