best-result = 263.23546600341797
warmup-time = 267.7461462020874
all-measurements = [ 263.23546600341797, 265.43555784225464, 270.67998480796814,]
