best-result = 35.40530967712402
warmup-time = 37.48715424537659
all-measurements = [ 37.8983473777771, 36.965288162231445, 35.40530967712402,]
