best-result = 40.83020830154419
warmup-time = 42.427862882614136
all-measurements = [ 41.716007232666016, 40.83020830154419, 41.38478708267212,]
