best-result = 49.99209403991699
warmup-time = 49.017170667648315
all-measurements = [ 50.43042874336243, 49.99209403991699, 51.72902274131775,]
