best-result = 33.502036571502686
warmup-time = 34.60380983352661
all-measurements = [ 34.179765939712524, 33.502036571502686, 34.41627788543701,]
