best-result = 36.800633668899536
warmup-time = 37.86481523513794
all-measurements = [ 38.46583914756775, 37.25850701332092, 36.800633668899536,]
