best-result = 60.739792346954346
warmup-time = 62.81214714050293
all-measurements = [ 64.01764678955078, 60.739792346954346, 65.65004563331604,]
