best-result = 225.70422625541687
warmup-time = 231.34651708602905
all-measurements = [ 225.70422625541687, 226.75710940361023, 227.19886207580566,]
