best-result = 522.4610180854797
warmup-time = 525.8183031082153
all-measurements = [ 523.8971176147461, 522.4610180854797, 523.9937717914581,]
