best-result = 36.13922715187073
warmup-time = 38.054693937301636
all-measurements = [ 36.52123975753784, 37.93631386756897, 36.13922715187073,]
