best-result = 79.86491060256958
warmup-time = 83.88393521308899
all-measurements = [ 79.86491060256958, 82.72601580619812, 81.34618282318115,]
