best-result = 64.5121283531189
warmup-time = 63.41235709190369
all-measurements = [ 65.22633481025696, 64.5121283531189, 65.85094547271729,]
