best-result = 28.00823402404785
warmup-time = 28.22250747680664
all-measurements = [ 28.089935302734375, 28.00823402404785, 28.05375075340271,]
