best-result = 35.72216510772705
warmup-time = 35.533414125442505
all-measurements = [ 35.97691535949707, 35.79200315475464, 35.72216510772705,]
