best-result = 33.73893332481384
warmup-time = 34.41573476791382
all-measurements = [ 33.9542932510376, 33.73893332481384, 33.85278797149658,]
