best-result = 42.32123374938965
warmup-time = 43.36304068565369
all-measurements = [ 43.35040259361267, 42.32123374938965, 43.31577825546265,]
