best-result = 96.58602809906006
warmup-time = 100.72060227394104
all-measurements = [ 97.1515634059906, 97.1270387172699, 96.58602809906006,]
