best-result = 28.910104990005493
warmup-time = 28.387783765792847
all-measurements = [ 29.409260749816895, 28.910104990005493, 29.397361755371094,]
