best-result = 34.638707399368286
warmup-time = 35.30489110946655
all-measurements = [ 34.93071675300598, 36.07457995414734, 34.638707399368286,]
