best-result = 87.54614043235779
warmup-time = 91.12657165527344
all-measurements = [ 87.54614043235779, 89.00710725784302, 89.56415295600891,]
