best-result = 38.9991340637207
warmup-time = 38.899696588516235
all-measurements = [ 40.492729902267456, 38.9991340637207, 39.36668682098389,]
