best-result = 43.83837842941284
warmup-time = 46.24423861503601
all-measurements = [ 45.096622705459595, 44.773500204086304, 43.83837842941284,]
