best-result = 28.66102409362793
warmup-time = 27.221311807632446
all-measurements = [ 28.953554153442383, 28.66102409362793, 29.362377882003784,]
