best-result = 704.5150830745697
warmup-time = 729.6752660274506
all-measurements = [ 705.4496819972992, 710.2934792041779, 704.5150830745697,]
