best-result = 174.7053120136261
warmup-time = 174.2556803226471
all-measurements = [ 176.65642547607422, 174.7053120136261, 176.44386959075928,]
