best-result = 59.787368059158325
warmup-time = 67.31571745872498
all-measurements = [ 59.787368059158325, 64.77283763885498, 67.65952205657959,]
