best-result = 22.765342712402344
warmup-time = 22.820274829864502
all-measurements = [ 22.765342712402344, 22.8643639087677, 23.499446630477905,]
