best-result = 46.82559657096863
warmup-time = 61.98494815826416
all-measurements = [ 47.067248821258545, 47.61552906036377, 46.82559657096863,]
