best-result = 46.54835057258606
warmup-time = 58.19949126243591
all-measurements = [ 46.57881546020508, 46.54835057258606, 46.73751997947693,]
