best-result = 938.4503657817841
warmup-time = 1133.8967154026031
all-measurements = [ 938.4503657817841, 957.687730550766, 964.8320322036743,]
