best-result = 84.20654034614563
warmup-time = 99.47965431213379
all-measurements = [ 84.20654034614563, 85.75936150550842, 84.24913144111633,]
