best-result = 82.18598890304565
warmup-time = 102.55806231498718
all-measurements = [ 82.65486145019531, 82.36814618110657, 82.18598890304565,]
