best-result = 69.48142623901367
warmup-time = 92.15847897529602
all-measurements = [ 71.71997880935669, 70.17088389396667, 69.48142623901367,]
