best-result = 91.67437553405762
warmup-time = 104.54863405227661
all-measurements = [ 92.65125513076782, 91.67437553405762, 91.67800712585449,]
