best-result = 645.9577867984772
warmup-time = 660.6228823661804
all-measurements = [ 649.9952838420868, 645.9577867984772, 646.253824710846,]
