best-result = 65.87678384780884
warmup-time = 80.22702121734619
all-measurements = [ 65.87678384780884, 66.17428874969482, 66.35388994216919,]
