best-result = 220.87978267669678
warmup-time = 370.17351770401
all-measurements = [ 224.09620475769043, 221.02459502220154, 220.87978267669678,]
