best-result = 437.9363362789154
warmup-time = 888.4447519779205
all-measurements = [ 441.4724702835083, 441.6788330078125, 437.9363362789154,]
