best-result = 61.97705793380737
warmup-time = 77.18993854522705
all-measurements = [ 62.292346715927124, 61.97705793380737, 62.400789737701416,]
