best-result = 143.399827003479
warmup-time = 165.58350777626038
all-measurements = [ 143.399827003479, 143.93173599243164, 144.3638038635254,]
