best-result = 935.1941723823547
warmup-time = 967.5647552013397
all-measurements = [ 941.2111988067627, 935.1941723823547, 937.9187495708466,]
