best-result = 27.268295526504517
warmup-time = 35.43129873275757
all-measurements = [ 27.855579137802124, 27.949345588684082, 27.268295526504517,]
