best-result = 58.548121213912964
warmup-time = 72.24726366996765
all-measurements = [ 59.25011873245239, 58.548121213912964, 60.08367419242859,]
