best-result = 58.812225341796875
warmup-time = 71.32929301261902
all-measurements = [ 59.69543147087097, 58.812225341796875, 59.36704730987549,]
