best-result = 110.72652792930603
warmup-time = 140.30535173416138
all-measurements = [ 110.72652792930603, 110.93646240234375, 112.73042941093445,]
