best-result = 785.0320522785187
warmup-time = 852.9922063350677
all-measurements = [ 789.5461621284485, 789.8788919448853, 785.0320522785187,]
