best-result = 33.69546151161194
warmup-time = 43.14459252357483
all-measurements = [ 33.69546151161194, 34.2871298789978, 33.80930233001709,]
