best-result = 54.82884168624878
warmup-time = 70.17493748664856
all-measurements = [ 54.82884168624878, 55.08595418930054, 55.309396266937256,]
