best-result = 1931.4666662216187
warmup-time = 2692.4802718162537
all-measurements = [ 2413.0919547080994, 1931.4666662216187, 2335.723498106003,]
