best-result = 49.70113945007324
warmup-time = 71.4617829322815
all-measurements = [ 49.70113945007324, 49.87488579750061, 50.223697662353516,]
