best-result = 78.21511101722717
warmup-time = 96.54344463348389
all-measurements = [ 78.4737434387207, 78.37553858757019, 78.21511101722717,]
