best-result = 36.472864866256714
warmup-time = 46.67420268058777
all-measurements = [ 36.71208882331848, 36.472864866256714, 36.55540633201599,]
