best-result = 346.9429042339325
warmup-time = 490.88352847099304
all-measurements = [ 357.03992342948914, 348.3645586967468, 346.9429042339325,]
