best-result = 59.786428451538086
warmup-time = 59.545652866363525
all-measurements = [ 60.022854804992676, 59.786428451538086, 60.98557710647583,]
