best-result = 25.143938064575195
warmup-time = 25.36135745048523
all-measurements = [ 25.415958404541016, 25.279834032058716, 25.143938064575195,]
