best-result = 37.578542709350586
warmup-time = 37.91560077667236
all-measurements = [ 38.75520062446594, 38.085484743118286, 37.578542709350586,]
