best-result = 31.957664012908936
warmup-time = 31.685907125473022
all-measurements = [ 32.21586632728577, 31.957664012908936, 32.05256748199463,]
