best-result = 265.43110704421997
warmup-time = 272.550719499588
all-measurements = [ 265.43110704421997, 265.81462502479553, 268.5741128921509,]
