best-result = 36.408756732940674
warmup-time = 36.67783737182617
all-measurements = [ 37.85128426551819, 36.686583042144775, 36.408756732940674,]
