best-result = 42.12412905693054
warmup-time = 39.54496169090271
all-measurements = [ 42.12412905693054, 43.0952832698822, 42.147159576416016,]
