best-result = 49.830642223358154
warmup-time = 51.314648389816284
all-measurements = [ 49.97757434844971, 51.870075941085815, 49.830642223358154,]
