best-result = 33.38846397399902
warmup-time = 33.72648000717163
all-measurements = [ 33.38846397399902, 33.469443559646606, 35.38097357749939,]
