best-result = 37.30036234855652
warmup-time = 38.35999584197998
all-measurements = [ 37.654480934143066, 37.80478000640869, 37.30036234855652,]
