best-result = 60.71285843849182
warmup-time = 60.78713369369507
all-measurements = [ 61.93799710273743, 61.82099413871765, 60.71285843849182,]
