best-result = 232.07560324668884
warmup-time = 234.2812306880951
all-measurements = [ 233.12029480934143, 232.07560324668884, 234.33151149749756,]
