best-result = 525.8594257831573
warmup-time = 530.9870526790619
all-measurements = [ 525.8594257831573, 528.0198571681976, 530.17284989357,]
