best-result = 35.857117891311646
warmup-time = 35.932952642440796
all-measurements = [ 36.19904637336731, 36.58880114555359, 35.857117891311646,]
