best-result = 62.25310564041138
warmup-time = 64.79203152656555
all-measurements = [ 62.25310564041138, 65.01064348220825, 62.984158992767334,]
