best-result = 26.876291751861572
warmup-time = 27.096455574035645
all-measurements = [ 26.974884748458862, 27.164686918258667, 26.876291751861572,]
