best-result = 32.85635185241699
warmup-time = 36.015891790390015
all-measurements = [ 36.19167160987854, 32.85635185241699, 36.17064929008484,]
