best-result = 32.53030347824097
warmup-time = 33.52341818809509
all-measurements = [ 34.41449594497681, 32.53030347824097, 33.20006585121155,]
