best-result = 43.59141516685486
warmup-time = 44.2651846408844
all-measurements = [ 43.59141516685486, 45.35232186317444, 44.24371600151062,]
