best-result = 97.21846556663513
warmup-time = 98.11703538894653
all-measurements = [ 99.62808322906494, 97.21846556663513, 98.44171571731567,]
