best-result = 26.989380598068237
warmup-time = 28.94371199607849
all-measurements = [ 28.882290601730347, 28.836005449295044, 26.989380598068237,]
