best-result = 33.94521450996399
warmup-time = 34.58152174949646
all-measurements = [ 35.31865882873535, 34.68367624282837, 33.94521450996399,]
