best-result = 39.058608293533325
warmup-time = 39.28117752075195
all-measurements = [ 40.1149263381958, 39.058608293533325, 39.59642148017883,]
