best-result = 44.42026114463806
warmup-time = 45.2364137172699
all-measurements = [ 44.56108093261719, 44.42026114463806, 44.51975464820862,]
