best-result = 27.091978549957275
warmup-time = 28.204769611358643
all-measurements = [ 27.091978549957275, 27.28870987892151, 28.566532611846924,]
