best-result = 689.0449123382568
warmup-time = 716.0238773822784
all-measurements = [ 698.9443471431732, 703.9854905605316, 689.0449123382568,]
