best-result = 175.98945546150208
warmup-time = 180.4850902557373
all-measurements = [ 175.98945546150208, 176.51747107505798, 177.25732398033142,]
