best-result = 42.11946249008179
warmup-time = 44.07912278175354
all-measurements = [ 42.75319862365723, 43.461249113082886, 42.11946249008179,]
