best-result = 23.30736517906189
warmup-time = 23.886271476745605
all-measurements = [ 23.30736517906189, 23.63443350791931, 23.875901699066162,]
