best-result = 46.814351081848145
warmup-time = 63.84088611602783
all-measurements = [ 47.378998041152954, 46.814351081848145, 46.90065145492554,]
