best-result = 47.08798336982727
warmup-time = 58.375526666641235
all-measurements = [ 47.396202087402344, 47.73603415489197, 47.08798336982727,]
