best-result = 877.5505576133728
warmup-time = 1052.7343707084656
all-measurements = [ 877.5505576133728, 880.8156712055206, 881.0215103626251,]
