best-result = 85.30678629875183
warmup-time = 99.35655450820923
all-measurements = [ 85.30678629875183, 87.11951923370361, 85.48530721664429,]
