best-result = 981.9804792404175
warmup-time = 1011.9895310401917
all-measurements = [ 987.434632062912, 981.9804792404175, 997.3098340034485,]
