best-result = 65.8339741230011
warmup-time = 80.29966306686401
all-measurements = [ 65.8339741230011, 66.16217684745789, 66.01299786567688,]
