best-result = 84.25893688201904
warmup-time = 106.35092735290527
all-measurements = [ 84.25893688201904, 84.30329847335815, 84.6798164844513,]
