best-result = 68.33463668823242
warmup-time = 88.83148789405823
all-measurements = [ 69.06729245185852, 68.33463668823242, 69.09594559669495,]
