best-result = 91.59218859672546
warmup-time = 105.21385526657104
all-measurements = [ 91.9784426689148, 91.59218859672546, 92.01535964012146,]
