best-result = 642.6184644699097
warmup-time = 659.5308082103729
all-measurements = [ 643.514416217804, 642.6184644699097, 645.4617428779602,]
