best-result = 62.71987771987915
warmup-time = 80.45600438117981
all-measurements = [ 63.38897085189819, 63.38416790962219, 62.71987771987915,]
