best-result = 188.49016761779785
warmup-time = 343.90275979042053
all-measurements = [ 194.24713110923767, 188.49016761779785, 190.45144820213318,]
