best-result = 386.6693367958069
warmup-time = 819.701780796051
all-measurements = [ 386.6693367958069, 387.4288504123688, 388.27900671958923,]
