best-result = 62.90900182723999
warmup-time = 80.40561604499817
all-measurements = [ 63.08156132698059, 63.11081504821777, 62.90900182723999,]
