best-result = 40.96805715560913
warmup-time = 49.068342208862305
all-measurements = [ 41.061227560043335, 41.44654607772827, 40.96805715560913,]
