best-result = 135.62029671669006
warmup-time = 158.42698764801025
all-measurements = [ 135.94812488555908, 135.75668573379517, 135.62029671669006,]
