best-result = 921.1278357505798
warmup-time = 960.8319358825684
all-measurements = [ 926.1855721473694, 921.1278357505798, 921.4024879932404,]
