best-result = 28.29863476753235
warmup-time = 36.23429203033447
all-measurements = [ 28.66530466079712, 28.40705132484436, 28.29863476753235,]
