best-result = 59.07166314125061
warmup-time = 72.42129182815552
all-measurements = [ 59.07166314125061, 59.44815230369568, 59.40261721611023,]
