best-result = 60.39651870727539
warmup-time = 74.882000207901
all-measurements = [ 60.39651870727539, 60.96031475067139, 60.80155086517334,]
