best-result = 110.31011605262756
warmup-time = 137.64715671539307
all-measurements = [ 110.64826345443726, 110.31011605262756, 110.95224189758301,]
