best-result = 768.6686577796936
warmup-time = 831.3161399364471
all-measurements = [ 768.6686577796936, 771.0504279136658, 769.5152752399445,]
