best-result = 34.67147159576416
warmup-time = 42.513235330581665
all-measurements = [ 34.67147159576416, 35.33588457107544, 34.68877053260803,]
