best-result = 55.69560956954956
warmup-time = 72.22981333732605
all-measurements = [ 55.69560956954956, 56.26557445526123, 55.917762756347656,]
