best-result = 2319.6004395484924
warmup-time = 3160.5317738056183
all-measurements = [ 2319.6004395484924, 2782.283544778824, 2383.366752386093,]
