best-result = 49.39032340049744
warmup-time = 70.21738290786743
all-measurements = [ 49.460915327072144, 49.39032340049744, 49.92550873756409,]
