best-result = 83.15147495269775
warmup-time = 102.35290670394897
all-measurements = [ 83.44834232330322, 83.49389481544495, 83.15147495269775,]
