best-result = 93.98928308486938
warmup-time = 117.19115209579468
all-measurements = [ 94.61938643455505, 93.98928308486938, 94.46048951148987,]
