best-result = 38.06426525115967
warmup-time = 47.4521586894989
all-measurements = [ 38.47686147689819, 38.743849992752075, 38.06426525115967,]
