best-result = 308.9955849647522
warmup-time = 453.7862641811371
all-measurements = [ 309.4664158821106, 308.9955849647522, 310.22177147865295,]
