best-result = 60.19028091430664
warmup-time = 61.302679777145386
all-measurements = [ 60.19028091430664, 61.4317901134491, 60.444364070892334,]
