best-result = 26.9276442527771
warmup-time = 26.996450662612915
all-measurements = [ 28.04525351524353, 26.9276442527771, 26.975743532180786,]
