best-result = 40.30292534828186
warmup-time = 42.548399448394775
all-measurements = [ 40.30292534828186, 40.938673973083496, 41.88740086555481,]
