best-result = 34.13858962059021
warmup-time = 34.20992994308472
all-measurements = [ 35.48080062866211, 34.13858962059021, 34.25736403465271,]
