best-result = 285.6602258682251
warmup-time = 292.2659652233124
all-measurements = [ 289.89751291275024, 287.8788616657257, 285.6602258682251,]
