best-result = 37.877601146698
warmup-time = 38.74668502807617
all-measurements = [ 38.40562033653259, 37.877601146698, 38.63928532600403,]
