best-result = 45.55550956726074
warmup-time = 45.358418226242065
all-measurements = [ 46.16507863998413, 45.55550956726074, 45.98205637931824,]
