best-result = 53.39284062385559
warmup-time = 52.90260338783264
all-measurements = [ 54.0405650138855, 53.39284062385559, 55.47194051742554,]
