best-result = 36.85096549987793
warmup-time = 37.240692138671875
all-measurements = [ 36.85096549987793, 36.8558464050293, 37.48966193199158,]
