best-result = 41.242807149887085
warmup-time = 41.28633785247803
all-measurements = [ 41.316158056259155, 41.242807149887085, 41.27934956550598,]
