best-result = 62.73901915550232
warmup-time = 64.7285406589508
all-measurements = [ 62.73901915550232, 63.4615478515625, 63.32667350769043,]
