best-result = 256.6039869785309
warmup-time = 259.12793016433716
all-measurements = [ 258.30184388160706, 258.8172707557678, 256.6039869785309,]
