best-result = 596.0182440280914
warmup-time = 600.696573972702
all-measurements = [ 598.7947797775269, 596.0182440280914, 597.9535074234009,]
