best-result = 38.88817834854126
warmup-time = 39.487128257751465
all-measurements = [ 40.2872953414917, 38.88817834854126, 39.23532819747925,]
