best-result = 68.94361543655396
warmup-time = 70.10035443305969
all-measurements = [ 68.94361543655396, 69.23701596260071, 69.57989716529846,]
