best-result = 29.372940063476562
warmup-time = 29.062215566635132
all-measurements = [ 30.032926559448242, 29.372940063476562, 30.719477891921997,]
