best-result = 34.9275267124176
warmup-time = 35.60404658317566
all-measurements = [ 35.16473746299744, 34.9275267124176, 35.431854009628296,]
