best-result = 46.27384042739868
warmup-time = 48.349430084228516
all-measurements = [ 46.27384042739868, 47.390883445739746, 47.18804430961609,]
