best-result = 107.09524750709534
warmup-time = 106.87045812606812
all-measurements = [ 108.35049510002136, 107.09524750709534, 109.63740873336792,]
