best-result = 30.816990613937378
warmup-time = 30.029857635498047
all-measurements = [ 30.816990613937378, 31.94272208213806, 30.86068081855774,]
