best-result = 36.3206627368927
warmup-time = 36.777852296829224
all-measurements = [ 37.183531522750854, 36.7652702331543, 36.3206627368927,]
