best-result = 42.54725933074951
warmup-time = 43.0317587852478
all-measurements = [ 42.54725933074951, 44.011141300201416, 43.2304744720459,]
