best-result = 46.24222803115845
warmup-time = 47.231549978256226
all-measurements = [ 48.17749857902527, 46.24222803115845, 48.882858991622925,]
