best-result = 29.12652015686035
warmup-time = 30.27697253227234
all-measurements = [ 31.128125429153442, 30.412556171417236, 29.12652015686035,]
