best-result = 748.915685415268
warmup-time = 754.9731006622314
all-measurements = [ 749.4862694740295, 748.915685415268, 750.746603012085,]
