best-result = 196.24556255340576
warmup-time = 198.09521055221558
all-measurements = [ 201.99774265289307, 198.83911323547363, 196.24556255340576,]
