best-result = 46.70725440979004
warmup-time = 48.20447063446045
all-measurements = [ 48.62261939048767, 48.446346044540405, 46.70725440979004,]
