best-result = 23.25525164604187
warmup-time = 23.89938259124756
all-measurements = [ 23.69184422492981, 23.589720726013184, 23.25525164604187,]
