best-result = 47.83235311508179
warmup-time = 64.157794713974
all-measurements = [ 47.97961115837097, 47.83235311508179, 47.922971963882446,]
