best-result = 47.674947023391724
warmup-time = 59.12457323074341
all-measurements = [ 48.60200619697571, 47.826087951660156, 47.674947023391724,]
