best-result = 902.6821019649506
warmup-time = 1065.322343826294
all-measurements = [ 913.9469256401062, 905.3780250549316, 902.6821019649506,]
