best-result = 85.1716034412384
warmup-time = 98.84084296226501
all-measurements = [ 85.37632036209106, 85.61714959144592, 85.1716034412384,]
