best-result = 865.4055051803589
warmup-time = 913.3748683929443
all-measurements = [ 865.4055051803589, 880.3318822383881, 885.7928040027618,]
