best-result = 67.24434566497803
warmup-time = 81.82947182655334
all-measurements = [ 67.59345889091492, 68.47131657600403, 67.24434566497803,]
