best-result = 85.63764882087708
warmup-time = 106.95143008232117
all-measurements = [ 85.63764882087708, 86.09143567085266, 85.70222163200378,]
