best-result = 69.68806910514832
warmup-time = 89.30833721160889
all-measurements = [ 69.68806910514832, 70.16369605064392, 69.69027018547058,]
