best-result = 88.27099514007568
warmup-time = 102.52989912033081
all-measurements = [ 88.27099514007568, 91.45797729492188, 104.34685778617859,]
