best-result = 655.0951578617096
warmup-time = 675.924081325531
all-measurements = [ 658.4110083580017, 661.1350002288818, 655.0951578617096,]
