best-result = 64.38858652114868
warmup-time = 80.54487228393555
all-measurements = [ 64.87304377555847, 64.66505408287048, 64.38858652114868,]
