best-result = 191.68716883659363
warmup-time = 341.85453844070435
all-measurements = [ 193.26887202262878, 193.130145072937, 191.68716883659363,]
