best-result = 391.71728229522705
warmup-time = 823.9738698005676
all-measurements = [ 393.6162939071655, 397.2421786785126, 391.71728229522705,]
