best-result = 63.83418035507202
warmup-time = 79.7399206161499
all-measurements = [ 64.47794246673584, 63.83418035507202, 64.07880139350891,]
