best-result = 41.57531404495239
warmup-time = 49.617531299591064
all-measurements = [ 42.470813274383545, 41.57531404495239, 41.745638608932495,]
