best-result = 137.12125897407532
warmup-time = 168.75261998176575
all-measurements = [ 137.96361875534058, 137.12125897407532, 137.86609959602356,]
