best-result = 949.9623384475708
warmup-time = 993.5116708278656
all-measurements = [ 949.9623384475708, 957.9385962486267, 959.2385034561157,]
