best-result = 28.594431400299072
warmup-time = 36.53003787994385
all-measurements = [ 28.594431400299072, 28.76331067085266, 28.983789682388306,]
