best-result = 60.72852826118469
warmup-time = 73.51687812805176
all-measurements = [ 61.82318592071533, 61.10703945159912, 60.72852826118469,]
