best-result = 60.12320423126221
warmup-time = 74.21560978889465
all-measurements = [ 60.12320423126221, 60.15379881858826, 61.48420190811157,]
