best-result = 110.10644173622131
warmup-time = 138.57559394836426
all-measurements = [ 110.10644173622131, 111.02809143066406, 110.89156198501587,]
