best-result = 782.5878269672394
warmup-time = 850.5933570861816
all-measurements = [ 784.3091435432434, 782.5878269672394, 785.6338186264038,]
