best-result = 34.70358109474182
warmup-time = 43.520341634750366
all-measurements = [ 35.300413846969604, 34.70358109474182, 35.32244873046875,]
