best-result = 56.8715238571167
warmup-time = 70.89226913452148
all-measurements = [ 56.8715238571167, 57.64690160751343, 57.90839171409607,]
