best-result = 2315.7265188694
warmup-time = 4208.471657037735
all-measurements = [ 2856.3612790107727, 2853.8107039928436, 2315.7265188694,]
