best-result = 50.646453619003296
warmup-time = 70.44088578224182
all-measurements = [ 50.94978141784668, 50.646453619003296, 50.923667907714844,]
