best-result = 84.19649720191956
warmup-time = 99.48447394371033
all-measurements = [ 84.19649720191956, 84.28549981117249, 84.30818510055542,]
