best-result = 94.53652024269104
warmup-time = 116.28996586799622
all-measurements = [ 94.53652024269104, 94.6899619102478, 100.54966163635254,]
