best-result = 38.61829352378845
warmup-time = 56.95434021949768
all-measurements = [ 42.78045320510864, 39.50023674964905, 38.61829352378845,]
