best-result = 317.51996970176697
warmup-time = 455.3406894207001
all-measurements = [ 333.5049502849579, 327.33009576797485, 317.51996970176697,]
