best-result = 61.10690426826477
warmup-time = 62.70434355735779
all-measurements = [ 61.907859802246094, 61.10690426826477, 61.32117509841919,]
