best-result = 25.724509477615356
warmup-time = 26.417071104049683
all-measurements = [ 25.772161722183228, 25.724509477615356, 26.759060382843018,]
