best-result = 37.057151556015015
warmup-time = 38.68953251838684
all-measurements = [ 37.057151556015015, 37.98519563674927, 38.299941301345825,]
