best-result = 30.76305866241455
warmup-time = 32.048474073410034
all-measurements = [ 31.99664568901062, 30.76305866241455, 31.233493089675903,]
