best-result = 263.3362572193146
warmup-time = 274.42744493484497
all-measurements = [ 265.60491466522217, 263.8785448074341, 263.3362572193146,]
