best-result = 35.54937744140625
warmup-time = 37.22779560089111
all-measurements = [ 35.92556095123291, 38.39237570762634, 35.54937744140625,]
