best-result = 112.19809603691101
warmup-time = 115.01251459121704
all-measurements = [ 112.21518731117249, 112.19809603691101, 113.14686632156372,]
