best-result = 39.58829069137573
warmup-time = 41.286582708358765
all-measurements = [ 39.58829069137573, 41.18929600715637, 41.38468360900879,]
