best-result = 47.12481117248535
warmup-time = 49.29072451591492
all-measurements = [ 49.54447054862976, 48.85005736351013, 47.12481117248535,]
