best-result = 32.825029373168945
warmup-time = 34.693623304367065
all-measurements = [ 33.848822355270386, 32.825029373168945, 33.34726428985596,]
