best-result = 37.059964656829834
warmup-time = 36.973865270614624
all-measurements = [ 37.059964656829834, 37.12512254714966, 37.190433979034424,]
