best-result = 62.81161689758301
warmup-time = 65.32223272323608
all-measurements = [ 63.03641152381897, 62.81161689758301, 63.56269836425781,]
