best-result = 228.59501671791077
warmup-time = 230.83421754837036
all-measurements = [ 229.04616260528564, 230.51721596717834, 228.59501671791077,]
