best-result = 525.8545186519623
warmup-time = 526.485429763794
all-measurements = [ 525.8545186519623, 527.0025153160095, 525.9574732780457,]
