best-result = 36.17406868934631
warmup-time = 39.355266094207764
all-measurements = [ 38.625993490219116, 36.17406868934631, 37.92814373970032,]
