best-result = 28.899243354797363
warmup-time = 28.67798376083374
all-measurements = [ 29.152091026306152, 29.410534143447876, 28.899243354797363,]
