best-result = 73.27382969856262
warmup-time = 77.65513443946838
all-measurements = [ 73.27382969856262, 80.93226099014282, 75.9443883895874,]
