best-result = 61.135998010635376
warmup-time = 64.8277518749237
all-measurements = [ 61.135998010635376, 61.71133804321289, 62.54692077636719,]
