best-result = 27.665278673171997
warmup-time = 28.446091890335083
all-measurements = [ 27.698769092559814, 27.665278673171997, 28.044254302978516,]
