best-result = 32.24486494064331
warmup-time = 35.70063066482544
all-measurements = [ 35.70391893386841, 35.35592174530029, 32.24486494064331,]
