best-result = 32.343663692474365
warmup-time = 34.11140990257263
all-measurements = [ 33.34629511833191, 32.343663692474365, 34.84495544433594,]
