best-result = 43.17072892189026
warmup-time = 43.30983376502991
all-measurements = [ 43.17072892189026, 43.25809097290039, 43.30114459991455,]
