best-result = 95.68060159683228
warmup-time = 99.35760545730591
all-measurements = [ 95.68060159683228, 97.60624742507935, 97.10651278495789,]
