best-result = 28.108938455581665
warmup-time = 30.165582418441772
all-measurements = [ 28.108938455581665, 28.54276442527771, 28.748117685317993,]
