best-result = 34.63370966911316
warmup-time = 35.62176012992859
all-measurements = [ 36.057111501693726, 34.63370966911316, 35.337034940719604,]
