best-result = 86.74507021903992
warmup-time = 89.86801362037659
all-measurements = [ 86.74507021903992, 88.02332544326782, 99.83446407318115,]
