best-result = 37.31333351135254
warmup-time = 40.16979670524597
all-measurements = [ 39.57248830795288, 37.31333351135254, 39.25796604156494,]
