best-result = 43.3923122882843
warmup-time = 41.863227128982544
all-measurements = [ 44.27143931388855, 44.107675313949585, 43.3923122882843,]
