best-result = 28.855523109436035
warmup-time = 28.950554609298706
all-measurements = [ 28.855523109436035, 28.96144723892212, 28.926543951034546,]
