best-result = 692.2912764549255
warmup-time = 735.5794796943665
all-measurements = [ 699.47922539711, 692.2912764549255, 695.2000806331635,]
