best-result = 177.62223291397095
warmup-time = 175.95332384109497
all-measurements = [ 178.02437829971313, 177.62223291397095, 179.2482888698578,]
