best-result = 55.31991219520569
warmup-time = 64.76562762260437
all-measurements = [ 71.08704733848572, 67.01677012443542, 55.31991219520569,]
