best-result = 25.94522476196289
warmup-time = 26.382460594177246
all-measurements = [ 26.211958646774292, 25.94522476196289, 26.080352544784546,]
