best-result = 38.89650344848633
warmup-time = 39.673319578170776
all-measurements = [ 39.21790170669556, 38.948344707489014, 38.89650344848633,]
