best-result = 30.147595405578613
warmup-time = 31.160207986831665
all-measurements = [ 31.300322771072388, 31.061370372772217, 30.147595405578613,]
