best-result = 259.3445978164673
warmup-time = 262.42171931266785
all-measurements = [ 260.7405016422272, 259.86383152008057, 259.3445978164673,]
