best-result = 35.71007490158081
warmup-time = 36.98637890815735
all-measurements = [ 36.19119167327881, 35.925843477249146, 35.71007490158081,]
