best-result = 117.62268567085266
warmup-time = 119.6027946472168
all-measurements = [ 118.2898485660553, 119.56315779685974, 117.62268567085266,]
