best-result = 40.27463412284851
warmup-time = 40.87781834602356
all-measurements = [ 41.69656538963318, 40.97497534751892, 40.27463412284851,]
