best-result = 48.46162033081055
warmup-time = 48.14622354507446
all-measurements = [ 49.998305797576904, 48.46162033081055, 49.27469539642334,]
