best-result = 33.79758882522583
warmup-time = 33.8971049785614
all-measurements = [ 34.076337575912476, 33.79758882522583, 34.07053780555725,]
