best-result = 36.85943651199341
warmup-time = 37.6113977432251
all-measurements = [ 37.11007237434387, 36.85943651199341, 37.62735319137573,]
