best-result = 58.48600673675537
warmup-time = 61.00589966773987
all-measurements = [ 62.89500045776367, 61.202717304229736, 58.48600673675537,]
