best-result = 225.85558199882507
warmup-time = 228.25166940689087
all-measurements = [ 226.44664239883423, 225.85558199882507, 227.51936841011047,]
