best-result = 513.971818447113
warmup-time = 535.4208219051361
all-measurements = [ 523.2629191875458, 513.971818447113, 516.9759225845337,]
