best-result = 35.19332838058472
warmup-time = 34.934608459472656
all-measurements = [ 37.328502893447876, 35.19332838058472, 36.37970805168152,]
