best-result = 28.985297679901123
warmup-time = 29.37546944618225
all-measurements = [ 29.46055579185486, 28.985297679901123, 29.374958276748657,]
