best-result = 75.73428106307983
warmup-time = 76.22718048095703
all-measurements = [ 79.2170844078064, 75.73428106307983, 77.4603762626648,]
