best-result = 61.07031273841858
warmup-time = 61.53155589103699
all-measurements = [ 62.90623664855957, 61.535855531692505, 61.07031273841858,]
