best-result = 29.656139373779297
warmup-time = 28.372259378433228
all-measurements = [ 29.656139373779297, 30.385014295578003, 29.753142833709717,]
