best-result = 32.75761580467224
warmup-time = 35.44527530670166
all-measurements = [ 35.49972438812256, 32.75761580467224, 34.98229670524597,]
