best-result = 33.277114152908325
warmup-time = 34.57307720184326
all-measurements = [ 35.88122844696045, 34.691689252853394, 33.277114152908325,]
