best-result = 42.55154371261597
warmup-time = 45.11148405075073
all-measurements = [ 43.49436807632446, 42.55154371261597, 42.880881786346436,]
