best-result = 95.4528260231018
warmup-time = 97.62918639183044
all-measurements = [ 95.82359457015991, 95.4528260231018, 97.19827008247375,]
