best-result = 27.986599922180176
warmup-time = 30.022502660751343
all-measurements = [ 28.655596256256104, 27.986599922180176, 30.162025451660156,]
