best-result = 34.91462445259094
warmup-time = 35.51100158691406
all-measurements = [ 35.45108079910278, 35.749563694000244, 34.91462445259094,]
