best-result = 85.8840925693512
warmup-time = 91.61587715148926
all-measurements = [ 85.8840925693512, 91.73523879051208, 88.38137578964233,]
