best-result = 39.841206073760986
warmup-time = 40.229313135147095
all-measurements = [ 39.841206073760986, 40.52195858955383, 40.04792642593384,]
