best-result = 43.347928047180176
warmup-time = 46.013644218444824
all-measurements = [ 46.699609994888306, 43.347928047180176, 46.58816719055176,]
