best-result = 28.000909090042114
warmup-time = 28.817872047424316
all-measurements = [ 28.761892318725586, 28.42679190635681, 28.000909090042114,]
