best-result = 651.3091244697571
warmup-time = 710.4771161079407
all-measurements = [ 660.3691182136536, 651.3091244697571, 664.2552025318146,]
