best-result = 170.0059142112732
warmup-time = 175.18216252326965
all-measurements = [ 170.0059142112732, 174.86555099487305, 171.92263412475586,]
