best-result = 65.27108359336853
warmup-time = 69.13992762565613
all-measurements = [ 65.77078580856323, 65.9312310218811, 65.27108359336853,]
