best-result = 23.383956909179688
warmup-time = 23.539857625961304
all-measurements = [ 23.383956909179688, 23.41399383544922, 23.450876235961914,]
