best-result = 46.88775706291199
warmup-time = 65.39716172218323
all-measurements = [ 46.975181102752686, 46.88775706291199, 47.434170961380005,]
