best-result = 47.12590026855469
warmup-time = 59.203027963638306
all-measurements = [ 47.12590026855469, 47.31213140487671, 47.37756323814392,]
