best-result = 901.9920692443848
warmup-time = 1114.0131380558014
all-measurements = [ 904.5645685195923, 903.8669202327728, 901.9920692443848,]
