best-result = 86.14011740684509
warmup-time = 99.75341939926147
all-measurements = [ 86.69336366653442, 86.14011740684509, 86.38181614875793,]
