best-result = 988.96426820755
warmup-time = 1022.1487553119659
all-measurements = [ 989.4231634140015, 992.5271158218384, 988.96426820755,]
