best-result = 83.96436309814453
warmup-time = 104.36366558074951
all-measurements = [ 83.96436309814453, 84.05421662330627, 84.13081097602844,]
