best-result = 68.14751648902893
warmup-time = 88.01216220855713
all-measurements = [ 68.65586280822754, 68.14751648902893, 68.63616132736206,]
