best-result = 92.56698989868164
warmup-time = 106.61279463768005
all-measurements = [ 92.56698989868164, 92.81522297859192, 93.3864197731018,]
