best-result = 646.6921215057373
warmup-time = 666.2292296886444
all-measurements = [ 646.6921215057373, 650.0228667259216, 650.1936712265015,]
