best-result = 61.877219438552856
warmup-time = 79.14313912391663
all-measurements = [ 62.99485921859741, 61.877219438552856, 62.43072152137756,]
