best-result = 206.2292377948761
warmup-time = 364.49763536453247
all-measurements = [ 208.67827987670898, 206.2292377948761, 207.5935513973236,]
