best-result = 388.48556900024414
warmup-time = 826.8553330898285
all-measurements = [ 389.4590485095978, 389.0200026035309, 388.48556900024414,]
