best-result = 63.21080660820007
warmup-time = 77.11469626426697
all-measurements = [ 63.21080660820007, 63.5415563583374, 63.89135026931763,]
