best-result = 40.60929536819458
warmup-time = 48.66426610946655
all-measurements = [ 40.92051959037781, 40.60929536819458, 41.03353404998779,]
