best-result = 134.80700016021729
warmup-time = 165.18582367897034
all-measurements = [ 135.39485788345337, 134.80700016021729, 134.98475623130798,]
