best-result = 917.6953036785126
warmup-time = 950.7670466899872
all-measurements = [ 946.4957070350647, 919.8253002166748, 917.6953036785126,]
