best-result = 28.14253067970276
warmup-time = 37.2927610874176
all-measurements = [ 28.14253067970276, 28.40590238571167, 29.028313636779785,]
