best-result = 57.407551527023315
warmup-time = 70.64524555206299
all-measurements = [ 57.74668860435486, 57.55967998504639, 57.407551527023315,]
