best-result = 60.30025887489319
warmup-time = 74.2400951385498
all-measurements = [ 60.56679439544678, 60.30025887489319, 61.08799982070923,]
