best-result = 110.43600463867188
warmup-time = 137.61173033714294
all-measurements = [ 110.80569386482239, 110.77431273460388, 110.43600463867188,]
