best-result = 772.4237599372864
warmup-time = 840.4733326435089
all-measurements = [ 772.4237599372864, 781.8358938694, 774.6025564670563,]
