best-result = 34.02529335021973
warmup-time = 41.53587055206299
all-measurements = [ 34.92967128753662, 34.02529335021973, 34.264838457107544,]
