best-result = 55.8410747051239
warmup-time = 72.86582612991333
all-measurements = [ 56.53598690032959, 55.8410747051239, 56.16562461853027,]
