best-result = 1965.2281503677368
warmup-time = 1452.161269903183
all-measurements = [ 1965.2281503677368, 2138.5569248199463, 2297.0096991062164,]
