best-result = 48.63360929489136
warmup-time = 70.7763180732727
all-measurements = [ 48.63360929489136, 49.413973331451416, 48.999685764312744,]
