best-result = 82.72675061225891
warmup-time = 100.71056175231934
all-measurements = [ 82.72675061225891, 83.02133011817932, 83.0285952091217,]
