best-result = 38.10621905326843
warmup-time = 46.63244414329529
all-measurements = [ 38.54395031929016, 38.12703561782837, 38.10621905326843,]
