best-result = 332.1124382019043
warmup-time = 480.52439737319946
all-measurements = [ 332.1124382019043, 335.3257386684418, 337.5803258419037,]
