best-result = 59.24848818778992
warmup-time = 59.83128619194031
all-measurements = [ 59.24848818778992, 59.407673358917236, 59.83666658401489,]
