best-result = 22.678255081176758
warmup-time = 22.91445541381836
all-measurements = [ 23.10491180419922, 22.678255081176758, 22.860875129699707,]
