best-result = 46.28400206565857
warmup-time = 60.43765568733215
all-measurements = [ 46.78653573989868, 46.28400206565857, 46.5336275100708,]
