best-result = 45.91133165359497
warmup-time = 57.011186599731445
all-measurements = [ 45.91133165359497, 46.16464567184448, 46.21351099014282,]
