best-result = 900.454528093338
warmup-time = 1088.3715114593506
all-measurements = [ 900.454528093338, 908.3586254119873, 930.1206431388855,]
