best-result = 84.29979825019836
warmup-time = 99.83773183822632
all-measurements = [ 84.39069771766663, 84.29979825019836, 84.52164006233215,]
