best-result = 981.016167640686
warmup-time = 1004.6789379119873
all-measurements = [ 981.9647881984711, 985.9844212532043, 981.016167640686,]
