best-result = 81.66365337371826
warmup-time = 103.28316593170166
all-measurements = [ 81.66365337371826, 82.21897673606873, 81.99622535705566,]
