best-result = 67.34104013442993
warmup-time = 85.72626543045044
all-measurements = [ 67.34104013442993, 67.60112357139587, 67.72903513908386,]
