best-result = 91.09002614021301
warmup-time = 105.74746751785278
all-measurements = [ 91.65375399589539, 91.09002614021301, 92.03272843360901,]
