best-result = 643.0048079490662
warmup-time = 657.4292049407959
all-measurements = [ 643.0048079490662, 644.5421447753906, 645.8930079936981,]
