best-result = 61.62776446342468
warmup-time = 75.99534845352173
all-measurements = [ 61.9849956035614, 61.62776446342468, 61.94730472564697,]
