best-result = 206.81931495666504
warmup-time = 357.2246935367584
all-measurements = [ 206.81931495666504, 207.29884552955627, 208.78933882713318,]
