best-result = 421.7189722061157
warmup-time = 864.2039105892181
all-measurements = [ 445.5112063884735, 421.7189722061157, 427.03639459609985,]
