best-result = 61.93034029006958
warmup-time = 78.1729154586792
all-measurements = [ 61.93034029006958, 62.35581874847412, 62.54469037055969,]
