best-result = 39.614956855773926
warmup-time = 48.2602117061615
all-measurements = [ 40.08617353439331, 39.93310761451721, 39.614956855773926,]
