best-result = 131.7509961128235
warmup-time = 157.9994125366211
all-measurements = [ 132.93360209465027, 131.7509961128235, 133.55501317977905,]
