best-result = 892.4238562583923
warmup-time = 921.7721972465515
all-measurements = [ 892.4238562583923, 901.9575018882751, 896.3024365901947,]
