best-result = 27.305118799209595
warmup-time = 36.222671031951904
all-measurements = [ 27.6304612159729, 27.305118799209595, 27.576671838760376,]
