best-result = 57.07110834121704
warmup-time = 70.53127002716064
all-measurements = [ 57.11100673675537, 57.42219138145447, 57.07110834121704,]
