best-result = 59.25492334365845
warmup-time = 74.0348105430603
all-measurements = [ 60.32406568527222, 59.948688983917236, 59.25492334365845,]
