best-result = 109.20767951011658
warmup-time = 135.26393032073975
all-measurements = [ 109.95322680473328, 109.20767951011658, 109.24657845497131,]
