best-result = 769.7620272636414
warmup-time = 843.0578956604004
all-measurements = [ 772.2857642173767, 769.7620272636414, 774.9207153320312,]
