best-result = 33.78214716911316
warmup-time = 44.06238389015198
all-measurements = [ 34.23517394065857, 33.78214716911316, 33.996617555618286,]
