best-result = 54.753350019454956
warmup-time = 71.03024911880493
all-measurements = [ 55.044543504714966, 54.903942584991455, 54.753350019454956,]
