best-result = 1376.1967449188232
warmup-time = 1584.4975035190582
all-measurements = [ 1966.7053287029266, 1376.1967449188232, 1553.1841628551483,]
