best-result = 47.94677424430847
warmup-time = 68.73392415046692
all-measurements = [ 47.94677424430847, 48.05207085609436, 48.65187335014343,]
