best-result = 77.84483909606934
warmup-time = 96.6528890132904
all-measurements = [ 78.16549277305603, 78.52392768859863, 77.84483909606934,]
