best-result = 36.69859194755554
warmup-time = 46.17712140083313
all-measurements = [ 36.745524883270264, 36.898847818374634, 36.69859194755554,]
