best-result = 335.10551476478577
warmup-time = 469.98759603500366
all-measurements = [ 335.10551476478577, 342.46736788749695, 344.96141839027405,]
