best-result = 58.291260957717896
warmup-time = 58.95424270629883
all-measurements = [ 58.92365384101868, 58.54826021194458, 58.291260957717896,]
