best-result = 22.227471351623535
warmup-time = 22.8838849067688
all-measurements = [ 22.574204206466675, 22.365978479385376, 22.227471351623535,]
