best-result = 46.27186989784241
warmup-time = 63.54581904411316
all-measurements = [ 46.674986600875854, 46.27186989784241, 47.05622982978821,]
