best-result = 46.26084280014038
warmup-time = 58.844080209732056
all-measurements = [ 46.56363606452942, 46.700321435928345, 46.26084280014038,]
