best-result = 931.8313705921173
warmup-time = 1131.9082810878754
all-measurements = [ 931.8313705921173, 936.0885720252991, 932.7077708244324,]
