best-result = 84.4395489692688
warmup-time = 100.41300129890442
all-measurements = [ 84.55537033081055, 84.4395489692688, 85.7218885421753,]
