best-result = 82.04288744926453
warmup-time = 103.31835460662842
all-measurements = [ 82.04288744926453, 82.740318775177, 82.42770957946777,]
