best-result = 70.02723431587219
warmup-time = 91.4064793586731
all-measurements = [ 70.02723431587219, 70.64966583251953, 70.61809873580933,]
