best-result = 90.99015879631042
warmup-time = 105.03776788711548
all-measurements = [ 91.49159860610962, 91.01767754554749, 90.99015879631042,]
