best-result = 642.9655854701996
warmup-time = 660.4338376522064
all-measurements = [ 679.1758830547333, 642.9655854701996, 645.8257253170013,]
