best-result = 65.38756585121155
warmup-time = 79.06248354911804
all-measurements = [ 66.21778416633606, 66.37821936607361, 65.38756585121155,]
