best-result = 219.257630109787
warmup-time = 366.77327013015747
all-measurements = [ 222.95961332321167, 221.2022626399994, 219.257630109787,]
