best-result = 442.444486618042
warmup-time = 877.3420491218567
all-measurements = [ 442.6568729877472, 445.6562719345093, 442.444486618042,]
