best-result = 61.49993562698364
warmup-time = 78.84517216682434
all-measurements = [ 61.49993562698364, 61.76897883415222, 61.624616622924805,]
