best-result = 143.34176754951477
warmup-time = 179.05380535125732
all-measurements = [ 144.35160040855408, 143.37427043914795, 143.34176754951477,]
