best-result = 896.6608338356018
warmup-time = 926.4090840816498
all-measurements = [ 896.6608338356018, 897.1969468593597, 899.7836081981659,]
