best-result = 27.407371282577515
warmup-time = 35.9091854095459
all-measurements = [ 27.407371282577515, 27.677955150604248, 27.43624997138977,]
