best-result = 60.5624053478241
warmup-time = 74.46532988548279
all-measurements = [ 61.479191064834595, 60.88730049133301, 60.5624053478241,]
