best-result = 59.064802408218384
warmup-time = 72.49187183380127
all-measurements = [ 59.22559905052185, 59.064802408218384, 59.66568040847778,]
