best-result = 111.01016926765442
warmup-time = 138.00537085533142
all-measurements = [ 112.0696918964386, 112.1305673122406, 111.01016926765442,]
