best-result = 789.4907264709473
warmup-time = 856.4183924198151
all-measurements = [ 789.4907264709473, 790.0244946479797, 790.7799301147461,]
