best-result = 33.3751745223999
warmup-time = 42.65250372886658
all-measurements = [ 33.37597608566284, 33.3751745223999, 33.803741693496704,]
