best-result = 54.669402837753296
warmup-time = 71.60585689544678
all-measurements = [ 55.23754382133484, 54.86662554740906, 54.669402837753296,]
