best-result = 1785.4370489120483
warmup-time = 2675.258213996887
all-measurements = [ 2896.064307451248, 2446.113570690155, 1785.4370489120483,]
