best-result = 49.39905023574829
warmup-time = 72.20918989181519
all-measurements = [ 49.39905023574829, 49.58839201927185, 50.21165585517883,]
