best-result = 77.99515628814697
warmup-time = 98.11409378051758
all-measurements = [ 78.77336359024048, 77.99515628814697, 79.19280529022217,]
