best-result = 36.53328728675842
warmup-time = 46.10405874252319
all-measurements = [ 36.53328728675842, 36.585057497024536, 36.81037449836731,]
