best-result = 344.13233947753906
warmup-time = 479.8929400444031
all-measurements = [ 354.5099997520447, 347.89833545684814, 344.13233947753906,]
