best-result = 59.687260150909424
warmup-time = 60.54104971885681
all-measurements = [ 59.687260150909424, 60.35924315452576, 59.716907262802124,]
