best-result = 22.76987600326538
warmup-time = 24.97894787788391
all-measurements = [ 23.216676950454712, 23.014843702316284, 22.76987600326538,]
memory-traffic = 270
