best-result = 47.3361554145813
warmup-time = 65.70666933059692
all-measurements = [ 47.6654098033905, 47.60308861732483, 47.3361554145813,]
memory-traffic = 3712
