best-result = 46.50212836265564
warmup-time = 61.24983358383179
all-measurements = [ 47.056357622146606, 47.3268666267395, 46.50212836265564,]
memory-traffic = 3333
