best-result = 940.5575158596039
warmup-time = 1150.0735177993774
all-measurements = [ 956.0034017562866, 940.5575158596039, 968.5582985877991,]
