best-result = 84.04308271408081
warmup-time = 100.48031210899353
all-measurements = [ 84.04308271408081, 84.29785966873169, 84.09064555168152,]
memory-traffic = 7290
