best-result = 80.88482689857483
warmup-time = 102.89689517021179
all-measurements = [ 81.44204211235046, 80.88482689857483, 80.91820311546326,]
memory-traffic = 6209
