best-result = 69.92168283462524
warmup-time = 95.65928721427917
all-measurements = [ 69.92168283462524, 70.42106437683105, 70.48556709289551,]
memory-traffic = 6051
