best-result = 87.94586515426636
warmup-time = 104.63724946975708
all-measurements = [ 88.35046720504761, 89.21362566947937, 87.94586515426636,]
memory-traffic = 7659
