best-result = 611.6720216274261
warmup-time = 631.6122353076935
all-measurements = [ 616.9631812572479, 611.6720216274261, 617.2451181411743,]
memory-traffic = 56229
