best-result = 63.001091957092285
warmup-time = 79.09552025794983
all-measurements = [ 64.11134624481201, 64.64121222496033, 63.001091957092285,]
memory-traffic = 3624
