best-result = 222.1683166027069
warmup-time = 378.8036413192749
all-measurements = [ 223.55424165725708, 222.39518308639526, 222.1683166027069,]
memory-traffic = 17551
