best-result = 441.02671098709106
warmup-time = 913.0058720111847
all-measurements = [ 442.7788739204407, 446.4087882041931, 441.02671098709106,]
memory-traffic = 26284
