best-result = 61.41650414466858
warmup-time = 78.09594964981079
all-measurements = [ 61.853055238723755, 61.41650414466858, 61.863094091415405,]
memory-traffic = 3703
