best-result = 848.9284474849701
warmup-time = 890.3614971637726
all-measurements = [ 855.3624520301819, 848.9284474849701, 862.0058288574219,]
memory-traffic = 99542
