best-result = 27.158900260925293
warmup-time = 36.96520781517029
all-measurements = [ 27.44965958595276, 27.158900260925293, 27.44907855987549,]
memory-traffic = 792
