best-result = 57.81576490402222
warmup-time = 70.53199863433838
all-measurements = [ 57.81576490402222, 58.14106583595276, 58.16986656188965,]
memory-traffic = 3990
