best-result = 58.42655944824219
warmup-time = 74.29570937156677
all-measurements = [ 59.24993085861206, 58.76667881011963, 58.42655944824219,]
memory-traffic = 3240
