best-result = 108.46914553642273
warmup-time = 139.21943640708923
all-measurements = [ 109.79996037483215, 110.25400161743164, 108.46914553642273,]
memory-traffic = 10432
