best-result = 776.0638606548309
warmup-time = 840.5862877368927
all-measurements = [ 776.0638606548309, 776.5256359577179, 777.7647562026978,]
memory-traffic = 68729
