best-result = 33.63568663597107
warmup-time = 43.387290477752686
all-measurements = [ 33.903817653656006, 34.27163767814636, 33.63568663597107,]
memory-traffic = 1312
