best-result = 53.701271772384644
warmup-time = 70.37566709518433
all-measurements = [ 53.86495089530945, 53.74828338623047, 53.701271772384644,]
memory-traffic = 3762
