best-result = 49.134750843048096
warmup-time = 70.76174306869507
all-measurements = [ 49.134750843048096, 49.49708557128906, 49.78675127029419,]
memory-traffic = 3752
