best-result = 80.86469173431396
warmup-time = 102.82380509376526
all-measurements = [ 81.39384484291077, 80.86469173431396, 81.94573330879211,]
memory-traffic = 6607
