best-result = 36.02519965171814
warmup-time = 47.09302258491516
all-measurements = [ 36.60658121109009, 36.02519965171814, 36.22689652442932,]
memory-traffic = 1766
