best-result = 339.1508791446686
warmup-time = 482.3948380947113
all-measurements = [ 339.1508791446686, 343.12323570251465, 342.8514714241028,]
memory-traffic = 34401
