best-result = 123.89605259895325
warmup-time = 128.1670742034912
all-measurements = [ 123.89605259895325, 126.03512048721313, 125.61134147644043,]
memory-traffic = 9153
