best-result = 25.37711215019226
warmup-time = 25.16148281097412
all-measurements = [ 25.397029161453247, 25.823893308639526, 25.37711215019226,]
memory-traffic = 1242
