best-result = 37.57187557220459
warmup-time = 36.633827447891235
all-measurements = [ 37.57187557220459, 37.658653259277344, 38.449567556381226,]
memory-traffic = 1188
