best-result = 31.43636202812195
warmup-time = 34.94129920005798
all-measurements = [ 31.44648575782776, 31.830779790878296, 31.43636202812195,]
memory-traffic = 997
