best-result = 273.49594712257385
warmup-time = 277.4512891769409
all-measurements = [ 273.49594712257385, 274.85124802589417, 274.2211084365845,]
memory-traffic = 15506
