best-result = 35.320838928222656
warmup-time = 38.02706718444824
all-measurements = [ 36.726787090301514, 35.40502953529358, 35.320838928222656,]
memory-traffic = 978
