best-result = 41.66387677192688
warmup-time = 44.995808601379395
all-measurements = [ 42.59622097015381, 41.66387677192688, 42.797903060913086,]
memory-traffic = 1548
