best-result = 49.50273323059082
warmup-time = 53.6114022731781
all-measurements = [ 51.40757632255554, 50.50535702705383, 49.50273323059082,]
memory-traffic = 2294
