best-result = 33.88315224647522
warmup-time = 34.13417935371399
all-measurements = [ 34.942166328430176, 34.78247880935669, 33.88315224647522,]
memory-traffic = 1026
