best-result = 37.381108045578
warmup-time = 39.4108612537384
all-measurements = [ 37.540817975997925, 37.381108045578, 37.56686305999756,]
memory-traffic = 1250
