best-result = 58.39547634124756
warmup-time = 66.66193628311157
all-measurements = [ 58.39547634124756, 63.55405616760254, 62.87848901748657,]
memory-traffic = 2492
