best-result = 232.47547721862793
warmup-time = 236.00952005386353
all-measurements = [ 232.47547721862793, 233.78485894203186, 234.12424182891846,]
memory-traffic = 12131
