best-result = 540.4733350276947
warmup-time = 541.1199085712433
all-measurements = [ 543.0174980163574, 541.3978378772736, 540.4733350276947,]
memory-traffic = 36133
