best-result = 36.21465849876404
warmup-time = 40.48966717720032
all-measurements = [ 36.47434878349304, 36.21465849876404, 37.72104239463806,]
memory-traffic = 1235
