best-result = 62.60649347305298
warmup-time = 66.58644437789917
all-measurements = [ 65.30430221557617, 62.8730583190918, 62.60649347305298,]
memory-traffic = 2994
