best-result = 26.9440701007843
warmup-time = 30.509533882141113
all-measurements = [ 27.13732385635376, 26.9440701007843, 27.03145480155945,]
memory-traffic = 596
