best-result = 33.21810746192932
warmup-time = 37.273523569107056
all-measurements = [ 36.0405695438385, 33.21810746192932, 36.05481290817261,]
memory-traffic = 853
