best-result = 32.93280601501465
warmup-time = 35.493282318115234
all-measurements = [ 33.216710329055786, 32.93280601501465, 33.806848764419556,]
memory-traffic = 1047
