best-result = 43.67866277694702
warmup-time = 46.672571897506714
all-measurements = [ 43.75132417678833, 45.08963370323181, 43.67866277694702,]
memory-traffic = 1837
