best-result = 97.95660591125488
warmup-time = 103.26488041877747
all-measurements = [ 99.51587057113647, 97.95660591125488, 99.99757695198059,]
memory-traffic = 5363
