best-result = 27.15423274040222
warmup-time = 31.137832641601562
all-measurements = [ 27.15423274040222, 28.521204948425293, 28.620645761489868,]
memory-traffic = 590
