best-result = 34.37419605255127
warmup-time = 35.74869132041931
all-measurements = [ 34.752912759780884, 35.635064125061035, 34.37419605255127,]
memory-traffic = 1023
