best-result = 87.62868189811707
warmup-time = 93.27004885673523
all-measurements = [ 89.93866229057312, 87.62868189811707, 88.78546571731567,]
memory-traffic = 7059
