best-result = 38.466862201690674
warmup-time = 42.39336347579956
all-measurements = [ 39.69720268249512, 39.971811294555664, 38.466862201690674,]
memory-traffic = 1363
