best-result = 43.062193870544434
warmup-time = 46.85873794555664
all-measurements = [ 46.119301319122314, 43.062193870544434, 44.775808572769165,]
memory-traffic = 1623
