best-result = 27.12390112876892
warmup-time = 29.28657341003418
all-measurements = [ 27.12390112876892, 27.931766271591187, 28.263200759887695,]
memory-traffic = 626
