best-result = 699.1753740310669
warmup-time = 732.8252291679382
all-measurements = [ 708.4576678276062, 702.9323284626007, 699.1753740310669,]
