best-result = 182.23353457450867
warmup-time = 181.23403906822205
all-measurements = [ 185.2146110534668, 182.41678547859192, 182.23353457450867,]
memory-traffic = 11243
