best-result = 44.558969020843506
warmup-time = 46.79415702819824
all-measurements = [ 44.558969020843506, 45.17930006980896, 45.875638484954834,]
memory-traffic = 1757
