best-result = 22.77053189277649
warmup-time = 22.724106550216675
all-measurements = [ 22.77053189277649, 22.902045965194702, 23.295857429504395,]
