best-result = 46.31068158149719
warmup-time = 63.67552304267883
all-measurements = [ 46.31068158149719, 46.499675989151, 46.37638473510742,]
