best-result = 45.89921474456787
warmup-time = 58.2318332195282
all-measurements = [ 46.39162278175354, 46.1697154045105, 45.89921474456787,]
