best-result = 936.6415801048279
warmup-time = 1130.619304895401
all-measurements = [ 953.0391569137573, 946.4845378398895, 936.6415801048279,]
