best-result = 84.93863105773926
warmup-time = 98.83021306991577
all-measurements = [ 85.60166501998901, 84.93863105773926, 85.02999567985535,]
