best-result = 80.46717929840088
warmup-time = 100.69305062294006
all-measurements = [ 81.22625398635864, 81.33043122291565, 80.46717929840088,]
