best-result = 69.55731415748596
warmup-time = 89.8899245262146
all-measurements = [ 69.55731415748596, 69.683358669281, 70.7584056854248,]
