best-result = 91.5604259967804
warmup-time = 105.63334131240845
all-measurements = [ 91.85454058647156, 92.37531471252441, 91.5604259967804,]
