best-result = 637.3784649372101
warmup-time = 649.626216173172
all-measurements = [ 641.5676681995392, 641.0434441566467, 637.3784649372101,]
