best-result = 64.56560444831848
warmup-time = 76.84064364433289
all-measurements = [ 64.56560444831848, 65.1389639377594, 64.84872460365295,]
