best-result = 217.58223700523376
warmup-time = 374.27860856056213
all-measurements = [ 217.58223700523376, 222.55751943588257, 218.9259569644928,]
