best-result = 433.7313048839569
warmup-time = 895.110068321228
all-measurements = [ 433.7313048839569, 434.26225233078003, 435.8798370361328,]
