best-result = 60.98767066001892
warmup-time = 76.86619591712952
all-measurements = [ 61.42114019393921, 61.49155402183533, 60.98767066001892,]
