best-result = 141.05791544914246
warmup-time = 174.09194350242615
all-measurements = [ 141.05791544914246, 141.22733283042908, 141.0810034275055,]
