best-result = 866.57026720047
warmup-time = 894.5390791893005
all-measurements = [ 874.5281231403351, 866.57026720047, 877.8627760410309,]
