best-result = 27.2125506401062
warmup-time = 36.63273739814758
all-measurements = [ 27.357669353485107, 27.2125506401062, 27.651814699172974,]
