best-result = 56.845487117767334
warmup-time = 70.24255681037903
all-measurements = [ 56.98603796958923, 57.29839825630188, 56.845487117767334,]
