best-result = 59.24028444290161
warmup-time = 70.42049527168274
all-measurements = [ 59.36915183067322, 59.3528573513031, 59.24028444290161,]
