best-result = 109.39711046218872
warmup-time = 136.4784083366394
all-measurements = [ 109.59841799736023, 109.54249215126038, 109.39711046218872,]
