best-result = 775.9868738651276
warmup-time = 837.9393353462219
all-measurements = [ 775.9868738651276, 777.5197176933289, 778.7461285591125,]
