best-result = 33.56162929534912
warmup-time = 41.55732202529907
all-measurements = [ 33.7995810508728, 33.56162929534912, 34.11412596702576,]
