best-result = 54.048677921295166
warmup-time = 67.7496440410614
all-measurements = [ 54.24339962005615, 54.20588040351868, 54.048677921295166,]
