best-result = 1485.5978305339813
warmup-time = 1739.6854906082153
all-measurements = [ 1760.4387211799622, 2124.8273243904114, 1485.5978305339813,]
