best-result = 49.02441906929016
warmup-time = 71.37263894081116
all-measurements = [ 49.02441906929016, 49.17793560028076, 49.26539611816406,]
