best-result = 77.29815530776978
warmup-time = 97.71489644050598
all-measurements = [ 78.45828127861023, 78.63004565238953, 77.29815530776978,]
