best-result = 36.079784631729126
warmup-time = 44.22668242454529
all-measurements = [ 36.079784631729126, 36.64441156387329, 36.15332651138306,]
