best-result = 337.3411991596222
warmup-time = 483.21351194381714
all-measurements = [ 337.8030652999878, 337.3411991596222, 339.86484956741333,]
