best-result = 104.00985383987427
warmup-time = 128.64388632774353
all-measurements = [ 104.37351179122925, 104.30251359939575, 104.00985383987427,]
