best-result = 59.33437466621399
warmup-time = 59.5313036441803
all-measurements = [ 59.33437466621399, 59.43098974227905, 60.26596522331238,]
