best-result = 23.72343635559082
warmup-time = 23.96875762939453
all-measurements = [ 23.72343635559082, 24.161514043807983, 23.98750066757202,]
