best-result = 47.31705832481384
warmup-time = 64.30991578102112
all-measurements = [ 47.504512786865234, 47.31705832481384, 47.50282287597656,]
