best-result = 47.1368350982666
warmup-time = 59.11080002784729
all-measurements = [ 48.16207981109619, 47.73160171508789, 47.1368350982666,]
