best-result = 907.8970255851746
warmup-time = 1058.1582794189453
all-measurements = [ 908.7144949436188, 910.8597235679626, 907.8970255851746,]
