best-result = 84.94304013252258
warmup-time = 99.71755981445312
all-measurements = [ 85.41556882858276, 85.89783763885498, 84.94304013252258,]
