best-result = 879.3908183574677
warmup-time = 907.4089586734772
all-measurements = [ 879.3908183574677, 882.0308320522308, 882.6257889270782,]
