best-result = 66.8529725074768
warmup-time = 80.4968945980072
all-measurements = [ 68.03113293647766, 66.8529725074768, 67.42264533042908,]
