best-result = 85.65740156173706
warmup-time = 107.55790686607361
all-measurements = [ 85.76742577552795, 86.32704544067383, 85.65740156173706,]
