best-result = 69.302738904953
warmup-time = 89.0586268901825
all-measurements = [ 69.302738904953, 70.09588313102722, 70.04919028282166,]
