best-result = 88.18852305412292
warmup-time = 103.18217039108276
all-measurements = [ 88.85023283958435, 88.18852305412292, 88.33627152442932,]
