best-result = 654.89976978302
warmup-time = 668.3130176067352
all-measurements = [ 683.8271398544312, 655.9032528400421, 654.89976978302,]
