best-result = 64.39013481140137
warmup-time = 77.43880605697632
all-measurements = [ 64.75863862037659, 64.39013481140137, 64.95774555206299,]
