best-result = 194.03955364227295
warmup-time = 348.5587377548218
all-measurements = [ 194.22653913497925, 194.03955364227295, 195.9922206401825,]
