best-result = 388.7936222553253
warmup-time = 829.0323710441589
all-measurements = [ 388.7936222553253, 394.19219875335693, 390.5822055339813,]
