best-result = 63.87002873420715
warmup-time = 79.46988129615784
all-measurements = [ 64.71511197090149, 64.6527533531189, 63.87002873420715,]
