best-result = 41.50020170211792
warmup-time = 49.64956569671631
all-measurements = [ 42.39129090309143, 41.574830293655396, 41.50020170211792,]
