best-result = 135.86757016181946
warmup-time = 161.66629648208618
all-measurements = [ 138.58037447929382, 135.86757016181946, 138.50304317474365,]
