best-result = 947.8405380249023
warmup-time = 982.3169164657593
all-measurements = [ 956.0208303928375, 974.6862859725952, 947.8405380249023,]
