best-result = 28.4598331451416
warmup-time = 37.55736422538757
all-measurements = [ 28.684431791305542, 28.872527599334717, 28.4598331451416,]
