best-result = 60.16432452201843
warmup-time = 70.3899474143982
all-measurements = [ 61.096330642700195, 60.16432452201843, 60.68643045425415,]
