best-result = 60.24133849143982
warmup-time = 73.58723187446594
all-measurements = [ 60.24133849143982, 61.22230911254883, 60.31420135498047,]
