best-result = 110.64749002456665
warmup-time = 139.0559847354889
all-measurements = [ 111.2298891544342, 110.64749002456665, 110.9632523059845,]
