best-result = 780.8956034183502
warmup-time = 847.1390037536621
all-measurements = [ 783.2682230472565, 787.1668846607208, 780.8956034183502,]
