best-result = 34.91438436508179
warmup-time = 43.39763927459717
all-measurements = [ 35.26814126968384, 34.91438436508179, 35.52611565589905,]
