best-result = 57.02644634246826
warmup-time = 71.89860129356384
all-measurements = [ 57.37133812904358, 57.02644634246826, 57.31687808036804,]
