best-result = 2980.064552783966
warmup-time = 4087.9026963710785
all-measurements = [ 3221.5202186107635, 2980.064552783966, 3651.4513568878174,]
