best-result = 50.286203145980835
warmup-time = 71.16416144371033
all-measurements = [ 50.53842115402222, 50.286203145980835, 51.31432747840881,]
