best-result = 84.5507447719574
warmup-time = 99.87602949142456
all-measurements = [ 86.819988489151, 87.07183575630188, 84.5507447719574,]
