best-result = 94.1948447227478
warmup-time = 117.24317288398743
all-measurements = [ 94.54766583442688, 94.1948447227478, 94.81771945953369,]
