best-result = 38.71505880355835
warmup-time = 48.15881824493408
all-measurements = [ 38.79647898674011, 38.88605070114136, 38.71505880355835,]
