best-result = 319.00875639915466
warmup-time = 461.43746852874756
all-measurements = [ 319.00875639915466, 326.10446786880493, 320.6359226703644,]
