best-result = 61.48945069313049
warmup-time = 62.396873235702515
all-measurements = [ 62.24331617355347, 61.54953598976135, 61.48945069313049,]
