best-result = 24.92115831375122
warmup-time = 25.264437437057495
all-measurements = [ 25.203376054763794, 25.26280426979065, 24.92115831375122,]
