best-result = 36.39794898033142
warmup-time = 36.698474168777466
all-measurements = [ 36.39794898033142, 37.771305561065674, 37.09160137176514,]
