best-result = 31.00006937980652
warmup-time = 31.724469661712646
all-measurements = [ 31.641064167022705, 32.038069009780884, 31.00006937980652,]
