best-result = 267.2592520713806
warmup-time = 274.27040576934814
all-measurements = [ 270.2760214805603, 273.22415375709534, 267.2592520713806,]
