best-result = 36.2759530544281
warmup-time = 36.809786796569824
all-measurements = [ 36.2759530544281, 36.58921480178833, 36.79700231552124,]
