best-result = 42.12532711029053
warmup-time = 41.62731862068176
all-measurements = [ 42.31502890586853, 42.12532711029053, 42.76964330673218,]
