best-result = 50.43308973312378
warmup-time = 50.2425012588501
all-measurements = [ 51.8600070476532, 50.69507122039795, 50.43308973312378,]
