best-result = 33.25936794281006
warmup-time = 32.940096378326416
all-measurements = [ 33.25936794281006, 33.81552004814148, 33.397971630096436,]
