best-result = 36.578922510147095
warmup-time = 38.24406361579895
all-measurements = [ 36.578922510147095, 37.95839309692383, 37.5982940196991,]
