best-result = 60.2126202583313
warmup-time = 59.92166090011597
all-measurements = [ 60.2126202583313, 63.52146601676941, 62.941872358322144,]
