best-result = 230.80985617637634
warmup-time = 236.28172612190247
all-measurements = [ 232.80744552612305, 231.27208280563354, 230.80985617637634,]
