best-result = 529.2866461277008
warmup-time = 531.8788533210754
all-measurements = [ 529.2866461277008, 556.2084310054779, 529.8792631626129,]
