best-result = 36.66938662528992
warmup-time = 36.87349557876587
all-measurements = [ 37.22813034057617, 36.66938662528992, 36.88614249229431,]
