best-result = 63.334169149398804
warmup-time = 65.36817383766174
all-measurements = [ 63.334169149398804, 63.88651776313782, 63.98685073852539,]
