best-result = 27.064937114715576
warmup-time = 27.78735876083374
all-measurements = [ 27.064937114715576, 27.9201078414917, 27.74300742149353,]
