best-result = 32.64934682846069
warmup-time = 36.039217948913574
all-measurements = [ 36.37443971633911, 33.25231957435608, 32.64934682846069,]
