best-result = 33.18309283256531
warmup-time = 32.44273257255554
all-measurements = [ 33.18309283256531, 33.19371271133423, 33.536431312561035,]
