best-result = 42.39246129989624
warmup-time = 44.43741536140442
all-measurements = [ 42.39246129989624, 43.978620767593384, 44.11025667190552,]
