best-result = 97.04066610336304
warmup-time = 98.96468782424927
all-measurements = [ 99.53278756141663, 101.53617906570435, 97.04066610336304,]
