best-result = 27.28824734687805
warmup-time = 27.46843409538269
all-measurements = [ 27.28824734687805, 28.94044280052185, 28.78490424156189,]
