best-result = 33.38528370857239
warmup-time = 34.34466242790222
all-measurements = [ 35.17820143699646, 33.83338499069214, 33.38528370857239,]
