best-result = 38.365234375
warmup-time = 39.26574110984802
all-measurements = [ 38.365234375, 38.873422145843506, 39.252137660980225,]
