best-result = 43.28638958930969
warmup-time = 46.201974630355835
all-measurements = [ 45.792829513549805, 43.28638958930969, 44.38536977767944,]
