best-result = 27.96632409095764
warmup-time = 28.367405891418457
all-measurements = [ 28.31056499481201, 28.63259196281433, 27.96632409095764,]
