best-result = 696.8808374404907
warmup-time = 715.4266004562378
all-measurements = [ 699.7875230312347, 712.9625670909882, 696.8808374404907,]
