best-result = 177.59797024726868
warmup-time = 178.7820086479187
all-measurements = [ 179.4076383113861, 177.59797024726868, 179.11319589614868,]
