best-result = 42.48149609565735
warmup-time = 45.62612724304199
all-measurements = [ 43.646387338638306, 43.95982623100281, 42.48149609565735,]
