best-result = 21.665348291397095
warmup-time = 21.572272062301636
all-measurements = [ 21.803425073623657, 22.08179211616516, 21.665348291397095,]
