best-result = 46.78341555595398
warmup-time = 63.69517374038696
all-measurements = [ 47.142069816589355, 47.20743989944458, 46.78341555595398,]
