best-result = 46.33037519454956
warmup-time = 58.85444712638855
all-measurements = [ 46.33037519454956, 46.449209690093994, 46.95661473274231,]
