best-result = 979.1822216510773
warmup-time = 1182.889907360077
all-measurements = [ 979.1822216510773, 986.6797368526459, 979.6912858486176,]
