best-result = 81.83452320098877
warmup-time = 95.78761553764343
all-measurements = [ 81.83452320098877, 82.42173862457275, 82.06774544715881,]
