best-result = 78.27173709869385
warmup-time = 99.23026895523071
all-measurements = [ 78.27173709869385, 78.55288004875183, 79.17233419418335,]
