best-result = 68.53787159919739
warmup-time = 93.07684183120728
all-measurements = [ 68.88597893714905, 69.93310022354126, 68.53787159919739,]
