best-result = 83.92211747169495
warmup-time = 99.517009973526
all-measurements = [ 83.92211747169495, 85.20612072944641, 85.01341223716736,]
