best-result = 597.5404031276703
warmup-time = 613.9533522129059
all-measurements = [ 598.8665800094604, 600.836088180542, 597.5404031276703,]
