best-result = 62.469850063323975
warmup-time = 76.76366400718689
all-measurements = [ 62.469850063323975, 63.24543333053589, 62.51158022880554,]
