best-result = 232.18153166770935
warmup-time = 403.48189997673035
all-measurements = [ 232.66761684417725, 232.18153166770935, 232.26947569847107,]
