best-result = 439.3005795478821
warmup-time = 934.4398176670074
all-measurements = [ 439.3005795478821, 444.4996454715729, 442.2997052669525,]
