best-result = 59.76387286186218
warmup-time = 77.04794239997864
all-measurements = [ 59.989012002944946, 59.99879431724548, 59.76387286186218,]
