best-result = 865.1269865036011
warmup-time = 901.0768899917603
all-measurements = [ 865.1269865036011, 875.9719245433807, 867.5606465339661,]
