best-result = 26.69338083267212
warmup-time = 36.25318169593811
all-measurements = [ 27.325888633728027, 26.69338083267212, 27.137953281402588,]
