best-result = 58.22961616516113
warmup-time = 73.00587511062622
all-measurements = [ 58.22961616516113, 59.09720706939697, 58.27916717529297,]
