best-result = 55.440985441207886
warmup-time = 69.84806156158447
all-measurements = [ 56.439135789871216, 56.35225033760071, 55.440985441207886,]
