best-result = 107.899817943573
warmup-time = 136.223979473114
all-measurements = [ 108.33449625968933, 108.13829350471497, 107.899817943573,]
