best-result = 768.6257171630859
warmup-time = 846.2559006214142
all-measurements = [ 770.0374681949615, 772.7224569320679, 768.6257171630859,]
