best-result = 33.469499349594116
warmup-time = 39.88062572479248
all-measurements = [ 33.469499349594116, 34.16684079170227, 33.909605741500854,]
