best-result = 52.91683530807495
warmup-time = 68.93400192260742
all-measurements = [ 53.252214670181274, 52.91683530807495, 53.64344525337219,]
