best-result = 49.13358664512634
warmup-time = 70.37388277053833
all-measurements = [ 49.158440589904785, 49.13358664512634, 49.35227942466736,]
