best-result = 78.4005172252655
warmup-time = 99.60273241996765
all-measurements = [ 78.89975023269653, 78.46809101104736, 78.4005172252655,]
