best-result = 35.584144830703735
warmup-time = 45.406293869018555
all-measurements = [ 35.71032500267029, 35.584144830703735, 36.02711772918701,]
