best-result = 347.6187994480133
warmup-time = 511.341064453125
all-measurements = [ 375.1386148929596, 349.52853512763977, 347.6187994480133,]
