best-result = 102.31952905654907
warmup-time = 101.38494944572449
all-measurements = [ 103.42166924476624, 102.31952905654907, 103.10465121269226,]
