best-result = 25.903140783309937
warmup-time = 26.58968448638916
all-measurements = [ 26.347273349761963, 26.19783926010132, 25.903140783309937,]
