best-result = 36.518970012664795
warmup-time = 38.21229553222656
all-measurements = [ 37.21274375915527, 37.09694862365723, 36.518970012664795,]
