best-result = 30.71071219444275
warmup-time = 30.88218402862549
all-measurements = [ 31.96598219871521, 30.71071219444275, 31.30292534828186,]
