best-result = 231.44444394111633
warmup-time = 234.32664489746094
all-measurements = [ 231.44444394111633, 234.0771360397339, 234.09068822860718,]
