best-result = 35.43818783760071
warmup-time = 36.9389750957489
all-measurements = [ 37.29915189743042, 35.43818783760071, 35.965943813323975,]
