best-result = 113.16216993331909
warmup-time = 114.51357817649841
all-measurements = [ 114.06489658355713, 115.35435724258423, 113.16216993331909,]
