best-result = 34.38861608505249
warmup-time = 36.349308013916016
all-measurements = [ 34.38861608505249, 35.867924213409424, 35.59804105758667,]
