best-result = 40.16735029220581
warmup-time = 42.23669457435608
all-measurements = [ 42.549307107925415, 42.075480461120605, 40.16735029220581,]
