best-result = 47.979061126708984
warmup-time = 50.0077919960022
all-measurements = [ 49.198081493377686, 47.979061126708984, 48.98016858100891,]
