best-result = 31.495168924331665
warmup-time = 34.39739179611206
all-measurements = [ 31.495168924331665, 33.83167481422424, 33.74170160293579,]
