best-result = 36.65615153312683
warmup-time = 38.41485857963562
all-measurements = [ 37.56654143333435, 38.05339527130127, 36.65615153312683,]
