best-result = 58.25048303604126
warmup-time = 65.04411721229553
all-measurements = [ 60.936540365219116, 59.52139210700989, 58.25048303604126,]
