best-result = 220.4204933643341
warmup-time = 225.69336104393005
all-measurements = [ 221.55757021903992, 220.4204933643341, 220.7362504005432,]
