best-result = 500.52299976348877
warmup-time = 506.92671370506287
all-measurements = [ 504.58083152770996, 504.90961146354675, 500.52299976348877,]
