best-result = 34.53343343734741
warmup-time = 37.672269344329834
all-measurements = [ 34.53343343734741, 36.81867599487305, 37.958818197250366,]
