best-result = 29.05080533027649
warmup-time = 29.413431406021118
all-measurements = [ 29.05080533027649, 29.46090579032898, 29.45105242729187,]
