best-result = 77.89656972885132
warmup-time = 79.9482491016388
all-measurements = [ 77.89656972885132, 78.36668610572815, 80.23163080215454,]
