best-result = 61.54164457321167
warmup-time = 64.9896149635315
all-measurements = [ 61.54164457321167, 61.56243634223938, 62.4762282371521,]
