best-result = 28.693219661712646
warmup-time = 29.76942801475525
all-measurements = [ 28.90446972846985, 28.82469391822815, 28.693219661712646,]
