best-result = 32.488611936569214
warmup-time = 33.676724433898926
all-measurements = [ 35.009283781051636, 32.488611936569214, 35.503830671310425,]
