best-result = 33.691352128982544
warmup-time = 32.46142649650574
all-measurements = [ 33.77555561065674, 33.691352128982544, 33.91539430618286,]
