best-result = 42.35235595703125
warmup-time = 42.39943313598633
all-measurements = [ 42.61491560935974, 42.35235595703125, 44.24815535545349,]
