best-result = 92.35749888420105
warmup-time = 95.59192204475403
all-measurements = [ 94.6958224773407, 96.89075922966003, 92.35749888420105,]
