best-result = 29.478785753250122
warmup-time = 29.401827573776245
all-measurements = [ 29.935033798217773, 29.478785753250122, 29.85783576965332,]
