best-result = 34.33790993690491
warmup-time = 34.810452699661255
all-measurements = [ 34.92724585533142, 35.145108222961426, 34.33790993690491,]
