best-result = 87.29470205307007
warmup-time = 87.26267313957214
all-measurements = [ 96.53790807723999, 87.29470205307007, 93.02549839019775,]
