best-result = 38.14039754867554
warmup-time = 37.71298408508301
all-measurements = [ 38.53956055641174, 38.73969531059265, 38.14039754867554,]
