best-result = 44.57496500015259
warmup-time = 43.87294149398804
all-measurements = [ 45.27360272407532, 45.35126566886902, 44.57496500015259,]
