best-result = 51.01672315597534
warmup-time = 50.192357778549194
all-measurements = [ 51.01672315597534, 51.27975940704346, 51.28031253814697,]
