best-result = 28.773901224136353
warmup-time = 28.118126153945923
all-measurements = [ 28.773901224136353, 29.10733962059021, 28.855643033981323,]
