best-result = 674.8187448978424
warmup-time = 710.2979989051819
all-measurements = [ 674.8585407733917, 674.8187448978424, 677.7911696434021,]
