best-result = 165.09205842018127
warmup-time = 166.85568284988403
all-measurements = [ 165.77662897109985, 169.42208194732666, 165.09205842018127,]
