best-result = 58.73016667366028
warmup-time = 70.92764401435852
all-measurements = [ 66.15956163406372, 66.3204915523529, 58.73016667366028,]
