best-result = 26.439011573791504
warmup-time = 27.031662702560425
all-measurements = [ 27.13976263999939, 26.991675853729248, 26.439011573791504,]
