best-result = 39.65978026390076
warmup-time = 38.2573938369751
all-measurements = [ 39.65978026390076, 40.10003924369812, 41.39324998855591,]
