best-result = 33.358128786087036
warmup-time = 34.27505087852478
all-measurements = [ 33.358128786087036, 34.53910160064697, 34.4290452003479,]
