best-result = 285.60002613067627
warmup-time = 288.5504946708679
all-measurements = [ 287.94449496269226, 285.60002613067627, 286.13339376449585,]
