best-result = 37.64074945449829
warmup-time = 38.494418144226074
all-measurements = [ 37.64074945449829, 38.32978534698486, 38.09942054748535,]
