best-result = 47.396236181259155
warmup-time = 47.03893756866455
all-measurements = [ 48.52119040489197, 47.396236181259155, 49.08916997909546,]
