best-result = 52.84785294532776
warmup-time = 53.489996910095215
all-measurements = [ 52.84785294532776, 53.22094964981079, 53.56438708305359,]
