best-result = 37.861090421676636
warmup-time = 37.84772276878357
all-measurements = [ 38.02362942695618, 37.92223143577576, 37.861090421676636,]
