best-result = 40.01021194458008
warmup-time = 40.4026358127594
all-measurements = [ 40.627989292144775, 40.7447144985199, 40.01021194458008,]
