best-result = 64.83722162246704
warmup-time = 60.41750168800354
all-measurements = [ 64.89077877998352, 64.83722162246704, 66.36286044120789,]
