best-result = 257.7535629272461
warmup-time = 255.26384854316711
all-measurements = [ 259.2640874385834, 259.5074429512024, 257.7535629272461,]
