best-result = 595.8774569034576
warmup-time = 598.0398418903351
all-measurements = [ 600.0908243656158, 599.2698287963867, 595.8774569034576,]
