best-result = 40.451969385147095
warmup-time = 40.72050452232361
all-measurements = [ 41.32823348045349, 43.02014183998108, 40.451969385147095,]
