best-result = 68.37033772468567
warmup-time = 71.8428087234497
all-measurements = [ 69.85596466064453, 68.67314577102661, 68.37033772468567,]
