best-result = 28.73048686981201
warmup-time = 29.701112508773804
all-measurements = [ 28.73048686981201, 31.207068920135498, 29.34978151321411,]
