best-result = 34.66520404815674
warmup-time = 35.54517483711243
all-measurements = [ 34.91434454917908, 34.864553928375244, 34.66520404815674,]
