best-result = 48.195695877075195
warmup-time = 46.32696795463562
all-measurements = [ 48.259438276290894, 48.53840088844299, 48.195695877075195,]
