best-result = 105.59598159790039
warmup-time = 107.40791463851929
all-measurements = [ 107.5345778465271, 107.7763741016388, 105.59598159790039,]
