best-result = 36.942139863967896
warmup-time = 37.17810916900635
all-measurements = [ 38.62170195579529, 36.942139863967896, 37.130101442337036,]
