best-result = 41.75135326385498
warmup-time = 42.50875902175903
all-measurements = [ 43.44846534729004, 42.91380524635315, 41.75135326385498,]
