best-result = 45.52950048446655
warmup-time = 46.66899585723877
all-measurements = [ 47.650681257247925, 47.956859827041626, 45.52950048446655,]
