best-result = 29.540313005447388
warmup-time = 29.954376220703125
all-measurements = [ 30.20883822441101, 30.231432676315308, 29.540313005447388,]
