best-result = 735.9018895626068
warmup-time = 753.4385766983032
all-measurements = [ 735.9018895626068, 739.1676495075226, 740.744651556015,]
