best-result = 196.05807638168335
warmup-time = 198.47487092018127
all-measurements = [ 196.05807638168335, 199.54585313796997, 196.63450813293457,]
