best-result = 45.65084171295166
warmup-time = 46.78913688659668
all-measurements = [ 48.4617486000061, 45.65084171295166, 47.22127318382263,]
