best-result = 22.548548698425293
warmup-time = 22.811749696731567
all-measurements = [ 22.548548698425293, 22.709502696990967, 22.850836753845215,]
