best-result = 47.44121813774109
warmup-time = 63.370197057724
all-measurements = [ 47.82164216041565, 47.836273431777954, 47.44121813774109,]
