best-result = 46.33732080459595
warmup-time = 58.85369539260864
all-measurements = [ 46.96325898170471, 46.70865797996521, 46.33732080459595,]
