best-result = 946.9260828495026
warmup-time = 1136.7264297008514
all-measurements = [ 947.1826322078705, 946.9260828495026, 965.0989117622375,]
