best-result = 84.85028219223022
warmup-time = 97.70438313484192
all-measurements = [ 84.85028219223022, 85.26867198944092, 84.94447541236877,]
