best-result = 81.08025169372559
warmup-time = 102.13105845451355
all-measurements = [ 81.76221060752869, 81.08025169372559, 81.51269483566284,]
