best-result = 69.95285129547119
warmup-time = 91.92003512382507
all-measurements = [ 70.70344924926758, 69.95285129547119, 71.16876554489136,]
