best-result = 90.40761065483093
warmup-time = 106.22718524932861
all-measurements = [ 90.40761065483093, 90.8716561794281, 90.64056134223938,]
