best-result = 616.5985627174377
warmup-time = 629.2442483901978
all-measurements = [ 621.1538188457489, 617.5798695087433, 616.5985627174377,]
