best-result = 64.682058095932
warmup-time = 77.39201283454895
all-measurements = [ 65.67793655395508, 65.55271816253662, 64.682058095932,]
