best-result = 221.50729870796204
warmup-time = 375.834853887558
all-measurements = [ 223.95748257637024, 223.2442021369934, 221.50729870796204,]
