best-result = 442.1183216571808
warmup-time = 891.5119979381561
all-measurements = [ 443.4130640029907, 442.1183216571808, 450.65916895866394,]
