best-result = 61.667948484420776
warmup-time = 78.45202684402466
all-measurements = [ 62.66501331329346, 61.667948484420776, 62.64647722244263,]
