best-result = 863.5297441482544
warmup-time = 903.2985825538635
all-measurements = [ 864.7316379547119, 863.5297441482544,]
