best-result = 27.436421632766724
warmup-time = 35.82361602783203
all-measurements = [ 27.436421632766724, 27.627545595169067, 28.313679218292236,]
