best-result = 57.870867013931274
warmup-time = 71.07567071914673
all-measurements = [ 57.870867013931274, 58.06918263435364, 58.001237869262695,]
