best-result = 59.27421855926514
warmup-time = 70.75041174888611
all-measurements = [ 59.983611822128296, 59.31848168373108, 59.27421855926514,]
