best-result = 110.34308075904846
warmup-time = 138.49742341041565
all-measurements = [ 110.34308075904846, 110.88531541824341, 110.92991065979004,]
