best-result = 775.187403678894
warmup-time = 849.5301496982574
all-measurements = [ 775.187403678894, 776.971346616745, 808.755496263504,]
