best-result = 33.64260125160217
warmup-time = 41.56272625923157
all-measurements = [ 34.42005181312561, 34.04128313064575, 33.64260125160217,]
