best-result = 53.86782646179199
warmup-time = 69.46446061134338
all-measurements = [ 54.263327836990356, 53.86782646179199, 54.11140966415405,]
