best-result = 2265.1964313983917
warmup-time = 2097.559163093567
all-measurements = [ 2682.21182346344, 2265.1964313983917, 3529.38530087471,]
