best-result = 49.51524877548218
warmup-time = 72.21797633171082
all-measurements = [ 49.51524877548218, 49.83366322517395, 49.752946853637695,]
