best-result = 80.27221989631653
warmup-time = 99.96002078056335
all-measurements = [ 80.27221989631653, 80.51344084739685, 81.00216221809387,]
