best-result = 36.20455718040466
warmup-time = 45.06032085418701
all-measurements = [ 36.20455718040466, 37.20161008834839, 37.02928113937378,]
