best-result = 339.3977851867676
warmup-time = 477.2539463043213
all-measurements = [ 343.126012802124, 347.4666645526886, 339.3977851867676,]
