best-result = 104.15158486366272
warmup-time = 104.5426459312439
all-measurements = [ 104.46247792243958, 105.02189421653748, 104.15158486366272,]
