best-result = 22.735865116119385
warmup-time = 22.85140085220337
all-measurements = [ 23.10541319847107, 22.735865116119385, 23.283384323120117,]
