best-result = 46.870644330978394
warmup-time = 63.72443675994873
all-measurements = [ 46.870644330978394, 47.074162006378174, 47.62629008293152,]
