best-result = 46.541924238204956
warmup-time = 60.01906394958496
all-measurements = [ 47.0461208820343, 46.79580855369568, 46.541924238204956,]
