best-result = 939.7892036437988
warmup-time = 1149.0539908409119
all-measurements = [ 939.7892036437988, 964.9432554244995, 967.6261432170868,]
