best-result = 84.36881756782532
warmup-time = 98.34472489356995
all-measurements = [ 84.36881756782532, 85.35876798629761, 85.06470108032227,]
