best-result = 81.46458077430725
warmup-time = 101.33292889595032
all-measurements = [ 81.46458077430725, 81.87308025360107, 81.97387838363647,]
