best-result = 69.36270833015442
warmup-time = 92.5208215713501
all-measurements = [ 69.93066048622131, 70.53400444984436, 69.36270833015442,]
