best-result = 90.35380363464355
warmup-time = 104.79049301147461
all-measurements = [ 90.62151789665222, 90.35380363464355, 91.14500689506531,]
