best-result = 618.9860384464264
warmup-time = 629.5919337272644
all-measurements = [ 619.9368314743042, 619.834371805191, 618.9860384464264,]
