best-result = 64.09234261512756
warmup-time = 79.26624655723572
all-measurements = [ 64.4221134185791, 64.09234261512756, 64.15503096580505,]
