best-result = 223.77874660491943
warmup-time = 375.0634651184082
all-measurements = [ 224.29790234565735, 223.77874660491943, 226.3582615852356,]
