best-result = 443.04572200775146
warmup-time = 881.8003249168396
all-measurements = [ 445.7681682109833, 447.28678798675537, 443.04572200775146,]
