best-result = 61.59170603752136
warmup-time = 77.25105738639832
all-measurements = [ 61.89089059829712, 62.32923150062561, 61.59170603752136,]
