best-result = 857.2306690216064
warmup-time = 892.3898899555206
all-measurements = [ 861.2993292808533, 857.2306690216064, 866.9960961341858,]
