best-result = 27.472657442092896
warmup-time = 35.858925342559814
all-measurements = [ 27.472657442092896, 28.0158851146698, 27.51362156867981,]
