best-result = 57.62519717216492
warmup-time = 71.07694816589355
all-measurements = [ 57.90396046638489, 58.42509865760803, 57.62519717216492,]
