best-result = 58.753371477127075
warmup-time = 72.11285758018494
all-measurements = [ 58.753371477127075, 59.72958064079285, 59.21255898475647,]
