best-result = 109.66671872138977
warmup-time = 137.57607531547546
all-measurements = [ 110.34810590744019, 109.66671872138977, 110.08466076850891,]
