best-result = 779.8386120796204
warmup-time = 839.4964172840118
all-measurements = [ 779.8386120796204, 782.1427927017212, 780.6636335849762,]
