best-result = 33.997918367385864
warmup-time = 40.78903651237488
all-measurements = [ 33.997918367385864, 35.08833312988281, 34.00170850753784,]
