best-result = 53.57557249069214
warmup-time = 69.27305912971497
all-measurements = [ 53.57557249069214, 54.01708364486694, 54.20894408226013,]
