best-result = 1899.3311696052551
warmup-time = 2755.145941734314
all-measurements = [ 2163.931237220764, 1899.3311696052551, 2411.3800983428955,]
