best-result = 49.20882701873779
warmup-time = 72.88341355323792
all-measurements = [ 49.20882701873779, 49.61966371536255, 50.250834941864014,]
