best-result = 79.9233193397522
warmup-time = 100.10036611557007
all-measurements = [ 80.73167157173157, 79.9233193397522, 80.48945212364197,]
