best-result = 36.45004391670227
warmup-time = 44.15985584259033
all-measurements = [ 36.49721002578735, 37.08773350715637, 36.45004391670227,]
