best-result = 342.8555724620819
warmup-time = 501.9362368583679
all-measurements = [ 346.06903100013733, 342.8555724620819, 344.5004873275757,]
