best-result = 104.06418299674988
warmup-time = 105.05192971229553
all-measurements = [ 104.45838618278503, 104.06418299674988, 104.75056505203247,]
