best-result = 22.8057918548584
warmup-time = 22.720163583755493
all-measurements = [ 22.94398784637451, 22.87438678741455, 22.8057918548584,]
