best-result = 46.230555057525635
warmup-time = 63.179779052734375
all-measurements = [ 46.942110538482666, 46.230555057525635, 46.90374732017517,]
