best-result = 46.14618182182312
warmup-time = 58.779908418655396
all-measurements = [ 46.44856643676758, 46.14618182182312, 46.1522102355957,]
