best-result = 916.2810757160187
warmup-time = 1138.4890475273132
all-measurements = [ 916.2810757160187, 922.5579838752747, 919.49942278862,]
