best-result = 84.72084927558899
warmup-time = 99.3665943145752
all-measurements = [ 85.00140953063965, 84.9604754447937, 84.72084927558899,]
