best-result = 980.4573354721069
warmup-time = 1013.6066610813141
all-measurements = [ 987.6321876049042, 983.0073819160461, 980.4573354721069,]
