best-result = 81.80998754501343
warmup-time = 102.69747495651245
all-measurements = [ 81.80998754501343, 81.90751600265503, 82.44205403327942,]
