best-result = 69.48417448997498
warmup-time = 92.40091443061829
all-measurements = [ 69.931969165802, 69.48417448997498, 69.92780685424805,]
