best-result = 90.50596380233765
warmup-time = 104.21574926376343
all-measurements = [ 90.5962815284729, 91.16984701156616, 90.50596380233765,]
