best-result = 63.22559070587158
warmup-time = 79.78528094291687
all-measurements = [ 64.04147148132324, 63.22559070587158, 63.415364265441895,]
