best-result = 209.68028831481934
warmup-time = 364.5480170249939
all-measurements = [ 209.68028831481934, 209.8747787475586, 212.81409311294556,]
