best-result = 428.7687542438507
warmup-time = 870.7808256149292
all-measurements = [ 432.11135697364807, 428.7687542438507, 434.9291684627533,]
