best-result = 61.279869556427
warmup-time = 76.6820604801178
all-measurements = [ 61.279869556427, 62.11667060852051, 61.83900165557861,]
