best-result = 39.40731716156006
warmup-time = 48.45067882537842
all-measurements = [ 39.40731716156006, 39.77882695198059, 40.27353000640869,]
