best-result = 139.48867869377136
warmup-time = 166.04590678215027
all-measurements = [ 140.06859827041626, 140.52326369285583, 139.48867869377136,]
