best-result = 907.7460033893585
warmup-time = 931.3429079055786
all-measurements = [ 909.0225174427032, 907.7460033893585, 908.7071251869202,]
