best-result = 27.40958571434021
warmup-time = 36.08076453208923
all-measurements = [ 27.605077028274536, 27.40958571434021, 28.191466569900513,]
