best-result = 58.3737370967865
warmup-time = 71.91144227981567
all-measurements = [ 58.3737370967865, 59.08980131149292, 58.65723919868469,]
