best-result = 58.947094202041626
warmup-time = 73.17929124832153
all-measurements = [ 59.76461410522461, 58.947094202041626, 59.9236376285553,]
