best-result = 110.15581202507019
warmup-time = 139.54043006896973
all-measurements = [ 111.05607032775879, 110.15581202507019, 110.78794741630554,]
