best-result = 783.104927778244
warmup-time = 850.1983847618103
all-measurements = [ 790.417742729187, 785.7889590263367, 783.104927778244,]
