best-result = 33.42656970024109
warmup-time = 42.12265348434448
all-measurements = [ 33.42656970024109, 33.64360857009888, 33.98481607437134,]
