best-result = 54.737980365753174
warmup-time = 70.67438650131226
all-measurements = [ 55.05030703544617, 54.737980365753174, 55.649667739868164,]
