best-result = 1972.2997863292694
warmup-time = 1348.480854511261
all-measurements = [ 2093.907445669174, 1972.2997863292694, 2131.783933401108,]
