best-result = 49.39196801185608
warmup-time = 73.56994557380676
all-measurements = [ 53.04201054573059, 50.41299510002136, 49.39196801185608,]
