best-result = 78.56576156616211
warmup-time = 96.33064675331116
all-measurements = [ 78.56576156616211, 78.84195876121521, 78.90598773956299,]
