best-result = 37.129806995391846
warmup-time = 45.78898811340332
all-measurements = [ 37.23982286453247, 37.33184003829956, 37.129806995391846,]
