best-result = 349.9414439201355
warmup-time = 489.3018569946289
all-measurements = [ 352.4793517589569, 354.9442572593689, 349.9414439201355,]
