best-result = 58.041348457336426
warmup-time = 60.492082357406616
all-measurements = [ 58.041348457336426, 58.786038637161255, 59.787806272506714,]
