best-result = 21.869049072265625
warmup-time = 21.85428810119629
all-measurements = [ 21.9995219707489, 21.869049072265625, 21.9863440990448,]
