best-result = 46.78844237327576
warmup-time = 64.26333045959473
all-measurements = [ 46.9460928440094, 46.78844237327576, 47.33434057235718,]
