best-result = 46.838356733322144
warmup-time = 59.50373601913452
all-measurements = [ 46.838356733322144, 47.0091826915741, 47.13002562522888,]
