best-result = 976.2811679840088
warmup-time = 1175.2232837677002
all-measurements = [ 988.1255857944489, 981.546407699585, 976.2811679840088,]
