best-result = 82.06633591651917
warmup-time = 95.5487368106842
all-measurements = [ 82.39267301559448, 82.15243887901306, 82.06633591651917,]
