best-result = 78.83368015289307
warmup-time = 99.65177655220032
all-measurements = [ 78.83368015289307, 79.39094948768616, 79.34506034851074,]
