best-result = 69.13854026794434
warmup-time = 93.62069511413574
all-measurements = [ 69.49169564247131, 69.18328046798706, 69.13854026794434,]
