best-result = 83.83213329315186
warmup-time = 98.63421678543091
all-measurements = [ 84.69030451774597, 83.83213329315186, 84.1342933177948,]
