best-result = 594.1474575996399
warmup-time = 649.2539734840393
all-measurements = [ 596.585530757904, 594.1474575996399, 595.8913598060608,]
