best-result = 61.83451843261719
warmup-time = 75.8336968421936
all-measurements = [ 62.26802158355713, 62.88200902938843, 61.83451843261719,]
