best-result = 230.06921672821045
warmup-time = 396.2845892906189
all-measurements = [ 233.44558358192444, 233.2048568725586, 230.06921672821045,]
