best-result = 440.53869819641113
warmup-time = 915.2495868206024
all-measurements = [ 446.74009895324707, 440.53869819641113, 449.53085589408875,]
