best-result = 59.6553418636322
warmup-time = 78.20855689048767
all-measurements = [ 60.384522438049316, 59.6553418636322, 60.158286333084106,]
