best-result = 855.6279728412628
warmup-time = 898.136634349823
all-measurements = [ 860.8974537849426, 855.6279728412628, 864.719829082489,]
