best-result = 26.96946668624878
warmup-time = 36.223159074783325
all-measurements = [ 27.69391679763794, 26.96946668624878, 26.97925639152527,]
