best-result = 58.08843374252319
warmup-time = 72.80789017677307
all-measurements = [ 58.34889817237854, 59.75598120689392, 58.08843374252319,]
