best-result = 56.21097731590271
warmup-time = 70.34474802017212
all-measurements = [ 56.97477388381958, 56.21097731590271, 56.296515226364136,]
