best-result = 108.79216933250427
warmup-time = 140.37803506851196
all-measurements = [ 109.42897772789001, 108.79216933250427, 108.94510221481323,]
