best-result = 770.4202585220337
warmup-time = 842.8595552444458
all-measurements = [ 773.6728799343109, 770.4202585220337, 775.5023572444916,]
