best-result = 34.068225145339966
warmup-time = 41.623828649520874
all-measurements = [ 34.068225145339966, 34.145827770233154, 34.089311838150024,]
