best-result = 53.03567719459534
warmup-time = 68.75011920928955
all-measurements = [ 53.1499502658844, 53.03567719459534, 54.213953495025635,]
