best-result = 49.784363746643066
warmup-time = 69.12802171707153
all-measurements = [ 49.91971039772034, 50.60967183113098, 49.784363746643066,]
