best-result = 79.03055047988892
warmup-time = 99.00339484214783
all-measurements = [ 79.34985518455505, 79.04569482803345, 79.03055047988892,]
