best-result = 35.60400986671448
warmup-time = 45.39107608795166
all-measurements = [ 36.09167671203613, 35.60400986671448, 36.03087067604065,]
