best-result = 349.4459936618805
warmup-time = 488.78400230407715
all-measurements = [ 349.4459936618805, 356.0413966178894, 353.36764788627625,]
