best-result = 103.12434697151184
warmup-time = 103.92396306991577
all-measurements = [ 103.12434697151184, 103.32379341125488, 103.24583387374878,]
