best-result = 25.73330593109131
warmup-time = 26.198811531066895
all-measurements = [ 25.73330593109131, 26.53308391571045, 25.899635791778564,]
memory-traffic = 1227
