best-result = 37.664191007614136
warmup-time = 37.07166337966919
all-measurements = [ 37.731924295425415, 38.02262544631958, 37.664191007614136,]
memory-traffic = 1165
