best-result = 31.48338770866394
warmup-time = 34.41107177734375
all-measurements = [ 31.48338770866394, 33.20114541053772, 31.957539081573486,]
memory-traffic = 978
