best-result = 270.75150203704834
warmup-time = 276.3115005493164
all-measurements = [ 272.90492963790894, 271.24555826187134, 270.75150203704834,]
memory-traffic = 15476
