best-result = 36.30620455741882
warmup-time = 39.04367256164551
all-measurements = [ 36.30620455741882, 36.37342405319214, 37.797353982925415,]
memory-traffic = 962
