best-result = 40.417545557022095
warmup-time = 42.07851958274841
all-measurements = [ 40.417545557022095, 41.64400029182434, 41.38692307472229,]
memory-traffic = 1504
