best-result = 51.22437024116516
warmup-time = 54.3807475566864
all-measurements = [ 52.0973379611969, 51.29223155975342, 51.22437024116516,]
memory-traffic = 2285
