best-result = 34.28329944610596
warmup-time = 36.40730571746826
all-measurements = [ 34.30646061897278, 34.28329944610596, 34.585294246673584,]
memory-traffic = 1020
