best-result = 37.62552213668823
warmup-time = 39.82928824424744
all-measurements = [ 39.274004220962524, 37.62552213668823, 38.46613955497742,]
memory-traffic = 1243
