best-result = 60.822288036346436
warmup-time = 62.68527960777283
all-measurements = [ 62.61276078224182, 61.42282032966614, 60.822288036346436,]
memory-traffic = 2483
