best-result = 232.1880977153778
warmup-time = 238.74539613723755
all-measurements = [ 233.98185420036316, 232.8941934108734, 232.1880977153778,]
memory-traffic = 12091
