best-result = 539.5190052986145
warmup-time = 552.042893409729
all-measurements = [ 541.6211740970612, 539.5190052986145, 542.3557510375977,]
memory-traffic = 36028
