best-result = 36.10649275779724
warmup-time = 41.098193645477295
all-measurements = [ 37.59441328048706, 37.570215702056885, 36.10649275779724,]
memory-traffic = 1221
