best-result = 63.55498242378235
warmup-time = 66.15415620803833
all-measurements = [ 64.2563829421997, 65.48098421096802, 63.55498242378235,]
memory-traffic = 2989
