best-result = 27.73462152481079
warmup-time = 28.871814012527466
all-measurements = [ 27.73462152481079, 28.177404403686523, 28.052937746047974,]
memory-traffic = 586
