best-result = 36.27051854133606
warmup-time = 38.10337162017822
all-measurements = [ 36.58727216720581, 36.27051854133606, 36.46378183364868,]
memory-traffic = 850
