best-result = 33.51587200164795
warmup-time = 34.982097864151
all-measurements = [ 34.46618032455444, 35.25251340866089, 33.51587200164795,]
memory-traffic = 1034
