best-result = 43.98695087432861
warmup-time = 45.67706298828125
all-measurements = [ 46.097689390182495, 43.98695087432861, 44.4363489151001,]
memory-traffic = 1823
