best-result = 99.22630214691162
warmup-time = 104.01703882217407
all-measurements = [ 99.79902029037476, 99.22630214691162, 99.56695199012756,]
memory-traffic = 5403
