best-result = 27.855578899383545
warmup-time = 30.374881982803345
all-measurements = [ 29.33157753944397, 27.855578899383545, 28.728505611419678,]
memory-traffic = 584
