best-result = 34.22275996208191
warmup-time = 37.52376580238342
all-measurements = [ 34.22275996208191, 34.89382815361023, 34.95154690742493,]
memory-traffic = 1024
