best-result = 89.13158869743347
warmup-time = 99.4688766002655
all-measurements = [ 95.18392562866211, 91.16770505905151, 89.13158869743347,]
memory-traffic = 7056
