best-result = 39.94284462928772
warmup-time = 41.668372631073
all-measurements = [ 40.253562688827515, 41.22978186607361, 39.94284462928772,]
memory-traffic = 1393
