best-result = 45.960103034973145
warmup-time = 48.21267604827881
all-measurements = [ 46.5998477935791, 45.960103034973145, 46.022998571395874,]
memory-traffic = 1630
