best-result = 28.63705348968506
warmup-time = 30.275681018829346
all-measurements = [ 28.63705348968506, 29.405718326568604, 28.67599105834961,]
memory-traffic = 622
