best-result = 704.4516685009003
warmup-time = 732.2443375587463
all-measurements = [ 733.7393848896027, 704.4516685009003, 709.0850541591644,]
