best-result = 180.62857031822205
warmup-time = 186.6418707370758
all-measurements = [ 184.31980180740356, 185.64643597602844, 180.62857031822205,]
memory-traffic = 11226
