best-result = 45.01706385612488
warmup-time = 45.23426365852356
all-measurements = [ 46.43583393096924, 46.636361598968506, 45.01706385612488,]
memory-traffic = 1743
