best-result = 25.778975009918213
warmup-time = 25.924376249313354
all-measurements = [ 26.008225440979004, 25.778975009918213, 26.252341508865356,]
