best-result = 36.8096067905426
warmup-time = 38.53523349761963
all-measurements = [ 39.339449882507324, 36.8096067905426, 38.67323088645935,]
