best-result = 31.148056507110596
warmup-time = 30.693589210510254
all-measurements = [ 32.83670425415039, 31.148056507110596, 31.490264177322388,]
