best-result = 263.47144651412964
warmup-time = 271.34010076522827
all-measurements = [ 268.63130402565, 264.22917461395264, 263.47144651412964,]
