best-result = 36.05317997932434
warmup-time = 38.504921436309814
all-measurements = [ 36.95081639289856, 36.05317997932434, 36.34834861755371,]
