best-result = 111.33069610595703
warmup-time = 113.5722553730011
all-measurements = [ 111.33069610595703, 112.12706708908081, 111.6683099269867,]
