best-result = 38.92271876335144
warmup-time = 42.40171957015991
all-measurements = [ 38.92271876335144, 40.87383532524109, 42.26720714569092,]
