best-result = 48.11895966529846
warmup-time = 48.851906538009644
all-measurements = [ 49.3474006652832, 48.11895966529846, 48.34179735183716,]
