best-result = 32.80324840545654
warmup-time = 33.15655493736267
all-measurements = [ 34.8346905708313, 33.50658369064331, 32.80324840545654,]
