best-result = 36.99705410003662
warmup-time = 37.151285886764526
all-measurements = [ 36.99705410003662, 37.21685433387756, 37.33490014076233,]
