best-result = 57.872209310531616
warmup-time = 64.57086968421936
all-measurements = [ 58.704591512680054, 57.872209310531616, 65.76296710968018,]
