best-result = 228.95321345329285
warmup-time = 233.12520956993103
all-measurements = [ 231.8163983821869, 231.03575921058655, 228.95321345329285,]
