best-result = 525.4895825386047
warmup-time = 528.16663646698
all-measurements = [ 529.4550731182098, 525.4895825386047, 526.2568321228027,]
