best-result = 36.156489849090576
warmup-time = 36.651790380477905
all-measurements = [ 38.0974600315094, 38.23909664154053, 36.156489849090576,]
