best-result = 28.981534957885742
warmup-time = 29.156190872192383
all-measurements = [ 28.981534957885742, 29.51056408882141, 29.305116653442383,]
