best-result = 75.42173266410828
warmup-time = 68.45943784713745
all-measurements = [ 78.57483196258545, 85.84178423881531, 75.42173266410828,]
