best-result = 61.339192390441895
warmup-time = 62.43879151344299
all-measurements = [ 61.339192390441895, 61.838221073150635, 62.35518550872803,]
