best-result = 27.590190887451172
warmup-time = 28.239085912704468
all-measurements = [ 27.590190887451172, 28.79427695274353, 27.789621829986572,]
