best-result = 35.28968834877014
warmup-time = 35.580167055130005
all-measurements = [ 35.53880572319031, 35.36281204223633, 35.28968834877014,]
