best-result = 33.16737937927246
warmup-time = 33.12549066543579
all-measurements = [ 33.16737937927246, 33.25136995315552, 33.434311866760254,]
