best-result = 41.71857166290283
warmup-time = 43.56323266029358
all-measurements = [ 42.438047647476196, 41.71857166290283, 43.56568169593811,]
