best-result = 97.41789770126343
warmup-time = 98.19015693664551
all-measurements = [ 99.91944241523743, 100.33475017547607, 97.41789770126343,]
