best-result = 27.823371171951294
warmup-time = 28.693021059036255
all-measurements = [ 27.823371171951294, 27.938403844833374, 27.83692240715027,]
