best-result = 33.268975019454956
warmup-time = 34.05583119392395
all-measurements = [ 34.243794202804565, 33.268975019454956, 34.48589324951172,]
