best-result = 86.38008689880371
warmup-time = 93.40588092803955
all-measurements = [ 86.38008689880371, 96.94928669929504, 92.90100383758545,]
