best-result = 37.78114056587219
warmup-time = 39.74384021759033
all-measurements = [ 39.1257688999176, 37.78114056587219, 38.8758602142334,]
