best-result = 43.55797529220581
warmup-time = 46.23210000991821
all-measurements = [ 44.19477295875549, 46.20896100997925, 43.55797529220581,]
