best-result = 27.714526414871216
warmup-time = 28.77498984336853
all-measurements = [ 28.84538221359253, 27.714526414871216, 28.785645484924316,]
