best-result = 697.0257952213287
warmup-time = 739.3849332332611
all-measurements = [ 699.969895362854, 702.0122587680817, 697.0257952213287,]
