best-result = 177.60455918312073
warmup-time = 177.2818522453308
all-measurements = [ 177.60455918312073, 179.5704333782196, 181.73892617225647,]
