best-result = 66.44231510162354
warmup-time = 57.152406454086304
all-measurements = [ 69.68228268623352, 66.44231510162354, 69.10814690589905,]
