best-result = 24.116101264953613
warmup-time = 24.050633192062378
all-measurements = [ 24.23006582260132, 24.116101264953613, 24.626542806625366,]
