best-result = 47.81474280357361
warmup-time = 63.96043157577515
all-measurements = [ 47.88412690162659, 48.465768337249756, 47.81474280357361,]
