best-result = 47.977866888046265
warmup-time = 59.49224400520325
all-measurements = [ 48.32943320274353, 47.977866888046265, 48.388710737228394,]
