best-result = 902.7922279834747
warmup-time = 1064.767038345337
all-measurements = [ 922.6125161647797, 905.1787366867065, 902.7922279834747,]
