best-result = 85.82162308692932
warmup-time = 100.36438918113708
all-measurements = [ 86.34611082077026, 86.3019814491272, 85.82162308692932,]
