best-result = 884.6157829761505
warmup-time = 913.0739569664001
all-measurements = [ 884.6157829761505, 889.9054510593414, 889.3667726516724,]
