best-result = 68.01672649383545
warmup-time = 82.72081232070923
all-measurements = [ 68.01672649383545, 68.18178391456604, 68.3936071395874,]
