best-result = 85.56713247299194
warmup-time = 107.60002279281616
all-measurements = [ 85.6441421508789, 85.56713247299194, 85.859867811203,]
