best-result = 70.07632398605347
warmup-time = 90.10581374168396
all-measurements = [ 70.07632398605347, 70.15345287322998, 70.20806765556335,]
