best-result = 88.97152733802795
warmup-time = 102.61173367500305
all-measurements = [ 89.34202671051025, 89.31087684631348, 88.97152733802795,]
