best-result = 656.0879590511322
warmup-time = 688.6944119930267
all-measurements = [ 656.0879590511322, 656.6084644794464, 658.4545698165894,]
