best-result = 64.15461611747742
warmup-time = 77.40649700164795
all-measurements = [ 65.26674962043762, 64.15461611747742, 64.38513684272766,]
