best-result = 194.2607102394104
warmup-time = 340.4174075126648
all-measurements = [ 194.2607102394104, 196.54358768463135, 195.69184947013855,]
