best-result = 392.9366891384125
warmup-time = 831.9002301692963
all-measurements = [ 392.9366891384125, 393.3895888328552, 395.82814478874207,]
