best-result = 64.21727895736694
warmup-time = 80.19304633140564
all-measurements = [ 64.29492568969727, 64.28003978729248, 64.21727895736694,]
