best-result = 41.491032123565674
warmup-time = 50.26263427734375
all-measurements = [ 41.491032123565674, 42.31129264831543, 41.97945213317871,]
