best-result = 139.18243145942688
warmup-time = 166.42749571800232
all-measurements = [ 139.18243145942688, 139.76548719406128, 140.22996973991394,]
