best-result = 939.7857217788696
warmup-time = 968.2469253540039
all-measurements = [ 946.0615229606628, 939.7857217788696, 944.5192940235138,]
