best-result = 28.680196523666382
warmup-time = 37.43605828285217
all-measurements = [ 28.680196523666382, 28.8648784160614, 29.289634227752686,]
