best-result = 60.94300818443298
warmup-time = 70.95393443107605
all-measurements = [ 61.43619179725647, 60.94300818443298, 62.04312610626221,]
