best-result = 61.07706427574158
warmup-time = 76.27683281898499
all-measurements = [ 61.07706427574158, 61.35993432998657, 61.499988317489624,]
