best-result = 111.23754024505615
warmup-time = 139.80652117729187
all-measurements = [ 112.15649676322937, 111.23754024505615, 111.50347304344177,]
