best-result = 779.668790102005
warmup-time = 847.8091952800751
all-measurements = [ 780.9581897258759, 783.298122882843, 779.668790102005,]
