best-result = 35.27998399734497
warmup-time = 43.8777961730957
all-measurements = [ 35.27998399734497, 35.84219551086426, 35.67048478126526,]
