best-result = 57.34159755706787
warmup-time = 73.11481547355652
all-measurements = [ 57.47705817222595, 57.34159755706787, 57.65388584136963,]
