best-result = 2891.703778028488
warmup-time = 2672.8915708065033
all-measurements = [ 3573.9629158973694, 3339.493749856949, 2891.703778028488,]
