best-result = 50.93786334991455
warmup-time = 72.15433311462402
all-measurements = [ 50.93786334991455, 51.31458020210266, 51.34205722808838,]
