best-result = 83.93661832809448
warmup-time = 100.18683815002441
all-measurements = [ 84.01058292388916, 83.93661832809448, 84.09586954116821,]
