best-result = 94.08870482444763
warmup-time = 117.75648307800293
all-measurements = [ 94.67668223381042, 94.08870482444763, 94.43995141983032,]
