best-result = 38.520206451416016
warmup-time = 48.563379764556885
all-measurements = [ 38.520206451416016, 39.13159394264221, 39.09770178794861,]
