best-result = 318.3858530521393
warmup-time = 486.5499143600464
all-measurements = [ 318.3858530521393, 319.52887415885925, 339.07236671447754,]
