best-result = 62.71090650558472
warmup-time = 62.861409425735474
all-measurements = [ 62.90099740028381, 63.215166091918945, 62.71090650558472,]
