best-result = 22.13000512123108
warmup-time = 22.440643310546875
all-measurements = [ 22.185834169387817, 22.13000512123108, 22.46175765991211,]
