best-result = 46.87052512168884
warmup-time = 62.16961073875427
all-measurements = [ 46.87052512168884, 47.32903790473938, 47.034653425216675,]
