best-result = 46.237486600875854
warmup-time = 58.64677906036377
all-measurements = [ 46.237486600875854, 46.67187190055847, 46.683016777038574,]
