best-result = 951.9795198440552
warmup-time = 1133.526936531067
all-measurements = [ 967.8684434890747, 951.9795198440552, 953.85009932518,]
