best-result = 82.21143794059753
warmup-time = 94.97397065162659
all-measurements = [ 82.2481689453125, 82.52696394920349, 82.21143794059753,]
