best-result = 77.93356227874756
warmup-time = 98.68985486030579
all-measurements = [ 78.85366296768188, 79.0907814502716, 77.93356227874756,]
