best-result = 69.12909150123596
warmup-time = 91.2522075176239
all-measurements = [ 69.73096323013306, 69.12909150123596, 69.5565550327301,]
