best-result = 84.22766304016113
warmup-time = 98.84644269943237
all-measurements = [ 84.57103967666626, 84.22766304016113, 84.41150712966919,]
