best-result = 592.7957122325897
warmup-time = 608.5439250469208
all-measurements = [ 592.7957122325897, 595.8281805515289, 594.0363204479218,]
