best-result = 62.08339858055115
warmup-time = 78.4164490699768
all-measurements = [ 62.13212704658508, 62.31122922897339, 62.08339858055115,]
