best-result = 222.69826245307922
warmup-time = 379.7102813720703
all-measurements = [ 226.38264179229736, 222.69826245307922, 224.58830976486206,]
