best-result = 435.5662875175476
warmup-time = 886.8668854236603
all-measurements = [ 440.8258979320526, 443.28667974472046, 435.5662875175476,]
