best-result = 60.14855170249939
warmup-time = 75.08215308189392
all-measurements = [ 60.444666624069214, 60.57155179977417, 60.14855170249939,]
