best-result = 844.0315463542938
warmup-time = 880.281247138977
all-measurements = [ 853.2639801502228, 844.0315463542938, 849.3797657489777,]
