best-result = 26.96227717399597
warmup-time = 35.33669400215149
all-measurements = [ 27.009748458862305, 27.348454475402832, 26.96227717399597,]
