best-result = 57.70618295669556
warmup-time = 71.73235583305359
all-measurements = [ 57.811105251312256, 58.02215218544006, 57.70618295669556,]
