best-result = 56.06136775016785
warmup-time = 68.75013160705566
all-measurements = [ 56.561399698257446, 56.06136775016785, 56.371302366256714,]
