best-result = 107.68804574012756
warmup-time = 136.56699132919312
all-measurements = [ 108.78981947898865, 109.36385107040405, 107.68804574012756,]
