best-result = 760.595705986023
warmup-time = 830.3325853347778
all-measurements = [ 762.5123603343964, 760.595705986023, 764.464147567749,]
