best-result = 33.84139323234558
warmup-time = 40.326807498931885
all-measurements = [ 33.920825481414795, 33.84139323234558, 34.03073453903198,]
