best-result = 53.00633883476257
warmup-time = 68.4782350063324
all-measurements = [ 53.10047221183777, 53.89434337615967, 53.00633883476257,]
