best-result = 48.990877628326416
warmup-time = 67.8313467502594
all-measurements = [ 49.94179058074951, 49.25653290748596, 48.990877628326416,]
