best-result = 79.326908826828
warmup-time = 95.89695596694946
all-measurements = [ 79.65212941169739, 79.39503216743469, 79.326908826828,]
