best-result = 35.56280732154846
warmup-time = 44.96336221694946
all-measurements = [ 35.56280732154846, 35.89640688896179, 35.92405414581299,]
