best-result = 331.91055178642273
warmup-time = 478.52321314811707
all-measurements = [ 335.9875874519348, 331.91055178642273, 336.849378824234,]
