best-result = 102.25658202171326
warmup-time = 102.17670321464539
all-measurements = [ 102.95566701889038, 102.69074296951294, 102.25658202171326,]
