best-result = 22.13103437423706
warmup-time = 23.282538652420044
all-measurements = [ 22.655104637145996, 23.03416395187378, 22.13103437423706,]
