best-result = 47.88254237174988
warmup-time = 65.70168805122375
all-measurements = [ 48.04337120056152, 48.804086446762085, 47.88254237174988,]
