best-result = 47.152080059051514
warmup-time = 61.45953583717346
all-measurements = [ 47.152080059051514, 48.20624780654907, 47.35659098625183,]
