best-result = 990.5116302967072
warmup-time = 1202.8540217876434
all-measurements = [ 1003.1980609893799, 995.3103296756744, 990.5116302967072,]
