best-result = 82.81149125099182
warmup-time = 99.13710117340088
all-measurements = [ 83.51901817321777, 83.52691268920898, 82.81149125099182,]
