best-result = 78.30794620513916
warmup-time = 102.12781286239624
all-measurements = [ 79.56259679794312, 78.30794620513916, 79.17025423049927,]
