best-result = 70.82333469390869
warmup-time = 93.40684866905212
all-measurements = [ 71.06093406677246, 70.82333469390869, 70.93550324440002,]
