best-result = 85.08160257339478
warmup-time = 100.78177809715271
all-measurements = [ 85.08160257339478, 85.76157808303833, 86.71051836013794,]
