best-result = 600.031500339508
warmup-time = 616.5882346630096
all-measurements = [ 604.6445002555847, 600.031500339508, 603.284770488739,]
