best-result = 63.5133421421051
warmup-time = 78.56821417808533
all-measurements = [ 63.639914751052856, 63.5133421421051, 63.82380247116089,]
