best-result = 235.91801857948303
warmup-time = 440.9986138343811
all-measurements = [ 236.60457348823547, 235.91801857948303, 236.36589694023132,]
