best-result = 442.84020495414734
warmup-time = 968.9515602588654
all-measurements = [ 442.84020495414734, 449.53554487228394, 444.21318674087524,]
