best-result = 60.31698656082153
warmup-time = 76.642746925354
all-measurements = [ 60.31698656082153, 60.65336227416992, 60.941330909729004,]
