best-result = 881.1941015720367
warmup-time = 915.540992975235
all-measurements = [ 881.1941015720367, 890.049733877182, 884.7500741481781,]
