best-result = 27.429580688476562
warmup-time = 37.68274283409119
all-measurements = [ 27.85299253463745, 27.838706493377686, 27.429580688476562,]
