best-result = 60.15931582450867
warmup-time = 72.31147122383118
all-measurements = [ 60.5453565120697, 60.20607900619507, 60.15931582450867,]
