best-result = 55.97069597244263
warmup-time = 71.57403683662415
all-measurements = [ 55.97069597244263, 57.89883875846863, 56.4273886680603,]
