best-result = 110.50053930282593
warmup-time = 143.60606479644775
all-measurements = [ 111.09337115287781, 110.8994197845459, 110.50053930282593,]
