best-result = 778.9005687236786
warmup-time = 858.06698179245
all-measurements = [ 781.939403295517, 778.9005687236786, 779.8225862979889,]
