best-result = 34.16589140892029
warmup-time = 40.930723667144775
all-measurements = [ 35.23472046852112, 35.28719782829285, 34.16589140892029,]
