best-result = 53.591976165771484
warmup-time = 70.14128684997559
all-measurements = [ 53.904451847076416, 53.591976165771484, 54.149454832077026,]
