best-result = 50.08920931816101
warmup-time = 71.69940876960754
all-measurements = [ 50.08920931816101, 51.247878074645996, 50.16737079620361,]
