best-result = 79.86055397987366
warmup-time = 101.16841197013855
all-measurements = [ 79.86055397987366, 80.3686261177063, 79.86698794364929,]
