best-result = 36.46664619445801
warmup-time = 46.481152296066284
all-measurements = [ 36.834136962890625, 37.4106867313385, 36.46664619445801,]
