best-result = 358.88625288009644
warmup-time = 509.134827375412
all-measurements = [ 367.04856967926025, 359.4840066432953, 358.88625288009644,]
