best-result = 103.7642114162445
warmup-time = 105.41765475273132
all-measurements = [ 104.50517439842224, 104.50645756721497, 103.7642114162445,]
