best-result = 25.62652826309204
warmup-time = 26.94372296333313
all-measurements = [ 25.9981791973114, 25.689517498016357, 25.62652826309204,]
