best-result = 37.45502257347107
warmup-time = 37.31863021850586
all-measurements = [ 37.45502257347107, 39.252180337905884, 37.91896104812622,]
