best-result = 30.59839677810669
warmup-time = 31.18906283378601
all-measurements = [ 31.282788276672363, 30.59839677810669, 31.41381859779358,]
