best-result = 261.9699993133545
warmup-time = 267.5870521068573
all-measurements = [ 261.9699993133545, 263.77888345718384, 264.6180272102356,]
