best-result = 37.56433653831482
warmup-time = 36.586254358291626
all-measurements = [ 37.69280672073364, 37.56433653831482, 37.81825613975525,]
