best-result = 40.811702489852905
warmup-time = 41.447028160095215
all-measurements = [ 40.811702489852905, 41.53194522857666, 42.55225872993469,]
