best-result = 49.48123598098755
warmup-time = 49.185948848724365
all-measurements = [ 49.48123598098755, 49.80011248588562, 49.66442656517029,]
