best-result = 33.6747260093689
warmup-time = 32.98434400558472
all-measurements = [ 33.6747260093689, 33.7211537361145, 33.97509741783142,]
