best-result = 37.24561905860901
warmup-time = 37.923794746398926
all-measurements = [ 37.60233497619629, 37.24561905860901, 37.849711179733276,]
