best-result = 62.16222381591797
warmup-time = 65.34347772598267
all-measurements = [ 62.16222381591797, 66.68416857719421, 69.24090695381165,]
