best-result = 225.31507015228271
warmup-time = 230.44903707504272
all-measurements = [ 227.05908036231995, 225.31507015228271, 228.88034796714783,]
