best-result = 521.000381231308
warmup-time = 523.6641299724579
all-measurements = [ 521.000381231308, 523.4835963249207, 523.055634021759,]
