best-result = 36.00243139266968
warmup-time = 44.73859930038452
all-measurements = [ 43.54738426208496, 36.00243139266968, 37.58956241607666,]
