best-result = 74.56071281433105
warmup-time = 83.88547348976135
all-measurements = [ 82.45276546478271, 77.89189291000366, 74.56071281433105,]
