best-result = 62.32002019882202
warmup-time = 64.37098479270935
all-measurements = [ 62.32002019882202, 62.34422707557678, 63.10638380050659,]
