best-result = 26.75086283683777
warmup-time = 29.061596870422363
all-measurements = [ 28.058667182922363, 27.377609491348267, 26.75086283683777,]
