best-result = 32.19743227958679
warmup-time = 35.480340242385864
all-measurements = [ 35.50468134880066, 32.19743227958679, 35.00338435173035,]
