best-result = 33.692713260650635
warmup-time = 34.349557876586914
all-measurements = [ 34.133636236190796, 35.608946561813354, 33.692713260650635,]
