best-result = 41.54634666442871
warmup-time = 43.04644751548767
all-measurements = [ 44.51797342300415, 41.54634666442871, 43.4059944152832,]
