best-result = 94.56099700927734
warmup-time = 96.69878268241882
all-measurements = [ 97.09160733222961, 96.39803743362427, 94.56099700927734,]
