best-result = 27.477792263031006
warmup-time = 28.160443782806396
all-measurements = [ 28.798176288604736, 27.477792263031006, 27.612261533737183,]
