best-result = 33.40037798881531
warmup-time = 35.64032435417175
all-measurements = [ 34.15751123428345, 33.40037798881531, 33.90875482559204,]
