best-result = 87.67493104934692
warmup-time = 97.59256744384766
all-measurements = [ 88.55663466453552, 88.35922956466675, 87.67493104934692,]
