best-result = 38.64522433280945
warmup-time = 39.93128800392151
all-measurements = [ 38.66631889343262, 38.75535988807678, 38.64522433280945,]
