best-result = 43.13319945335388
warmup-time = 45.12396550178528
all-measurements = [ 43.152870655059814, 45.168110609054565, 43.13319945335388,]
