best-result = 27.83211588859558
warmup-time = 27.364864587783813
all-measurements = [ 28.301931858062744, 28.712241172790527, 27.83211588859558,]
