best-result = 700.8913142681122
warmup-time = 728.7591564655304
all-measurements = [ 711.2622876167297, 715.0607187747955, 700.8913142681122,]
