best-result = 172.3154730796814
warmup-time = 173.88107132911682
all-measurements = [ 172.3154730796814, 175.50079250335693, 173.44000101089478,]
