best-result = 55.217082500457764
warmup-time = 68.80650424957275
all-measurements = [ 66.75070190429688, 65.90039658546448, 55.217082500457764,]
