best-result = 23.369118213653564
warmup-time = 23.40664291381836
all-measurements = [ 23.496235609054565, 23.369118213653564, 23.513189792633057,]
