best-result = 46.9793918132782
warmup-time = 66.10973525047302
all-measurements = [ 46.9793918132782, 47.54280495643616, 47.1720175743103,]
