best-result = 46.51529407501221
warmup-time = 58.30208611488342
all-measurements = [ 46.97160363197327, 46.51529407501221, 47.581106424331665,]
