best-result = 900.6213119029999
warmup-time = 1119.658239364624
all-measurements = [ 901.8501400947571, 900.6213119029999, 904.5828123092651,]
