best-result = 85.65418004989624
warmup-time = 99.48167443275452
all-measurements = [ 85.65418004989624, 86.39959573745728, 86.43463802337646,]
