best-result = 985.1106357574463
warmup-time = 1018.9821500778198
all-measurements = [ 992.4881286621094, 985.1106357574463, 985.2071318626404,]
