best-result = 82.5436463356018
warmup-time = 102.16691541671753
all-measurements = [ 83.41371035575867, 82.5436463356018, 82.97626900672913,]
