best-result = 68.3284502029419
warmup-time = 89.06110167503357
all-measurements = [ 68.3284502029419, 68.88004946708679, 68.73804688453674,]
