best-result = 92.16871905326843
warmup-time = 106.8666763305664
all-measurements = [ 92.38111352920532, 92.78918743133545, 92.16871905326843,]
