best-result = 647.6930184364319
warmup-time = 659.7624914646149
all-measurements = [ 649.9157395362854, 647.6930184364319, 651.0284059047699,]
