best-result = 62.41530990600586
warmup-time = 79.12576746940613
all-measurements = [ 63.14361357688904, 62.41530990600586, 62.559051513671875,]
