best-result = 208.04157853126526
warmup-time = 362.8673765659332
all-measurements = [ 209.14965915679932, 208.49985790252686, 208.04157853126526,]
