best-result = 383.3035011291504
warmup-time = 830.2397530078888
all-measurements = [ 386.1597878932953, 386.9214358329773, 383.3035011291504,]
