best-result = 63.3134503364563
warmup-time = 80.01796269416809
all-measurements = [ 63.44134759902954, 63.3134503364563, 63.45956611633301,]
