best-result = 40.44292402267456
warmup-time = 49.01542258262634
all-measurements = [ 40.7404248714447, 40.44292402267456, 40.85496187210083,]
