best-result = 135.8944113254547
warmup-time = 160.27282071113586
all-measurements = [ 136.09634518623352, 135.8944113254547, 136.2827115058899,]
