best-result = 920.651433467865
warmup-time = 951.1131422519684
all-measurements = [ 920.651433467865, 947.8600132465363, 923.4311265945435,]
