best-result = 27.938799142837524
warmup-time = 37.33277106285095
all-measurements = [ 28.390841484069824, 28.021620512008667, 27.938799142837524,]
