best-result = 57.393571853637695
warmup-time = 70.5296847820282
all-measurements = [ 57.393571853637695, 57.94899797439575, 57.60536742210388,]
