best-result = 60.85000205039978
warmup-time = 77.08702874183655
all-measurements = [ 61.201420545578, 61.0359582901001, 60.85000205039978,]
