best-result = 109.96845555305481
warmup-time = 139.76215744018555
all-measurements = [ 109.96845555305481, 111.6476194858551, 111.21004629135132,]
