best-result = 773.8884918689728
warmup-time = 841.1628265380859
all-measurements = [ 774.0154736042023, 795.5937216281891, 773.8884918689728,]
