best-result = 34.14992570877075
warmup-time = 43.13512563705444
all-measurements = [ 34.26905608177185, 34.36573839187622, 34.14992570877075,]
