best-result = 56.02232098579407
warmup-time = 72.3634774684906
all-measurements = [ 56.34219813346863, 56.03729581832886, 56.02232098579407,]
