best-result = 1489.2470922470093
warmup-time = 1784.9065074920654
all-measurements = [ 1601.1824867725372, 1489.2470922470093, 1549.982980966568,]
