best-result = 48.65503239631653
warmup-time = 69.96247577667236
all-measurements = [ 48.65503239631653, 49.462655782699585, 48.84744048118591,]
