best-result = 81.28729104995728
warmup-time = 100.58583736419678
all-measurements = [ 81.54523873329163, 81.92040467262268, 81.28729104995728,]
