best-result = 37.375903606414795
warmup-time = 45.693137645721436
all-measurements = [ 37.375903606414795, 38.14418625831604, 37.862683057785034,]
