best-result = 331.09660482406616
warmup-time = 469.93200874328613
all-measurements = [ 334.6913502216339, 343.685649394989, 331.09660482406616,]
