best-result = 59.536465883255005
warmup-time = 59.945679903030396
all-measurements = [ 59.848822832107544, 59.78495502471924, 59.536465883255005,]
