best-result = 25.484272480010986
warmup-time = 25.961284399032593
all-measurements = [ 25.975902318954468, 25.484272480010986, 26.22825026512146,]
