best-result = 37.067373514175415
warmup-time = 36.146528482437134
all-measurements = [ 39.33830213546753, 37.17993712425232, 37.067373514175415,]
