best-result = 32.03343462944031
warmup-time = 32.909523010253906
all-measurements = [ 32.03343462944031, 32.46869134902954, 32.99805283546448,]
