best-result = 262.2848870754242
warmup-time = 268.3260831832886
all-measurements = [ 271.82859086990356, 262.2848870754242, 266.2664246559143,]
