best-result = 36.446619272232056
warmup-time = 37.619765281677246
all-measurements = [ 37.437801361083984, 36.446619272232056, 36.8956196308136,]
