best-result = 41.945908308029175
warmup-time = 44.32042717933655
all-measurements = [ 41.945908308029175, 44.12440085411072, 42.22849202156067,]
