best-result = 50.63213753700256
warmup-time = 50.612229347229004
all-measurements = [ 50.63213753700256, 51.821834087371826, 52.023072719573975,]
