best-result = 34.376593589782715
warmup-time = 35.28450846672058
all-measurements = [ 34.654337882995605, 34.376593589782715, 34.77904486656189,]
