best-result = 36.73569345474243
warmup-time = 38.08966684341431
all-measurements = [ 38.03482460975647, 36.73569345474243, 38.11628317832947,]
