best-result = 63.202956676483154
warmup-time = 63.853899002075195
all-measurements = [ 65.34236741065979, 63.202956676483154, 63.993122577667236,]
