best-result = 226.76504921913147
warmup-time = 230.526047706604
all-measurements = [ 229.73889231681824, 226.76504921913147, 230.81842160224915,]
