best-result = 525.717716217041
warmup-time = 527.7751507759094
all-measurements = [ 526.7606019973755, 525.717716217041, 527.7887377738953,]
