best-result = 35.40120267868042
warmup-time = 37.36741781234741
all-measurements = [ 35.40120267868042, 36.886738777160645, 37.01025199890137,]
