best-result = 62.81490135192871
warmup-time = 63.72135925292969
all-measurements = [ 63.1488835811615, 62.81490135192871, 64.84197306632996,]
