best-result = 27.637033700942993
warmup-time = 28.27807116508484
all-measurements = [ 28.73965287208557, 27.77263116836548, 27.637033700942993,]
