best-result = 36.72857618331909
warmup-time = 36.813446044921875
all-measurements = [ 36.72857618331909, 36.79269599914551, 36.73381280899048,]
