best-result = 33.44269323348999
warmup-time = 33.51923990249634
all-measurements = [ 33.44269323348999, 33.71026611328125, 33.51725172996521,]
