best-result = 43.28858661651611
warmup-time = 44.62083888053894
all-measurements = [ 43.28858661651611, 44.17065477371216, 44.787047147750854,]
