best-result = 98.59558868408203
warmup-time = 101.20963835716248
all-measurements = [ 98.59558868408203, 98.87420654296875, 99.21169590950012,]
