best-result = 28.65171718597412
warmup-time = 29.088676929473877
all-measurements = [ 29.338155269622803, 28.65171718597412, 29.799973011016846,]
