best-result = 32.64000654220581
warmup-time = 35.26836824417114
all-measurements = [ 34.513126850128174, 35.52054810523987, 32.64000654220581,]
