best-result = 91.17791628837585
warmup-time = 98.50570964813232
all-measurements = [ 92.99375224113464, 93.07074570655823, 91.17791628837585,]
