best-result = 39.760546922683716
warmup-time = 40.87412738800049
all-measurements = [ 40.25173044204712, 39.760546922683716, 40.30618381500244,]
