best-result = 43.4856321811676
warmup-time = 45.54947757720947
all-measurements = [ 44.62247657775879, 43.72359490394592, 43.4856321811676,]
