best-result = 28.414817094802856
warmup-time = 28.633333444595337
all-measurements = [ 29.09563112258911, 28.72110891342163, 28.414817094802856,]
