best-result = 681.2716047763824
warmup-time = 712.7523815631866
all-measurements = [ 681.3839564323425, 682.0930433273315, 681.2716047763824,]
