best-result = 174.75523281097412
warmup-time = 179.53645086288452
all-measurements = [ 176.84227657318115, 175.40511178970337, 174.75523281097412,]
