best-result = 44.20530986785889
warmup-time = 44.21937441825867
all-measurements = [ 44.654173851013184, 44.47520565986633, 44.20530986785889,]
