best-result = 26.11551594734192
warmup-time = 26.32478952407837
all-measurements = [ 26.411014556884766, 26.11551594734192, 26.282286167144775,]
