best-result = 34.788270235061646
warmup-time = 37.98403787612915
all-measurements = [ 34.788270235061646, 38.12203526496887, 36.995341300964355,]
