best-result = 30.612407207489014
warmup-time = 30.260197162628174
all-measurements = [ 31.392853498458862, 31.5227370262146, 30.612407207489014,]
