best-result = 230.84329462051392
warmup-time = 233.71469378471375
all-measurements = [ 232.76083731651306, 233.00430607795715, 230.84329462051392,]
