best-result = 35.451281785964966
warmup-time = 36.85927176475525
all-measurements = [ 36.44625639915466, 35.451281785964966, 36.53015732765198,]
