best-result = 113.31864333152771
warmup-time = 114.78884220123291
all-measurements = [ 113.43975687026978, 114.03098917007446, 113.31864333152771,]
