best-result = 33.965826749801636
warmup-time = 35.421839237213135
all-measurements = [ 35.534138202667236, 36.279637575149536, 33.965826749801636,]
