best-result = 40.54224944114685
warmup-time = 41.07241940498352
all-measurements = [ 41.59705138206482, 40.6046028137207, 40.54224944114685,]
