best-result = 47.085758447647095
warmup-time = 49.48476314544678
all-measurements = [ 48.14371609687805, 47.085758447647095, 48.42319965362549,]
