best-result = 34.28011441230774
warmup-time = 33.388577461242676
all-measurements = [ 34.902759313583374, 34.95418977737427, 34.28011441230774,]
