best-result = 35.98730254173279
warmup-time = 39.049161195755005
all-measurements = [ 37.59543585777283, 38.183390378952026, 35.98730254173279,]
