best-result = 58.25117063522339
warmup-time = 64.4421775341034
all-measurements = [ 60.80814003944397, 60.227614879608154, 58.25117063522339,]
