best-result = 219.72274136543274
warmup-time = 223.87199521064758
all-measurements = [ 219.92269277572632, 222.5458631515503, 219.72274136543274,]
