best-result = 504.20165824890137
warmup-time = 503.0306305885315
all-measurements = [ 505.0987603664398, 507.187801361084, 504.20165824890137,]
