best-result = 35.36555576324463
warmup-time = 34.88889670372009
all-measurements = [ 36.809149503707886, 35.36555576324463, 37.8879292011261,]
