best-result = 29.292140007019043
warmup-time = 29.445766925811768
all-measurements = [ 29.38344693183899, 29.835537672042847, 29.292140007019043,]
