best-result = 75.31070303916931
warmup-time = 76.51060056686401
all-measurements = [ 82.54884791374207, 76.24755954742432, 75.31070303916931,]
