best-result = 60.54806685447693
warmup-time = 64.83543038368225
all-measurements = [ 60.54806685447693, 61.0694694519043, 62.39381957054138,]
