best-result = 28.23681950569153
warmup-time = 30.281534433364868
all-measurements = [ 28.23681950569153, 28.91339874267578, 28.739218711853027,]
