best-result = 35.025274991989136
warmup-time = 35.687073945999146
all-measurements = [ 35.025274991989136, 35.641403675079346, 35.3725311756134,]
