best-result = 33.27183532714844
warmup-time = 34.167110204696655
all-measurements = [ 35.34714198112488, 34.680376291275024, 33.27183532714844,]
