best-result = 42.35830593109131
warmup-time = 41.927324056625366
all-measurements = [ 43.255592823028564, 44.11081123352051, 42.35830593109131,]
