best-result = 95.33534598350525
warmup-time = 94.89883160591125
all-measurements = [ 96.19447731971741, 95.4386088848114, 95.33534598350525,]
