best-result = 27.968019485473633
warmup-time = 29.469213485717773
all-measurements = [ 27.968019485473633, 28.275578260421753, 28.590209484100342,]
