best-result = 34.47885012626648
warmup-time = 34.33434867858887
all-measurements = [ 34.905394077301025, 34.47885012626648, 34.70228958129883,]
