best-result = 88.18571329116821
warmup-time = 89.14065313339233
all-measurements = [ 92.98492336273193, 89.6933102607727, 88.18571329116821,]
