best-result = 38.44247579574585
warmup-time = 39.83516526222229
all-measurements = [ 38.44247579574585, 39.0379536151886, 38.8686363697052,]
