best-result = 42.99904775619507
warmup-time = 46.16235041618347
all-measurements = [ 45.585071325302124, 42.99904775619507, 44.56605005264282,]
