best-result = 49.934906244277954
warmup-time = 51.14523983001709
all-measurements = [ 50.6795756816864, 49.934906244277954, 50.573989152908325,]
