best-result = 27.73939275741577
warmup-time = 29.547637224197388
all-measurements = [ 28.859874963760376, 27.73939275741577, 28.908828735351562,]
