best-result = 660.2358014583588
warmup-time = 700.166524887085
all-measurements = [ 660.2358014583588, 672.0419235229492, 664.9070916175842,]
