best-result = 167.54810309410095
warmup-time = 170.694096326828
all-measurements = [ 170.6620581150055, 167.54810309410095, 167.8057837486267,]
