best-result = 64.0142252445221
warmup-time = 59.86711001396179
all-measurements = [ 69.09275937080383, 64.46305871009827, 64.0142252445221,]
