best-result = 21.502062559127808
warmup-time = 21.7428617477417
all-measurements = [ 21.82333016395569, 21.530987977981567, 21.502062559127808,]
