best-result = 46.75587487220764
warmup-time = 64.08535885810852
all-measurements = [ 47.31248593330383, 46.75587487220764, 47.09737014770508,]
