best-result = 46.70346927642822
warmup-time = 57.933237075805664
all-measurements = [ 46.96615242958069, 46.70346927642822, 46.740909576416016,]
