best-result = 981.3990366458893
warmup-time = 1173.682963848114
all-measurements = [ 988.0957610607147, 989.4834632873535, 981.3990366458893,]
