best-result = 82.12537837028503
warmup-time = 95.03634548187256
all-measurements = [ 82.12537837028503, 82.34991908073425, 82.24899578094482,]
