best-result = 78.40182995796204
warmup-time = 99.3584852218628
all-measurements = [ 78.40182995796204, 78.87987112998962, 79.46301770210266,]
