best-result = 68.71275472640991
warmup-time = 92.95247912406921
all-measurements = [ 68.71275472640991, 69.32595109939575, 68.9930624961853,]
