best-result = 83.7444155216217
warmup-time = 99.65856409072876
all-measurements = [ 83.95245027542114, 84.45921587944031, 83.7444155216217,]
