best-result = 592.8369464874268
warmup-time = 610.9916834831238
all-measurements = [ 592.8369464874268, 593.3528068065643, 596.9913432598114,]
