best-result = 62.00410056114197
warmup-time = 75.03521251678467
all-measurements = [ 62.51212120056152, 62.12608456611633, 62.00410056114197,]
