best-result = 227.19286227226257
warmup-time = 398.27087473869324
all-measurements = [ 232.09286832809448, 227.19286227226257, 230.03509497642517,]
