best-result = 439.5492489337921
warmup-time = 906.3630533218384
all-measurements = [ 442.84788370132446, 439.5492489337921, 443.43602228164673,]
