best-result = 60.00253653526306
warmup-time = 78.88629817962646
all-measurements = [ 60.378292083740234, 60.00253653526306, 60.38785123825073,]
