best-result = 859.4526207447052
warmup-time = 897.3189210891724
all-measurements = [ 862.0321497917175, 859.4526207447052, 864.5707111358643,]
