best-result = 27.0278217792511
warmup-time = 35.338019371032715
all-measurements = [ 27.600284099578857, 27.72427201271057, 27.0278217792511,]
