best-result = 58.53625965118408
warmup-time = 72.44996237754822
all-measurements = [ 58.90498399734497, 58.53625965118408, 58.59854316711426,]
