best-result = 55.38636803627014
warmup-time = 69.69973874092102
all-measurements = [ 55.38636803627014, 56.400954484939575, 55.88299083709717,]
