best-result = 108.98464465141296
warmup-time = 137.40786266326904
all-measurements = [ 110.04147148132324, 108.98464465141296, 109.37245488166809,]
