best-result = 771.7676322460175
warmup-time = 839.493111371994
all-measurements = [ 771.7676322460175, 776.1059687137604, 772.8065528869629,]
