best-result = 33.40391755104065
warmup-time = 42.101184129714966
all-measurements = [ 33.730857849121094, 33.40391755104065, 33.8743941783905,]
