best-result = 52.8876006603241
warmup-time = 68.5032901763916
all-measurements = [ 54.01138162612915, 52.8876006603241, 53.41683745384216,]
