best-result = 49.937907218933105
warmup-time = 68.18601989746094
all-measurements = [ 50.02706170082092, 50.033106565475464, 49.937907218933105,]
