best-result = 79.08913397789001
warmup-time = 98.98759436607361
all-measurements = [ 79.08913397789001, 79.13517308235168, 79.60683059692383,]
