best-result = 35.47133946418762
warmup-time = 44.945261001586914
all-measurements = [ 35.74762487411499, 36.13819599151611, 35.47133946418762,]
