best-result = 345.4868309497833
warmup-time = 490.99603509902954
all-measurements = [ 346.883024930954, 355.96802020072937, 345.4868309497833,]
