best-result = 102.82513761520386
warmup-time = 104.0300087928772
all-measurements = [ 103.06816053390503, 103.0303008556366, 102.82513761520386,]
