best-result = 21.61651086807251
warmup-time = 21.74099087715149
all-measurements = [ 21.647932052612305, 21.748209714889526, 21.61651086807251,]
