best-result = 46.74794006347656
warmup-time = 61.81881546974182
all-measurements = [ 46.74794006347656, 46.94213652610779, 46.77936410903931,]
