best-result = 46.55662751197815
warmup-time = 59.53163981437683
all-measurements = [ 46.74685311317444, 46.65981364250183, 46.55662751197815,]
