best-result = 973.777257680893
warmup-time = 1185.8208034038544
all-measurements = [ 973.777257680893, 983.3719892501831, 981.015736579895,]
