best-result = 81.22991704940796
warmup-time = 94.63240337371826
all-measurements = [ 81.30609393119812, 81.22991704940796, 81.58273029327393,]
