best-result = 77.14564204216003
warmup-time = 101.70812225341797
all-measurements = [ 77.14564204216003, 77.88528728485107, 78.08647584915161,]
