best-result = 67.72296476364136
warmup-time = 92.83177781105042
all-measurements = [ 68.48068714141846, 68.92427659034729, 67.72296476364136,]
