best-result = 84.54991054534912
warmup-time = 98.74624633789062
all-measurements = [ 84.79727959632874, 84.9175055027008, 84.54991054534912,]
