best-result = 594.1245584487915
warmup-time = 605.5679440498352
all-measurements = [ 594.1245584487915, 598.7784979343414, 595.7522096633911,]
