best-result = 61.867417097091675
warmup-time = 79.03305292129517
all-measurements = [ 62.83621406555176, 61.867417097091675, 62.71271347999573,]
