best-result = 230.37661600112915
warmup-time = 409.30038833618164
all-measurements = [ 232.12683415412903, 231.10824179649353, 230.37661600112915,]
