best-result = 436.71149945259094
warmup-time = 940.6791377067566
all-measurements = [ 436.71149945259094, 441.3644244670868, 441.269629240036,]
