best-result = 59.75534629821777
warmup-time = 75.60290884971619
all-measurements = [ 59.75534629821777, 59.94855451583862, 60.208566427230835,]
