best-result = 865.0439186096191
warmup-time = 901.4409911632538
all-measurements = [ 871.5804924964905, 865.6746714115143, 865.0439186096191,]
