best-result = 26.732940435409546
warmup-time = 36.09293007850647
all-measurements = [ 26.76090717315674, 26.88411808013916, 26.732940435409546,]
