best-result = 57.70932102203369
warmup-time = 71.4601423740387
all-measurements = [ 57.70932102203369, 58.929046630859375, 58.48736572265625,]
