best-result = 54.99761414527893
warmup-time = 69.83883929252625
all-measurements = [ 55.64278960227966, 54.99761414527893, 55.78948402404785,]
