best-result = 108.88184571266174
warmup-time = 137.43512606620789
all-measurements = [ 108.88184571266174, 109.16210889816284, 109.04263520240784,]
