best-result = 768.909262418747
warmup-time = 846.1365783214569
all-measurements = [ 768.909262418747, 770.6690423488617, 772.9389433860779,]
