best-result = 33.13039302825928
warmup-time = 41.20798587799072
all-measurements = [ 33.58684229850769, 33.30118107795715, 33.13039302825928,]
