best-result = 52.87900519371033
warmup-time = 69.39982485771179
all-measurements = [ 52.87900519371033, 63.241015911102295, 62.41848278045654,]
