best-result = 49.16515755653381
warmup-time = 72.3822226524353
all-measurements = [ 50.64362931251526, 49.405247926712036, 49.16515755653381,]
