best-result = 77.75277066230774
warmup-time = 98.97987532615662
all-measurements = [ 78.60895991325378, 78.45867967605591, 77.75277066230774,]
