best-result = 35.55855965614319
warmup-time = 43.75257921218872
all-measurements = [ 35.55855965614319, 36.07457685470581, 35.57677125930786,]
