best-result = 348.60269236564636
warmup-time = 510.52939319610596
all-measurements = [ 351.7683479785919, 348.60269236564636, 350.20748257637024,]
