best-result = 102.52154660224915
warmup-time = 103.0687608718872
all-measurements = [ 102.52154660224915, 102.845285654068, 102.8062355518341,]
