best-result = 22.672533988952637
warmup-time = 22.72914695739746
all-measurements = [ 22.83494234085083, 22.672533988952637, 22.832993984222412,]
