best-result = 46.56995487213135
warmup-time = 64.74429059028625
all-measurements = [ 46.76969337463379, 46.56995487213135, 47.057470083236694,]
