best-result = 46.30372595787048
warmup-time = 58.95962595939636
all-measurements = [ 46.30372595787048, 46.584778785705566, 46.921448945999146,]
