best-result = 924.8673479557037
warmup-time = 1148.0652387142181
all-measurements = [ 924.8673479557037, 938.1765949726105, 943.5819194316864,]
