best-result = 85.45451068878174
warmup-time = 99.23783159255981
all-measurements = [ 85.45451068878174, 86.00471758842468, 85.63000059127808,]
