best-result = 983.2142734527588
warmup-time = 1009.007670879364
all-measurements = [ 983.2142734527588, 987.0040698051453, 989.4436869621277,]
