best-result = 82.80088686943054
warmup-time = 105.44112277030945
all-measurements = [ 83.22268319129944, 82.86688446998596, 82.80088686943054,]
