best-result = 68.13189935684204
warmup-time = 90.46128058433533
all-measurements = [ 68.14904642105103, 68.28065276145935, 68.13189935684204,]
