best-result = 91.3889672756195
warmup-time = 103.93814063072205
all-measurements = [ 92.15551447868347, 91.95713639259338, 91.3889672756195,]
