best-result = 646.4678664207458
warmup-time = 663.4845523834229
all-measurements = [ 651.9289720058441, 653.7266891002655, 646.4678664207458,]
