best-result = 63.73721170425415
warmup-time = 77.31412601470947
all-measurements = [ 64.31355929374695, 63.73721170425415, 63.95718789100647,]
