best-result = 210.15655398368835
warmup-time = 366.32292580604553
all-measurements = [ 210.15655398368835, 210.83422756195068, 211.43899369239807,]
