best-result = 427.7815465927124
warmup-time = 877.9216854572296
all-measurements = [ 430.13935685157776, 432.39760160446167, 427.7815465927124,]
