best-result = 61.851683139801025
warmup-time = 80.6159188747406
all-measurements = [ 61.851683139801025, 62.037468671798706, 62.41610145568848,]
