best-result = 39.47460055351257
warmup-time = 48.50653100013733
all-measurements = [ 39.47460055351257, 40.65239381790161, 39.668840646743774,]
