best-result = 138.3670015335083
warmup-time = 166.61839056015015
all-measurements = [ 138.92969727516174, 138.3670015335083, 139.22308683395386,]
