best-result = 900.8857026100159
warmup-time = 972.8032715320587
all-measurements = [ 909.7970592975616, 900.8857026100159, 910.1566610336304,]
