best-result = 27.421918869018555
warmup-time = 36.63447046279907
all-measurements = [ 27.421918869018555, 27.62043023109436, 27.4839448928833,]
