best-result = 57.59578514099121
warmup-time = 71.27790760993958
all-measurements = [ 57.79679083824158, 58.02310585975647, 57.59578514099121,]
