best-result = 59.97718262672424
warmup-time = 74.87566876411438
all-measurements = [ 60.035834074020386, 59.97718262672424, 60.06069302558899,]
