best-result = 111.18601822853088
warmup-time = 142.81653952598572
all-measurements = [ 111.18601822853088, 112.02363467216492, 111.58727169036865,]
