best-result = 785.7849905490875
warmup-time = 853.7778646945953
all-measurements = [ 790.4434063434601, 791.2855894565582, 785.7849905490875,]
