best-result = 33.57743167877197
warmup-time = 43.36574459075928
all-measurements = [ 33.57743167877197, 33.863731145858765, 34.276620388031006,]
