best-result = 55.2005500793457
warmup-time = 70.83561491966248
all-measurements = [ 55.438392162323, 55.40491247177124, 55.2005500793457,]
