best-result = 1335.5000975131989
warmup-time = 1464.3557705879211
all-measurements = [ 1965.9170155525208, 1335.5000975131989, 1435.8009440898895,]
