best-result = 48.62064075469971
warmup-time = 70.57492923736572
all-measurements = [ 48.62064075469971, 48.703704833984375, 49.61148691177368,]
