best-result = 77.5565414428711
warmup-time = 96.40958738327026
all-measurements = [ 77.8172402381897, 78.40087914466858, 77.5565414428711,]
