best-result = 36.72769737243652
warmup-time = 47.777809143066406
all-measurements = [ 36.72769737243652, 36.97176504135132, 37.016855239868164,]
