best-result = 344.1902406215668
warmup-time = 496.7355854511261
all-measurements = [ 353.47279834747314, 344.1902406215668, 349.00041103363037,]
