best-result = 58.55644917488098
warmup-time = 59.50022792816162
all-measurements = [ 59.22505211830139, 58.55644917488098, 59.764976263046265,]
