best-result = 25.766892194747925
warmup-time = 26.60280179977417
all-measurements = [ 26.102705478668213, 25.766892194747925, 26.155132055282593,]
