best-result = 36.61682438850403
warmup-time = 38.04990077018738
all-measurements = [ 36.61682438850403, 37.55042099952698, 37.67047905921936,]
