best-result = 30.819117546081543
warmup-time = 31.845014095306396
all-measurements = [ 30.819117546081543, 30.947432041168213, 31.615484714508057,]
