best-result = 251.86019921302795
warmup-time = 260.0900602340698
all-measurements = [ 254.6355848312378, 253.84069085121155, 251.86019921302795,]
