best-result = 35.80316925048828
warmup-time = 36.778032064437866
all-measurements = [ 35.80316925048828, 36.14298176765442, 36.096410274505615,]
