best-result = 112.54340124130249
warmup-time = 114.22461414337158
all-measurements = [ 113.92391538619995, 112.54340124130249, 114.37321496009827,]
