best-result = 34.42650771141052
warmup-time = 36.19845151901245
all-measurements = [ 35.06096076965332, 34.99640655517578, 34.42650771141052,]
