best-result = 41.24938440322876
warmup-time = 41.18436002731323
all-measurements = [ 41.39110732078552, 41.24938440322876, 41.5397162437439,]
