best-result = 47.54619550704956
warmup-time = 48.49980616569519
all-measurements = [ 48.023242235183716, 47.69665026664734, 47.54619550704956,]
