best-result = 32.83880639076233
warmup-time = 34.06190347671509
all-measurements = [ 33.776737689971924, 33.09450030326843, 32.83880639076233,]
