best-result = 37.191009521484375
warmup-time = 37.74905061721802
all-measurements = [ 37.378582239151, 37.191009521484375, 37.65152835845947,]
