best-result = 58.963021755218506
warmup-time = 61.206948041915894
all-measurements = [ 61.777363300323486, 58.963021755218506, 60.511709690093994,]
