best-result = 222.12641596794128
warmup-time = 227.5345275402069
all-measurements = [ 222.12641596794128, 225.17208671569824, 225.6772918701172,]
