best-result = 513.6176342964172
warmup-time = 517.7805588245392
all-measurements = [ 515.2326126098633, 514.5712072849274, 513.6176342964172,]
