best-result = 35.88309073448181
warmup-time = 35.68556571006775
all-measurements = [ 36.03170299530029, 37.811517000198364, 35.88309073448181,]
