best-result = 28.227188110351562
warmup-time = 28.813713550567627
all-measurements = [ 28.227188110351562, 28.28121066093445, 29.477771997451782,]
