best-result = 75.4139130115509
warmup-time = 71.48797965049744
all-measurements = [ 76.44403457641602, 75.4139130115509, 80.95728468894958,]
