best-result = 61.521212100982666
warmup-time = 60.774534940719604
all-measurements = [ 61.521212100982666, 62.943506479263306, 62.67520618438721,]
