best-result = 27.798768043518066
warmup-time = 27.871407985687256
all-measurements = [ 28.743753671646118, 27.798768043518066, 28.58197569847107,]
