best-result = 35.05393671989441
warmup-time = 35.32954239845276
all-measurements = [ 35.26120948791504, 35.17212915420532, 35.05393671989441,]
