best-result = 32.48362755775452
warmup-time = 33.35363149642944
all-measurements = [ 32.566250801086426, 33.34866237640381, 32.48362755775452,]
