best-result = 42.14209198951721
warmup-time = 43.77149701118469
all-measurements = [ 42.26265096664429, 43.46623396873474, 42.14209198951721,]
