best-result = 95.4483814239502
warmup-time = 95.254150390625
all-measurements = [ 95.4483814239502, 96.63757967948914, 96.70299363136292,]
