best-result = 27.99140477180481
warmup-time = 28.786439657211304
all-measurements = [ 28.987391710281372, 28.34268569946289, 27.99140477180481,]
