best-result = 33.6538200378418
warmup-time = 33.60975384712219
all-measurements = [ 34.9422128200531, 34.02531933784485, 33.6538200378418,]
