best-result = 85.35705757141113
warmup-time = 86.04024076461792
all-measurements = [ 85.35705757141113, 96.79060077667236, 87.72408318519592,]
