best-result = 37.90233397483826
warmup-time = 39.750678300857544
all-measurements = [ 39.56381320953369, 37.931262731552124, 37.90233397483826,]
