best-result = 43.92100548744202
warmup-time = 46.52756929397583
all-measurements = [ 46.90694808959961, 45.7476327419281, 43.92100548744202,]
