best-result = 50.08013677597046
warmup-time = 49.453681230545044
all-measurements = [ 50.21834635734558, 50.29629349708557, 50.08013677597046,]
