best-result = 29.026794910430908
warmup-time = 27.474670886993408
all-measurements = [ 29.26674175262451, 29.10815954208374, 29.026794910430908,]
