best-result = 632.7842314243317
warmup-time = 684.9954123497009
all-measurements = [ 639.4563641548157, 637.260885477066, 632.7842314243317,]
