best-result = 171.27370977401733
warmup-time = 172.46708345413208
all-measurements = [ 171.9218819141388, 171.70798206329346, 171.27370977401733,]
