best-result = 58.0989305973053
warmup-time = 64.7172462940216
all-measurements = [ 68.6978874206543, 64.88928461074829, 58.0989305973053,]
