best-result = 25.82564115524292
warmup-time = 25.32854986190796
all-measurements = [ 25.82564115524292, 25.874064207077026, 26.104127883911133,]
memory-traffic = 884
