best-result = 34.1136634349823
warmup-time = 39.42694401741028
all-measurements = [ 37.44180727005005, 37.808228969573975, 34.1136634349823,]
memory-traffic = 1168
