best-result = 32.08041548728943
warmup-time = 34.88299560546875
all-measurements = [ 32.08041548728943, 32.44768404960632, 32.46393299102783,]
memory-traffic = 959
