best-result = 263.93372917175293
warmup-time = 271.8200068473816
all-measurements = [ 269.14837646484375, 263.93372917175293, 264.86033153533936,]
memory-traffic = 15239
