best-result = 36.17165017127991
warmup-time = 38.632280349731445
all-measurements = [ 36.17165017127991, 36.628469705581665, 37.22142958641052,]
memory-traffic = 960
