best-result = 41.763532638549805
warmup-time = 44.504751682281494
all-measurements = [ 43.454129457473755, 42.212525844573975, 41.763532638549805,]
memory-traffic = 1522
