best-result = 49.905109882354736
warmup-time = 52.642242193222046
all-measurements = [ 52.14643311500549, 49.905109882354736, 50.05624485015869,]
memory-traffic = 2254
