best-result = 33.63437557220459
warmup-time = 37.82146072387695
all-measurements = [ 35.08229398727417, 36.004831314086914, 33.63437557220459,]
memory-traffic = 1013
