best-result = 37.53753089904785
warmup-time = 40.295698404312134
all-measurements = [ 37.53753089904785, 38.374661445617676, 38.061638593673706,]
memory-traffic = 1244
