best-result = 58.8270320892334
warmup-time = 64.55461263656616
all-measurements = [ 61.06985855102539, 63.20968794822693, 58.8270320892334,]
memory-traffic = 2475
