best-result = 229.1225802898407
warmup-time = 231.70877623558044
all-measurements = [ 230.13171243667603, 229.1225802898407, 229.5013461112976,]
memory-traffic = 11890
