best-result = 522.867743730545
warmup-time = 525.9907639026642
all-measurements = [ 522.867743730545, 527.1229014396667, 528.6014869213104,]
memory-traffic = 35133
