best-result = 35.26919889450073
warmup-time = 40.25530290603638
all-measurements = [ 35.26919889450073, 36.26786279678345, 37.27130675315857,]
memory-traffic = 1208
