best-result = 63.74456977844238
warmup-time = 65.87386417388916
all-measurements = [ 64.59138894081116, 63.74456977844238, 64.48349928855896,]
memory-traffic = 2945
