best-result = 27.053680181503296
warmup-time = 29.7825665473938
all-measurements = [ 28.03156852722168, 27.053680181503296, 27.671743869781494,]
memory-traffic = 584
