best-result = 35.75578474998474
warmup-time = 37.95071816444397
all-measurements = [ 36.30555534362793, 35.75578474998474, 35.874011278152466,]
memory-traffic = 858
