best-result = 32.40316462516785
warmup-time = 34.3126494884491
all-measurements = [ 33.96845555305481, 32.40316462516785, 34.120218992233276,]
memory-traffic = 1021
