best-result = 42.44655179977417
warmup-time = 45.63403272628784
all-measurements = [ 42.44655179977417, 43.97114562988281, 44.27033448219299,]
memory-traffic = 1809
