best-result = 96.993723154068
warmup-time = 100.01599407196045
all-measurements = [ 98.44419145584106, 98.46724367141724, 96.993723154068,]
memory-traffic = 5310
