best-result = 28.23640775680542
warmup-time = 31.051827669143677
all-measurements = [ 28.23640775680542, 29.20411491394043, 28.917344570159912,]
memory-traffic = 586
