best-result = 35.07067060470581
warmup-time = 36.67666268348694
all-measurements = [ 35.249099254608154, 35.17288851737976, 35.07067060470581,]
memory-traffic = 1002
