best-result = 39.29462265968323
warmup-time = 42.852248430252075
all-measurements = [ 40.021281719207764, 40.44017434120178, 39.29462265968323,]
memory-traffic = 1352
