best-result = 44.91988682746887
warmup-time = 46.624056339263916
all-measurements = [ 45.94502806663513, 45.05098056793213, 44.91988682746887,]
memory-traffic = 1604
