best-result = 27.352762937545776
warmup-time = 30.107588291168213
all-measurements = [ 27.352762937545776, 28.70360040664673, 27.388431072235107,]
memory-traffic = 616
