best-result = 175.0109429359436
warmup-time = 179.2911400794983
all-measurements = [ 176.7249755859375, 175.0109429359436, 177.26313996315002,]
memory-traffic = 10967
