best-result = 43.213787317276
warmup-time = 46.80579710006714
all-measurements = [ 44.903716802597046, 45.66954040527344, 43.213787317276,]
memory-traffic = 1705
