best-result = 25.884503602981567
warmup-time = 26.105934619903564
all-measurements = [ 26.123868465423584, 25.884503602981567, 26.126939058303833,]
