best-result = 35.0380322933197
warmup-time = 38.71799683570862
all-measurements = [ 36.707467794418335, 35.0380322933197, 37.583102226257324,]
