best-result = 30.648720264434814
warmup-time = 30.415502071380615
all-measurements = [ 31.300591945648193, 30.648720264434814, 31.32686138153076,]
