best-result = 259.8017466068268
warmup-time = 266.50512886047363
all-measurements = [ 265.3178594112396, 265.8490297794342, 259.8017466068268,]
