best-result = 36.166504859924316
warmup-time = 37.19094395637512
all-measurements = [ 36.27706551551819, 37.1004900932312, 36.166504859924316,]
