best-result = 110.57539939880371
warmup-time = 112.92950534820557
all-measurements = [ 112.24093270301819, 114.24058389663696, 110.57539939880371,]
