best-result = 39.90592861175537
warmup-time = 41.46761631965637
all-measurements = [ 41.103933811187744, 39.90592861175537, 40.505008935928345,]
