best-result = 47.513429403305054
warmup-time = 47.729432344436646
all-measurements = [ 47.59037709236145, 47.603042125701904, 47.513429403305054,]
