best-result = 32.58000874519348
warmup-time = 33.763290882110596
all-measurements = [ 34.00085091590881, 33.51939797401428, 32.58000874519348,]
