best-result = 36.5844042301178
warmup-time = 38.702110052108765
all-measurements = [ 36.5844042301178, 37.57971262931824, 36.922353982925415,]
