best-result = 58.40681552886963
warmup-time = 60.16740012168884
all-measurements = [ 63.368287801742554, 63.36059236526489, 58.40681552886963,]
