best-result = 221.80055141448975
warmup-time = 229.54856133460999
all-measurements = [ 227.0906662940979, 224.8793363571167, 221.80055141448975,]
