best-result = 512.2019710540771
warmup-time = 518.2330331802368
all-measurements = [ 516.1150863170624, 512.2019710540771, 513.2179067134857,]
