best-result = 36.19080662727356
warmup-time = 37.45361399650574
all-measurements = [ 36.19080662727356, 36.449676275253296, 37.105517625808716,]
