best-result = 28.38755750656128
warmup-time = 29.420953273773193
all-measurements = [ 28.38755750656128, 28.48204469680786, 28.915974617004395,]
