best-result = 72.84803509712219
warmup-time = 68.29585027694702
all-measurements = [ 74.9075357913971, 79.91962194442749, 72.84803509712219,]
