best-result = 60.26910638809204
warmup-time = 60.91219520568848
all-measurements = [ 60.26910638809204, 62.54816484451294, 62.14047694206238,]
