best-result = 27.551511526107788
warmup-time = 27.98168969154358
all-measurements = [ 28.501281261444092, 28.35992193222046, 27.551511526107788,]
