best-result = 32.398977518081665
warmup-time = 35.075920820236206
all-measurements = [ 32.398977518081665, 34.71555042266846, 35.3881893157959,]
