best-result = 32.71638345718384
warmup-time = 34.36662173271179
all-measurements = [ 34.12272238731384, 34.43905448913574, 32.71638345718384,]
