best-result = 41.258318185806274
warmup-time = 42.53885579109192
all-measurements = [ 42.51309299468994, 43.389020919799805, 41.258318185806274,]
