best-result = 98.07415962219238
warmup-time = 98.12496304512024
all-measurements = [ 111.54141998291016, 98.07415962219238, 98.2907030582428,]
