best-result = 29.335039615631104
warmup-time = 29.173245191574097
all-measurements = [ 29.52344059944153, 29.335039615631104, 29.337013244628906,]
