best-result = 34.14561223983765
warmup-time = 35.84698510169983
all-measurements = [ 35.16365599632263, 35.37516260147095, 34.14561223983765,]
