best-result = 86.7603018283844
warmup-time = 88.77090239524841
all-measurements = [ 86.7603018283844, 89.07743453979492, 92.25453090667725,]
