best-result = 38.13524389266968
warmup-time = 38.955031871795654
all-measurements = [ 38.446709871292114, 38.15299105644226, 38.13524389266968,]
