best-result = 42.18791127204895
warmup-time = 44.860456466674805
all-measurements = [ 45.84476137161255, 44.572298526763916, 42.18791127204895,]
