best-result = 28.427422523498535
warmup-time = 29.15516996383667
all-measurements = [ 28.581953287124634, 28.933053016662598, 28.427422523498535,]
