best-result = 640.2593462467194
warmup-time = 668.1351737976074
all-measurements = [ 640.2593462467194, 641.4438495635986, 641.2636597156525,]
