best-result = 171.18175983428955
warmup-time = 175.515887260437
all-measurements = [ 174.80323672294617, 171.18175983428955, 171.41983246803284,]
