best-result = 60.32081913948059
warmup-time = 55.82317781448364
all-measurements = [ 68.59310269355774, 70.03933477401733, 60.32081913948059,]
