best-result = 21.652958631515503
warmup-time = 21.61497163772583
all-measurements = [ 21.808857679367065, 21.876082181930542, 21.652958631515503,]
