best-result = 46.8477041721344
warmup-time = 64.53235101699829
all-measurements = [ 46.977943658828735, 46.93946075439453, 46.8477041721344,]
