best-result = 46.61140847206116
warmup-time = 59.16448950767517
all-measurements = [ 47.076258420944214, 47.00613570213318, 46.61140847206116,]
