best-result = 980.8131172657013
warmup-time = 1193.6208143234253
all-measurements = [ 992.5426542758942, 980.8131172657013, 984.8835229873657,]
