best-result = 81.69589447975159
warmup-time = 95.7014422416687
all-measurements = [ 82.36958765983582, 82.13310885429382, 81.69589447975159,]
