best-result = 78.5276391506195
warmup-time = 100.53032326698303
all-measurements = [ 78.52902889251709, 78.82355237007141, 78.5276391506195,]
