best-result = 68.38242053985596
warmup-time = 91.96189475059509
all-measurements = [ 69.35806179046631, 68.38242053985596, 68.55752992630005,]
