best-result = 84.57979273796082
warmup-time = 99.0490939617157
all-measurements = [ 84.57979273796082, 84.7406051158905, 84.80687141418457,]
