best-result = 593.4592092037201
warmup-time = 615.4114179611206
all-measurements = [ 593.4592092037201, 596.6004226207733, 596.3795084953308,]
