best-result = 62.78626990318298
warmup-time = 77.46994280815125
all-measurements = [ 62.794026136398315, 62.78626990318298, 62.99686098098755,]
