best-result = 232.4554464817047
warmup-time = 407.41790771484375
all-measurements = [ 232.4554464817047, 235.1111192703247, 233.29736375808716,]
