best-result = 438.7037935256958
warmup-time = 940.0062601566315
all-measurements = [ 440.92065930366516, 438.7037935256958, 444.38414430618286,]
