best-result = 59.66361045837402
warmup-time = 77.40339779853821
all-measurements = [ 59.8603036403656, 59.66361045837402, 60.636192083358765,]
