best-result = 869.828709602356
warmup-time = 905.7232439517975
all-measurements = [ 869.828709602356, 870.33695936203, 872.4446742534637,]
