best-result = 26.91448664665222
warmup-time = 35.77428698539734
all-measurements = [ 26.97170853614807, 26.91448664665222, 27.032606840133667,]
