best-result = 57.97906160354614
warmup-time = 72.3725335597992
all-measurements = [ 58.63175678253174, 57.97906160354614, 58.13735556602478,]
