best-result = 55.54807496070862
warmup-time = 68.0190577507019
all-measurements = [ 55.54807496070862, 56.01005697250366, 55.764875650405884,]
