best-result = 108.31679916381836
warmup-time = 138.01222348213196
all-measurements = [ 109.22349500656128, 108.31679916381836, 108.92710638046265,]
