best-result = 771.0491654872894
warmup-time = 846.470814704895
all-measurements = [ 771.0491654872894, 772.285863161087, 776.3126444816589,]
