best-result = 33.415651082992554
warmup-time = 41.90404176712036
all-measurements = [ 33.415651082992554, 33.72440242767334, 34.258965253829956,]
