best-result = 53.2449791431427
warmup-time = 67.86444091796875
all-measurements = [ 53.40605568885803, 53.2449791431427, 53.35807013511658,]
