best-result = 49.11858654022217
warmup-time = 70.45710134506226
all-measurements = [ 49.534759759902954, 49.11858654022217, 49.548604011535645,]
