best-result = 78.313157081604
warmup-time = 98.16273069381714
all-measurements = [ 78.313157081604, 78.51691365242004, 78.75691294670105,]
