best-result = 35.424031019210815
warmup-time = 44.02072525024414
all-measurements = [ 35.61800289154053, 35.424031019210815, 35.66406536102295,]
