best-result = 344.52828192710876
warmup-time = 499.5671651363373
all-measurements = [ 373.00812697410583, 344.52828192710876, 354.35270071029663,]
