best-result = 102.75560450553894
warmup-time = 103.11081600189209
all-measurements = [ 102.75560450553894, 102.93557333946228, 103.95341157913208,]
