best-result = 26.122751474380493
warmup-time = 26.286874771118164
all-measurements = [ 26.122751474380493, 26.195175409317017, 26.153836965560913,]
