best-result = 36.59468674659729
warmup-time = 37.88216018676758
all-measurements = [ 36.59468674659729, 37.94254541397095, 37.984217405319214,]
