best-result = 31.510517120361328
warmup-time = 32.39197039604187
all-measurements = [ 32.59613871574402, 31.510517120361328, 31.85157585144043,]
