best-result = 260.61780071258545
warmup-time = 269.58986258506775
all-measurements = [ 266.6939888000488, 266.4072473049164, 260.61780071258545,]
