best-result = 36.47341060638428
warmup-time = 36.69305205345154
all-measurements = [ 36.47341060638428, 37.010326862335205, 38.45622110366821,]
