best-result = 41.12658452987671
warmup-time = 42.03764224052429
all-measurements = [ 42.11411166191101, 41.90284180641174, 41.12658452987671,]
