best-result = 49.48533582687378
warmup-time = 50.176822662353516
all-measurements = [ 49.48533582687378, 49.55550241470337, 49.69723391532898,]
