best-result = 33.87135195732117
warmup-time = 34.983611822128296
all-measurements = [ 33.87135195732117, 34.97154903411865, 35.51490044593811,]
