best-result = 37.16652512550354
warmup-time = 37.399998903274536
all-measurements = [ 37.16652512550354, 37.67659139633179, 37.36361479759216,]
