best-result = 59.68387699127197
warmup-time = 63.116117000579834
all-measurements = [ 64.87692403793335, 65.71993613243103, 59.68387699127197,]
