best-result = 226.5876727104187
warmup-time = 231.23811793327332
all-measurements = [ 227.99570989608765, 230.67201972007751, 226.5876727104187,]
