best-result = 523.0262565612793
warmup-time = 526.6381089687347
all-measurements = [ 524.9118847846985, 523.0262565612793, 524.1427414417267,]
