best-result = 36.33526015281677
warmup-time = 38.09332871437073
all-measurements = [ 36.73570013046265, 38.030224561691284, 36.33526015281677,]
