best-result = 72.99421072006226
warmup-time = 79.74439930915833
all-measurements = [ 72.99421072006226, 83.26098370552063, 83.25433921813965,]
