best-result = 61.752636194229126
warmup-time = 63.245184898376465
all-measurements = [ 64.44987154006958, 61.752636194229126, 62.73370051383972,]
