best-result = 27.778898239135742
warmup-time = 28.790285110473633
all-measurements = [ 27.778898239135742, 28.414846897125244, 28.890334367752075,]
