best-result = 35.478827714920044
warmup-time = 36.084468126297
all-measurements = [ 35.624505043029785, 35.99801754951477, 35.478827714920044,]
