best-result = 33.98000621795654
warmup-time = 35.07370901107788
all-measurements = [ 34.395867109298706, 34.33022427558899, 33.98000621795654,]
