best-result = 41.30083465576172
warmup-time = 40.77182364463806
all-measurements = [ 42.613399505615234, 41.30083465576172, 42.31661415100098,]
