best-result = 96.16418313980103
warmup-time = 98.63735127449036
all-measurements = [ 96.16418313980103, 99.17621111869812, 99.46090173721313,]
