best-result = 28.630882501602173
warmup-time = 29.214576959609985
all-measurements = [ 29.056907176971436, 28.630882501602173, 29.273611307144165,]
