best-result = 34.34498929977417
warmup-time = 34.421422481536865
all-measurements = [ 35.86985921859741, 34.34498929977417, 34.428558349609375,]
