best-result = 90.50052523612976
warmup-time = 89.6399986743927
all-measurements = [ 90.50052523612976, 96.27857708930969, 99.19969439506531,]
