best-result = 39.57599687576294
warmup-time = 41.73890995979309
all-measurements = [ 39.57599687576294, 39.82777690887451, 39.68133068084717,]
