best-result = 43.16410183906555
warmup-time = 45.23650312423706
all-measurements = [ 45.04962182044983, 43.16410183906555, 43.46150612831116,]
