best-result = 28.34140181541443
warmup-time = 29.157029390335083
all-measurements = [ 29.135140657424927, 28.34140181541443, 29.010030031204224,]
