best-result = 698.5180394649506
warmup-time = 728.8919904232025
all-measurements = [ 708.7620160579681, 706.3379108905792, 698.5180394649506,]
