best-result = 173.69910097122192
warmup-time = 177.6360261440277
all-measurements = [ 179.83483386039734, 175.4931263923645, 173.69910097122192,]
