best-result = 67.91815423965454
warmup-time = 68.82422065734863
all-measurements = [ 69.06138396263123, 67.91815423965454, 70.34730434417725,]
