best-result = 21.359757900238037
warmup-time = 21.740565538406372
all-measurements = [ 21.71544122695923, 21.67750573158264, 21.359757900238037,]
