best-result = 46.63183331489563
warmup-time = 64.8281774520874
all-measurements = [ 47.183348417282104, 46.63183331489563, 47.1685836315155,]
