best-result = 46.378971099853516
warmup-time = 59.710243225097656
all-measurements = [ 46.588927268981934, 46.42031502723694, 46.378971099853516,]
