best-result = 978.4026846885681
warmup-time = 1193.6209053993225
all-measurements = [ 980.6895205974579, 978.4026846885681, 988.6144993305206,]
