best-result = 81.34246373176575
warmup-time = 94.68587517738342
all-measurements = [ 81.34246373176575, 82.65562319755554, 81.51568269729614,]
