best-result = 78.305739402771
warmup-time = 98.47126817703247
all-measurements = [ 78.305739402771, 79.09137082099915, 78.78231763839722,]
