best-result = 68.34686422348022
warmup-time = 93.24244546890259
all-measurements = [ 69.71303820610046, 68.34686422348022, 68.40097641944885,]
