best-result = 84.0814561843872
warmup-time = 99.72130417823792
all-measurements = [ 84.79558062553406, 84.0814561843872, 84.42084980010986,]
