best-result = 595.3840696811676
warmup-time = 615.5463790893555
all-measurements = [ 596.2418744564056, 595.3840696811676, 599.2170462608337,]
