best-result = 62.519859790802
warmup-time = 79.30624270439148
all-measurements = [ 62.519859790802, 62.88851451873779, 62.57445406913757,]
