best-result = 230.56001210212708
warmup-time = 404.453665971756
all-measurements = [ 230.56001210212708, 230.59671664237976, 231.73278975486755,]
