best-result = 439.36466097831726
warmup-time = 933.4212338924408
all-measurements = [ 444.2335796356201, 443.46530079841614, 439.36466097831726,]
