best-result = 59.3986394405365
warmup-time = 76.6687958240509
all-measurements = [ 59.83028602600098, 59.66309976577759, 59.3986394405365,]
