best-result = 864.7164516448975
warmup-time = 903.5637714862823
all-measurements = [ 867.563946723938, 864.7164516448975, 871.9569721221924,]
