best-result = 26.584574699401855
warmup-time = 35.41329908370972
all-measurements = [ 27.356714725494385, 26.584574699401855, 27.410834550857544,]
