best-result = 57.84670925140381
warmup-time = 69.13947606086731
all-measurements = [ 57.84670925140381, 58.18074679374695, 57.85293436050415,]
