best-result = 55.45151376724243
warmup-time = 69.85717415809631
all-measurements = [ 55.45151376724243, 55.54656362533569, 55.72445750236511,]
