best-result = 107.70146679878235
warmup-time = 138.21879696846008
all-measurements = [ 107.70146679878235, 109.27594041824341, 108.64976692199707,]
