best-result = 768.8547646999359
warmup-time = 845.8438420295715
all-measurements = [ 768.8547646999359, 771.8827059268951, 769.1050322055817,]
