best-result = 33.29120063781738
warmup-time = 40.548654317855835
all-measurements = [ 33.34206557273865, 33.420560121536255, 33.29120063781738,]
