best-result = 52.97232246398926
warmup-time = 68.01153588294983
all-measurements = [ 53.383689641952515, 52.97232246398926, 53.33249831199646,]
