best-result = 49.19912075996399
warmup-time = 68.75411605834961
all-measurements = [ 49.750139236450195, 49.19912075996399, 49.870566844940186,]
