best-result = 78.6081428527832
warmup-time = 96.9247715473175
all-measurements = [ 79.10164546966553, 78.6081428527832, 79.23907351493835,]
