best-result = 35.41778206825256
warmup-time = 45.390620708465576
all-measurements = [ 35.481298208236694, 35.47313046455383, 35.41778206825256,]
