best-result = 344.67660450935364
warmup-time = 505.14129066467285
all-measurements = [ 381.26620149612427, 344.67660450935364, 348.102499961853,]
