best-result = 102.99375557899475
warmup-time = 102.3515899181366
all-measurements = [ 103.0765962600708, 103.00282549858093, 102.99375557899475,]
