best-result = 22.873236417770386
warmup-time = 22.58987021446228
all-measurements = [ 22.873236417770386, 22.96123456954956, 23.47188425064087,]
