best-result = 46.47094368934631
warmup-time = 63.4534649848938
all-measurements = [ 47.07249879837036, 46.47094368934631, 46.663554668426514,]
