best-result = 46.351556062698364
warmup-time = 59.992189168930054
all-measurements = [ 46.56231188774109, 46.55118489265442, 46.351556062698364,]
