best-result = 925.0175433158875
warmup-time = 1133.906988620758
all-measurements = [ 936.7465958595276, 938.4109182357788, 925.0175433158875,]
