best-result = 84.78500056266785
warmup-time = 100.93335294723511
all-measurements = [ 84.78500056266785, 85.27713561058044, 84.93220782279968,]
