best-result = 81.66462087631226
warmup-time = 102.12032294273376
all-measurements = [ 82.46331262588501, 82.27318787574768, 81.66462087631226,]
