best-result = 70.21814727783203
warmup-time = 91.19350028038025
all-measurements = [ 70.34474730491638, 70.37083649635315, 70.21814727783203,]
