best-result = 90.24305987358093
warmup-time = 104.6942892074585
all-measurements = [ 90.24305987358093, 91.50703406333923, 90.47823405265808,]
