best-result = 629.4656763076782
warmup-time = 650.2837777137756
all-measurements = [ 632.2367424964905, 630.4109196662903, 629.4656763076782,]
