best-result = 64.4033875465393
warmup-time = 78.16677904129028
all-measurements = [ 65.00263953208923, 65.00264644622803, 64.4033875465393,]
