best-result = 220.42798590660095
warmup-time = 374.23626470565796
all-measurements = [ 220.42798590660095, 221.72171664237976, 222.86660528182983,]
