best-result = 441.87345933914185
warmup-time = 885.634063243866
all-measurements = [ 441.87345933914185, 446.8887724876404, 442.2079424858093,]
