best-result = 61.99540042877197
warmup-time = 78.27153635025024
all-measurements = [ 62.078511476516724, 62.06965112686157, 61.99540042877197,]
