best-result = 142.21193528175354
warmup-time = 176.1856508255005
all-measurements = [ 142.21193528175354, 142.23350286483765, 143.18746852874756,]
