best-result = 882.0722236633301
warmup-time = 915.5866923332214
all-measurements = [ 882.0722236633301, 890.3653314113617, 882.2533705234528,]
