best-result = 27.44050168991089
warmup-time = 36.04259991645813
all-measurements = [ 27.63091540336609, 27.44050168991089, 27.83626103401184,]
