best-result = 58.68435025215149
warmup-time = 73.11757254600525
all-measurements = [ 58.68435025215149, 58.69561529159546, 58.7995810508728,]
