best-result = 58.46769404411316
warmup-time = 72.13054180145264
all-measurements = [ 59.26444172859192, 59.015490770339966, 58.46769404411316,]
