best-result = 110.10674023628235
warmup-time = 137.68052220344543
all-measurements = [ 110.10674023628235, 110.45064616203308, 111.30195832252502,]
