best-result = 779.6703128814697
warmup-time = 882.5725371837616
all-measurements = [ 785.5509436130524, 779.6703128814697, 790.6805679798126,]
