best-result = 33.47958469390869
warmup-time = 41.6668381690979
all-measurements = [ 33.47958469390869, 34.663655281066895, 33.73715853691101,]
