best-result = 54.62997889518738
warmup-time = 71.44662928581238
all-measurements = [ 55.197776556015015, 54.8912250995636, 54.62997889518738,]
