best-result = 3097.163607120514
warmup-time = 3434.6640162467957
all-measurements = [ 3200.84196972847, 4648.444261312485, 3097.163607120514,]
