best-result = 48.903061389923096
warmup-time = 71.72716116905212
all-measurements = [ 49.60946249961853, 48.903061389923096, 49.76899743080139,]
