best-result = 78.74640130996704
warmup-time = 99.64364409446716
all-measurements = [ 79.48170042037964, 78.79731845855713, 78.74640130996704,]
