best-result = 36.467801570892334
warmup-time = 45.60371804237366
all-measurements = [ 36.95993232727051, 36.467801570892334, 36.510940074920654,]
