best-result = 347.84777212142944
warmup-time = 492.4622850418091
all-measurements = [ 347.84777212142944, 365.8010458946228, 364.04362416267395,]
