best-result = 59.76217865943909
warmup-time = 59.90869855880737
all-measurements = [ 59.98405933380127, 59.76217865943909, 60.26780462265015,]
