best-result = 22.490787744522095
warmup-time = 22.979349374771118
all-measurements = [ 23.34855818748474, 22.530911207199097, 22.490787744522095,]
