best-result = 47.299450159072876
warmup-time = 64.21401357650757
all-measurements = [ 47.43842840194702, 47.343459129333496, 47.299450159072876,]
