best-result = 46.829126596450806
warmup-time = 58.802454471588135
all-measurements = [ 46.829126596450806, 47.09184718132019, 47.33739876747131,]
