best-result = 944.9259536266327
warmup-time = 1159.195999622345
all-measurements = [ 974.3304419517517, 951.2691452503204, 944.9259536266327,]
