best-result = 84.79325532913208
warmup-time = 98.16127753257751
all-measurements = [ 85.7092535495758, 84.79325532913208, 85.44033622741699,]
