best-result = 80.46203994750977
warmup-time = 102.1863956451416
all-measurements = [ 80.46203994750977, 80.59567928314209, 80.98661589622498,]
