best-result = 70.18295645713806
warmup-time = 93.09837627410889
all-measurements = [ 70.18295645713806, 70.4655225276947, 70.45339632034302,]
