best-result = 89.81247735023499
warmup-time = 106.33100962638855
all-measurements = [ 89.81247735023499, 90.44203281402588, 89.91058659553528,]
