best-result = 619.632425069809
warmup-time = 632.6205933094025
all-measurements = [ 619.632425069809, 619.7663702964783, 620.7150640487671,]
