best-result = 63.956053256988525
warmup-time = 75.66819286346436
all-measurements = [ 64.48303365707397, 64.92530822753906, 63.956053256988525,]
