best-result = 220.43392705917358
warmup-time = 373.3471853733063
all-measurements = [ 220.5275022983551, 220.6413037776947, 220.43392705917358,]
