best-result = 442.47575664520264
warmup-time = 888.3300297260284
all-measurements = [ 442.47575664520264, 445.9737985134125, 447.0167980194092,]
