best-result = 61.63406729698181
warmup-time = 78.15360379219055
all-measurements = [ 61.92904758453369, 62.05932331085205, 61.63406729698181,]
