best-result = 857.9483790397644
warmup-time = 897.9920701980591
all-measurements = [ 857.9483790397644, 864.7053785324097, 863.2234659194946,]
