best-result = 27.80939769744873
warmup-time = 36.43088626861572
all-measurements = [ 27.80939769744873, 31.88037919998169, 31.5962176322937,]
