best-result = 57.640204191207886
warmup-time = 83.2064962387085
all-measurements = [ 58.384408712387085, 58.61026668548584, 57.640204191207886,]
