best-result = 58.64049291610718
warmup-time = 70.62245726585388
all-measurements = [ 58.64049291610718, 58.73081564903259, 58.90912890434265,]
