best-result = 109.573171377182
warmup-time = 138.1826593875885
all-measurements = [ 109.573171377182, 110.42279577255249, 109.90064311027527,]
