best-result = 776.2794146537781
warmup-time = 841.2711627483368
all-measurements = [ 776.6555299758911, 778.693042755127, 776.2794146537781,]
