best-result = 33.96019411087036
warmup-time = 42.114004373550415
all-measurements = [ 34.065086126327515, 33.96019411087036, 34.743122816085815,]
