best-result = 53.81496453285217
warmup-time = 69.4785053730011
all-measurements = [ 54.36530327796936, 53.81496453285217, 54.35896062850952,]
