best-result = 1628.668256521225
warmup-time = 1874.2745969295502
all-measurements = [ 1628.668256521225, 2180.8603653907776, 1758.6814992427826,]
