best-result = 49.61253118515015
warmup-time = 72.62241649627686
all-measurements = [ 49.61253118515015, 50.06220817565918, 49.967894554138184,]
