best-result = 81.02766966819763
warmup-time = 100.89935541152954
all-measurements = [ 81.02766966819763, 81.92582106590271, 81.27177309989929,]
