best-result = 36.1946222782135
warmup-time = 45.70313858985901
all-measurements = [ 37.047544717788696, 36.56064701080322, 36.1946222782135,]
