best-result = 341.2166941165924
warmup-time = 475.4688172340393
all-measurements = [ 344.73933506011963, 344.6523721218109, 341.2166941165924,]
