best-result = 104.06785988807678
warmup-time = 104.66421675682068
all-measurements = [ 104.79611778259277, 104.06785988807678, 104.67549872398376,]
