best-result = 23.050537109375
warmup-time = 23.05731964111328
all-measurements = [ 23.33467721939087, 23.372686624526978, 23.050537109375,]
