best-result = 46.82659125328064
warmup-time = 64.48750066757202
all-measurements = [ 47.30693340301514, 46.82659125328064, 48.10847878456116,]
