best-result = 46.98260235786438
warmup-time = 56.95541048049927
all-measurements = [ 47.415005683898926, 46.98260235786438, 47.48119115829468,]
