best-result = 873.0075268745422
warmup-time = 1056.1071310043335
all-measurements = [ 873.0075268745422, 877.1932938098907, 892.4249143600464,]
