best-result = 84.92115497589111
warmup-time = 99.46157193183899
all-measurements = [ 85.54641723632812, 85.39974117279053, 84.92115497589111,]
