best-result = 983.35426902771
warmup-time = 1035.408991098404
all-measurements = [ 983.3887972831726, 983.35426902771, 986.9567768573761,]
