best-result = 66.10227799415588
warmup-time = 79.40002059936523
all-measurements = [ 66.13063788414001, 66.10227799415588, 66.98339200019836,]
