best-result = 83.8878219127655
warmup-time = 103.61994671821594
all-measurements = [ 83.8878219127655, 85.74826097488403, 83.8950686454773,]
