best-result = 67.78735280036926
warmup-time = 86.60333275794983
all-measurements = [ 68.29425358772278, 68.34341430664062, 67.78735280036926,]
