best-result = 90.36272358894348
warmup-time = 104.40752243995667
all-measurements = [ 90.36272358894348, 91.7602870464325, 91.24452495574951,]
