best-result = 631.6690404415131
warmup-time = 654.0130169391632
all-measurements = [ 631.6690404415131, 642.4008460044861, 639.5820090770721,]
