best-result = 62.39522886276245
warmup-time = 76.58032250404358
all-measurements = [ 62.774187088012695, 62.39522886276245, 62.440507650375366,]
