best-result = 191.2579915523529
warmup-time = 344.377760887146
all-measurements = [ 191.2579915523529, 192.71862030029297, 192.90087223052979,]
