best-result = 383.13416266441345
warmup-time = 828.1010677814484
all-measurements = [ 386.4796323776245, 385.48418283462524, 383.13416266441345,]
