best-result = 62.23886466026306
warmup-time = 78.12854981422424
all-measurements = [ 62.94097900390625, 62.23886466026306, 63.109676361083984,]
