best-result = 40.26156449317932
warmup-time = 48.488452196121216
all-measurements = [ 40.34641933441162, 40.26156449317932, 40.269936084747314,]
