best-result = 132.91884970664978
warmup-time = 159.7379765510559
all-measurements = [ 134.9911289215088, 134.90603375434875, 132.91884970664978,]
