best-result = 920.9044444561005
warmup-time = 948.4446246623993
all-measurements = [ 923.6253852844238, 923.8653490543365, 920.9044444561005,]
