best-result = 28.054365873336792
warmup-time = 36.17007064819336
all-measurements = [ 28.308170557022095, 28.638556241989136, 28.054365873336792,]
