best-result = 59.2637152671814
warmup-time = 71.62888431549072
all-measurements = [ 59.2637152671814, 59.92874264717102, 59.79390287399292,]
