best-result = 60.350297689437866
warmup-time = 74.3249945640564
all-measurements = [ 60.766459703445435, 60.350297689437866, 60.87614560127258,]
