best-result = 109.59173369407654
warmup-time = 139.0918915271759
all-measurements = [ 110.75727939605713, 109.59173369407654, 110.62336230278015,]
