best-result = 764.138765335083
warmup-time = 839.7543330192566
all-measurements = [ 769.3697447776794, 764.138765335083, 769.0977914333344,]
