best-result = 34.466739654541016
warmup-time = 43.002742290496826
all-measurements = [ 34.466739654541016, 35.30653262138367, 34.87612342834473,]
