best-result = 55.20505452156067
warmup-time = 70.59180903434753
all-measurements = [ 55.20505452156067, 56.274831771850586, 55.78892636299133,]
