best-result = 1526.4175188541412
warmup-time = 2320.033926963806
all-measurements = [ 1654.067345380783, 2869.868946790695, 1526.4175188541412,]
