best-result = 48.96261239051819
warmup-time = 70.47695016860962
all-measurements = [ 48.96261239051819, 49.45598554611206, 50.14835715293884,]
