best-result = 82.40358066558838
warmup-time = 101.8544864654541
all-measurements = [ 82.40358066558838, 86.32192945480347, 84.90731596946716,]
