best-result = 93.49633264541626
warmup-time = 116.43212413787842
all-measurements = [ 93.49633264541626, 93.59719443321228, 93.5238356590271,]
