best-result = 37.806796073913574
warmup-time = 46.77246975898743
all-measurements = [ 38.333028078079224, 37.806796073913574, 38.169021129608154,]
