best-result = 307.02527141571045
warmup-time = 442.727899312973
all-measurements = [ 311.2557809352875, 319.97895884513855, 307.02527141571045,]
