best-result = 59.88980269432068
warmup-time = 60.264891386032104
all-measurements = [ 61.31866216659546, 60.37263631820679, 59.88980269432068,]
