best-result = 23.354607820510864
warmup-time = 23.238646030426025
all-measurements = [ 23.369024991989136, 23.48766255378723, 23.354607820510864,]
