best-result = 46.926292181015015
warmup-time = 63.23237204551697
all-measurements = [ 47.08286929130554, 46.926292181015015, 47.45828032493591,]
