best-result = 46.82242560386658
warmup-time = 59.308233976364136
all-measurements = [ 47.023436069488525, 46.82242560386658, 47.05054974555969,]
