best-result = 894.9199817180634
warmup-time = 1106.9313349723816
all-measurements = [ 894.9199817180634, 897.28661942482, 895.4770903587341,]
