best-result = 85.92531132698059
warmup-time = 99.71276211738586
all-measurements = [ 86.00002479553223, 85.92531132698059, 86.5314404964447,]
