best-result = 984.5268077850342
warmup-time = 1016.3920383453369
all-measurements = [ 985.8515288829803, 991.05961561203, 984.5268077850342,]
