best-result = 83.7588484287262
warmup-time = 105.70266342163086
all-measurements = [ 84.5794985294342, 83.7588484287262, 84.47640872001648,]
