best-result = 68.32175517082214
warmup-time = 88.89805889129639
all-measurements = [ 69.08726501464844, 68.40147757530212, 68.32175517082214,]
