best-result = 91.4240403175354
warmup-time = 106.67500710487366
all-measurements = [ 92.46834635734558, 91.4240403175354, 93.892338514328,]
