best-result = 650.7972493171692
warmup-time = 663.3143582344055
all-measurements = [ 655.0520057678223, 650.7972493171692, 651.9086673259735,]
