best-result = 62.43013834953308
warmup-time = 80.35139107704163
all-measurements = [ 62.43013834953308, 62.44149899482727, 63.31741213798523,]
