best-result = 204.13819122314453
warmup-time = 360.17305970191956
all-measurements = [ 204.4845905303955, 204.13819122314453, 204.90301251411438,]
