best-result = 383.1200885772705
warmup-time = 834.9945321083069
all-measurements = [ 383.1200885772705, 388.1036591529846, 388.34250926971436,]
