best-result = 63.61318254470825
warmup-time = 79.78768062591553
all-measurements = [ 63.688586950302124, 63.61318254470825, 74.5400869846344,]
