best-result = 40.57019639015198
warmup-time = 56.67472696304321
all-measurements = [ 41.6150267124176, 41.945735454559326, 40.57019639015198,]
