best-result = 135.40543818473816
warmup-time = 155.76695942878723
all-measurements = [ 135.40543818473816, 135.622145652771, 135.9021954536438,]
