best-result = 926.1800119876862
warmup-time = 954.2308304309845
all-measurements = [ 926.1800119876862, 929.0413932800293, 929.0451996326447,]
