best-result = 28.154215574264526
warmup-time = 36.83187985420227
all-measurements = [ 28.154215574264526, 29.00541377067566, 29.001724243164062,]
