best-result = 57.94036602973938
warmup-time = 70.24416470527649
all-measurements = [ 57.94036602973938, 58.24145865440369, 58.08661675453186,]
