best-result = 60.31305265426636
warmup-time = 74.8396430015564
all-measurements = [ 61.46532464027405, 60.84212303161621, 60.31305265426636,]
