best-result = 110.29222106933594
warmup-time = 136.37166261672974
all-measurements = [ 110.68620467185974, 110.57358407974243, 110.29222106933594,]
