best-result = 773.2911484241486
warmup-time = 846.6551694869995
all-measurements = [ 773.2911484241486, 777.7551739215851, 780.3412203788757,]
