best-result = 34.304585456848145
warmup-time = 41.36251521110535
all-measurements = [ 34.842164754867554, 34.304585456848145, 34.51999568939209,]
