best-result = 55.764135122299194
warmup-time = 71.81950974464417
all-measurements = [ 56.27571630477905, 56.31746578216553, 55.764135122299194,]
