best-result = 1403.3097729682922
warmup-time = 2458.1096432209015
all-measurements = [ 1403.3097729682922, 1648.3178687095642, 1471.6225371360779,]
