best-result = 48.9584755897522
warmup-time = 70.33831977844238
all-measurements = [ 48.9584755897522, 49.839940309524536, 50.05037975311279,]
