best-result = 82.88391017913818
warmup-time = 102.0353639125824
all-measurements = [ 83.47784519195557, 82.90088677406311, 82.88391017913818,]
