best-result = 38.37361979484558
warmup-time = 47.8526873588562
all-measurements = [ 39.45650291442871, 38.37361979484558, 38.657938718795776,]
