best-result = 326.66383624076843
warmup-time = 476.65872383117676
all-measurements = [ 326.66383624076843, 328.2630121707916, 328.1856257915497,]
