best-result = 59.374120473861694
warmup-time = 60.330116271972656
all-measurements = [ 60.30556297302246, 61.400527238845825, 59.374120473861694,]
