best-result = 22.995341300964355
warmup-time = 23.080154418945312
all-measurements = [ 23.350398540496826, 23.101763248443604, 22.995341300964355,]
