best-result = 46.60332918167114
warmup-time = 63.28181171417236
all-measurements = [ 47.05758714675903, 46.60332918167114, 47.122554063797,]
