best-result = 46.79365110397339
warmup-time = 58.92821788787842
all-measurements = [ 46.801941871643066, 47.25991702079773, 46.79365110397339,]
