best-result = 936.3419623374939
warmup-time = 1134.0256040096283
all-measurements = [ 940.1459169387817, 943.5352334976196, 936.3419623374939,]
