best-result = 85.05586838722229
warmup-time = 99.61699891090393
all-measurements = [ 85.96138763427734, 85.05586838722229, 85.23850321769714,]
