best-result = 82.235675573349
warmup-time = 102.83616900444031
all-measurements = [ 82.71855616569519, 82.67647433280945, 82.235675573349,]
