best-result = 70.50037264823914
warmup-time = 91.42666435241699
all-measurements = [ 70.50037264823914, 70.92409133911133, 71.56958651542664,]
