best-result = 91.14090728759766
warmup-time = 104.25522565841675
all-measurements = [ 91.14090728759766, 92.46599078178406, 91.27496361732483,]
