best-result = 635.7404193878174
warmup-time = 647.5349526405334
all-measurements = [ 638.0973224639893, 639.1931622028351, 635.7404193878174,]
