best-result = 65.36958241462708
warmup-time = 81.4374566078186
all-measurements = [ 65.36958241462708, 65.65922689437866, 65.48638796806335,]
