best-result = 223.4988567829132
warmup-time = 373.38139939308167
all-measurements = [ 224.2537009716034, 223.93746614456177, 223.4988567829132,]
