best-result = 441.65692353248596
warmup-time = 884.6503562927246
all-measurements = [ 442.0420024394989, 441.65692353248596, 442.3275363445282,]
