best-result = 62.269691944122314
warmup-time = 79.75991344451904
all-measurements = [ 62.88785004615784, 62.407262086868286, 62.269691944122314,]
