best-result = 142.77942442893982
warmup-time = 172.5275535583496
all-measurements = [ 143.22612404823303, 143.5663652420044, 142.77942442893982,]
