best-result = 886.9629049301147
warmup-time = 919.0355842113495
all-measurements = [ 886.9629049301147, 888.3606328964233, 893.1069588661194,]
