best-result = 27.471728324890137
warmup-time = 37.14955115318298
all-measurements = [ 27.811756372451782, 27.81448984146118, 27.471728324890137,]
