best-result = 58.65644407272339
warmup-time = 72.76346898078918
all-measurements = [ 58.86298060417175, 58.829720973968506, 58.65644407272339,]
