best-result = 59.44111347198486
warmup-time = 72.88412952423096
all-measurements = [ 59.44111347198486, 59.59565997123718, 59.47014379501343,]
