best-result = 111.30665612220764
warmup-time = 136.75047898292542
all-measurements = [ 111.30665612220764, 112.37759041786194, 111.7931547164917,]
