best-result = 787.3538386821747
warmup-time = 882.977588891983
all-measurements = [ 787.3538386821747, 788.4136128425598, 788.863226890564,]
