best-result = 33.71983027458191
warmup-time = 42.22144937515259
all-measurements = [ 34.400144815444946, 34.046512603759766, 33.71983027458191,]
