best-result = 55.21882200241089
warmup-time = 70.25279688835144
all-measurements = [ 55.21882200241089, 55.78248047828674, 55.296714305877686,]
