best-result = 2115.005200147629
warmup-time = 1740.496589899063
all-measurements = [ 2115.005200147629, 2823.2625420093536, 2457.0885529518127,]
