best-result = 49.555561542510986
warmup-time = 71.19098997116089
all-measurements = [ 49.555561542510986, 49.952001094818115, 49.955918073654175,]
