best-result = 78.26696467399597
warmup-time = 97.39904975891113
all-measurements = [ 78.26696467399597, 78.43750786781311, 79.3612470626831,]
