best-result = 37.01268982887268
warmup-time = 45.41481590270996
all-measurements = [ 37.01268982887268, 37.08177304267883, 39.28632569313049,]
