best-result = 351.34941005706787
warmup-time = 502.1771967411041
all-measurements = [ 358.55904030799866, 351.34941005706787, 356.20139837265015,]
