best-result = 59.505377769470215
warmup-time = 59.9957709312439
all-measurements = [ 59.713282346725464, 60.153873443603516, 59.505377769470215,]
