best-result = 26.9812171459198
warmup-time = 26.895280361175537
all-measurements = [ 27.11464238166809, 26.9812171459198, 27.637483835220337,]
