best-result = 37.93196678161621
warmup-time = 42.98228979110718
all-measurements = [ 37.93196678161621, 39.60324048995972, 38.600032329559326,]
