best-result = 34.19319677352905
warmup-time = 34.29889130592346
all-measurements = [ 35.115352630615234, 34.19319677352905, 34.41903114318848,]
