best-result = 285.53713822364807
warmup-time = 290.5595006942749
all-measurements = [ 285.53713822364807, 287.460645198822, 286.5868146419525,]
