best-result = 38.03287720680237
warmup-time = 39.35001993179321
all-measurements = [ 38.764158487319946, 38.881427526474, 38.03287720680237,]
