best-result = 43.75697708129883
warmup-time = 45.19825458526611
all-measurements = [ 44.68839979171753, 43.75697708129883, 44.35867214202881,]
