best-result = 53.042357206344604
warmup-time = 53.85445308685303
all-measurements = [ 53.54503059387207, 53.73655152320862, 53.042357206344604,]
