best-result = 34.65714406967163
warmup-time = 35.9951057434082
all-measurements = [ 37.687177658081055, 34.65714406967163, 37.58318829536438,]
