best-result = 38.70607137680054
warmup-time = 40.464903593063354
all-measurements = [ 38.70607137680054, 41.6513831615448, 40.16914081573486,]
