best-result = 61.86337614059448
warmup-time = 65.0886926651001
all-measurements = [ 61.86337614059448, 65.84898257255554, 66.42215657234192,]
