best-result = 255.917218208313
warmup-time = 262.08374524116516
all-measurements = [ 255.917218208313, 260.53534150123596, 260.3831045627594,]
