best-result = 593.4396896362305
warmup-time = 601.2061004638672
all-measurements = [ 597.0033445358276, 593.4396896362305, 596.4669237136841,]
