best-result = 38.628785848617554
warmup-time = 38.33193612098694
all-measurements = [ 38.628785848617554, 40.23054265975952, 39.078564405441284,]
