best-result = 69.64671087265015
warmup-time = 73.00075840950012
all-measurements = [ 70.40230584144592, 70.17757439613342, 69.64671087265015,]
