best-result = 28.586423873901367
warmup-time = 29.57707691192627
all-measurements = [ 30.114660263061523, 28.586423873901367, 28.981738328933716,]
