best-result = 35.564462661743164
warmup-time = 34.9385085105896
all-measurements = [ 35.81972551345825, 36.517940282821655, 35.564462661743164,]
