best-result = 46.51033067703247
warmup-time = 46.59711313247681
all-measurements = [ 47.05316376686096, 46.51033067703247, 47.73617887496948,]
