best-result = 106.29338479042053
warmup-time = 107.51390504837036
all-measurements = [ 107.0975444316864, 106.97299647331238, 106.29338479042053,]
