best-result = 28.8521785736084
warmup-time = 29.291110515594482
all-measurements = [ 30.51525092124939, 28.8521785736084, 29.881607055664062,]
