best-result = 35.76791071891785
warmup-time = 35.91711139678955
all-measurements = [ 35.76791071891785, 39.15326952934265, 36.437708616256714,]
