best-result = 41.81345582008362
warmup-time = 41.65028476715088
all-measurements = [ 41.81345582008362, 43.86066675186157, 43.65362596511841,]
