best-result = 46.0061137676239
warmup-time = 46.65963268280029
all-measurements = [ 46.0061137676239, 47.364007234573364, 47.97099280357361,]
