best-result = 29.118688344955444
warmup-time = 30.718036651611328
all-measurements = [ 30.536613941192627, 29.118688344955444, 29.72540831565857,]
