best-result = 745.4804220199585
warmup-time = 778.6844952106476
all-measurements = [ 745.6026926040649, 745.4804220199585, 746.2883620262146,]
