best-result = 196.9838526248932
warmup-time = 195.39682817459106
all-measurements = [ 196.9838526248932, 197.79836106300354, 200.48888039588928,]
