best-result = 45.94469141960144
warmup-time = 47.232067584991455
all-measurements = [ 49.157341718673706, 45.94469141960144, 47.52556276321411,]
