best-result = 25.639798402786255
warmup-time = 25.96865439414978
all-measurements = [ 25.639798402786255, 25.68914270401001, 26.02699375152588,]
