best-result = 33.98079586029053
warmup-time = 36.69300580024719
all-measurements = [ 35.707783699035645, 33.98079586029053, 36.468509912490845,]
