best-result = 31.304478406906128
warmup-time = 31.031021118164062
all-measurements = [ 31.304478406906128, 31.559018850326538, 31.34207057952881,]
