best-result = 260.49867010116577
warmup-time = 268.57157349586487
all-measurements = [ 264.1860864162445, 260.49867010116577, 264.7414309978485,]
