best-result = 36.2718825340271
warmup-time = 37.68919587135315
all-measurements = [ 38.3942928314209, 36.539822578430176, 36.2718825340271,]
