best-result = 40.76836657524109
warmup-time = 41.14691734313965
all-measurements = [ 41.13525319099426, 40.76836657524109, 40.93577027320862,]
