best-result = 49.10600805282593
warmup-time = 49.574472188949585
all-measurements = [ 50.51188516616821, 49.15434265136719, 49.10600805282593,]
