best-result = 32.69539737701416
warmup-time = 33.69267129898071
all-measurements = [ 33.90297222137451, 35.58562183380127, 32.69539737701416,]
