best-result = 37.00788068771362
warmup-time = 36.77966499328613
all-measurements = [ 37.00788068771362, 37.19913625717163, 37.31213307380676,]
