best-result = 63.51778841018677
warmup-time = 67.1886613368988
all-measurements = [ 65.7060329914093, 67.29551839828491, 63.51778841018677,]
