best-result = 223.86144351959229
warmup-time = 229.3998203277588
all-measurements = [ 225.9043641090393, 224.45836806297302, 223.86144351959229,]
