best-result = 518.2873713970184
warmup-time = 525.7157435417175
all-measurements = [ 523.3409931659698, 518.2873713970184, 521.635856628418,]
