best-result = 34.37074041366577
warmup-time = 39.23374390602112
all-measurements = [ 34.37074041366577, 35.57799816131592, 36.35321855545044,]
