best-result = 81.29360246658325
warmup-time = 80.81577229499817
all-measurements = [ 82.0955126285553, 81.29360246658325, 85.70198178291321,]
