best-result = 62.791006565093994
warmup-time = 63.57021999359131
all-measurements = [ 62.791006565093994, 62.97876501083374, 64.15977048873901,]
