best-result = 27.69503903388977
warmup-time = 28.37300419807434
all-measurements = [ 27.69503903388977, 28.34906792640686, 28.535264253616333,]
