best-result = 32.43953061103821
warmup-time = 35.53943395614624
all-measurements = [ 32.43953061103821, 35.70943903923035, 35.33853220939636,]
