best-result = 32.96297335624695
warmup-time = 34.327574253082275
all-measurements = [ 32.96297335624695, 33.190921783447266, 33.44210720062256,]
