best-result = 42.21435356140137
warmup-time = 42.876508712768555
all-measurements = [ 43.37813997268677, 42.21435356140137, 42.43796992301941,]
