best-result = 96.51720261573792
warmup-time = 97.89070200920105
all-measurements = [ 96.74324703216553, 96.73643040657043, 96.51720261573792,]
