best-result = 27.559858798980713
warmup-time = 27.91847062110901
all-measurements = [ 29.548453092575073, 27.559858798980713, 28.6258487701416,]
