best-result = 34.244312047958374
warmup-time = 35.714460372924805
all-measurements = [ 34.930428981781006, 34.66183686256409, 34.244312047958374,]
