best-result = 87.86881899833679
warmup-time = 87.81827163696289
all-measurements = [ 92.57546067237854, 88.62723708152771, 87.86881899833679,]
