best-result = 39.26640701293945
warmup-time = 40.480276107788086
all-measurements = [ 39.40203619003296, 39.26640701293945, 39.43379759788513,]
