best-result = 43.05237126350403
warmup-time = 45.501999378204346
all-measurements = [ 44.731791257858276, 43.05237126350403, 46.9939751625061,]
