best-result = 27.89164638519287
warmup-time = 29.005417108535767
all-measurements = [ 28.716070890426636, 28.387458086013794, 27.89164638519287,]
