best-result = 703.3012154102325
warmup-time = 725.8836634159088
all-measurements = [ 703.3012154102325, 704.7496938705444, 706.3802442550659,]
