best-result = 171.62894010543823
warmup-time = 172.16766452789307
all-measurements = [ 171.62894010543823, 173.69504165649414, 173.3173234462738,]
