best-result = 65.41826605796814
warmup-time = 67.86615872383118
all-measurements = [ 65.41826605796814, 72.06581830978394, 68.63700461387634,]
