best-result = 22.801544189453125
warmup-time = 23.144458055496216
all-measurements = [ 22.801544189453125, 23.013779163360596, 22.902847290039062,]
