best-result = 45.99676728248596
warmup-time = 62.67602753639221
all-measurements = [ 45.99676728248596, 46.352540254592896, 46.68747138977051,]
