best-result = 46.08999276161194
warmup-time = 57.31638717651367
all-measurements = [ 46.27718424797058, 46.33882117271423, 46.08999276161194,]
