best-result = 894.9111001491547
warmup-time = 1108.5322296619415
all-measurements = [ 896.2032470703125, 894.9111001491547, 898.8004107475281,]
