best-result = 84.3015775680542
warmup-time = 100.10355472564697
all-measurements = [ 84.3015775680542, 84.43337368965149, 84.88055324554443,]
