best-result = 978.8309514522552
warmup-time = 1010.6104199886322
all-measurements = [ 984.6898150444031, 978.8309514522552, 988.1023080348969,]
