best-result = 81.43481278419495
warmup-time = 103.43792247772217
all-measurements = [ 81.43481278419495, 81.68775677680969, 82.66037702560425,]
