best-result = 67.21389651298523
warmup-time = 87.55863285064697
all-measurements = [ 68.13120627403259, 67.21389651298523, 67.62230181694031,]
