best-result = 91.08092212677002
warmup-time = 104.21557354927063
all-measurements = [ 91.08092212677002, 91.11593127250671, 91.56991147994995,]
