best-result = 640.9342725276947
warmup-time = 658.7305080890656
all-measurements = [ 645.0668566226959, 644.7946059703827, 640.9342725276947,]
