best-result = 61.20091104507446
warmup-time = 75.69495987892151
all-measurements = [ 61.636760234832764, 61.20091104507446, 62.274311780929565,]
