best-result = 205.12717413902283
warmup-time = 357.1405532360077
all-measurements = [ 208.08031678199768, 205.12717413902283, 205.19218850135803,]
