best-result = 424.607381105423
warmup-time = 860.0285677909851
all-measurements = [ 426.30192589759827, 426.2410957813263, 424.607381105423,]
