best-result = 62.31823205947876
warmup-time = 78.60902047157288
all-measurements = [ 62.767497539520264, 62.31823205947876, 63.057517766952515,]
