best-result = 39.83841800689697
warmup-time = 47.789599895477295
all-measurements = [ 40.377979040145874, 40.16196846961975, 39.83841800689697,]
