best-result = 134.2066764831543
warmup-time = 161.86844849586487
all-measurements = [ 134.8050196170807, 134.52004027366638, 134.2066764831543,]
