best-result = 901.8944041728973
warmup-time = 959.6190280914307
all-measurements = [ 901.8944041728973, 904.3833165168762, 903.0271315574646,]
