best-result = 27.813578128814697
warmup-time = 36.001853942871094
all-measurements = [ 27.99012780189514, 27.813578128814697, 28.219462871551514,]
