best-result = 56.502715826034546
warmup-time = 70.84245562553406
all-measurements = [ 57.42595148086548, 56.502715826034546, 58.434932470321655,]
