best-result = 59.630530834198
warmup-time = 73.93996620178223
all-measurements = [ 60.04864692687988, 59.630530834198, 60.44055128097534,]
