best-result = 108.2265853881836
warmup-time = 136.95281147956848
all-measurements = [ 109.46090602874756, 109.55993175506592, 108.2265853881836,]
