best-result = 773.9488308429718
warmup-time = 845.295125246048
all-measurements = [ 773.9488308429718, 774.2542152404785, 774.9449305534363,]
