best-result = 33.82587432861328
warmup-time = 41.3156213760376
all-measurements = [ 33.82587432861328, 34.04869532585144, 33.87090229988098,]
