best-result = 55.23081660270691
warmup-time = 71.10955286026001
all-measurements = [ 55.23081660270691, 55.246259689331055, 55.7055823802948,]
