best-result = 1769.1294405460358
warmup-time = 1837.7221903800964
all-measurements = [ 2882.900280714035, 1769.1294405460358, 2285.873307466507,]
