best-result = 48.112494707107544
warmup-time = 69.61047887802124
all-measurements = [ 48.28341197967529, 48.112494707107544, 48.586185932159424,]
