best-result = 77.1652398109436
warmup-time = 99.42793941497803
all-measurements = [ 77.1652398109436, 77.27743625640869, 77.77350044250488,]
