best-result = 36.959601640701294
warmup-time = 45.44478368759155
all-measurements = [ 37.13643527030945, 36.959601640701294, 36.96272873878479,]
