best-result = 333.0310809612274
warmup-time = 473.03826785087585
all-measurements = [ 333.0310809612274, 337.3557825088501, 333.0881497859955,]
