best-result = 58.303868770599365
warmup-time = 59.08683443069458
all-measurements = [ 58.303868770599365, 58.359827756881714, 59.08535957336426,]
