best-result = 22.869808197021484
warmup-time = 22.83342409133911
all-measurements = [ 22.884653329849243, 22.916545867919922, 22.869808197021484,]
