best-result = 46.65368962287903
warmup-time = 64.69758105278015
all-measurements = [ 47.667356967926025, 46.65368962287903, 47.363853454589844,]
