best-result = 46.63807988166809
warmup-time = 58.02712297439575
all-measurements = [ 46.63807988166809, 46.82239866256714, 46.70234680175781,]
