best-result = 929.4317841529846
warmup-time = 1144.3521656990051
all-measurements = [ 929.4317841529846, 944.9506509304047, 931.8880319595337,]
