best-result = 85.07598733901978
warmup-time = 101.30742931365967
all-measurements = [ 85.30357956886292, 85.75311589241028, 85.07598733901978,]
