best-result = 82.21426320075989
warmup-time = 102.20714044570923
all-measurements = [ 82.81004738807678, 82.21426320075989, 83.03059148788452,]
