best-result = 70.26218485832214
warmup-time = 94.42797470092773
all-measurements = [ 70.83551359176636, 70.52348184585571, 70.26218485832214,]
