best-result = 91.18722772598267
warmup-time = 102.93522429466248
all-measurements = [ 91.68394136428833, 92.51429009437561, 91.18722772598267,]
