best-result = 636.7240452766418
warmup-time = 648.6701209545135
all-measurements = [ 639.8116784095764, 636.7240452766418, 639.122049331665,]
