best-result = 64.77287244796753
warmup-time = 75.76456093788147
all-measurements = [ 65.12087488174438, 65.24918127059937, 64.77287244796753,]
