best-result = 222.52069520950317
warmup-time = 377.0118010044098
all-measurements = [ 224.04400849342346, 222.52069520950317, 225.50253987312317,]
