best-result = 440.9669258594513
warmup-time = 880.027590751648
all-measurements = [ 440.9669258594513, 443.8645555973053, 447.58563351631165,]
