best-result = 62.13911056518555
warmup-time = 77.86807060241699
all-measurements = [ 62.83566355705261, 62.13911056518555, 62.17540502548218,]
