best-result = 144.11444067955017
warmup-time = 177.81651496887207
all-measurements = [ 144.70275235176086, 145.08301377296448, 144.11444067955017,]
