best-result = 880.4187178611755
warmup-time = 921.8751394748688
all-measurements = [ 880.4187178611755, 895.7476189136505, 890.9923486709595,]
