best-result = 27.646416187286377
warmup-time = 35.036499977111816
all-measurements = [ 27.670934438705444, 28.45608687400818, 27.646416187286377,]
