best-result = 59.04578351974487
warmup-time = 71.67026901245117
all-measurements = [ 59.268540143966675, 59.04578351974487, 59.35700798034668,]
