best-result = 59.310468435287476
warmup-time = 72.45251607894897
all-measurements = [ 59.310468435287476, 59.531989097595215, 60.06945729255676,]
