best-result = 111.20660090446472
warmup-time = 139.10949540138245
all-measurements = [ 112.02173447608948, 111.20660090446472, 111.77946829795837,]
