best-result = 788.5567321777344
warmup-time = 850.1891756057739
all-measurements = [ 812.9086000919342, 788.5567321777344, 789.0672428607941,]
