best-result = 33.4027259349823
warmup-time = 42.417627811431885
all-measurements = [ 34.007123708724976, 33.88661074638367, 33.4027259349823,]
