best-result = 54.81996965408325
warmup-time = 70.73286199569702
all-measurements = [ 55.49695134162903, 55.04315209388733, 54.81996965408325,]
