best-result = 2513.278564453125
warmup-time = 2325.4243228435516
all-measurements = [ 3752.067629337311, 2513.278564453125, 3181.0608162879944,]
