best-result = 49.15553402900696
warmup-time = 70.58739829063416
all-measurements = [ 50.27880239486694, 50.06112027168274, 49.15553402900696,]
