best-result = 79.03799080848694
warmup-time = 98.74068474769592
all-measurements = [ 79.03799080848694, 79.34586691856384, 79.34620571136475,]
