best-result = 36.59191870689392
warmup-time = 46.057751178741455
all-measurements = [ 36.8578085899353, 37.05756497383118, 36.59191870689392,]
