best-result = 354.80277466773987
warmup-time = 503.90288853645325
all-measurements = [ 355.62398195266724, 354.80277466773987, 357.93119621276855,]
