best-result = 59.01796078681946
warmup-time = 59.86560535430908
all-measurements = [ 59.01796078681946, 59.49662446975708, 59.25371599197388,]
