best-result = 25.07520365715027
warmup-time = 25.343811988830566
all-measurements = [ 25.218639135360718, 25.07520365715027, 25.435421228408813,]
