best-result = 36.125312089920044
warmup-time = 39.89455795288086
all-measurements = [ 37.715898752212524, 37.513909101486206, 36.125312089920044,]
