best-result = 30.88508367538452
warmup-time = 33.03816366195679
all-measurements = [ 31.87057900428772, 32.03473615646362, 30.88508367538452,]
