best-result = 274.29891204833984
warmup-time = 277.11357021331787
all-measurements = [ 274.29891204833984, 277.22949957847595, 275.7258372306824,]
