best-result = 35.106003522872925
warmup-time = 34.53722953796387
all-measurements = [ 36.397974491119385, 35.106003522872925, 35.774603605270386,]
