best-result = 42.41404438018799
warmup-time = 42.55284667015076
all-measurements = [ 43.23628497123718, 42.41404438018799, 42.60651421546936,]
