best-result = 49.90414500236511
warmup-time = 50.86030578613281
all-measurements = [ 49.90414500236511, 52.067129135131836, 50.204362869262695,]
