best-result = 33.92143201828003
warmup-time = 34.885953187942505
all-measurements = [ 33.92143201828003, 36.236393451690674, 34.500075578689575,]
