best-result = 37.01749515533447
warmup-time = 37.412938594818115
all-measurements = [ 37.01749515533447, 37.714189291000366, 37.463417768478394,]
