best-result = 62.85283446311951
warmup-time = 61.994322538375854
all-measurements = [ 64.21723747253418, 62.85283446311951, 64.04499816894531,]
