best-result = 247.0055594444275
warmup-time = 249.3465220928192
all-measurements = [ 247.0055594444275, 248.31603455543518, 247.78529477119446,]
