best-result = 573.6426618099213
warmup-time = 580.0771117210388
all-measurements = [ 577.3186712265015, 573.6426618099213, 576.0434274673462,]
