best-result = 33.72720742225647
warmup-time = 35.11732506752014
all-measurements = [ 35.25174689292908, 37.37715196609497, 33.72720742225647,]
