best-result = 65.65625882148743
warmup-time = 66.23246335983276
all-measurements = [ 67.10317158699036, 65.65625882148743, 66.30310201644897,]
