best-result = 27.663716316223145
warmup-time = 27.471646785736084
all-measurements = [ 28.304925441741943, 27.663716316223145, 28.637993097305298,]
