best-result = 35.80365800857544
warmup-time = 36.44401550292969
all-measurements = [ 36.31237030029297, 36.82528638839722, 35.80365800857544,]
