best-result = 32.90920805931091
warmup-time = 33.029886960983276
all-measurements = [ 33.95871329307556, 32.90920805931091, 33.027246952056885,]
