best-result = 42.47759675979614
warmup-time = 42.75950860977173
all-measurements = [ 43.4423041343689, 43.225502252578735, 42.47759675979614,]
