best-result = 98.34325957298279
warmup-time = 101.2258951663971
all-measurements = [ 98.34325957298279, 98.59305357933044, 100.08264303207397,]
