best-result = 26.730681896209717
warmup-time = 28.539721965789795
all-measurements = [ 26.730681896209717, 26.99970817565918, 28.935030698776245,]
