best-result = 33.438464403152466
warmup-time = 34.358402729034424
all-measurements = [ 36.28008675575256, 33.438464403152466, 33.45799708366394,]
