best-result = 39.53120517730713
warmup-time = 39.282108783721924
all-measurements = [ 40.96831250190735, 39.96046805381775, 39.53120517730713,]
