best-result = 43.74551200866699
warmup-time = 44.344364166259766
all-measurements = [ 46.576531171798706, 43.74551200866699, 43.83601498603821,]
