best-result = 27.61924386024475
warmup-time = 27.95063281059265
all-measurements = [ 28.533165454864502, 28.113921403884888, 27.61924386024475,]
