best-result = 718.5542006492615
warmup-time = 724.7257664203644
all-measurements = [ 718.5542006492615, 721.2206466197968, 728.1951017379761,]
