best-result = 190.7936143875122
warmup-time = 190.42210817337036
all-measurements = [ 191.2023959159851, 190.7936143875122, 192.93923950195312,]
