best-result = 42.44580149650574
warmup-time = 44.037848234176636
all-measurements = [ 45.61541295051575, 42.44580149650574, 43.93400859832764,]
