best-result = 28.743793964385986
warmup-time = 28.862785816192627
all-measurements = [ 28.89357900619507, 28.743793964385986, 28.976837158203125,]
