best-result = 35.96317672729492
warmup-time = 38.70736002922058
all-measurements = [ 36.36687898635864, 35.96317672729492, 36.64278554916382,]
