best-result = 30.617040634155273
warmup-time = 30.960890769958496
all-measurements = [ 30.617040634155273, 31.99780797958374, 31.234411478042603,]
