best-result = 266.25446796417236
warmup-time = 269.3973596096039
all-measurements = [ 267.2179741859436, 266.25446796417236, 268.2813193798065,]
