best-result = 36.583935022354126
warmup-time = 36.55031943321228
all-measurements = [ 36.63251066207886, 37.6682550907135, 36.583935022354126,]
