best-result = 114.30377101898193
warmup-time = 116.53927707672119
all-measurements = [ 114.3852469921112, 115.61676216125488, 114.30377101898193,]
