best-result = 40.43198776245117
warmup-time = 41.73865985870361
all-measurements = [ 41.87515187263489, 40.43198776245117, 40.71103000640869,]
