best-result = 48.95386028289795
warmup-time = 48.95919847488403
all-measurements = [ 49.7025146484375, 50.90155625343323, 48.95386028289795,]
