best-result = 32.797138690948486
warmup-time = 34.814016342163086
all-measurements = [ 32.797138690948486, 34.72825884819031, 32.908183336257935,]
