best-result = 57.370497941970825
warmup-time = 64.88378500938416
all-measurements = [ 59.21198582649231, 59.024723052978516, 57.370497941970825,]
