best-result = 226.39456462860107
warmup-time = 231.23155164718628
all-measurements = [ 227.9343466758728, 226.8822159767151, 226.39456462860107,]
