best-result = 520.9035494327545
warmup-time = 526.2073051929474
all-measurements = [ 520.9035494327545, 522.4909389019012, 523.0930044651031,]
