best-result = 36.56959629058838
warmup-time = 37.46721696853638
all-measurements = [ 36.89607310295105, 36.88966155052185, 36.56959629058838,]
