best-result = 28.314181566238403
warmup-time = 29.037522077560425
all-measurements = [ 29.15981125831604, 29.529504776000977, 28.314181566238403,]
