best-result = 69.72935891151428
warmup-time = 73.40843868255615
all-measurements = [ 69.72935891151428, 77.52384448051453, 75.93141555786133,]
