best-result = 62.24584412574768
warmup-time = 61.489200830459595
all-measurements = [ 62.366145849227905, 62.24584412574768, 64.59227156639099,]
