best-result = 27.81037998199463
warmup-time = 28.35919713973999
all-measurements = [ 27.81037998199463, 28.347251176834106, 28.36173105239868,]
