best-result = 32.42509150505066
warmup-time = 35.618791580200195
all-measurements = [ 35.494361877441406, 35.5321147441864, 32.42509150505066,]
