best-result = 32.36241793632507
warmup-time = 33.71723771095276
all-measurements = [ 32.36241793632507, 33.15508198738098, 32.815279960632324,]
