best-result = 41.57171273231506
warmup-time = 43.541438817977905
all-measurements = [ 41.57171273231506, 42.62307929992676, 42.96359205245972,]
