best-result = 95.34044575691223
warmup-time = 102.33193469047546
all-measurements = [ 98.33000326156616, 96.32625412940979, 95.34044575691223,]
