best-result = 28.712095260620117
warmup-time = 28.78420329093933
all-measurements = [ 28.78476309776306, 28.712095260620117, 28.8566575050354,]
