best-result = 33.499709367752075
warmup-time = 34.93511199951172
all-measurements = [ 33.499709367752075, 35.255192041397095, 34.579596281051636,]
