best-result = 92.4514513015747
warmup-time = 96.67269897460938
all-measurements = [ 98.58734631538391, 98.44613885879517, 92.4514513015747,]
