best-result = 40.002105474472046
warmup-time = 39.96915340423584
all-measurements = [ 40.00595045089722, 40.12147283554077, 40.002105474472046,]
