best-result = 44.23642182350159
warmup-time = 43.74372410774231
all-measurements = [ 45.475924491882324, 44.23642182350159, 44.39465284347534,]
