best-result = 27.178937435150146
warmup-time = 29.299079656600952
all-measurements = [ 28.52345633506775, 27.178937435150146, 27.782498121261597,]
