best-result = 690.6859023571014
warmup-time = 722.1087646484375
all-measurements = [ 695.9241375923157, 695.6149952411652, 690.6859023571014,]
