best-result = 174.72298526763916
warmup-time = 174.8336639404297
all-measurements = [ 175.18502378463745, 174.72298526763916, 175.7021825313568,]
