best-result = 66.42527079582214
warmup-time = 64.57661533355713
all-measurements = [ 66.42527079582214, 67.2443745136261, 70.99222779273987,]
