best-result = 24.75979709625244
warmup-time = 25.005942344665527
all-measurements = [ 24.75979709625244, 25.655117988586426, 24.835896968841553,]
