best-result = 36.4523344039917
warmup-time = 39.40447950363159
all-measurements = [ 36.8091676235199, 36.4523344039917, 36.7778685092926,]
