best-result = 30.466305017471313
warmup-time = 33.322842836380005
all-measurements = [ 32.220908403396606, 32.34389042854309, 30.466305017471313,]
