best-result = 274.94909596443176
warmup-time = 278.83848118782043
all-measurements = [ 275.0174951553345, 276.8950426578522, 274.94909596443176,]
