best-result = 35.817355155944824
warmup-time = 36.08679270744324
all-measurements = [ 36.61533784866333, 36.12118172645569, 35.817355155944824,]
