best-result = 41.58193826675415
warmup-time = 42.465015172958374
all-measurements = [ 42.56116318702698, 41.58193826675415, 41.834134101867676,]
