best-result = 49.49303865432739
warmup-time = 50.72742319107056
all-measurements = [ 51.14063048362732, 49.49303865432739, 50.85616374015808,]
