best-result = 34.194366693496704
warmup-time = 36.21075367927551
all-measurements = [ 34.31438183784485, 34.194366693496704, 34.416144371032715,]
