best-result = 37.57092308998108
warmup-time = 37.689780473709106
all-measurements = [ 37.65978932380676, 37.69953274726868, 37.57092308998108,]
