best-result = 56.7468786239624
warmup-time = 60.18131113052368
all-measurements = [ 61.336366176605225, 60.67153811454773, 56.7468786239624,]
