best-result = 242.54836750030518
warmup-time = 248.38070034980774
all-measurements = [ 244.70217061042786, 242.56657671928406, 242.54836750030518,]
