best-result = 545.4257392883301
warmup-time = 548.1712441444397
all-measurements = [ 550.3131821155548, 545.4257392883301, 547.2410209178925,]
