best-result = 35.83682441711426
warmup-time = 36.19426894187927
all-measurements = [ 35.83682441711426, 36.82148861885071, 37.16842246055603,]
