best-result = 64.34943842887878
warmup-time = 64.52763032913208
all-measurements = [ 65.08829307556152, 64.34943842887878, 65.10006332397461,]
