best-result = 26.60175085067749
warmup-time = 27.274141788482666
all-measurements = [ 26.60175085067749, 27.75459599494934, 27.482053518295288,]
