best-result = 35.894258975982666
warmup-time = 36.337045431137085
all-measurements = [ 35.894258975982666, 36.32318997383118, 36.108126640319824,]
