best-result = 32.10583233833313
warmup-time = 33.32196116447449
all-measurements = [ 33.32589077949524, 33.350058794021606, 32.10583233833313,]
