best-result = 43.18704557418823
warmup-time = 44.81732177734375
all-measurements = [ 44.7636182308197, 44.84802961349487, 43.18704557418823,]
