best-result = 98.55149054527283
warmup-time = 99.89961647987366
all-measurements = [ 101.93153166770935, 101.72029399871826, 98.55149054527283,]
