best-result = 28.36046862602234
warmup-time = 28.206196546554565
all-measurements = [ 29.125982761383057, 28.36046862602234, 28.644482612609863,]
