best-result = 33.67683291435242
warmup-time = 34.460954666137695
all-measurements = [ 33.67683291435242, 34.12538552284241, 33.68440580368042,]
