best-result = 39.17497634887695
warmup-time = 39.65230989456177
all-measurements = [ 39.69170808792114, 40.050616979599, 39.17497634887695,]
