best-result = 43.66672325134277
warmup-time = 44.8850212097168
all-measurements = [ 43.66672325134277, 45.52895736694336, 43.95928978919983,]
