best-result = 26.47074007987976
warmup-time = 27.344379901885986
all-measurements = [ 27.752228021621704, 26.6791934967041, 26.47074007987976,]
