best-result = 703.3666269779205
warmup-time = 730.6387414932251
all-measurements = [ 703.3666269779205, 704.4577374458313, 704.6965146064758,]
