best-result = 179.41149163246155
warmup-time = 188.12583589553833
all-measurements = [ 180.50818634033203, 181.60133481025696, 179.41149163246155,]
