best-result = 44.44157934188843
warmup-time = 43.17141056060791
all-measurements = [ 45.25386905670166, 45.73391509056091, 44.44157934188843,]
