best-result = 27.03889560699463
warmup-time = 27.106476306915283
all-measurements = [ 27.03889560699463, 27.97119951248169, 27.673720359802246,]
