best-result = 40.67855358123779
warmup-time = 43.09852123260498
all-measurements = [ 41.229395151138306, 40.67855358123779, 41.39601421356201,]
