best-result = 34.269113302230835
warmup-time = 35.4078631401062
all-measurements = [ 35.2139790058136, 34.269113302230835, 35.18551826477051,]
