best-result = 286.2675452232361
warmup-time = 288.99342679977417
all-measurements = [ 290.2067987918854, 288.3283956050873, 286.2675452232361,]
