best-result = 38.4924681186676
warmup-time = 37.98777890205383
all-measurements = [ 38.4924681186676, 38.73143458366394, 39.64088582992554,]
