best-result = 44.712358474731445
warmup-time = 45.96019625663757
all-measurements = [ 46.65517783164978, 46.049545764923096, 44.712358474731445,]
