best-result = 53.106358766555786
warmup-time = 53.297099351882935
all-measurements = [ 53.93741059303284, 54.319493532180786, 53.106358766555786,]
