best-result = 35.591388463974
warmup-time = 37.123656272888184
all-measurements = [ 36.86925673484802, 37.4114933013916, 35.591388463974,]
