best-result = 38.54045295715332
warmup-time = 42.56283259391785
all-measurements = [ 41.28554558753967, 41.076645374298096, 38.54045295715332,]
