best-result = 61.37474536895752
warmup-time = 65.09437322616577
all-measurements = [ 61.37474536895752, 62.89754843711853, 65.11887431144714,]
