best-result = 256.61956763267517
warmup-time = 258.73515224456787
all-measurements = [ 256.61956763267517, 258.8793623447418, 258.82815647125244,]
