best-result = 596.0281128883362
warmup-time = 597.2105350494385
all-measurements = [ 597.3097193241119, 596.0281128883362, 597.610586643219,]
