best-result = 37.354538440704346
warmup-time = 37.27240562438965
all-measurements = [ 38.85254168510437, 37.354538440704346, 38.18293070793152,]
