best-result = 68.39855813980103
warmup-time = 68.801753282547
all-measurements = [ 70.43271589279175, 68.39855813980103, 69.65650939941406,]
