best-result = 28.307514905929565
warmup-time = 30.169012308120728
all-measurements = [ 28.307514905929565, 28.574369430541992, 30.8352370262146,]
