best-result = 38.3578667640686
warmup-time = 38.67342519760132
all-measurements = [ 38.3578667640686, 39.06362199783325, 38.97562336921692,]
