best-result = 34.56326770782471
warmup-time = 36.591957807540894
all-measurements = [ 35.68330979347229, 36.687848806381226, 34.56326770782471,]
