best-result = 46.23293352127075
warmup-time = 46.901017904281616
all-measurements = [ 46.42645502090454, 47.673778772354126, 46.23293352127075,]
