best-result = 106.07653760910034
warmup-time = 109.3941752910614
all-measurements = [ 112.11218643188477, 106.07653760910034, 109.93709254264832,]
