best-result = 28.907851457595825
warmup-time = 29.788556337356567
all-measurements = [ 30.840036869049072, 31.52546787261963, 28.907851457595825,]
