best-result = 36.66467571258545
warmup-time = 37.93224239349365
all-measurements = [ 37.38382911682129, 36.66467571258545, 37.117011308670044,]
