best-result = 42.9127094745636
warmup-time = 42.88585925102234
all-measurements = [ 43.03757572174072, 42.9127094745636, 44.343663692474365,]
