best-result = 46.9070258140564
warmup-time = 48.83510446548462
all-measurements = [ 49.8280086517334, 46.94393539428711, 46.9070258140564,]
