best-result = 28.749945163726807
warmup-time = 31.298558235168457
all-measurements = [ 30.667086362838745, 28.749945163726807, 30.179149389266968,]
