best-result = 729.8106343746185
warmup-time = 771.486834526062
all-measurements = [ 729.8106343746185, 751.0697841644287, 738.414256811142,]
