best-result = 196.9940140247345
warmup-time = 199.3488254547119
all-measurements = [ 199.22871375083923, 196.9940140247345, 198.9101095199585,]
