best-result = 45.79898381233215
warmup-time = 47.667397022247314
all-measurements = [ 45.79898381233215, 47.830684423446655, 49.87768292427063,]
