best-result = 22.52194046974182
warmup-time = 22.61125135421753
all-measurements = [ 23.09176540374756, 22.816478729248047, 22.52194046974182,]
