best-result = 46.994866132736206
warmup-time = 63.82189869880676
all-measurements = [ 47.21285128593445, 46.994866132736206, 47.12367224693298,]
