best-result = 46.47973442077637
warmup-time = 58.441325664520264
all-measurements = [ 47.13530778884888, 46.88055348396301, 46.47973442077637,]
