best-result = 956.143040895462
warmup-time = 1157.3814823627472
all-measurements = [ 968.4913370609283, 956.143040895462, 962.5706641674042,]
