best-result = 84.73225331306458
warmup-time = 98.55937266349792
all-measurements = [ 84.73225331306458, 85.06049251556396, 85.84847664833069,]
