best-result = 80.78227138519287
warmup-time = 100.2482750415802
all-measurements = [ 81.70559358596802, 81.77773594856262, 80.78227138519287,]
