best-result = 69.51470923423767
warmup-time = 92.79943251609802
all-measurements = [ 69.51470923423767, 70.9087233543396, 69.82318162918091,]
