best-result = 90.24387812614441
warmup-time = 104.1220874786377
all-measurements = [ 90.24387812614441, 90.3211874961853, 90.7840223312378,]
