best-result = 615.7754962444305
warmup-time = 635.3214077949524
all-measurements = [ 619.7901554107666, 617.7330324649811, 615.7754962444305,]
