best-result = 64.59726405143738
warmup-time = 78.37260818481445
all-measurements = [ 65.23909735679626, 64.59726405143738, 64.78134274482727,]
