best-result = 222.37738037109375
warmup-time = 368.9638600349426
all-measurements = [ 222.37738037109375, 222.80153632164001, 222.47276878356934,]
