best-result = 445.49741196632385
warmup-time = 894.9884989261627
all-measurements = [ 448.2875871658325, 446.0193977355957, 445.49741196632385,]
