best-result = 61.55138564109802
warmup-time = 77.74891686439514
all-measurements = [ 61.93081998825073, 61.55138564109802, 61.84374713897705,]
