best-result = 865.5752372741699
warmup-time = 897.5030598640442
all-measurements = [ 865.5752372741699, 869.4585342407227, 867.0109992027283,]
