best-result = 27.21461582183838
warmup-time = 35.31747364997864
all-measurements = [ 27.497605800628662, 27.21461582183838, 27.3427095413208,]
