best-result = 57.81175994873047
warmup-time = 72.39778733253479
all-measurements = [ 57.81175994873047, 58.03289079666138, 58.27978873252869,]
