best-result = 58.41757106781006
warmup-time = 72.39361095428467
all-measurements = [ 58.41757106781006, 58.4884467124939, 59.58299112319946,]
