best-result = 109.99528884887695
warmup-time = 139.65175914764404
all-measurements = [ 110.43672275543213, 110.33406352996826, 109.99528884887695,]
