best-result = 773.0611655712128
warmup-time = 845.4246237277985
all-measurements = [ 776.0988783836365, 773.0611655712128, 778.8246166706085,]
