best-result = 37.61791968345642
warmup-time = 41.60714077949524
all-measurements = [ 41.983964681625366, 39.66352391242981, 37.61791968345642,]
