best-result = 54.148738384246826
warmup-time = 71.4112331867218
all-measurements = [ 54.522117614746094, 54.23363733291626, 54.148738384246826,]
