best-result = 1656.9219212532043
warmup-time = 1986.6677522659302
all-measurements = [ 1656.9219212532043, 2192.103179216385, 2149.3605813980103,]
