best-result = 49.13653898239136
warmup-time = 71.55103039741516
all-measurements = [ 49.13653898239136, 49.6390380859375, 50.22819805145264,]
