best-result = 80.59555768966675
warmup-time = 102.24467039108276
all-measurements = [ 80.91501379013062, 80.81231689453125, 80.59555768966675,]
