best-result = 36.294585943222046
warmup-time = 44.9981689453125
all-measurements = [ 36.294585943222046, 36.74910640716553, 36.3086621761322,]
