best-result = 341.4077854156494
warmup-time = 478.6447868347168
all-measurements = [ 346.2173318862915, 341.4077854156494, 350.2171883583069,]
