best-result = 104.26052260398865
warmup-time = 105.2795307636261
all-measurements = [ 105.5703673362732, 104.26052260398865, 104.58146524429321,]
