best-result = 22.67667269706726
warmup-time = 22.748661756515503
all-measurements = [ 23.43347406387329, 23.11333990097046, 22.67667269706726,]
