best-result = 47.28934454917908
warmup-time = 64.89702939987183
all-measurements = [ 47.28934454917908, 47.48150396347046, 47.72838878631592,]
