best-result = 46.750125885009766
warmup-time = 58.1034255027771
all-measurements = [ 47.17580580711365, 46.750125885009766, 47.049575090408325,]
