best-result = 995.2629034519196
warmup-time = 1196.0927062034607
all-measurements = [ 1000.3819525241852, 1009.6752769947052, 995.2629034519196,]
