best-result = 85.56821608543396
warmup-time = 100.50338768959045
all-measurements = [ 86.88461709022522, 85.56821608543396, 86.1363673210144,]
