best-result = 82.33213901519775
warmup-time = 103.7699544429779
all-measurements = [ 82.50427293777466, 82.33213901519775, 82.52415943145752,]
