best-result = 70.7327241897583
warmup-time = 92.50968027114868
all-measurements = [ 70.7327241897583, 71.9119291305542, 71.48064374923706,]
