best-result = 91.82333588600159
warmup-time = 105.69503545761108
all-measurements = [ 92.64727139472961, 91.82333588600159, 92.63802433013916,]
