best-result = 651.1303279399872
warmup-time = 668.7665226459503
all-measurements = [ 658.3582193851471, 651.1303279399872, 658.5961537361145,]
