best-result = 66.22371792793274
warmup-time = 82.87330079078674
all-measurements = [ 66.22371792793274, 66.65080571174622, 66.3102355003357,]
