best-result = 222.4994513988495
warmup-time = 374.0066454410553
all-measurements = [ 223.3397216796875, 222.79821228981018, 222.4994513988495,]
