best-result = 433.33995938301086
warmup-time = 879.2793281078339
all-measurements = [ 433.33995938301086, 436.4042224884033, 439.2233510017395,]
