best-result = 62.261080741882324
warmup-time = 78.90939521789551
all-measurements = [ 62.261080741882324, 62.69250965118408, 62.48334884643555,]
