best-result = 144.2855668067932
warmup-time = 169.22628378868103
all-measurements = [ 144.2855668067932, 144.46645140647888, 145.3502116203308,]
