best-result = 942.2800545692444
warmup-time = 966.2582640647888
all-measurements = [ 942.2800545692444, 943.4189329147339, 956.9710958003998,]
