best-result = 27.375202894210815
warmup-time = 34.59257936477661
all-measurements = [ 27.49845576286316, 27.375202894210815, 28.54489278793335,]
