best-result = 59.26531910896301
warmup-time = 73.33051371574402
all-measurements = [ 60.25165557861328, 59.81317448616028, 59.26531910896301,]
