best-result = 59.05339980125427
warmup-time = 74.54732513427734
all-measurements = [ 59.05339980125427, 59.82504940032959, 59.49384903907776,]
