best-result = 112.689706325531
warmup-time = 140.74494218826294
all-measurements = [ 113.33222723007202, 113.06513237953186, 112.689706325531,]
