best-result = 794.9556720256805
warmup-time = 867.4229707717896
all-measurements = [ 796.5960059165955, 794.9556720256805, 799.3797595500946,]
