best-result = 33.54873442649841
warmup-time = 42.80938959121704
all-measurements = [ 33.810007095336914, 33.90168905258179, 33.54873442649841,]
