best-result = 55.1749153137207
warmup-time = 71.35472798347473
all-measurements = [ 55.1749153137207, 55.90042734146118, 55.503377199172974,]
