best-result = 1599.2792825698853
warmup-time = 2010.7149577140808
all-measurements = [ 1599.2792825698853, 2747.6051783561707, 1618.2470171451569,]
