best-result = 49.161304235458374
warmup-time = 71.14141535758972
all-measurements = [ 49.97570991516113, 49.161304235458374, 50.02479076385498,]
