best-result = 80.24018049240112
warmup-time = 100.67415523529053
all-measurements = [ 81.20050358772278, 80.24018049240112, 81.49880266189575,]
