best-result = 36.78637742996216
warmup-time = 46.376463651657104
all-measurements = [ 36.78637742996216, 36.80682682991028, 36.95403528213501,]
