best-result = 338.98688316345215
warmup-time = 483.5268576145172
all-measurements = [ 338.98688316345215, 340.773460149765, 352.56962633132935,]
