best-result = 60.072229862213135
warmup-time = 61.591596603393555
all-measurements = [ 60.072229862213135, 60.11197543144226, 61.3737576007843,]
