best-result = 24.71734642982483
warmup-time = 25.216784477233887
all-measurements = [ 24.926331758499146, 25.154987335205078, 24.71734642982483,]
