best-result = 36.65613865852356
warmup-time = 38.16217803955078
all-measurements = [ 36.65613865852356, 37.35717487335205, 36.65736365318298,]
