best-result = 31.547805309295654
warmup-time = 31.604033708572388
all-measurements = [ 31.547805309295654, 32.48528838157654, 31.651049613952637,]
