best-result = 274.1045353412628
warmup-time = 278.4257893562317
all-measurements = [ 277.84709572792053, 274.1045353412628, 277.6598255634308,]
