best-result = 35.605525493621826
warmup-time = 35.940345764160156
all-measurements = [ 36.261576414108276, 35.605525493621826, 36.91261053085327,]
