best-result = 40.32340049743652
warmup-time = 40.57221698760986
all-measurements = [ 40.32340049743652, 40.78196406364441, 41.1895592212677,]
