best-result = 50.53470802307129
warmup-time = 50.76988506317139
all-measurements = [ 50.53558802604675, 51.628949880599976, 50.53470802307129,]
