best-result = 32.680673122406006
warmup-time = 34.382957458496094
all-measurements = [ 33.76630902290344, 35.405606746673584, 32.680673122406006,]
