best-result = 37.04375410079956
warmup-time = 37.80277109146118
all-measurements = [ 37.47509145736694, 37.50706624984741, 37.04375410079956,]
