best-result = 59.76645493507385
warmup-time = 60.83182382583618
all-measurements = [ 59.76645493507385, 61.22136902809143, 59.919410943984985,]
