best-result = 240.4616026878357
warmup-time = 243.37767720222473
all-measurements = [ 240.55223035812378, 240.79861664772034, 240.4616026878357,]
