best-result = 542.8216328620911
warmup-time = 547.7522025108337
all-measurements = [ 547.8577635288239, 546.3497769832611, 542.8216328620911,]
