best-result = 34.16266679763794
warmup-time = 36.14436364173889
all-measurements = [ 34.90260028839111, 34.16266679763794, 34.99918985366821,]
