best-result = 65.35796904563904
warmup-time = 66.56499814987183
all-measurements = [ 65.35796904563904, 66.46276187896729, 66.64967083930969,]
