best-result = 27.67569875717163
warmup-time = 27.360666036605835
all-measurements = [ 27.67569875717163, 28.367652654647827, 27.717799186706543,]
