best-result = 36.237091302871704
warmup-time = 33.20249032974243
all-measurements = [ 36.237091302871704, 36.82841491699219, 36.27124643325806,]
