best-result = 31.835670709609985
warmup-time = 33.01271867752075
all-measurements = [ 31.835670709609985, 32.56542229652405, 32.64769983291626,]
