best-result = 44.89907455444336
warmup-time = 44.163888931274414
all-measurements = [ 48.34822344779968, 53.796302795410156, 44.89907455444336,]
