best-result = 98.3212959766388
warmup-time = 100.99470520019531
all-measurements = [ 98.3212959766388, 99.96338605880737, 99.9357750415802,]
