best-result = 27.216022491455078
warmup-time = 28.516706705093384
all-measurements = [ 27.216022491455078, 28.2734432220459, 27.93178915977478,]
