best-result = 33.55269002914429
warmup-time = 34.544214487075806
all-measurements = [ 34.93743062019348, 34.73090434074402, 33.55269002914429,]
