best-result = 38.56977391242981
warmup-time = 39.633443117141724
all-measurements = [ 40.31196618080139, 38.56977391242981, 39.92068290710449,]
