best-result = 42.5387167930603
warmup-time = 44.421645164489746
all-measurements = [ 44.889429569244385, 42.5387167930603, 45.51324486732483,]
