best-result = 26.687035083770752
warmup-time = 28.46085524559021
all-measurements = [ 26.687035083770752, 27.938472032546997, 27.859922647476196,]
