best-result = 700.8136303424835
warmup-time = 708.3950464725494
all-measurements = [ 707.8946361541748, 701.5399799346924, 700.8136303424835,]
