best-result = 180.5195755958557
warmup-time = 179.87179613113403
all-measurements = [ 182.43102312088013, 180.56905817985535, 180.5195755958557,]
