best-result = 42.661787271499634
warmup-time = 42.82160449028015
all-measurements = [ 46.68811011314392, 44.20963788032532, 42.661787271499634,]
