best-result = 23.318102836608887
warmup-time = 23.509016036987305
all-measurements = [ 23.582326650619507, 23.562533617019653, 23.318102836608887,]
