best-result = 46.85535025596619
warmup-time = 66.74362182617188
all-measurements = [ 46.85535025596619, 47.07691979408264, 47.76494741439819,]
