best-result = 46.83372664451599
warmup-time = 57.96113610267639
all-measurements = [ 46.83372664451599, 47.13730216026306, 47.253629207611084,]
