best-result = 893.7010886669159
warmup-time = 1114.4355194568634
all-measurements = [ 895.7930769920349, 898.2663943767548, 893.7010886669159,]
