best-result = 85.28183770179749
warmup-time = 100.84815335273743
all-measurements = [ 86.19056868553162, 85.28183770179749, 86.37409830093384,]
