best-result = 987.3856642246246
warmup-time = 1027.0200917720795
all-measurements = [ 987.3856642246246, 988.1463620662689, 990.8515210151672,]
