best-result = 84.6187698841095
warmup-time = 104.78633570671082
all-measurements = [ 84.6187698841095, 85.24665904045105, 85.45877695083618,]
