best-result = 68.56771469116211
warmup-time = 91.44511198997498
all-measurements = [ 68.99131631851196, 68.75168418884277, 68.56771469116211,]
