best-result = 92.10699033737183
warmup-time = 106.62117910385132
all-measurements = [ 92.10699033737183, 92.67102909088135, 92.88832592964172,]
