best-result = 647.7489213943481
warmup-time = 661.8431675434113
all-measurements = [ 648.7758119106293, 647.7489213943481, 651.352010011673,]
