best-result = 61.78769826889038
warmup-time = 79.32421565055847
all-measurements = [ 63.229403257369995, 63.1372766494751, 61.78769826889038,]
