best-result = 204.21736454963684
warmup-time = 357.7614326477051
all-measurements = [ 204.21736454963684, 204.5189347267151, 205.10760188102722,]
