best-result = 385.6902735233307
warmup-time = 827.0611867904663
all-measurements = [ 385.6902735233307, 391.3049499988556, 410.22312021255493,]
