best-result = 63.2127149105072
warmup-time = 79.94997048377991
all-measurements = [ 63.89392852783203, 63.870787382125854, 63.2127149105072,]
