best-result = 39.811060667037964
warmup-time = 49.025527000427246
all-measurements = [ 39.811060667037964, 40.54986333847046, 40.41617465019226,]
