best-result = 134.5312843322754
warmup-time = 159.84689450263977
all-measurements = [ 135.65587735176086, 135.0484583377838, 134.5312843322754,]
