best-result = 923.1671721935272
warmup-time = 948.7171015739441
all-measurements = [ 923.1671721935272, 925.289074420929, 925.1022372245789,]
