best-result = 28.12514853477478
warmup-time = 36.53834819793701
all-measurements = [ 28.360735654830933, 28.12514853477478, 28.61945152282715,]
