best-result = 57.42222809791565
warmup-time = 70.06564927101135
all-measurements = [ 57.42222809791565, 58.053433895111084, 57.53981614112854,]
