best-result = 60.66939663887024
warmup-time = 76.37951421737671
all-measurements = [ 60.66939663887024, 61.07680034637451, 60.956857681274414,]
