best-result = 110.14609289169312
warmup-time = 136.95299124717712
all-measurements = [ 110.56656837463379, 110.14609289169312, 110.67340922355652,]
