best-result = 773.5791313648224
warmup-time = 843.3804383277893
all-measurements = [ 773.5791313648224, 798.1955769062042, 774.9149858951569,]
