best-result = 34.193702697753906
warmup-time = 41.41618990898132
all-measurements = [ 34.461901903152466, 34.77025127410889, 34.193702697753906,]
