best-result = 55.76690721511841
warmup-time = 72.77378916740417
all-measurements = [ 56.06743884086609, 55.83016586303711, 55.76690721511841,]
