best-result = 2017.4625084400177
warmup-time = 2321.492502450943
all-measurements = [ 2467.1398265361786, 2494.0126395225525, 2017.4625084400177,]
