best-result = 48.72293138504028
warmup-time = 71.1534173488617
all-measurements = [ 49.30880165100098, 48.72293138504028, 49.61435604095459,]
