best-result = 81.89605689048767
warmup-time = 99.35680890083313
all-measurements = [ 82.35570645332336, 81.89605689048767, 82.14065623283386,]
