best-result = 37.88437271118164
warmup-time = 47.313557386398315
all-measurements = [ 38.06068563461304, 37.88437271118164, 38.49909710884094,]
