best-result = 333.4394109249115
warmup-time = 478.3173396587372
all-measurements = [ 333.4394109249115, 334.40241026878357, 337.8854749202728,]
