best-result = 59.25114369392395
warmup-time = 60.25134563446045
all-measurements = [ 59.25114369392395, 59.42655324935913, 60.19729781150818,]
