best-result = 23.171841859817505
warmup-time = 23.412126302719116
all-measurements = [ 23.450592279434204, 23.5597505569458, 23.171841859817505,]
