best-result = 46.8790020942688
warmup-time = 63.213932514190674
all-measurements = [ 47.191145181655884, 47.47267556190491, 46.8790020942688,]
