best-result = 46.560102224349976
warmup-time = 58.58580708503723
all-measurements = [ 46.560102224349976, 46.778757095336914, 46.77525019645691,]
