best-result = 897.8257949352264
warmup-time = 1103.719043970108
all-measurements = [ 903.1430358886719, 897.8257949352264, 910.0528876781464,]
