best-result = 85.30891275405884
warmup-time = 98.94126534461975
all-measurements = [ 87.04937434196472, 86.15010857582092, 85.30891275405884,]
