best-result = 984.6367826461792
warmup-time = 1012.2948751449585
all-measurements = [ 986.0326225757599, 985.3152215480804, 984.6367826461792,]
