best-result = 82.67419672012329
warmup-time = 104.17960858345032
all-measurements = [ 83.80364561080933, 82.67419672012329, 83.45068693161011,]
