best-result = 67.98397135734558
warmup-time = 87.77332544326782
all-measurements = [ 68.42377305030823, 68.54009652137756, 67.98397135734558,]
