best-result = 92.18272614479065
warmup-time = 105.97893929481506
all-measurements = [ 92.18272614479065, 92.24159526824951, 92.98090815544128,]
