best-result = 645.2801313400269
warmup-time = 661.628271818161
all-measurements = [ 651.9267890453339, 647.8659675121307, 645.2801313400269,]
