best-result = 61.628390073776245
warmup-time = 78.08387160301208
all-measurements = [ 62.79907774925232, 61.628390073776245, 62.20481538772583,]
