best-result = 207.19613361358643
warmup-time = 360.4346148967743
all-measurements = [ 207.19613361358643, 210.44909167289734, 207.2966868877411,]
