best-result = 427.3670656681061
warmup-time = 880.5517377853394
all-measurements = [ 430.8544988632202, 427.3670656681061, 431.58377051353455,]
