best-result = 62.807124853134155
warmup-time = 77.64974331855774
all-measurements = [ 63.09910535812378, 62.807124853134155, 63.43768095970154,]
