best-result = 40.37965226173401
warmup-time = 48.404693603515625
all-measurements = [ 40.96540927886963, 40.545777797698975, 40.37965226173401,]
