best-result = 135.38619256019592
warmup-time = 163.765460729599
all-measurements = [ 135.6380615234375, 135.38619256019592, 136.42689108848572,]
