best-result = 911.1226224899292
warmup-time = 942.608475446701
all-measurements = [ 911.1226224899292, 915.5587594509125, 917.6312925815582,]
