best-result = 28.057342529296875
warmup-time = 35.51905798912048
all-measurements = [ 28.057342529296875, 28.19267463684082, 28.553179264068604,]
