best-result = 57.43028950691223
warmup-time = 70.05785179138184
all-measurements = [ 57.43028950691223, 57.67511987686157, 58.188072204589844,]
