best-result = 60.3633770942688
warmup-time = 74.04328346252441
all-measurements = [ 60.75033116340637, 60.3633770942688, 60.60470747947693,]
