best-result = 109.8632218837738
warmup-time = 138.70571660995483
all-measurements = [ 110.51383829116821, 110.29957056045532, 109.8632218837738,]
