best-result = 779.5200872421265
warmup-time = 860.3140833377838
all-measurements = [ 788.6772713661194, 784.1378989219666, 779.5200872421265,]
