best-result = 34.852741956710815
warmup-time = 42.1295051574707
all-measurements = [ 35.0580313205719, 34.852741956710815, 35.08945345878601,]
