best-result = 55.782936573028564
warmup-time = 71.01648426055908
all-measurements = [ 55.782936573028564, 56.11892533302307, 55.82225561141968,]
