best-result = 2014.6720757484436
warmup-time = 2261.7087585926056
all-measurements = [ 2258.6384201049805, 2014.6720757484436, 2045.0615465641022,]
