best-result = 48.5568208694458
warmup-time = 68.83830499649048
all-measurements = [ 48.747605323791504, 48.5568208694458, 48.66866683959961,]
