best-result = 81.10521149635315
warmup-time = 97.42690014839172
all-measurements = [ 81.10521149635315, 81.3813214302063, 81.23894596099854,]
