best-result = 37.361369132995605
warmup-time = 46.70927953720093
all-measurements = [ 37.361369132995605, 37.86906719207764, 37.60484457015991,]
