best-result = 337.88962030410767
warmup-time = 475.64271688461304
all-measurements = [ 337.88962030410767, 344.7729845046997, 345.57347655296326,]
