best-result = 59.03837990760803
warmup-time = 59.95943546295166
all-measurements = [ 59.438629388809204, 59.6866557598114, 59.03837990760803,]
