best-result = 22.610737562179565
warmup-time = 22.40233874320984
all-measurements = [ 22.610737562179565, 22.932352781295776, 22.617855548858643,]
