best-result = 46.41945815086365
warmup-time = 62.447808504104614
all-measurements = [ 46.41945815086365, 47.05773305892944, 47.33451771736145,]
