best-result = 46.44678807258606
warmup-time = 58.44702982902527
all-measurements = [ 46.787981271743774, 46.871275424957275, 46.44678807258606,]
