best-result = 921.9655075073242
warmup-time = 1116.2616746425629
all-measurements = [ 921.9655075073242, 924.1150188446045, 944.2021424770355,]
