best-result = 85.30514717102051
warmup-time = 100.79292821884155
all-measurements = [ 85.92426371574402, 86.3193507194519, 85.30514717102051,]
