best-result = 986.3108170032501
warmup-time = 1014.8712339401245
all-measurements = [ 986.3108170032501, 989.5934734344482, 987.4628541469574,]
