best-result = 82.33808612823486
warmup-time = 103.78759098052979
all-measurements = [ 82.40234541893005, 82.33808612823486, 82.7200288772583,]
