best-result = 67.67376375198364
warmup-time = 89.23207378387451
all-measurements = [ 68.43848729133606, 67.67376375198364, 69.26256132125854,]
