best-result = 90.72697496414185
warmup-time = 105.28312158584595
all-measurements = [ 91.35026240348816, 90.72697496414185, 91.92571306228638,]
