best-result = 649.553305387497
warmup-time = 665.2727599143982
all-measurements = [ 652.2181010246277, 649.553305387497, 652.045444726944,]
