best-result = 63.06485724449158
warmup-time = 78.27460265159607
all-measurements = [ 63.83994269371033, 63.06485724449158, 63.99464726448059,]
