best-result = 210.19040298461914
warmup-time = 368.2987856864929
all-measurements = [ 210.19040298461914, 211.31369280815125, 212.22425174713135,]
