best-result = 426.15824007987976
warmup-time = 878.3154408931732
all-measurements = [ 426.9371271133423, 426.15824007987976, 429.64041781425476,]
