best-result = 62.08698105812073
warmup-time = 79.56584048271179
all-measurements = [ 62.08698105812073, 63.36933732032776, 62.11742615699768,]
