best-result = 38.998929262161255
warmup-time = 47.92587757110596
all-measurements = [ 39.83399963378906, 39.68329071998596, 38.998929262161255,]
