best-result = 137.70953559875488
warmup-time = 160.70589017868042
all-measurements = [ 138.44045734405518, 138.93052625656128, 137.70953559875488,]
