best-result = 905.8941831588745
warmup-time = 964.8420081138611
all-measurements = [ 911.786048412323, 910.8246369361877, 905.8941831588745,]
