best-result = 27.26865315437317
warmup-time = 36.34432125091553
all-measurements = [ 27.26865315437317, 27.852742910385132, 28.08326482772827,]
