best-result = 57.270644187927246
warmup-time = 72.98489022254944
all-measurements = [ 57.93064570426941, 58.240715980529785, 57.270644187927246,]
