best-result = 59.22332143783569
warmup-time = 73.41134548187256
all-measurements = [ 59.73742747306824, 59.22332143783569, 59.75280690193176,]
