best-result = 111.22502779960632
warmup-time = 139.24264550209045
all-measurements = [ 111.22502779960632, 111.82892155647278, 111.69197058677673,]
