best-result = 787.4754638671875
warmup-time = 858.1466600894928
all-measurements = [ 787.4754638671875, 792.0087010860443, 787.9010765552521,]
