best-result = 33.754589796066284
warmup-time = 42.07154297828674
all-measurements = [ 34.14183950424194, 33.754589796066284, 34.13127422332764,]
