best-result = 55.799092054367065
warmup-time = 71.29829692840576
all-measurements = [ 55.806313037872314, 55.85959053039551, 55.799092054367065,]
