best-result = 1461.724324464798
warmup-time = 1522.7114310264587
all-measurements = [ 1595.724727153778, 1528.332079410553, 1461.724324464798,]
