best-result = 48.14497113227844
warmup-time = 71.63717699050903
all-measurements = [ 49.39488482475281, 48.56361794471741, 48.14497113227844,]
