best-result = 77.95702171325684
warmup-time = 96.38600826263428
all-measurements = [ 78.45017695426941, 77.95702171325684, 78.38167643547058,]
