best-result = 36.87749791145325
warmup-time = 45.1914279460907
all-measurements = [ 36.87749791145325, 37.42205214500427, 36.94789695739746,]
