best-result = 354.23913407325745
warmup-time = 504.71917963027954
all-measurements = [ 355.52875804901123, 356.7388246059418, 354.23913407325745,]
