best-result = 58.436278343200684
warmup-time = 59.33543395996094
all-measurements = [ 58.73490238189697, 58.436278343200684, 58.617302656173706,]
