best-result = 21.756119966506958
warmup-time = 21.74694800376892
all-measurements = [ 21.94234824180603, 21.756119966506958, 21.86768364906311,]
