best-result = 46.87225651741028
warmup-time = 63.91283464431763
all-measurements = [ 46.87225651741028, 46.99345517158508, 47.53183078765869,]
