best-result = 46.69881057739258
warmup-time = 59.310744524002075
all-measurements = [ 46.716063499450684, 47.073988914489746, 46.69881057739258,]
