best-result = 981.3945889472961
warmup-time = 1198.736219882965
all-measurements = [ 987.0971796512604, 981.3945889472961, 984.2363500595093,]
