best-result = 81.75013184547424
warmup-time = 96.28066539764404
all-measurements = [ 82.66651034355164, 81.75013184547424, 82.31330156326294,]
