best-result = 77.84367799758911
warmup-time = 100.39666771888733
all-measurements = [ 78.13888263702393, 77.84367799758911, 78.1853289604187,]
