best-result = 68.67167568206787
warmup-time = 92.09232378005981
all-measurements = [ 68.83728528022766, 69.58605742454529, 68.67167568206787,]
