best-result = 84.4561562538147
warmup-time = 100.70892095565796
all-measurements = [ 84.4561562538147, 84.5313172340393, 84.97852635383606,]
