best-result = 593.0612213611603
warmup-time = 615.6556742191315
all-measurements = [ 596.1312346458435, 593.0612213611603, 594.2223603725433,]
