best-result = 62.61546540260315
warmup-time = 76.75459122657776
all-measurements = [ 62.85820412635803, 62.727155685424805, 62.61546540260315,]
