best-result = 231.59196782112122
warmup-time = 412.75449538230896
all-measurements = [ 234.41309595108032, 232.42248058319092, 231.59196782112122,]
