best-result = 437.5750184059143
warmup-time = 946.1681263446808
all-measurements = [ 437.5750184059143, 452.7564163208008, 447.41816806793213,]
