best-result = 59.80023741722107
warmup-time = 78.49824047088623
all-measurements = [ 59.80023741722107, 59.9482684135437, 60.027692556381226,]
