best-result = 868.6684427261353
warmup-time = 898.7410712242126
all-measurements = [ 869.9378113746643, 868.6684427261353, 871.5970261096954,]
