best-result = 27.168655157089233
warmup-time = 34.24029040336609
all-measurements = [ 27.17068910598755, 27.168655157089233, 27.60476541519165,]
