best-result = 58.23322868347168
warmup-time = 69.11740899085999
all-measurements = [ 58.86295557022095, 58.23322868347168, 59.366347789764404,]
