best-result = 55.260695695877075
warmup-time = 76.33029890060425
all-measurements = [ 57.34614539146423, 55.56386995315552, 55.260695695877075,]
