best-result = 108.35734152793884
warmup-time = 139.5664563179016
all-measurements = [ 108.41201901435852, 109.20291566848755, 108.35734152793884,]
