best-result = 771.6548490524292
warmup-time = 843.3873353004456
all-measurements = [ 772.2143626213074, 771.6548490524292, 773.6902186870575,]
