best-result = 33.618966817855835
warmup-time = 41.831783294677734
all-measurements = [ 33.65644860267639, 33.618966817855835, 34.01657199859619,]
