best-result = 52.740933418273926
warmup-time = 69.42431616783142
all-measurements = [ 52.740933418273926, 53.38914775848389, 53.297653675079346,]
