best-result = 49.696704626083374
warmup-time = 70.59440755844116
all-measurements = [ 49.696704626083374, 50.20311903953552, 49.71929335594177,]
