best-result = 78.72150039672852
warmup-time = 99.048006772995
all-measurements = [ 78.72150039672852, 79.65781736373901, 79.1774673461914,]
