best-result = 35.158729791641235
warmup-time = 44.855042457580566
all-measurements = [ 35.509875774383545, 35.648579835891724, 35.158729791641235,]
