best-result = 351.0617711544037
warmup-time = 512.3978941440582
all-measurements = [ 361.2620120048523, 362.50968837738037, 351.0617711544037,]
