best-result = 102.6260154247284
warmup-time = 103.18454456329346
all-measurements = [ 102.6260154247284, 103.8557276725769, 103.6205403804779,]
