best-result = 22.393457174301147
warmup-time = 22.473289966583252
all-measurements = [ 23.47002363204956, 22.393457174301147, 22.913950204849243,]
