best-result = 47.98425531387329
warmup-time = 64.83928799629211
all-measurements = [ 48.340686082839966, 47.98425531387329, 49.383817195892334,]
