best-result = 47.278404712677
warmup-time = 61.116002798080444
all-measurements = [ 47.93763303756714, 47.278404712677, 47.721521615982056,]
