best-result = 1010.4966306686401
warmup-time = 1222.2523353099823
all-measurements = [ 1010.6395010948181, 1010.4966306686401, 1020.0737030506134,]
