best-result = 83.36686396598816
warmup-time = 96.86666226387024
all-measurements = [ 83.36686396598816, 83.52046489715576, 83.48609781265259,]
