best-result = 78.58089184761047
warmup-time = 101.71925330162048
all-measurements = [ 79.3584463596344, 78.58089184761047, 79.31484937667847,]
