best-result = 69.93108439445496
warmup-time = 93.34233903884888
all-measurements = [ 69.93108439445496, 70.47019839286804, 70.6730215549469,]
