best-result = 85.61836504936218
warmup-time = 103.24927425384521
all-measurements = [ 85.81528162956238, 86.41414904594421, 85.61836504936218,]
