best-result = 599.6815180778503
warmup-time = 618.3465774059296
all-measurements = [ 602.8589267730713, 599.6815180778503, 600.2594168186188,]
