best-result = 60.60050415992737
warmup-time = 76.09248614311218
all-measurements = [ 60.60050415992737, 63.717769622802734, 63.864092111587524,]
