best-result = 235.10192370414734
warmup-time = 420.7800374031067
all-measurements = [ 237.7881269454956, 236.66165280342102, 235.10192370414734,]
