best-result = 440.9512937068939
warmup-time = 953.7469625473022
all-measurements = [ 440.9512937068939, 447.7476191520691, 448.19251585006714,]
