best-result = 60.49224495887756
warmup-time = 78.6245265007019
all-measurements = [ 60.89543056488037, 60.49224495887756, 61.04198479652405,]
