best-result = 883.2567346096039
warmup-time = 930.012101650238
all-measurements = [ 885.6464052200317, 883.2567346096039, 888.2521271705627,]
