best-result = 27.894949913024902
warmup-time = 36.193323612213135
all-measurements = [ 28.099866151809692, 28.35800552368164, 27.894949913024902,]
