best-result = 59.42847514152527
warmup-time = 74.54879188537598
all-measurements = [ 59.7501916885376, 59.42847514152527, 61.31655025482178,]
