best-result = 56.59840631484985
warmup-time = 70.5294623374939
all-measurements = [ 58.246920347213745, 56.78311824798584, 56.59840631484985,]
