best-result = 111.45346140861511
warmup-time = 144.2588963508606
all-measurements = [ 111.45346140861511, 111.59313559532166, 112.56006026268005,]
