best-result = 774.2884917259216
warmup-time = 868.6378462314606
all-measurements = [ 783.0572686195374, 779.6084191799164, 774.2884917259216,]
