best-result = 33.97578477859497
warmup-time = 41.60132145881653
all-measurements = [ 34.262266397476196, 33.97578477859497, 34.313589334487915,]
