best-result = 53.701656341552734
warmup-time = 70.57321691513062
all-measurements = [ 53.97614645957947, 53.701656341552734, 53.9254994392395,]
