best-result = 50.62414193153381
warmup-time = 71.8680636882782
all-measurements = [ 50.79841923713684, 51.86362171173096, 50.62414193153381,]
