best-result = 79.59002995491028
warmup-time = 102.03366565704346
all-measurements = [ 80.00399827957153, 79.59002995491028, 80.16580581665039,]
