best-result = 36.28307318687439
warmup-time = 47.54537010192871
all-measurements = [ 36.31446552276611, 36.34515309333801, 36.28307318687439,]
