best-result = 355.28221130371094
warmup-time = 518.6294298171997
all-measurements = [ 355.28221130371094, 360.4087665081024, 357.6497344970703,]
