best-result = 104.45746326446533
warmup-time = 104.74927091598511
all-measurements = [ 104.70418214797974, 105.84014081954956, 104.45746326446533,]
