best-result = 26.04829430580139
warmup-time = 26.394957065582275
all-measurements = [ 26.386102199554443, 26.04829430580139, 26.665894031524658,]
