best-result = 36.00850248336792
warmup-time = 37.87528944015503
all-measurements = [ 36.00850248336792, 37.71511197090149, 39.507761001586914,]
