best-result = 31.979918479919434
warmup-time = 31.682447910308838
all-measurements = [ 32.55832314491272, 31.979918479919434, 32.09363389015198,]
