best-result = 264.9486680030823
warmup-time = 268.1339921951294
all-measurements = [ 264.9486680030823, 271.02148723602295, 266.480437040329,]
