best-result = 36.730268716812134
warmup-time = 36.89816689491272
all-measurements = [ 37.11926627159119, 36.730268716812134, 37.484113693237305,]
