best-result = 40.602949142456055
warmup-time = 42.874027490615845
all-measurements = [ 41.554506063461304, 40.602949142456055, 40.8854923248291,]
