best-result = 49.553690671920776
warmup-time = 50.48447299003601
all-measurements = [ 50.339163303375244, 49.88834095001221, 49.553690671920776,]
