best-result = 34.25563621520996
warmup-time = 34.338170289993286
all-measurements = [ 34.28208112716675, 34.25563621520996, 34.445401668548584,]
