best-result = 35.78346610069275
warmup-time = 38.51835823059082
all-measurements = [ 35.78346610069275, 39.05675435066223, 37.98496747016907,]
