best-result = 64.68691802024841
warmup-time = 66.63108682632446
all-measurements = [ 65.22043037414551, 64.68691802024841, 65.29779767990112,]
