best-result = 226.36840152740479
warmup-time = 227.63213300704956
all-measurements = [ 226.36840152740479, 228.65530562400818, 228.20240116119385,]
