best-result = 521.1756269931793
warmup-time = 527.7603104114532
all-measurements = [ 521.1756269931793, 524.8298768997192, 522.6786725521088,]
