best-result = 36.659191370010376
warmup-time = 37.92238187789917
all-measurements = [ 36.659191370010376, 39.316402435302734, 37.68614315986633,]
