best-result = 70.40865755081177
warmup-time = 76.16277027130127
all-measurements = [ 70.40865755081177, 83.63015246391296, 72.52928280830383,]
