best-result = 63.37423849105835
warmup-time = 63.45491433143616
all-measurements = [ 63.37423849105835, 63.74551582336426, 64.08353018760681,]
