best-result = 27.957525491714478
warmup-time = 28.157174110412598
all-measurements = [ 28.421173572540283, 28.653408527374268, 27.957525491714478,]
