best-result = 32.98658108711243
warmup-time = 36.149954319000244
all-measurements = [ 35.891507387161255, 35.56647825241089, 32.98658108711243,]
