best-result = 33.490819215774536
warmup-time = 34.7037296295166
all-measurements = [ 34.3345673084259, 33.490819215774536, 35.26527285575867,]
