best-result = 42.58473467826843
warmup-time = 43.18762516975403
all-measurements = [ 44.58979392051697, 42.58473467826843, 44.14190316200256,]
