best-result = 96.1716046333313
warmup-time = 98.36114478111267
all-measurements = [ 96.73263430595398, 96.1716046333313, 98.51740050315857,]
