best-result = 27.862170457839966
warmup-time = 28.51428723335266
all-measurements = [ 29.455704927444458, 27.862170457839966, 29.81002163887024,]
