best-result = 35.007976055145264
warmup-time = 34.08313798904419
all-measurements = [ 35.007976055145264, 36.75832438468933, 36.25777196884155,]
