best-result = 88.6994936466217
warmup-time = 92.8735454082489
all-measurements = [ 89.05536365509033, 91.29862689971924, 88.6994936466217,]
