best-result = 38.22150158882141
warmup-time = 39.756251096725464
all-measurements = [ 38.22150158882141, 40.37585115432739, 38.96270775794983,]
