best-result = 45.47623038291931
warmup-time = 45.0084924697876
all-measurements = [ 46.047269105911255, 45.63502597808838, 45.47623038291931,]
