best-result = 27.7734797000885
warmup-time = 28.928716897964478
all-measurements = [ 27.7734797000885, 29.044955015182495, 29.542986154556274,]
