best-result = 696.1255445480347
warmup-time = 736.9721674919128
all-measurements = [ 696.3361160755157, 704.8483943939209, 696.1255445480347,]
