best-result = 176.8820676803589
warmup-time = 176.2954239845276
all-measurements = [ 177.10972619056702, 176.8820676803589, 179.20446848869324,]
