best-result = 67.67294144630432
warmup-time = 70.97620129585266
all-measurements = [ 68.09967684745789, 67.72123837471008, 67.67294144630432,]
