best-result = 25.409137725830078
warmup-time = 25.86020302772522
all-measurements = [ 25.409137725830078, 25.783354997634888, 25.41865849494934,]
