best-result = 36.68014311790466
warmup-time = 39.72909903526306
all-measurements = [ 36.68014311790466, 37.06538105010986, 38.12808084487915,]
