best-result = 30.59919571876526
warmup-time = 30.69972252845764
all-measurements = [ 30.93639826774597, 30.59919571876526, 31.56766366958618,]
