best-result = 264.7519862651825
warmup-time = 272.4969198703766
all-measurements = [ 265.6236686706543, 264.7519862651825, 268.16879987716675,]
