best-result = 35.22983169555664
warmup-time = 36.092576026916504
all-measurements = [ 35.22983169555664, 37.244258880615234, 35.4567129611969,]
