best-result = 39.62309002876282
warmup-time = 40.49548006057739
all-measurements = [ 39.792646646499634, 41.42877221107483, 39.62309002876282,]
