best-result = 49.24936056137085
warmup-time = 50.93326711654663
all-measurements = [ 49.2731192111969, 49.24936056137085, 49.910603523254395,]
