best-result = 33.852434396743774
warmup-time = 34.81960606575012
all-measurements = [ 33.852434396743774, 34.60517501831055, 33.87212300300598,]
