best-result = 37.363932847976685
warmup-time = 38.127360105514526
all-measurements = [ 37.69242024421692, 37.363932847976685, 37.47650647163391,]
