best-result = 63.957674980163574
warmup-time = 60.805073261260986
all-measurements = [ 65.37178063392639, 63.957674980163574, 64.54599070549011,]
