best-result = 225.72277808189392
warmup-time = 231.46875476837158
all-measurements = [ 228.03515887260437, 225.72277808189392, 226.9117729663849,]
