best-result = 520.1442785263062
warmup-time = 529.5750920772552
all-measurements = [ 521.0764908790588, 520.1442785263062, 526.6522650718689,]
