best-result = 35.95312786102295
warmup-time = 36.779441118240356
all-measurements = [ 37.482826709747314, 35.95312786102295, 37.57061576843262,]
