best-result = 78.79462718963623
warmup-time = 76.33582901954651
all-measurements = [ 78.79462718963623, 88.18295502662659, 86.01630568504333,]
