best-result = 62.5191330909729
warmup-time = 64.3398175239563
all-measurements = [ 63.27619910240173, 62.82102346420288, 62.5191330909729,]
