best-result = 27.0121853351593
warmup-time = 28.18634009361267
all-measurements = [ 28.708513975143433, 27.0121853351593, 27.266273975372314,]
