best-result = 32.073869705200195
warmup-time = 35.81410884857178
all-measurements = [ 32.073869705200195, 35.432007789611816, 35.386332273483276,]
