best-result = 32.12939500808716
warmup-time = 34.44750356674194
all-measurements = [ 34.51563572883606, 33.37036871910095, 32.12939500808716,]
