best-result = 42.62791061401367
warmup-time = 42.79060912132263
all-measurements = [ 42.62791061401367, 43.4758985042572, 43.14029932022095,]
