best-result = 96.3484354019165
warmup-time = 97.95227766036987
all-measurements = [ 98.3367440700531, 96.98344445228577, 96.3484354019165,]
