best-result = 27.355005502700806
warmup-time = 28.01902675628662
all-measurements = [ 28.064854383468628, 27.713735342025757, 27.355005502700806,]
