best-result = 33.942535638809204
warmup-time = 35.21143317222595
all-measurements = [ 33.942535638809204, 35.371952295303345, 34.853352069854736,]
