best-result = 86.71978497505188
warmup-time = 101.77635931968689
all-measurements = [ 97.02782368659973, 90.11711239814758, 86.71978497505188,]
