best-result = 39.045780658721924
warmup-time = 39.27088165283203
all-measurements = [ 39.82464575767517, 39.137481689453125, 39.045780658721924,]
