best-result = 42.64647912979126
warmup-time = 46.25301480293274
all-measurements = [ 42.64647912979126, 45.74248957633972, 44.73420238494873,]
