best-result = 27.153995037078857
warmup-time = 28.131056308746338
all-measurements = [ 29.115668296813965, 28.732352018356323, 27.153995037078857,]
