best-result = 702.9694776535034
warmup-time = 730.3137774467468
all-measurements = [ 704.3842341899872, 702.9694776535034, 710.4262201786041,]
