best-result = 174.8264970779419
warmup-time = 174.86035466194153
all-measurements = [ 175.68931698799133, 174.8264970779419, 176.56498885154724,]
