best-result = 58.18895411491394
warmup-time = 65.05020189285278
all-measurements = [ 64.35657382011414, 66.98369216918945, 58.18895411491394,]
