best-result = 25.918249130249023
warmup-time = 26.059935808181763
all-measurements = [ 25.918249130249023, 25.983668088912964, 26.251216411590576,]
