best-result = 36.753045082092285
warmup-time = 37.2087926864624
all-measurements = [ 36.753045082092285, 37.56942367553711, 36.81190299987793,]
