best-result = 31.112299919128418
warmup-time = 30.024662733078003
all-measurements = [ 31.22994065284729, 31.45721936225891, 31.112299919128418,]
