best-result = 260.02551794052124
warmup-time = 263.57767629623413
all-measurements = [ 264.8794093132019, 260.78286719322205, 260.02551794052124,]
