best-result = 35.612548828125
warmup-time = 37.08451437950134
all-measurements = [ 35.612548828125, 36.81162929534912, 37.06162428855896,]
