best-result = 111.3898138999939
warmup-time = 113.41674423217773
all-measurements = [ 115.20030426979065, 111.3898138999939, 111.73688912391663,]
