best-result = 39.31722927093506
warmup-time = 40.659745931625366
all-measurements = [ 39.31722927093506, 42.025798082351685, 39.90623164176941,]
