best-result = 46.80281376838684
warmup-time = 48.87498641014099
all-measurements = [ 49.524354219436646, 47.59416651725769, 46.80281376838684,]
