best-result = 33.24292516708374
warmup-time = 34.570658445358276
all-measurements = [ 33.24292516708374, 34.507848024368286, 34.20049715042114,]
