best-result = 36.78441905975342
warmup-time = 37.2524037361145
all-measurements = [ 36.94403052330017, 37.19253420829773, 36.78441905975342,]
