best-result = 57.4298198223114
warmup-time = 61.485424518585205
all-measurements = [ 62.839463233947754, 57.4298198223114, 61.67635154724121,]
