best-result = 224.09482645988464
warmup-time = 227.52068758010864
all-measurements = [ 224.09482645988464, 225.71046352386475, 224.884779214859,]
