best-result = 511.7754077911377
warmup-time = 521.0041515827179
all-measurements = [ 515.3743724822998, 513.8808770179749, 511.7754077911377,]
