best-result = 37.63944697380066
warmup-time = 37.423996925354004
all-measurements = [ 38.5151093006134, 38.68319821357727, 37.63944697380066,]
