best-result = 28.488625049591064
warmup-time = 29.043755769729614
all-measurements = [ 28.602730989456177, 28.488625049591064, 28.626217365264893,]
