best-result = 69.53567290306091
warmup-time = 84.66040658950806
all-measurements = [ 73.08849287033081, 70.14434337615967, 69.53567290306091,]
