best-result = 60.90850019454956
warmup-time = 61.190922021865845
all-measurements = [ 60.90850019454956, 62.58023977279663, 62.91614246368408,]
