best-result = 26.73935842514038
warmup-time = 28.729397296905518
all-measurements = [ 28.000096797943115, 27.488236665725708, 26.73935842514038,]
