best-result = 32.41855573654175
warmup-time = 35.649030685424805
all-measurements = [ 32.41855573654175, 35.49907684326172, 34.84808278083801,]
