best-result = 33.52861261367798
warmup-time = 34.29953670501709
all-measurements = [ 33.52861261367798, 34.49576807022095, 33.73074698448181,]
