best-result = 41.84151577949524
warmup-time = 42.356231689453125
all-measurements = [ 43.33594012260437, 42.16606879234314, 41.84151577949524,]
