best-result = 95.31346559524536
warmup-time = 111.81796312332153
all-measurements = [ 104.61121797561646, 95.8338565826416, 95.31346559524536,]
