best-result = 28.035345792770386
warmup-time = 28.154072284698486
all-measurements = [ 28.035345792770386, 29.383012771606445, 29.267676830291748,]
