best-result = 33.68779134750366
warmup-time = 34.06750297546387
all-measurements = [ 34.222867488861084, 35.24721884727478, 33.68779134750366,]
