best-result = 85.14535760879517
warmup-time = 88.56970262527466
all-measurements = [ 91.64319610595703, 95.42165899276733, 85.14535760879517,]
