best-result = 38.134685754776
warmup-time = 38.50964283943176
all-measurements = [ 38.134685754776, 38.36913228034973, 39.26956248283386,]
