best-result = 42.23963403701782
warmup-time = 43.60335183143616
all-measurements = [ 45.06005024909973, 45.810362100601196, 42.23963403701782,]
