best-result = 27.4138286113739
warmup-time = 29.16445779800415
all-measurements = [ 29.396599531173706, 28.430701971054077, 27.4138286113739,]
