best-result = 641.7096438407898
warmup-time = 671.381817817688
all-measurements = [ 643.6290717124939, 647.1112449169159, 641.7096438407898,]
