best-result = 172.5403928756714
warmup-time = 176.30795240402222
all-measurements = [ 172.5403928756714, 173.24988341331482, 173.6681444644928,]
