best-result = 53.769022941589355
warmup-time = 66.23439383506775
all-measurements = [ 68.24111723899841, 65.02027869224548, 53.769022941589355,]
