best-result = 25.819493055343628
warmup-time = 25.801217079162598
all-measurements = [ 26.048922300338745, 25.819493055343628, 26.312530279159546,]
