best-result = 36.10505175590515
warmup-time = 37.72951793670654
all-measurements = [ 37.645392179489136, 38.7389760017395, 36.10505175590515,]
