best-result = 31.13238501548767
warmup-time = 32.22397494316101
all-measurements = [ 32.262717723846436, 31.13238501548767, 31.97886896133423,]
