best-result = 262.790812253952
warmup-time = 270.03091764450073
all-measurements = [ 268.82205986976624, 264.7493441104889, 262.790812253952,]
