best-result = 36.67726254463196
warmup-time = 37.051143407821655
all-measurements = [ 36.76722526550293, 36.893951416015625, 36.67726254463196,]
