best-result = 111.36200404167175
warmup-time = 114.88031697273254
all-measurements = [ 111.36200404167175, 115.71017742156982, 114.18284559249878,]
