best-result = 40.192299604415894
warmup-time = 41.30086636543274
all-measurements = [ 40.192299604415894, 41.42877984046936, 40.895195960998535,]
