best-result = 48.06902194023132
warmup-time = 47.40238666534424
all-measurements = [ 48.06902194023132, 49.04906511306763, 49.18894553184509,]
