best-result = 33.48156690597534
warmup-time = 34.87630105018616
all-measurements = [ 33.48156690597534, 33.703410387039185, 35.50027060508728,]
