best-result = 36.22200274467468
warmup-time = 37.05466938018799
all-measurements = [ 37.609461307525635, 36.9495165348053, 36.22200274467468,]
