best-result = 59.9909143447876
warmup-time = 59.98006343841553
all-measurements = [ 59.9909143447876, 66.31155490875244, 62.28914928436279,]
