best-result = 226.3438913822174
warmup-time = 231.42565727233887
all-measurements = [ 231.39607191085815, 226.3438913822174, 227.36704754829407,]
