best-result = 522.8485155105591
warmup-time = 530.4059059619904
all-measurements = [ 522.8485155105591, 526.0402429103851, 522.9682688713074,]
