best-result = 35.97223925590515
warmup-time = 37.618977308273315
all-measurements = [ 38.02269506454468, 35.97223925590515, 36.828938722610474,]
