best-result = 28.730191946029663
warmup-time = 28.586143255233765
all-measurements = [ 29.12502956390381, 28.730191946029663, 29.152994871139526,]
