best-result = 75.71177649497986
warmup-time = 79.40948677062988
all-measurements = [ 75.71177649497986, 77.75986385345459, 80.78230214118958,]
