best-result = 61.77318978309631
warmup-time = 63.4380989074707
all-measurements = [ 61.77318978309631, 61.883007287979126, 63.30394697189331,]
