best-result = 26.864710092544556
warmup-time = 28.67650866508484
all-measurements = [ 28.41369867324829, 27.68726134300232, 26.864710092544556,]
