best-result = 32.31632399559021
warmup-time = 35.99882888793945
all-measurements = [ 32.31632399559021, 32.39072132110596, 35.34404897689819,]
