best-result = 34.05438280105591
warmup-time = 35.32310962677002
all-measurements = [ 35.49604821205139, 34.05438280105591, 34.066508531570435,]
