best-result = 42.4868745803833
warmup-time = 42.698742389678955
all-measurements = [ 43.26486802101135, 42.4868745803833, 42.99139642715454,]
