best-result = 96.80438923835754
warmup-time = 98.98823595046997
all-measurements = [ 97.3063292503357, 96.80438923835754, 98.18967127799988,]
