best-result = 26.93492078781128
warmup-time = 28.449923276901245
all-measurements = [ 29.542314291000366, 26.93492078781128, 27.648811101913452,]
