best-result = 35.236982107162476
warmup-time = 35.855385065078735
all-measurements = [ 35.359604597091675, 35.58784103393555, 35.236982107162476,]
