best-result = 88.83208322525024
warmup-time = 88.31365942955017
all-measurements = [ 88.83208322525024, 90.41977381706238, 96.68710112571716,]
