best-result = 38.7496292591095
warmup-time = 38.458394289016724
all-measurements = [ 39.34686636924744, 39.316954135894775, 38.7496292591095,]
