best-result = 46.2695996761322
warmup-time = 44.02967309951782
all-measurements = [ 46.723620653152466, 46.2695996761322, 46.63782072067261,]
