best-result = 27.79289937019348
warmup-time = 29.10744285583496
all-measurements = [ 28.90772294998169, 27.79289937019348, 28.272719621658325,]
