best-result = 695.6024525165558
warmup-time = 721.4697675704956
all-measurements = [ 699.7316439151764, 695.6024525165558, 699.6019585132599,]
