best-result = 175.17344570159912
warmup-time = 177.60797691345215
all-measurements = [ 175.17344570159912, 177.63276982307434, 175.53614783287048,]
