best-result = 55.736804723739624
warmup-time = 67.71831250190735
all-measurements = [ 67.29302716255188, 62.83759331703186, 55.736804723739624,]
