best-result = 23.91505789756775
warmup-time = 24.23791241645813
all-measurements = [ 24.77064824104309, 23.91505789756775, 24.11270308494568,]
