best-result = 47.94912886619568
warmup-time = 63.10316872596741
all-measurements = [ 48.11211705207825, 47.94912886619568, 47.99874973297119,]
