best-result = 48.09087300300598
warmup-time = 59.55027389526367
all-measurements = [ 48.09087300300598, 48.35652017593384, 48.85062861442566,]
