best-result = 907.3714566230774
warmup-time = 1071.2461013793945
all-measurements = [ 907.3714566230774, 909.525402545929, 908.7318909168243,]
