best-result = 84.58345031738281
warmup-time = 99.02518463134766
all-measurements = [ 85.67716026306152, 85.50011539459229, 84.58345031738281,]
