best-result = 878.8736364841461
warmup-time = 918.2572515010834
all-measurements = [ 883.1401124000549, 878.8736364841461, 890.3026587963104,]
