best-result = 67.74783110618591
warmup-time = 83.49198174476624
all-measurements = [ 68.20083141326904, 68.1978690624237, 67.74783110618591,]
