best-result = 86.10502099990845
warmup-time = 107.2774863243103
all-measurements = [ 86.1145851612091, 86.54835963249207, 86.10502099990845,]
