best-result = 69.57694482803345
warmup-time = 89.101482629776
all-measurements = [ 70.45465183258057, 70.38601756095886, 69.57694482803345,]
