best-result = 88.57052803039551
warmup-time = 102.49382066726685
all-measurements = [ 89.45875144004822, 88.57052803039551, 89.69928073883057,]
