best-result = 658.868937253952
warmup-time = 667.8992879390717
all-measurements = [ 659.4774534702301, 658.868937253952, 673.7133247852325,]
