best-result = 64.75900864601135
warmup-time = 76.63534283638
all-measurements = [ 64.75900864601135, 64.99831199645996, 65.02927708625793,]
