best-result = 192.77790760993958
warmup-time = 348.98479080200195
all-measurements = [ 192.77790760993958, 195.22371172904968, 193.59777307510376,]
