best-result = 393.7953224182129
warmup-time = 826.2561159133911
all-measurements = [ 395.77607440948486, 393.7953224182129, 402.58946347236633,]
