best-result = 64.20912504196167
warmup-time = 80.67085480690002
all-measurements = [ 64.83956789970398, 65.04829001426697, 64.20912504196167,]
