best-result = 41.74425292015076
warmup-time = 49.77820134162903
all-measurements = [ 41.7885468006134, 42.055651903152466, 41.74425292015076,]
