best-result = 136.82572436332703
warmup-time = 170.15745091438293
all-measurements = [ 137.00512862205505, 137.47199010849, 136.82572436332703,]
