best-result = 939.1103718280792
warmup-time = 965.1641736030579
all-measurements = [ 939.1103718280792, 939.6932015419006, 945.0742030143738,]
