best-result = 29.10724449157715
warmup-time = 37.833762407302856
all-measurements = [ 29.10724449157715, 29.411081075668335, 29.30793595314026,]
