best-result = 60.079843521118164
warmup-time = 70.71502470970154
all-measurements = [ 60.61180901527405, 62.09836411476135, 60.079843521118164,]
