best-result = 60.543466329574585
warmup-time = 74.13075828552246
all-measurements = [ 60.85534691810608, 60.543466329574585, 61.847859382629395,]
