best-result = 111.0629472732544
warmup-time = 138.9919729232788
all-measurements = [ 111.39195489883423, 111.91223192214966, 111.0629472732544,]
