best-result = 776.5205001831055
warmup-time = 848.4394106864929
all-measurements = [ 776.5205001831055, 778.5042345523834, 781.894350528717,]
