best-result = 35.26462268829346
warmup-time = 42.303284883499146
all-measurements = [ 35.26462268829346, 35.4443621635437, 35.613569498062134,]
