best-result = 57.55432438850403
warmup-time = 71.6875274181366
all-measurements = [ 57.88088655471802, 57.55432438850403, 57.681381940841675,]
