best-result = 1967.381535768509
warmup-time = 2822.4273104667664
all-measurements = [ 2523.1301872730255, 2045.4118974208832, 1967.381535768509,]
