best-result = 50.197898864746094
warmup-time = 69.8367223739624
all-measurements = [ 50.22969913482666, 50.197898864746094, 50.258171796798706,]
