best-result = 83.73682427406311
warmup-time = 101.86471343040466
all-measurements = [ 83.7430648803711, 83.73682427406311, 83.96453189849854,]
