best-result = 94.25277209281921
warmup-time = 116.98462557792664
all-measurements = [ 94.25277209281921, 94.48911595344543, 94.4148588180542,]
