best-result = 38.82653546333313
warmup-time = 47.861706018447876
all-measurements = [ 39.05801963806152, 38.82653546333313, 39.233638763427734,]
