best-result = 326.54628467559814
warmup-time = 458.8956091403961
all-measurements = [ 327.5488681793213, 326.54628467559814, 329.37992095947266,]
