best-result = 61.80949902534485
warmup-time = 62.241328716278076
all-measurements = [ 61.975913524627686, 61.88086795806885, 61.80949902534485,]
