best-result = 23.28639817237854
warmup-time = 23.32660484313965
all-measurements = [ 23.805927276611328, 23.28639817237854, 23.582161903381348,]
