best-result = 46.86973190307617
warmup-time = 63.39842772483826
all-measurements = [ 47.203110218048096, 46.86973190307617, 47.054699420928955,]
