best-result = 46.40431046485901
warmup-time = 57.680997133255005
all-measurements = [ 47.14677357673645, 46.81567621231079, 46.40431046485901,]
