best-result = 895.0903537273407
warmup-time = 1103.1438233852386
all-measurements = [ 895.0903537273407, 907.3713879585266, 913.1132729053497,]
