best-result = 85.38554668426514
warmup-time = 100.22183656692505
all-measurements = [ 86.35313177108765, 85.38554668426514, 86.87575554847717,]
