best-result = 988.1594345569611
warmup-time = 1013.8883221149445
all-measurements = [ 992.4854362010956, 988.1594345569611, 990.4515027999878,]
