best-result = 84.58151865005493
warmup-time = 105.4792628288269
all-measurements = [ 84.67120122909546, 84.58151865005493, 85.46150255203247,]
