best-result = 68.01051068305969
warmup-time = 87.92615795135498
all-measurements = [ 68.39294290542603, 68.01051068305969, 69.26967453956604,]
