best-result = 91.79019737243652
warmup-time = 105.9058849811554
all-measurements = [ 92.00913572311401, 91.79019737243652, 92.11163854598999,]
