best-result = 647.6541254520416
warmup-time = 668.7231874465942
all-measurements = [ 647.6541254520416, 652.0113916397095, 651.0120508670807,]
