best-result = 62.49049091339111
warmup-time = 75.87878179550171
all-measurements = [ 63.38141202926636, 62.49049091339111, 62.75876712799072,]
