best-result = 203.32669305801392
warmup-time = 355.481746673584
all-measurements = [ 204.6898536682129, 203.32669305801392, 203.5400688648224,]
