best-result = 382.9443402290344
warmup-time = 825.2411546707153
all-measurements = [ 385.3063156604767, 382.9443402290344, 403.9820775985718,]
