best-result = 63.23860216140747
warmup-time = 79.7011125087738
all-measurements = [ 63.34305262565613, 64.06536149978638, 63.23860216140747,]
