best-result = 40.46151781082153
warmup-time = 47.8651864528656
all-measurements = [ 40.69862914085388, 40.46151781082153, 40.53204655647278,]
