best-result = 135.15387654304504
warmup-time = 167.8154366016388
all-measurements = [ 135.66411066055298, 135.15387654304504, 136.45912504196167,]
