best-result = 921.2225134372711
warmup-time = 945.6394655704498
all-measurements = [ 921.2225134372711, 930.6793954372406, 930.9154334068298,]
