best-result = 28.091392755508423
warmup-time = 35.98534941673279
all-measurements = [ 28.872626781463623, 28.091392755508423, 28.19709086418152,]
