best-result = 57.909112215042114
warmup-time = 67.2448501586914
all-measurements = [ 57.909112215042114, 58.338624238967896, 58.09865760803223,]
