best-result = 60.38002252578735
warmup-time = 73.57513904571533
all-measurements = [ 60.38002252578735, 61.178441524505615, 61.78986954689026,]
