best-result = 110.2952287197113
warmup-time = 136.63629913330078
all-measurements = [ 110.53881239891052, 110.50923752784729, 110.2952287197113,]
