best-result = 769.169942855835
warmup-time = 843.0105822086334
all-measurements = [ 769.169942855835, 776.3724229335785, 776.770806312561,]
