best-result = 34.33600902557373
warmup-time = 41.729652881622314
all-measurements = [ 34.36916756629944, 34.43338370323181, 34.33600902557373,]
