best-result = 55.8315372467041
warmup-time = 70.33207964897156
all-measurements = [ 56.312936305999756, 55.8315372467041, 55.95329523086548,]
