best-result = 1318.4942080974579
warmup-time = 2289.7083728313446
all-measurements = [ 1411.881228685379, 1318.4942080974579, 1385.3249247074127,]
