best-result = 48.468361616134644
warmup-time = 69.66451144218445
all-measurements = [ 48.468361616134644, 49.06910276412964, 48.86560010910034,]
