best-result = 82.72323989868164
warmup-time = 102.12680673599243
all-measurements = [ 83.94046878814697, 83.2121467590332, 82.72323989868164,]
