best-result = 38.177167654037476
warmup-time = 47.37163829803467
all-measurements = [ 38.358216762542725, 38.73650145530701, 38.177167654037476,]
