best-result = 334.14364433288574
warmup-time = 474.8089954853058
all-measurements = [ 336.21202301979065, 336.3689730167389, 334.14364433288574,]
