best-result = 58.75721740722656
warmup-time = 60.07457971572876
all-measurements = [ 58.75721740722656, 59.49635910987854, 59.575740575790405,]
