best-result = 22.407285690307617
warmup-time = 22.79227113723755
all-measurements = [ 22.78077745437622, 22.437350273132324, 22.407285690307617,]
