best-result = 46.39339303970337
warmup-time = 63.02381992340088
all-measurements = [ 47.182515144348145, 47.1831693649292, 46.39339303970337,]
