best-result = 46.61154747009277
warmup-time = 58.48746061325073
all-measurements = [ 46.61154747009277, 46.96924161911011, 46.65907907485962,]
