best-result = 939.2826991081238
warmup-time = 1133.8405542373657
all-measurements = [ 943.3427147865295, 939.2826991081238, 940.7845180034637,]
