best-result = 84.83020734786987
warmup-time = 99.7268693447113
all-measurements = [ 85.37062406539917, 85.1777663230896, 84.83020734786987,]
