best-result = 82.33795022964478
warmup-time = 102.45318794250488
all-measurements = [ 82.41006183624268, 82.33795022964478, 82.38850569725037,]
