best-result = 69.6621766090393
warmup-time = 90.98739647865295
all-measurements = [ 70.15666317939758, 69.6621766090393, 70.47449588775635,]
