best-result = 90.85200047492981
warmup-time = 104.9248149394989
all-measurements = [ 91.57526397705078, 90.85200047492981, 91.08796215057373,]
