best-result = 644.5354006290436
warmup-time = 654.3930525779724
all-measurements = [ 672.8561310768127, 644.5354006290436, 646.9031774997711,]
