best-result = 65.7755446434021
warmup-time = 81.93394207954407
all-measurements = [ 66.00540661811829, 65.7755446434021, 66.0596272945404,]
