best-result = 220.48930287361145
warmup-time = 369.7725992202759
all-measurements = [ 222.32028651237488, 220.48930287361145, 223.08185076713562,]
