best-result = 436.9215998649597
warmup-time = 877.0612773895264
all-measurements = [ 436.9215998649597, 438.19967103004456, 438.5913977622986,]
