best-result = 61.24230170249939
warmup-time = 80.87522506713867
all-measurements = [ 62.25871682167053, 61.65082669258118, 61.24230170249939,]
