best-result = 142.29548239707947
warmup-time = 171.68630695343018
all-measurements = [ 143.61951446533203, 143.32665872573853, 142.29548239707947,]
