best-result = 899.6558167934418
warmup-time = 930.8105099201202
all-measurements = [ 899.6558167934418, 905.5247280597687, 899.7086315155029,]
