best-result = 27.238392114639282
warmup-time = 36.23975491523743
all-measurements = [ 27.238392114639282, 27.90708613395691, 27.8399817943573,]
