best-result = 60.77646803855896
warmup-time = 74.819265127182
all-measurements = [ 61.014771699905396, 60.9425950050354, 60.77646803855896,]
