best-result = 58.93479323387146
warmup-time = 73.15615844726562
all-measurements = [ 59.36551094055176, 59.36613988876343, 58.93479323387146,]
