best-result = 111.47482347488403
warmup-time = 140.59219312667847
all-measurements = [ 111.55664443969727, 111.47482347488403, 111.62420177459717,]
