best-result = 786.6085221767426
warmup-time = 852.1798620223999
all-measurements = [ 787.7387795448303, 786.6085221767426, 788.255042552948,]
