best-result = 33.577279567718506
warmup-time = 41.86905074119568
all-measurements = [ 33.577279567718506, 34.31979155540466, 33.752962827682495,]
