best-result = 55.0828275680542
warmup-time = 70.84599375724792
all-measurements = [ 55.0828275680542, 55.1687490940094, 55.15682101249695,]
