best-result = 1576.5052981376648
warmup-time = 2729.7448127269745
all-measurements = [ 2102.294015645981, 1576.5052981376648, 3571.8625061511993,]
