best-result = 49.33582162857056
warmup-time = 71.59745025634766
all-measurements = [ 49.33582162857056, 49.93259263038635, 49.562458753585815,]
