best-result = 78.28953218460083
warmup-time = 97.96053910255432
all-measurements = [ 79.08578181266785, 78.50084590911865, 78.28953218460083,]
