best-result = 36.389471769332886
warmup-time = 45.956589698791504
all-measurements = [ 36.389471769332886, 36.570486068725586, 36.67810559272766,]
