best-result = 337.46262526512146
warmup-time = 478.3863801956177
all-measurements = [ 345.0915970802307, 337.46262526512146, 341.85795497894287,]
