best-result = 59.88310360908508
warmup-time = 60.03672456741333
all-measurements = [ 60.304126262664795, 60.611294746398926, 59.88310360908508,]
