best-result = 26.274876356124878
warmup-time = 27.020825147628784
all-measurements = [ 26.274876356124878, 26.63099193572998, 26.82632350921631,]
