best-result = 36.68329620361328
warmup-time = 38.67081022262573
all-measurements = [ 37.10936903953552, 38.03182554244995, 36.68329620361328,]
