best-result = 31.565918922424316
warmup-time = 31.151759386062622
all-measurements = [ 32.81190085411072, 31.62300705909729, 31.565918922424316,]
