best-result = 229.78477454185486
warmup-time = 239.62757539749146
all-measurements = [ 229.78477454185486, 235.16806721687317, 233.5947756767273,]
