best-result = 36.60599708557129
warmup-time = 37.000447034835815
all-measurements = [ 37.685266971588135, 38.05339741706848, 36.60599708557129,]
