best-result = 112.23831391334534
warmup-time = 113.34590911865234
all-measurements = [ 112.23831391334534, 113.43658876419067, 116.02419805526733,]
