best-result = 35.46176862716675
warmup-time = 36.45537352561951
all-measurements = [ 37.41040396690369, 35.46176862716675, 35.760956048965454,]
