best-result = 40.12070035934448
warmup-time = 41.52723979949951
all-measurements = [ 41.89739537239075, 40.12070035934448, 42.87918496131897,]
