best-result = 47.939937353134155
warmup-time = 50.72173190116882
all-measurements = [ 48.10764193534851, 48.624274492263794, 47.939937353134155,]
