best-result = 33.43679642677307
warmup-time = 34.06479239463806
all-measurements = [ 33.70489239692688, 33.57327055931091, 33.43679642677307,]
