best-result = 36.51640009880066
warmup-time = 39.704424142837524
all-measurements = [ 38.08075189590454, 36.51640009880066, 38.1596040725708,]
