best-result = 62.48323464393616
warmup-time = 60.75000858306885
all-measurements = [ 62.48323464393616, 63.35772109031677, 65.13416910171509,]
