best-result = 221.08564400672913
warmup-time = 224.91884064674377
all-measurements = [ 223.75236988067627, 221.08564400672913, 223.14218163490295,]
