best-result = 505.3407506942749
warmup-time = 509.8253026008606
all-measurements = [ 505.3407506942749, 509.1721842288971, 508.88290643692017,]
