best-result = 36.69473052024841
warmup-time = 36.99725556373596
all-measurements = [ 36.905531883239746, 39.020904779434204, 36.69473052024841,]
