best-result = 29.45686650276184
warmup-time = 29.751983404159546
all-measurements = [ 29.45686650276184, 29.894301652908325, 29.501766443252563,]
