best-result = 78.25215196609497
warmup-time = 83.02039194107056
all-measurements = [ 81.65793466567993, 78.25215196609497, 80.63114356994629,]
