best-result = 61.51442861557007
warmup-time = 64.64916849136353
all-measurements = [ 63.430004358291626, 61.51442861557007, 62.032366037368774,]
