best-result = 28.541943311691284
warmup-time = 29.25126552581787
all-measurements = [ 28.89473843574524, 28.541943311691284, 28.593711137771606,]
