best-result = 32.68989896774292
warmup-time = 35.939990282058716
all-measurements = [ 35.982375621795654, 35.75780415534973, 32.68989896774292,]
