best-result = 34.22178268432617
warmup-time = 35.863035678863525
all-measurements = [ 34.587653160095215, 34.606677770614624, 34.22178268432617,]
