best-result = 42.6954300403595
warmup-time = 44.071964263916016
all-measurements = [ 43.514652967453, 43.793036222457886, 42.6954300403595,]
