best-result = 92.50598859786987
warmup-time = 95.57556390762329
all-measurements = [ 97.26599431037903, 92.50598859786987, 98.25762438774109,]
