best-result = 28.284252643585205
warmup-time = 29.678601503372192
all-measurements = [ 30.052788496017456, 29.83978819847107, 28.284252643585205,]
