best-result = 35.09409499168396
warmup-time = 35.72958517074585
all-measurements = [ 35.09409499168396, 35.67020654678345, 35.745482206344604,]
