best-result = 90.88281059265137
warmup-time = 99.58040523529053
all-measurements = [ 90.88281059265137, 92.5739393234253, 96.65740942955017,]
