best-result = 39.58657932281494
warmup-time = 39.46588969230652
all-measurements = [ 39.77747702598572, 39.58657932281494, 39.72368311882019,]
