best-result = 42.04776668548584
warmup-time = 47.81930136680603
all-measurements = [ 42.70988154411316, 42.04776668548584, 43.33559727668762,]
