best-result = 51.62637376785278
warmup-time = 52.180954694747925
all-measurements = [ 51.62637376785278, 51.68805527687073, 52.5753173828125,]
