best-result = 28.678802251815796
warmup-time = 29.60846185684204
all-measurements = [ 29.200969457626343, 28.678802251815796, 29.88930630683899,]
