best-result = 635.0948188304901
warmup-time = 682.9792611598969
all-measurements = [ 635.0948188304901, 639.7907960414886, 640.8882265090942,]
