best-result = 167.05942726135254
warmup-time = 168.60143995285034
all-measurements = [ 169.40425491333008, 170.1595196723938, 167.05942726135254,]
