best-result = 55.82523155212402
warmup-time = 66.64353370666504
all-measurements = [ 55.82523155212402, 70.24170327186584, 58.5495343208313,]
