best-result = 25.56888699531555
warmup-time = 27.333272457122803
all-measurements = [ 25.56888699531555, 25.613725900650024, 26.36192798614502,]
