best-result = 38.03557515144348
warmup-time = 39.87545919418335
all-measurements = [ 38.69979643821716, 39.75986170768738, 38.03557515144348,]
