best-result = 30.5395290851593
warmup-time = 30.76777672767639
all-measurements = [ 31.623657941818237, 30.82643747329712, 30.5395290851593,]
