best-result = 257.31851172447205
warmup-time = 267.0713174343109
all-measurements = [ 259.64944553375244, 258.714617729187, 257.31851172447205,]
