best-result = 35.96307444572449
warmup-time = 36.718698024749756
all-measurements = [ 35.96307444572449, 36.57519340515137, 36.64619827270508,]
