best-result = 117.96854543685913
warmup-time = 121.69744539260864
all-measurements = [ 119.53074240684509, 117.96854543685913, 118.0212242603302,]
