best-result = 40.653671979904175
warmup-time = 40.026179790496826
all-measurements = [ 40.653671979904175, 41.772531509399414, 41.29727482795715,]
