best-result = 49.17992568016052
warmup-time = 49.66171431541443
all-measurements = [ 49.17992568016052, 50.477137327194214, 49.20081377029419,]
