best-result = 33.10615015029907
warmup-time = 33.96043848991394
all-measurements = [ 34.39582014083862, 33.945231676101685, 33.10615015029907,]
