best-result = 37.26167678833008
warmup-time = 37.51710295677185
all-measurements = [ 37.309624910354614, 37.26167678833008, 37.658841133117676,]
