best-result = 60.086321115493774
warmup-time = 62.64488625526428
all-measurements = [ 60.086321115493774, 64.14650559425354, 61.06141018867493,]
