best-result = 227.30425882339478
warmup-time = 228.41128206253052
all-measurements = [ 227.30425882339478, 229.03385138511658, 231.5939474105835,]
