best-result = 512.922532081604
warmup-time = 538.2929131984711
all-measurements = [ 521.7049119472504, 515.9698085784912, 512.922532081604,]
