best-result = 35.104575872421265
warmup-time = 36.59937238693237
all-measurements = [ 36.92409038543701, 36.563095808029175, 35.104575872421265,]
