best-result = 29.223629474639893
warmup-time = 29.292925119400024
all-measurements = [ 29.290338277816772, 29.223629474639893, 29.354496479034424,]
