best-result = 72.71895480155945
warmup-time = 78.00894212722778
all-measurements = [ 72.71895480155945, 81.69898128509521, 80.06392788887024,]
