best-result = 61.24888467788696
warmup-time = 62.58156061172485
all-measurements = [ 62.49734115600586, 61.24888467788696, 61.70536923408508,]
