best-result = 29.197391510009766
warmup-time = 29.090381622314453
all-measurements = [ 29.814056158065796, 29.911843299865723, 29.197391510009766,]
