best-result = 35.63433384895325
warmup-time = 35.760536670684814
all-measurements = [ 35.80706000328064, 35.63433384895325, 35.681129932403564,]
