best-result = 35.55006194114685
warmup-time = 35.48932933807373
all-measurements = [ 36.06988835334778, 36.59908485412598, 35.55006194114685,]
