best-result = 42.50298833847046
warmup-time = 42.00539255142212
all-measurements = [ 43.69241499900818, 42.50298833847046, 44.24006533622742,]
