best-result = 95.86038446426392
warmup-time = 97.1245813369751
all-measurements = [ 95.86038446426392, 97.84808921813965, 97.94323992729187,]
