best-result = 29.773517370224
warmup-time = 30.470124006271362
all-measurements = [ 30.253613471984863, 29.773517370224, 30.433568477630615,]
