best-result = 33.15699100494385
warmup-time = 36.073201179504395
all-measurements = [ 36.24027967453003, 35.603593826293945, 33.15699100494385,]
