best-result = 88.46077489852905
warmup-time = 88.15114998817444
all-measurements = [ 93.64936709403992, 93.81042051315308, 88.46077489852905,]
