best-result = 39.61010122299194
warmup-time = 39.39098882675171
all-measurements = [ 40.20536231994629, 40.59146571159363, 39.61010122299194,]
