best-result = 42.71571636199951
warmup-time = 43.13592529296875
all-measurements = [ 44.614662408828735, 46.85635328292847, 42.71571636199951,]
