best-result = 28.15781021118164
warmup-time = 27.903570652008057
all-measurements = [ 28.15781021118164, 28.80802631378174, 28.743725538253784,]
