best-result = 649.7775678634644
warmup-time = 694.4114031791687
all-measurements = [ 652.8287212848663, 649.7775678634644, 655.651912689209,]
