best-result = 171.79639840126038
warmup-time = 173.43673872947693
all-measurements = [ 176.44474983215332, 172.77419757843018, 171.79639840126038,]
