best-result = 67.73308396339417
warmup-time = 54.19221353530884
all-measurements = [ 69.75874638557434, 67.73308396339417, 69.85934495925903,]
