best-result = 22.354392528533936
warmup-time = 23.05581760406494
all-measurements = [ 22.95221734046936, 22.354392528533936, 23.284786701202393,]
