best-result = 46.73557257652283
warmup-time = 64.36785888671875
all-measurements = [ 46.73557257652283, 46.97851371765137, 46.92029547691345,]
