best-result = 46.69189524650574
warmup-time = 58.14974904060364
all-measurements = [ 46.69189524650574, 46.892645597457886, 46.84199571609497,]
