best-result = 931.4851541519165
warmup-time = 1125.5582480430603
all-measurements = [ 958.4630556106567, 931.4851541519165, 958.6519544124603,]
