best-result = 84.35651922225952
warmup-time = 99.97563982009888
all-measurements = [ 84.35651922225952, 84.83370757102966, 84.77868723869324,]
