best-result = 81.83967781066895
warmup-time = 101.37092423439026
all-measurements = [ 82.43523526191711, 81.83967781066895, 83.11324644088745,]
