best-result = 69.64627981185913
warmup-time = 89.05406975746155
all-measurements = [ 69.64627981185913, 70.30293941497803, 69.68597722053528,]
