best-result = 90.79912996292114
warmup-time = 105.8260862827301
all-measurements = [ 90.79912996292114, 103.07591700553894, 95.80745959281921,]
