best-result = 643.4323592185974
warmup-time = 657.027099609375
all-measurements = [ 646.222048997879, 643.4323592185974, 646.9878418445587,]
