best-result = 65.5761411190033
warmup-time = 79.64376759529114
all-measurements = [ 65.65581703186035, 65.5761411190033, 66.227379322052,]
