best-result = 221.6186239719391
warmup-time = 371.7368869781494
all-measurements = [ 221.6186239719391, 222.19229435920715, 224.32654285430908,]
