best-result = 436.3391623497009
warmup-time = 876.7201035022736
all-measurements = [ 438.88045048713684, 438.31820845603943, 436.3391623497009,]
