best-result = 61.491315841674805
warmup-time = 77.27019619941711
all-measurements = [ 61.491315841674805, 62.21284317970276,]
