best-result = 141.68674635887146
warmup-time = 173.6443076133728
all-measurements = [ 143.19263744354248, 141.68674635887146, 143.57751750946045,]
