best-result = 898.8259620666504
warmup-time = 925.2069945335388
all-measurements = [ 899.951089143753, 898.8259620666504, 906.8224079608917,]
