best-result = 27.2897629737854
warmup-time = 35.07714343070984
all-measurements = [ 27.2897629737854, 27.68833565711975, 27.450843811035156,]
