best-result = 59.046255111694336
warmup-time = 73.20506882667542
all-measurements = [ 59.046255111694336, 59.138524532318115, 59.47338247299194,]
