best-result = 58.72309422492981
warmup-time = 72.94205927848816
all-measurements = [ 58.72309422492981, 59.29225945472717, 59.94946026802063,]
