best-result = 110.47690105438232
warmup-time = 139.40289759635925
all-measurements = [ 112.37268328666687, 111.06581449508667, 110.47690105438232,]
