best-result = 785.6087923049927
warmup-time = 845.1066768169403
all-measurements = [ 785.9197554588318, 790.2202084064484, 785.6087923049927,]
