best-result = 33.66420841217041
warmup-time = 42.7280056476593
all-measurements = [ 33.71895360946655, 33.66420841217041, 33.70398306846619,]
