best-result = 54.800227642059326
warmup-time = 69.69438052177429
all-measurements = [ 55.10102653503418, 55.22544264793396, 54.800227642059326,]
