best-result = 1732.2589058876038
warmup-time = 1955.6557636260986
all-measurements = [ 2539.134229183197, 1732.2589058876038, 3249.9035983085632,]
