best-result = 49.04615116119385
warmup-time = 71.27580714225769
all-measurements = [ 49.383875131607056, 49.04615116119385, 49.65850067138672,]
