best-result = 77.60394668579102
warmup-time = 96.8588182926178
all-measurements = [ 78.96780562400818, 78.43112683296204, 77.60394668579102,]
