best-result = 36.771756410598755
warmup-time = 45.41919732093811
all-measurements = [ 36.771756410598755, 37.48924994468689, 36.91646194458008,]
