best-result = 338.84076404571533
warmup-time = 486.5157344341278
all-measurements = [ 338.84076404571533, 346.31791400909424, 346.04200053215027,]
