best-result = 60.3356294631958
warmup-time = 60.59828186035156
all-measurements = [ 60.96258044242859, 60.3356294631958, 61.8114173412323,]
