best-result = 25.909714460372925
warmup-time = 26.003870487213135
all-measurements = [ 25.909714460372925, 25.910399675369263, 26.04585289955139,]
