best-result = 36.20814824104309
warmup-time = 39.030749797821045
all-measurements = [ 37.37057042121887, 36.20814824104309, 37.071409463882446,]
