best-result = 30.92022728919983
warmup-time = 31.267242908477783
all-measurements = [ 31.42456316947937, 32.135488748550415, 30.92022728919983,]
