best-result = 264.70486974716187
warmup-time = 265.7264361381531
all-measurements = [ 266.089298248291, 264.966424703598, 264.70486974716187,]
