best-result = 35.98429870605469
warmup-time = 36.67970609664917
all-measurements = [ 35.98429870605469, 36.64862012863159, 36.871997117996216,]
