best-result = 41.177791118621826
warmup-time = 42.64496970176697
all-measurements = [ 42.21077370643616, 43.19599628448486, 41.177791118621826,]
