best-result = 48.339375734329224
warmup-time = 50.85171961784363
all-measurements = [ 48.339375734329224, 49.22854471206665, 48.65329837799072,]
