best-result = 33.46075081825256
warmup-time = 33.49238085746765
all-measurements = [ 34.188698530197144, 33.93555164337158, 33.46075081825256,]
