best-result = 36.80577373504639
warmup-time = 37.54064154624939
all-measurements = [ 37.20837903022766, 37.09490418434143, 36.80577373504639,]
