best-result = 60.8470516204834
warmup-time = 64.92835021018982
all-measurements = [ 67.15244317054749, 63.1257426738739, 60.8470516204834,]
