best-result = 227.1830334663391
warmup-time = 228.12632083892822
all-measurements = [ 227.1830334663391, 227.30861830711365, 228.93312668800354,]
