best-result = 521.8010416030884
warmup-time = 528.1504330635071
all-measurements = [ 525.375162601471, 521.8010416030884, 526.7350783348083,]
