best-result = 36.54918622970581
warmup-time = 38.85636281967163
all-measurements = [ 36.60264253616333, 37.52238941192627, 36.54918622970581,]
