best-result = 80.1268241405487
warmup-time = 81.35087275505066
all-measurements = [ 84.82272505760193, 81.80549216270447, 80.1268241405487,]
