best-result = 60.985795736312866
warmup-time = 64.71440100669861
all-measurements = [ 60.985795736312866, 64.37041568756104, 63.449915170669556,]
