best-result = 26.916228532791138
warmup-time = 27.503955125808716
all-measurements = [ 27.46806049346924, 27.704834699630737, 26.916228532791138,]
