best-result = 34.829410552978516
warmup-time = 35.77357745170593
all-measurements = [ 34.90121006965637, 35.409069538116455, 34.829410552978516,]
