best-result = 33.82006812095642
warmup-time = 34.19684386253357
all-measurements = [ 34.0932080745697, 33.83573937416077, 33.82006812095642,]
