best-result = 42.45820212364197
warmup-time = 43.59684181213379
all-measurements = [ 42.45820212364197, 43.771974086761475, 44.75754952430725,]
