best-result = 96.16769075393677
warmup-time = 98.41521859169006
all-measurements = [ 98.80950713157654, 97.98639702796936, 96.16769075393677,]
