best-result = 28.425063610076904
warmup-time = 27.536730766296387
all-measurements = [ 28.618782997131348, 28.425063610076904, 28.92454719543457,]
