best-result = 33.58095407485962
warmup-time = 32.59053015708923
all-measurements = [ 35.5144259929657, 33.58095407485962, 33.98846983909607,]
