best-result = 88.72498035430908
warmup-time = 91.11705446243286
all-measurements = [ 97.36605286598206, 91.87038516998291, 88.72498035430908,]
