best-result = 38.37467837333679
warmup-time = 38.64152431488037
all-measurements = [ 38.37467837333679, 40.21651864051819, 38.676162242889404,]
