best-result = 44.05989074707031
warmup-time = 46.68909478187561
all-measurements = [ 44.05989074707031, 45.9227237701416, 46.41683602333069,]
