best-result = 27.9698543548584
warmup-time = 28.762667417526245
all-measurements = [ 28.62866520881653, 28.945814609527588, 27.9698543548584,]
