best-result = 173.82286930084229
warmup-time = 173.74671936035156
all-measurements = [ 173.82286930084229, 175.74592065811157, 177.00708651542664,]
