best-result = 41.98102521896362
warmup-time = 44.02593421936035
all-measurements = [ 42.90613627433777, 42.982277631759644, 41.98102521896362,]
