best-result = 55.274434089660645
warmup-time = 66.36457920074463
all-measurements = [ 70.45171809196472, 57.90005660057068, 55.274434089660645,]
