best-result = 26.93600082397461
warmup-time = 27.42963171005249
all-measurements = [ 26.93600082397461, 27.458975076675415, 27.2878201007843,]
