best-result = 40.544212341308594
warmup-time = 41.78118276596069
all-measurements = [ 41.85529017448425, 41.51294732093811, 40.544212341308594,]
