best-result = 34.22305655479431
warmup-time = 35.38546395301819
all-measurements = [ 34.22305655479431, 34.594658851623535, 34.86430358886719,]
