best-result = 284.6195921897888
warmup-time = 293.07388520240784
all-measurements = [ 288.6388738155365, 284.6195921897888, 289.99752497673035,]
