best-result = 38.0626859664917
warmup-time = 38.791749477386475
all-measurements = [ 38.759706258773804, 39.69627022743225, 38.0626859664917,]
