best-result = 44.065322160720825
warmup-time = 45.74243402481079
all-measurements = [ 47.41270661354065, 44.065322160720825, 44.37799263000488,]
