best-result = 52.4188072681427
warmup-time = 54.973097801208496
all-measurements = [ 55.115131855010986, 52.4188072681427, 55.15194654464722,]
