best-result = 37.09777069091797
warmup-time = 36.88030695915222
all-measurements = [ 37.09777069091797, 38.021263122558594, 37.93168330192566,]
