best-result = 41.181676387786865
warmup-time = 41.7500581741333
all-measurements = [ 42.026212215423584, 41.36257767677307, 41.181676387786865,]
