best-result = 64.1171019077301
warmup-time = 65.98324513435364
all-measurements = [ 65.32099509239197, 65.33128905296326, 64.1171019077301,]
