best-result = 256.3632972240448
warmup-time = 256.78493642807007
all-measurements = [ 259.29696345329285, 256.3632972240448, 259.9892420768738,]
