best-result = 594.8522737026215
warmup-time = 598.5078067779541
all-measurements = [ 597.8987407684326, 594.8522737026215, 599.4620673656464,]
