best-result = 39.16253685951233
warmup-time = 39.207754611968994
all-measurements = [ 40.53855752944946, 39.16253685951233, 40.8573739528656,]
