best-result = 69.26361083984375
warmup-time = 70.55029392242432
all-measurements = [ 69.97697901725769, 69.26361083984375, 69.34212923049927,]
