best-result = 28.36612558364868
warmup-time = 29.64505648612976
all-measurements = [ 28.36612558364868, 29.993327856063843, 29.759023189544678,]
