best-result = 38.52421975135803
warmup-time = 38.782347440719604
all-measurements = [ 38.92381572723389, 38.52421975135803, 38.8679141998291,]
