best-result = 35.36559844017029
warmup-time = 34.73489046096802
all-measurements = [ 36.466514348983765, 37.0399866104126, 35.36559844017029,]
