best-result = 46.1387996673584
warmup-time = 47.2254102230072
all-measurements = [ 49.54285645484924, 46.1387996673584, 47.38070464134216,]
