best-result = 106.74609160423279
warmup-time = 108.05019855499268
all-measurements = [ 106.74609160423279, 107.23804783821106, 109.96938967704773,]
