best-result = 29.076411724090576
warmup-time = 30.899369478225708
all-measurements = [ 29.975090980529785, 29.076411724090576, 30.181817770004272,]
