best-result = 35.97636008262634
warmup-time = 37.098079681396484
all-measurements = [ 37.673763275146484, 37.847301721572876, 35.97636008262634,]
