best-result = 42.67576265335083
warmup-time = 44.18431043624878
all-measurements = [ 43.5653977394104, 43.633278369903564, 42.67576265335083,]
