best-result = 47.085606813430786
warmup-time = 46.60003685951233
all-measurements = [ 47.085606813430786, 47.26070713996887, 49.28808307647705,]
