best-result = 29.585296869277954
warmup-time = 31.120154857635498
all-measurements = [ 29.585296869277954, 30.628650665283203, 31.73512554168701,]
