best-result = 734.300760269165
warmup-time = 762.0114324092865
all-measurements = [ 734.300760269165, 741.1636447906494, 750.5841054916382,]
