best-result = 197.66722798347473
warmup-time = 201.53366494178772
all-measurements = [ 197.66722798347473, 197.84550023078918, 203.2538242340088,]
