best-result = 45.92475628852844
warmup-time = 47.074177265167236
all-measurements = [ 45.92475628852844, 48.02080059051514, 46.09305810928345,]
