best-result = 21.850984811782837
warmup-time = 22.055115699768066
all-measurements = [ 21.850984811782837, 22.613582849502563, 22.428910493850708,]
