best-result = 46.32314443588257
warmup-time = 62.69244170188904
all-measurements = [ 46.8964729309082, 46.51725769042969, 46.32314443588257,]
