best-result = 45.90663170814514
warmup-time = 58.52274227142334
all-measurements = [ 46.18813896179199, 46.25522828102112, 45.90663170814514,]
