best-result = 932.7850573062897
warmup-time = 1121.753229379654
all-measurements = [ 955.5235295295715, 932.7850573062897, 940.7394042015076,]
