best-result = 81.474200963974
warmup-time = 94.3454225063324
all-measurements = [ 81.92189860343933, 81.474200963974, 81.86081337928772,]
