best-result = 78.00944423675537
warmup-time = 99.39779925346375
all-measurements = [ 78.00944423675537, 78.7520706653595, 78.94135975837708,]
