best-result = 68.19909262657166
warmup-time = 90.61756730079651
all-measurements = [ 68.24627137184143, 68.19909262657166, 68.2196295261383,]
