best-result = 82.99274778366089
warmup-time = 96.65913319587708
all-measurements = [ 82.99274778366089, 83.5869562625885, 84.01670718193054,]
