best-result = 592.9395990371704
warmup-time = 605.4375190734863
all-measurements = [ 592.9395990371704, 592.9516172409058, 595.3335502147675,]
