best-result = 60.91134572029114
warmup-time = 77.88605761528015
all-measurements = [ 60.91134572029114, 61.586488008499146, 61.969802141189575,]
