best-result = 222.07024025917053
warmup-time = 403.28377175331116
all-measurements = [ 222.65610265731812, 222.07024025917053, 222.32578778266907,]
