best-result = 440.0850262641907
warmup-time = 882.8082118034363
all-measurements = [ 440.0850262641907, 440.9503002166748, 443.83275985717773,]
