best-result = 59.95401096343994
warmup-time = 76.26685905456543
all-measurements = [ 60.63323950767517, 60.74367809295654, 59.95401096343994,]
