best-result = 837.3793802261353
warmup-time = 875.1672995090485
all-measurements = [ 845.7195656299591, 837.3793802261353, 842.4137539863586,]
