best-result = 26.4837429523468
warmup-time = 35.377686738967896
all-measurements = [ 26.597722053527832, 26.4837429523468, 26.599388599395752,]
