best-result = 56.86923050880432
warmup-time = 70.82334446907043
all-measurements = [ 56.9757080078125, 57.28482389450073, 56.86923050880432,]
