best-result = 55.56957483291626
warmup-time = 69.44338512420654
all-measurements = [ 56.00279092788696, 56.08871793746948, 55.56957483291626,]
