best-result = 108.26216864585876
warmup-time = 135.4875602722168
all-measurements = [ 108.34101963043213, 114.78049397468567, 108.26216864585876,]
