best-result = 755.3107440471649
warmup-time = 825.7698929309845
all-measurements = [ 759.5494341850281, 755.3107440471649, 757.57066655159,]
