best-result = 33.51527738571167
warmup-time = 41.623401165008545
all-measurements = [ 33.51527738571167, 33.72305107116699, 33.80193901062012,]
