best-result = 52.66814470291138
warmup-time = 67.94683861732483
all-measurements = [ 52.834389209747314, 52.66814470291138, 53.11567234992981,]
