best-result = 1425.1273641586304
warmup-time = 2240.759526014328
all-measurements = [ 2362.6993701457977, 2203.0732259750366, 1425.1273641586304,]
