best-result = 48.615997314453125
warmup-time = 69.25774788856506
all-measurements = [ 48.615997314453125, 49.64601516723633, 49.933866024017334,]
