best-result = 78.25304317474365
warmup-time = 101.43560600280762
all-measurements = [ 78.25304317474365, 78.65338921546936, 78.49347233772278,]
