best-result = 35.493489027023315
warmup-time = 44.43089008331299
all-measurements = [ 35.61217904090881, 35.54363799095154, 35.493489027023315,]
