best-result = 329.68800163269043
warmup-time = 466.073584318161
all-measurements = [ 339.1684823036194, 332.8356599807739, 329.68800163269043,]
