best-result = 100.80525970458984
warmup-time = 101.80955028533936
all-measurements = [ 101.87778878211975, 101.68719005584717, 100.80525970458984,]
