best-result = 23.15565013885498
warmup-time = 24.44357204437256
all-measurements = [ 23.391520738601685, 23.34296727180481, 23.15565013885498,]
