best-result = 47.31106877326965
warmup-time = 62.69323778152466
all-measurements = [ 47.38983702659607, 47.31106877326965, 47.42894673347473,]
