best-result = 46.891021966934204
warmup-time = 58.48423624038696
all-measurements = [ 47.342793226242065, 47.1301474571228, 46.891021966934204,]
