best-result = 902.4133183956146
warmup-time = 1111.8282856941223
all-measurements = [ 903.0025799274445, 902.4133183956146, 903.0463485717773,]
