best-result = 86.2375135421753
warmup-time = 100.51266622543335
all-measurements = [ 86.46886682510376, 86.7129237651825, 86.2375135421753,]
