best-result = 984.2603931427002
warmup-time = 1025.3696978092194
all-measurements = [ 984.2603931427002, 988.3071999549866, 991.0851974487305,]
