best-result = 83.74596762657166
warmup-time = 102.84665250778198
all-measurements = [ 85.10898685455322, 85.52587127685547, 83.74596762657166,]
