best-result = 68.82886028289795
warmup-time = 90.13373827934265
all-measurements = [ 68.82886028289795, 69.02308893203735, 69.05635046958923,]
