best-result = 92.26450681686401
warmup-time = 107.14996647834778
all-measurements = [ 92.71633791923523, 92.90648531913757, 92.26450681686401,]
