best-result = 648.907505273819
warmup-time = 662.6773147583008
all-measurements = [ 648.907505273819, 651.5214185714722, 653.6901490688324,]
