best-result = 62.42976975440979
warmup-time = 75.37078523635864
all-measurements = [ 64.10264897346497, 62.42976975440979, 63.32367968559265,]
