best-result = 204.71122813224792
warmup-time = 359.55585193634033
all-measurements = [ 204.71122813224792, 204.7351689338684, 205.24171352386475,]
