best-result = 387.10678815841675
warmup-time = 824.8408327102661
all-measurements = [ 387.2557065486908, 387.10678815841675, 393.5542848110199,]
