best-result = 63.28265976905823
warmup-time = 79.57985758781433
all-measurements = [ 63.35974621772766, 63.28265976905823, 63.828548192977905,]
