best-result = 39.694735288619995
warmup-time = 49.173874378204346
all-measurements = [ 40.436291456222534, 39.694735288619995, 40.342376947402954,]
