best-result = 136.09284830093384
warmup-time = 155.83686304092407
all-measurements = [ 136.09284830093384, 137.0006332397461, 136.33197951316833,]
