best-result = 922.1741173267365
warmup-time = 953.6024947166443
all-measurements = [ 927.2013149261475, 926.4639904499054, 922.1741173267365,]
