best-result = 28.503970623016357
warmup-time = 38.456188678741455
all-measurements = [ 28.52439260482788, 28.70726203918457, 28.503970623016357,]
