best-result = 57.51712155342102
warmup-time = 70.76047420501709
all-measurements = [ 57.51712155342102, 58.199238300323486, 57.85839819908142,]
