best-result = 61.4310462474823
warmup-time = 76.17354464530945
all-measurements = [ 61.4310462474823, 70.15999269485474, 71.43544793128967,]
