best-result = 110.2164032459259
warmup-time = 142.40603590011597
all-measurements = [ 110.2164032459259, 110.36358785629272, 110.83377480506897,]
