best-result = 773.53591132164
warmup-time = 841.8253929615021
all-measurements = [ 774.2584857940674, 795.1566495895386, 773.53591132164,]
