best-result = 34.28899693489075
warmup-time = 41.866244316101074
all-measurements = [ 34.56141924858093, 34.57315444946289, 34.28899693489075,]
