best-result = 55.990838050842285
warmup-time = 72.73551797866821
all-measurements = [ 55.990838050842285, 56.638073444366455, 56.41300320625305,]
