best-result = 1617.0270042419434
warmup-time = 2600.5844745635986
all-measurements = [ 2729.0919048786163, 1617.0270042419434, 2157.057826280594,]
