best-result = 48.807029485702515
warmup-time = 70.13241505622864
all-measurements = [ 49.10284686088562, 48.807029485702515, 49.19559335708618,]
