best-result = 83.15092992782593
warmup-time = 101.52369117736816
all-measurements = [ 83.87903761863708, 83.15092992782593, 83.75640630722046,]
