best-result = 38.1408486366272
warmup-time = 48.107831716537476
all-measurements = [ 38.503127336502075, 38.278337717056274, 38.1408486366272,]
