best-result = 332.00618600845337
warmup-time = 477.4603190422058
all-measurements = [ 334.2754554748535, 338.9552352428436, 332.00618600845337,]
