best-result = 59.26850628852844
warmup-time = 60.00587773323059
all-measurements = [ 59.46672773361206, 59.26850628852844, 59.737669706344604,]
