best-result = 25.833595991134644
warmup-time = 26.128064393997192
all-measurements = [ 25.833595991134644, 26.087606191635132, 25.85139012336731,]
