best-result = 37.58788704872131
warmup-time = 38.63485598564148
all-measurements = [ 37.58788704872131, 38.973207235336304, 38.49263525009155,]
