best-result = 32.55204129219055
warmup-time = 32.37433671951294
all-measurements = [ 32.873552322387695, 33.531861782073975, 32.55204129219055,]
