best-result = 278.0023717880249
warmup-time = 280.8554162979126
all-measurements = [ 278.0023717880249, 281.1071593761444, 282.65294456481934,]
