best-result = 36.75377917289734
warmup-time = 37.98140811920166
all-measurements = [ 36.75377917289734, 37.07558751106262, 38.09631133079529,]
