best-result = 42.046178102493286
warmup-time = 43.02443981170654
all-measurements = [ 43.000518560409546, 44.46344256401062, 42.046178102493286,]
