best-result = 51.23650360107422
warmup-time = 51.3173086643219
all-measurements = [ 53.253759145736694, 51.23650360107422, 51.358447790145874,]
