best-result = 34.43733739852905
warmup-time = 35.049678802490234
all-measurements = [ 37.008265256881714, 34.84150838851929, 34.43733739852905,]
