best-result = 38.567665576934814
warmup-time = 39.264559507369995
all-measurements = [ 38.567665576934814, 38.88516330718994, 38.84229350090027,]
