best-result = 60.4080867767334
warmup-time = 61.08826732635498
all-measurements = [ 64.93387031555176, 60.4080867767334, 64.86844229698181,]
