best-result = 249.79101824760437
warmup-time = 251.09591579437256
all-measurements = [ 249.79101824760437, 251.18312811851501, 252.27814936637878,]
