best-result = 577.5459923744202
warmup-time = 579.8816950321198
all-measurements = [ 578.9261412620544, 578.4984555244446, 577.5459923744202,]
