best-result = 36.017117738723755
warmup-time = 36.75679326057434
all-measurements = [ 37.252835273742676, 36.017117738723755, 37.37490653991699,]
