best-result = 66.12362098693848
warmup-time = 67.77178525924683
all-measurements = [ 68.80341410636902, 66.12362098693848, 66.67324662208557,]
