best-result = 28.327706575393677
warmup-time = 27.569915056228638
all-measurements = [ 28.327706575393677, 28.483673572540283, 29.774661779403687,]
