best-result = 36.778559923172
warmup-time = 37.26343631744385
all-measurements = [ 37.29062795639038, 37.07218647003174, 36.778559923172,]
