best-result = 33.317678451538086
warmup-time = 33.379167795181274
all-measurements = [ 33.915013790130615, 34.32388734817505, 33.317678451538086,]
