best-result = 43.17509937286377
warmup-time = 43.25121283531189
all-measurements = [ 44.737043380737305, 44.056514739990234, 43.17509937286377,]
