best-result = 101.73914122581482
warmup-time = 105.49029445648193
all-measurements = [ 101.73914122581482, 102.6229293346405, 103.14191389083862,]
