best-result = 27.95821189880371
warmup-time = 28.445067167282104
all-measurements = [ 29.8004629611969, 29.108129262924194, 27.95821189880371,]
