best-result = 34.29584288597107
warmup-time = 36.28382349014282
all-measurements = [ 34.29584288597107, 35.38790249824524, 36.23164677619934,]
