best-result = 40.84908699989319
warmup-time = 41.28478765487671
all-measurements = [ 41.61772799491882, 40.84908699989319, 41.27720832824707,]
