best-result = 44.24508309364319
warmup-time = 46.051228046417236
all-measurements = [ 47.12361526489258, 46.710705041885376, 44.24508309364319,]
