best-result = 27.049586057662964
warmup-time = 27.846209287643433
all-measurements = [ 27.049586057662964, 28.171283721923828, 28.984697103500366,]
