best-result = 713.0150182247162
warmup-time = 723.7323586940765
all-measurements = [ 713.0150182247162, 714.4175343513489, 724.0387187004089,]
