best-result = 191.23196363449097
warmup-time = 189.84972643852234
all-measurements = [ 193.86830472946167, 191.23196363449097, 192.33486080169678,]
