best-result = 44.71634888648987
warmup-time = 44.57512545585632
all-measurements = [ 44.77112364768982, 44.71634888648987, 44.97452759742737,]
