best-result = 22.33954620361328
warmup-time = 22.862332820892334
all-measurements = [ 22.33954620361328, 22.657392263412476, 22.44935917854309,]
