best-result = 45.87960457801819
warmup-time = 64.17938828468323
all-measurements = [ 46.192798137664795, 45.87960457801819, 46.84839749336243,]
