best-result = 46.04586338996887
warmup-time = 58.27711367607117
all-measurements = [ 46.04586338996887, 46.12893795967102, 46.090362548828125,]
