best-result = 915.9050920009613
warmup-time = 1132.80877161026
all-measurements = [ 915.9050920009613, 917.9051094055176, 936.5430493354797,]
