best-result = 84.81756925582886
warmup-time = 101.12293744087219
all-measurements = [ 85.24931383132935, 84.8441743850708, 84.81756925582886,]
