best-result = 81.7501699924469
warmup-time = 102.0555489063263
all-measurements = [ 82.64097499847412, 81.7501699924469, 81.77466106414795,]
