best-result = 69.25458121299744
warmup-time = 93.66567921638489
all-measurements = [ 69.77503037452698, 70.54526138305664, 69.25458121299744,]
