best-result = 89.9056236743927
warmup-time = 105.17976474761963
all-measurements = [ 89.9056236743927, 91.74531507492065, 90.88480615615845,]
