best-result = 641.2532665729523
warmup-time = 659.1654441356659
all-measurements = [ 648.3673458099365, 641.2532665729523, 647.4517288208008,]
