best-result = 63.23725652694702
warmup-time = 80.14649701118469
all-measurements = [ 63.874762535095215, 64.11715149879456, 63.23725652694702,]
