best-result = 209.52135252952576
warmup-time = 361.1525092124939
all-measurements = [ 209.52135252952576, 211.72835874557495, 210.0776641368866,]
