best-result = 424.54599165916443
warmup-time = 869.1831741333008
all-measurements = [ 431.21022772789, 424.54599165916443, 427.2985441684723,]
