best-result = 61.619905948638916
warmup-time = 80.57790422439575
all-measurements = [ 62.009886026382446, 61.619905948638916, 62.051762104034424,]
