best-result = 39.27898693084717
warmup-time = 47.986335039138794
all-measurements = [ 39.50940990447998, 39.27898693084717, 39.431092977523804,]
