best-result = 138.7464771270752
warmup-time = 168.13896489143372
all-measurements = [ 139.5992705821991, 139.92169499397278, 138.7464771270752,]
