best-result = 904.2075116634369
warmup-time = 936.2168343067169
all-measurements = [ 905.4901840686798, 906.9402465820312, 904.2075116634369,]
