best-result = 27.44710683822632
warmup-time = 35.319037437438965
all-measurements = [ 27.80235528945923, 28.36846923828125, 27.44710683822632,]
