best-result = 58.51658821105957
warmup-time = 73.0741138458252
all-measurements = [ 58.82106256484985, 58.638558864593506, 58.51658821105957,]
