best-result = 59.018550872802734
warmup-time = 73.38303875923157
all-measurements = [ 59.018550872802734, 59.45479774475098, 60.12862849235535,]
