best-result = 110.00269818305969
warmup-time = 138.5696759223938
all-measurements = [ 110.00269818305969, 110.45893859863281, 110.66264581680298,]
