best-result = 784.1345081329346
warmup-time = 852.5826394557953
all-measurements = [ 786.9466874599457, 784.1345081329346, 784.9093060493469,]
