best-result = 33.52352690696716
warmup-time = 42.64936900138855
all-measurements = [ 33.52352690696716, 33.860421657562256, 33.72955918312073,]
