best-result = 55.02965593338013
warmup-time = 68.81067705154419
all-measurements = [ 55.08259320259094, 55.18238091468811, 55.02965593338013,]
