best-result = 1447.177262544632
warmup-time = 1449.9552869796753
all-measurements = [ 1447.177262544632, 1953.989491224289, 2313.526822566986,]
