best-result = 49.41906118392944
warmup-time = 72.60876226425171
all-measurements = [ 49.41906118392944, 50.44025468826294, 49.51349234580994,]
