best-result = 77.99463224411011
warmup-time = 96.89359378814697
all-measurements = [ 78.0664541721344, 77.99463224411011, 78.35361552238464,]
