best-result = 40.23665380477905
warmup-time = 46.863600730895996
all-measurements = [ 41.18579888343811, 40.23665380477905, 43.08826994895935,]
