best-result = 342.84609842300415
warmup-time = 487.23627758026123
all-measurements = [ 344.4678063392639, 349.07713770866394, 342.84609842300415,]
