best-result = 58.95810127258301
warmup-time = 59.023430585861206
all-measurements = [ 58.95810127258301, 59.05357336997986, 59.3018217086792,]
