best-result = 25.336742401123047
warmup-time = 26.088719367980957
all-measurements = [ 25.336742401123047, 26.44554114341736, 25.88299059867859,]
