best-result = 35.986008405685425
warmup-time = 36.74799370765686
all-measurements = [ 37.31759285926819, 36.77623438835144, 35.986008405685425,]
