best-result = 30.989790439605713
warmup-time = 31.6517653465271
all-measurements = [ 31.596077919006348, 30.989790439605713, 31.376211166381836,]
