best-result = 264.1681618690491
warmup-time = 265.5483293533325
all-measurements = [ 267.0039098262787, 266.1162133216858, 264.1681618690491,]
