best-result = 36.62297034263611
warmup-time = 37.218210220336914
all-measurements = [ 36.62297034263611, 37.174363136291504, 37.21862816810608,]
