best-result = 39.76171040534973
warmup-time = 40.6969838142395
all-measurements = [ 39.76171040534973, 41.30881094932556, 40.31204390525818,]
