best-result = 48.81724667549133
warmup-time = 50.707313776016235
all-measurements = [ 49.930500745773315, 48.81724667549133, 49.83567237854004,]
