best-result = 31.511751174926758
warmup-time = 33.616214752197266
all-measurements = [ 31.511751174926758, 33.63143348693848, 34.12015175819397,]
