best-result = 35.98698663711548
warmup-time = 37.42777371406555
all-measurements = [ 36.09359669685364, 35.98698663711548, 36.679969787597656,]
