best-result = 60.76962685585022
warmup-time = 64.94904565811157
all-measurements = [ 62.23329520225525, 60.76962685585022, 63.699084758758545,]
