best-result = 224.7485966682434
warmup-time = 229.61943292617798
all-measurements = [ 230.99689030647278, 228.7051601409912, 224.7485966682434,]
