best-result = 518.6821775436401
warmup-time = 523.5510189533234
all-measurements = [ 519.0659787654877, 518.7015962600708, 518.6821775436401,]
