best-result = 35.91774606704712
warmup-time = 36.20727252960205
all-measurements = [ 37.018590450286865, 35.91774606704712, 36.05036735534668,]
