best-result = 28.862668991088867
warmup-time = 28.67323899269104
all-measurements = [ 28.862668991088867, 29.07318377494812, 29.293180465698242,]
