best-result = 75.33421564102173
warmup-time = 77.64604210853577
all-measurements = [ 76.91573238372803, 75.33421564102173, 81.67840123176575,]
