best-result = 61.463194370269775
warmup-time = 62.114773988723755
all-measurements = [ 62.54721975326538, 65.07422924041748, 61.463194370269775,]
