best-result = 28.171098470687866
warmup-time = 28.1616268157959
all-measurements = [ 28.29284906387329, 28.44513249397278, 28.171098470687866,]
