best-result = 31.798316955566406
warmup-time = 35.10474371910095
all-measurements = [ 31.798316955566406, 35.23362684249878, 33.155123233795166,]
