best-result = 32.8904767036438
warmup-time = 34.6957631111145
all-measurements = [ 32.8904767036438, 33.58499360084534, 33.66661834716797,]
