best-result = 41.03211998939514
warmup-time = 42.05156493186951
all-measurements = [ 42.3739972114563, 41.03211998939514, 42.286848068237305,]
