best-result = 95.89242315292358
warmup-time = 100.0364761352539
all-measurements = [ 95.89242315292358, 96.13050627708435, 98.49810910224915,]
