best-result = 28.112528800964355
warmup-time = 29.592233419418335
all-measurements = [ 28.64051342010498, 28.669974327087402, 28.112528800964355,]
