best-result = 34.683602809906006
warmup-time = 35.425880908966064
all-measurements = [ 34.82339334487915, 35.01271963119507, 34.683602809906006,]
