best-result = 89.29399967193604
warmup-time = 94.31646919250488
all-measurements = [ 89.33364534378052, 89.29399967193604, 90.59197497367859,]
