best-result = 38.70194745063782
warmup-time = 38.83403253555298
all-measurements = [ 38.737953662872314, 38.70194745063782, 39.48674297332764,]
