best-result = 44.21047496795654
warmup-time = 47.340384006500244
all-measurements = [ 44.97962164878845, 45.646443605422974, 44.21047496795654,]
