best-result = 27.60755681991577
warmup-time = 28.830509185791016
all-measurements = [ 27.65591812133789, 28.125913858413696, 27.60755681991577,]
