best-result = 694.1966691017151
warmup-time = 721.7394828796387
all-measurements = [ 698.2557106018066, 694.1966691017151, 698.5909252166748,]
