best-result = 172.95644545555115
warmup-time = 175.00810551643372
all-measurements = [ 173.21165680885315, 172.95644545555115, 174.37956142425537,]
