best-result = 63.80739450454712
warmup-time = 67.7592544555664
all-measurements = [ 70.0459291934967, 70.91091012954712, 63.80739450454712,]
