best-result = 25.798420906066895
warmup-time = 27.02333426475525
all-measurements = [ 26.106669664382935, 25.91202688217163, 25.798420906066895,]
