best-result = 35.905054569244385
warmup-time = 37.97724199295044
all-measurements = [ 38.704726696014404, 35.905054569244385, 37.041640758514404,]
