best-result = 29.89943504333496
warmup-time = 29.98624300956726
all-measurements = [ 29.89943504333496, 30.374652862548828, 30.70956826210022,]
