best-result = 259.7815067768097
warmup-time = 262.65331768989563
all-measurements = [ 260.55653738975525, 259.7815067768097, 261.84844064712524,]
