best-result = 36.45341944694519
warmup-time = 37.54789161682129
all-measurements = [ 36.45341944694519, 37.055994749069214, 37.18560075759888,]
