best-result = 110.94955563545227
warmup-time = 112.67883372306824
all-measurements = [ 112.41564536094666, 113.90490627288818, 110.94955563545227,]
