best-result = 39.502094745635986
warmup-time = 40.23583364486694
all-measurements = [ 39.76876211166382, 39.502094745635986, 40.971055030822754,]
