best-result = 46.657352924346924
warmup-time = 48.422768354415894
all-measurements = [ 46.979427337646484, 47.552247762680054, 46.657352924346924,]
