best-result = 33.576390504837036
warmup-time = 34.90862727165222
all-measurements = [ 33.9577202796936, 34.04322576522827, 33.576390504837036,]
