best-result = 36.53008198738098
warmup-time = 37.592806816101074
all-measurements = [ 36.89426231384277, 36.6336190700531, 36.53008198738098,]
