best-result = 57.586217641830444
warmup-time = 62.62574791908264
all-measurements = [ 60.02967548370361, 59.740209102630615, 57.586217641830444,]
