best-result = 223.43798446655273
warmup-time = 224.94610333442688
all-measurements = [ 224.92871928215027, 223.43798446655273, 223.54131031036377,]
