best-result = 513.4188158512115
warmup-time = 515.4056758880615
all-measurements = [ 513.7282974720001, 513.4188158512115, 513.9116015434265,]
