best-result = 36.61529755592346
warmup-time = 38.214051723480225
all-measurements = [ 37.6719765663147, 37.16113257408142, 36.61529755592346,]
