best-result = 28.64336371421814
warmup-time = 28.568920612335205
all-measurements = [ 29.042736053466797, 29.03667140007019, 28.64336371421814,]
