best-result = 74.00330257415771
warmup-time = 74.75003695487976
all-measurements = [ 74.00330257415771, 78.61873364448547, 74.62255024909973,]
