best-result = 62.16260075569153
warmup-time = 63.63871622085571
all-measurements = [ 63.411659955978394, 62.18181109428406, 62.16260075569153,]
