best-result = 27.770615339279175
warmup-time = 27.341761350631714
all-measurements = [ 27.837839365005493, 27.770615339279175, 28.242655992507935,]
