best-result = 35.155635356903076
warmup-time = 32.31023859977722
all-measurements = [ 35.155635356903076, 35.225027084350586, 35.711392641067505,]
