best-result = 33.36967968940735
warmup-time = 34.152188301086426
all-measurements = [ 34.137601375579834, 34.55748224258423, 33.36967968940735,]
