best-result = 43.21642804145813
warmup-time = 44.251776933670044
all-measurements = [ 43.63454222679138, 43.36383652687073, 43.21642804145813,]
