best-result = 96.55622863769531
warmup-time = 109.07749629020691
all-measurements = [ 100.3326301574707, 98.08333230018616, 96.55622863769531,]
