best-result = 28.92954969406128
warmup-time = 28.880783319473267
all-measurements = [ 29.15100598335266, 28.92954969406128, 29.754571676254272,]
