best-result = 32.58708739280701
warmup-time = 34.75219774246216
all-measurements = [ 32.58708739280701, 35.04823899269104, 34.81343460083008,]
