best-result = 84.67127108573914
warmup-time = 96.34249877929688
all-measurements = [ 90.16775703430176, 85.06974387168884, 84.67127108573914,]
