best-result = 38.29624009132385
warmup-time = 38.64143991470337
all-measurements = [ 39.2318172454834, 38.29624009132385, 38.42320394515991,]
