best-result = 44.054877519607544
warmup-time = 44.7836492061615
all-measurements = [ 44.054877519607544, 44.2448410987854, 45.880088329315186,]
