best-result = 28.320783138275146
warmup-time = 28.844658851623535
all-measurements = [ 29.023088216781616, 28.838727951049805, 28.320783138275146,]
