best-result = 637.4607918262482
warmup-time = 666.7665960788727
all-measurements = [ 641.6399545669556, 649.1607859134674, 637.4607918262482,]
