best-result = 170.8718135356903
warmup-time = 173.92622661590576
all-measurements = [ 171.03387331962585, 174.39341139793396, 170.8718135356903,]
