best-result = 65.54975032806396
warmup-time = 69.77830243110657
all-measurements = [ 65.54975032806396, 66.87728977203369, 68.19384121894836,]
