best-result = 22.64273428916931
warmup-time = 22.788576364517212
all-measurements = [ 22.797659158706665, 22.64273428916931, 23.000932931900024,]
