best-result = 46.55109882354736
warmup-time = 64.91246318817139
all-measurements = [ 46.55109882354736, 46.99167728424072, 46.99518036842346,]
