best-result = 46.28733587265015
warmup-time = 59.858694314956665
all-measurements = [ 46.76932668685913, 46.28733587265015, 46.464982986450195,]
