best-result = 927.2964515686035
warmup-time = 1109.598927974701
all-measurements = [ 927.2964515686035, 937.8946223258972, 934.8171951770782,]
