best-result = 84.66333770751953
warmup-time = 99.76312065124512
all-measurements = [ 85.61838006973267, 84.66333770751953, 85.82094931602478,]
