best-result = 82.34077763557434
warmup-time = 103.84280443191528
all-measurements = [ 82.35667777061462, 82.62082195281982, 82.34077763557434,]
