best-result = 70.01081538200378
warmup-time = 92.33315587043762
all-measurements = [ 70.81235599517822, 70.67281484603882, 70.01081538200378,]
