best-result = 90.97136163711548
warmup-time = 105.7216637134552
all-measurements = [ 91.90019679069519, 91.41361832618713, 90.97136163711548,]
