best-result = 633.0346820354462
warmup-time = 651.6611516475677
all-measurements = [ 637.7975721359253, 633.0346820354462, 633.2356050014496,]
