best-result = 64.0909194946289
warmup-time = 78.49365091323853
all-measurements = [ 64.11280274391174, 64.63035225868225, 64.0909194946289,]
