best-result = 221.6395263671875
warmup-time = 373.9682123661041
all-measurements = [ 223.91579842567444, 221.6395263671875, 228.72527408599854,]
