best-result = 445.7101891040802
warmup-time = 903.9436311721802
all-measurements = [ 455.47525095939636, 446.94111227989197, 445.7101891040802,]
