best-result = 62.20959162712097
warmup-time = 78.68729043006897
all-measurements = [ 62.65587592124939, 62.20959162712097, 62.41166067123413,]
