best-result = 140.07848525047302
warmup-time = 164.19025802612305
all-measurements = [ 140.67159128189087, 140.07848525047302, 140.6301121711731,]
