best-result = 880.9443140029907
warmup-time = 920.2822463512421
all-measurements = [ 888.9180915355682, 881.1533803939819, 880.9443140029907,]
