best-result = 27.82631278038025
warmup-time = 36.213778257369995
all-measurements = [ 27.82631278038025, 28.093258142471313, 27.9483540058136,]
