best-result = 58.19956970214844
warmup-time = 72.40857148170471
all-measurements = [ 58.58634901046753, 58.19956970214844, 59.103132247924805,]
