best-result = 58.896735429763794
warmup-time = 73.57714629173279
all-measurements = [ 58.896735429763794, 59.606770515441895, 59.034462690353394,]
