best-result = 110.65328884124756
warmup-time = 137.26193690299988
all-measurements = [ 110.80827045440674, 111.42099690437317, 110.65328884124756,]
