best-result = 788.6784632205963
warmup-time = 849.7892792224884
all-measurements = [ 788.6784632205963, 793.121967792511, 790.3525695800781,]
