best-result = 33.685731649398804
warmup-time = 41.020870208740234
all-measurements = [ 33.79058861732483, 34.02162313461304, 33.685731649398804,]
