best-result = 55.359328746795654
warmup-time = 71.53949546813965
all-measurements = [ 55.62924313545227, 55.48159670829773, 55.359328746795654,]
