best-result = 2945.0181913375854
warmup-time = 3919.589506626129
all-measurements = [ 3161.948144674301, 3385.9630694389343, 2945.0181913375854,]
