best-result = 49.29075384140015
warmup-time = 72.65719985961914
all-measurements = [ 49.29075384140015, 50.115134716033936, 49.885961055755615,]
