best-result = 78.55287885665894
warmup-time = 98.34893202781677
all-measurements = [ 79.51702904701233, 79.06424283981323, 78.55287885665894,]
