best-result = 36.773924350738525
warmup-time = 46.241920471191406
all-measurements = [ 36.773924350738525, 36.80328106880188, 37.22086238861084,]
