best-result = 354.1871566772461
warmup-time = 485.1062934398651
all-measurements = [ 356.0697662830353, 355.9104664325714, 354.1871566772461,]
