best-result = 59.39717221260071
warmup-time = 59.728092193603516
all-measurements = [ 59.39717221260071, 60.07143998146057, 59.88179874420166,]
