best-result = 21.249168395996094
warmup-time = 22.132848739624023
all-measurements = [ 21.436341762542725, 21.587478160858154, 21.249168395996094,]
