best-result = 46.632418155670166
warmup-time = 64.76167750358582
all-measurements = [ 46.632418155670166, 46.64223837852478, 46.81489062309265,]
