best-result = 46.55520558357239
warmup-time = 57.87534952163696
all-measurements = [ 46.77394485473633, 46.61823129653931, 46.55520558357239,]
