best-result = 941.2719488143921
warmup-time = 1135.4773366451263
all-measurements = [ 958.0657067298889, 941.2719488143921, 964.5888152122498,]
