best-result = 82.3233585357666
warmup-time = 95.72095727920532
all-measurements = [ 82.54553532600403, 82.82323455810547, 82.3233585357666,]
