best-result = 77.91766905784607
warmup-time = 101.06164479255676
all-measurements = [ 78.72667384147644, 77.91766905784607, 78.59385466575623,]
