best-result = 69.0480809211731
warmup-time = 91.69028759002686
all-measurements = [ 69.19542694091797, 69.46072340011597, 69.0480809211731,]
