best-result = 84.42416524887085
warmup-time = 97.28828835487366
all-measurements = [ 84.7861340045929, 84.45185089111328, 84.42416524887085,]
