best-result = 592.4532299041748
warmup-time = 605.1735520362854
all-measurements = [ 593.634115934372, 592.4532299041748, 592.6664571762085,]
