best-result = 61.89647316932678
warmup-time = 73.53072142601013
all-measurements = [ 61.89647316932678, 62.34860682487488, 62.01598572731018,]
