best-result = 225.66585683822632
warmup-time = 377.0771381855011
all-measurements = [ 225.66585683822632, 228.79518795013428, 227.23398232460022,]
