best-result = 438.0418608188629
warmup-time = 888.2989966869354
all-measurements = [ 454.9891426563263, 438.0670917034149, 438.0418608188629,]
