best-result = 60.22630333900452
warmup-time = 76.49173736572266
all-measurements = [ 60.23379826545715, 60.22630333900452, 60.330257415771484,]
