best-result = 846.7765593528748
warmup-time = 878.3904168605804
all-measurements = [ 847.9194509983063, 846.7765593528748, 854.4666423797607,]
