best-result = 26.82507038116455
warmup-time = 34.926498889923096
all-measurements = [ 26.883322954177856, 27.144181728363037, 26.82507038116455,]
