best-result = 57.83730864524841
warmup-time = 68.50034379959106
all-measurements = [ 57.83730864524841, 57.88560080528259, 58.539639711380005,]
