best-result = 56.04495024681091
warmup-time = 69.3467071056366
all-measurements = [ 56.04495024681091, 56.232027530670166, 56.37548613548279,]
