best-result = 107.73280596733093
warmup-time = 137.949481010437
all-measurements = [ 109.39523220062256, 108.66405463218689, 107.73280596733093,]
