best-result = 759.5366477966309
warmup-time = 828.9289073944092
all-measurements = [ 760.9463903903961, 759.5366477966309, 760.4319734573364,]
