best-result = 33.666861057281494
warmup-time = 41.291080713272095
all-measurements = [ 33.7191698551178, 33.7750678062439, 33.666861057281494,]
