best-result = 53.01321029663086
warmup-time = 68.57723569869995
all-measurements = [ 53.01321029663086, 53.27915620803833, 53.287426710128784,]
