best-result = 48.944727182388306
warmup-time = 67.5220696926117
all-measurements = [ 49.23950386047363, 49.65568161010742, 48.944727182388306,]
