best-result = 78.75343799591064
warmup-time = 98.28430485725403
all-measurements = [ 78.76815009117126, 78.75343799591064, 79.50477766990662,]
