best-result = 35.888442039489746
warmup-time = 49.386483907699585
all-measurements = [ 43.0753173828125, 40.35964250564575, 35.888442039489746,]
