best-result = 330.76578307151794
warmup-time = 474.797238111496
all-measurements = [ 334.0214903354645, 333.47066378593445, 330.76578307151794,]
