best-result = 102.18535900115967
warmup-time = 102.41926884651184
all-measurements = [ 102.20009541511536, 102.18535900115967, 102.4177930355072,]
