best-result = 24.93885588645935
warmup-time = 25.113436937332153
all-measurements = [ 24.93885588645935, 25.440614461898804, 25.42504620552063,]
