best-result = 36.68708944320679
warmup-time = 37.628634452819824
all-measurements = [ 37.014857053756714, 36.84475374221802, 36.68708944320679,]
