best-result = 31.836032152175903
warmup-time = 32.39791440963745
all-measurements = [ 33.33265018463135, 31.836032152175903, 32.50750279426575,]
