best-result = 273.0322251319885
warmup-time = 275.2680366039276
all-measurements = [ 273.0322251319885, 277.91795802116394, 274.81774973869324,]
