best-result = 34.54713225364685
warmup-time = 36.356743812561035
all-measurements = [ 34.54713225364685, 36.01592993736267, 35.79884910583496,]
