best-result = 40.30145072937012
warmup-time = 42.33310413360596
all-measurements = [ 40.30145072937012, 41.50518822669983, 40.8934166431427,]
