best-result = 50.01403331756592
warmup-time = 50.607041120529175
all-measurements = [ 51.670496225357056, 50.02075219154358, 50.01403331756592,]
