best-result = 33.950695276260376
warmup-time = 33.29048466682434
all-measurements = [ 33.950695276260376, 33.963090658187866, 35.28400707244873,]
