best-result = 37.25421476364136
warmup-time = 38.05292987823486
all-measurements = [ 37.556005001068115, 37.60626816749573, 37.25421476364136,]
