best-result = 58.31613898277283
warmup-time = 62.46096730232239
all-measurements = [ 59.34956336021423, 58.31613898277283, 60.97045826911926,]
