best-result = 238.88809061050415
warmup-time = 242.87790656089783
all-measurements = [ 246.41511702537537, 238.88809061050415, 241.5209105014801,]
