best-result = 543.8919689655304
warmup-time = 548.7584574222565
all-measurements = [ 543.8919689655304, 547.3620557785034, 544.8402926921844,]
