best-result = 35.28546643257141
warmup-time = 35.79296875
all-measurements = [ 35.28546643257141, 38.14034056663513, 36.45659255981445,]
