best-result = 64.21940422058105
warmup-time = 66.87374949455261
all-measurements = [ 64.21940422058105, 67.3087260723114, 65.79862833023071,]
