best-result = 26.62424612045288
warmup-time = 27.98656988143921
all-measurements = [ 28.060704708099365, 26.62424612045288, 28.66563081741333,]
