best-result = 33.362903118133545
warmup-time = 33.29436731338501
all-measurements = [ 36.36884880065918, 36.261595010757446, 33.362903118133545,]
