best-result = 31.79219889640808
warmup-time = 32.83883786201477
all-measurements = [ 31.79219889640808, 32.217894554138184, 33.249834299087524,]
