best-result = 42.06597018241882
warmup-time = 44.33467102050781
all-measurements = [ 44.08392930030823, 43.031123638153076, 42.06597018241882,]
