best-result = 97.59505438804626
warmup-time = 100.26747727394104
all-measurements = [ 97.59505438804626, 98.12117958068848, 99.3976321220398,]
