best-result = 27.198806285858154
warmup-time = 28.73945426940918
all-measurements = [ 27.80398917198181, 28.153483152389526, 27.198806285858154,]
