best-result = 33.02284073829651
warmup-time = 35.45323586463928
all-measurements = [ 33.02284073829651, 34.728814125061035, 34.25900077819824,]
