best-result = 38.85985016822815
warmup-time = 41.81962609291077
all-measurements = [ 38.85985016822815, 39.151188135147095, 40.59426999092102,]
