best-result = 44.26488518714905
warmup-time = 47.23156714439392
all-measurements = [ 44.71066737174988, 44.26488518714905, 45.17825508117676,]
