best-result = 27.10692811012268
warmup-time = 26.927859783172607
all-measurements = [ 27.10692811012268, 28.386911630630493, 27.97009015083313,]
