best-result = 704.8389556407928
warmup-time = 703.484424829483
all-measurements = [ 704.8389556407928, 707.0761044025421, 709.8410153388977,]
