best-result = 178.15531182289124
warmup-time = 181.47219443321228
all-measurements = [ 183.9333918094635, 178.15531182289124, 182.2913372516632,]
