best-result = 43.3048415184021
warmup-time = 43.30599570274353
all-measurements = [ 43.809590101242065, 43.3048415184021, 43.46633267402649,]
