best-result = 22.84697437286377
warmup-time = 22.800363540649414
all-measurements = [ 23.211363554000854, 22.983049631118774, 22.84697437286377,]
