best-result = 46.428332805633545
warmup-time = 63.19363331794739
all-measurements = [ 46.672605991363525, 46.428332805633545, 46.57132697105408,]
