best-result = 45.84302496910095
warmup-time = 57.05471968650818
all-measurements = [ 45.84302496910095, 46.0401828289032, 46.130985260009766,]
