best-result = 894.64320063591
warmup-time = 1105.8447077274323
all-measurements = [ 903.2483923435211, 895.3222799301147, 894.64320063591,]
