best-result = 84.43305993080139
warmup-time = 99.20412993431091
all-measurements = [ 84.58981370925903, 84.43305993080139, 84.88308310508728,]
