best-result = 981.9206058979034
warmup-time = 1007.4417788982391
all-measurements = [ 981.9206058979034, 982.6401200294495, 983.8951070308685,]
