best-result = 81.63861751556396
warmup-time = 103.35617780685425
all-measurements = [ 81.63861751556396, 81.7875428199768, 81.847421169281,]
