best-result = 67.28980731964111
warmup-time = 87.32285666465759
all-measurements = [ 67.81085181236267, 67.28980731964111, 67.4870822429657,]
