best-result = 91.19137859344482
warmup-time = 105.50638771057129
all-measurements = [ 91.19137859344482, 91.4103193283081, 91.65448451042175,]
