best-result = 642.4743177890778
warmup-time = 658.708322763443
all-measurements = [ 642.4743177890778, 648.3793811798096, 644.4014797210693,]
