best-result = 61.556660652160645
warmup-time = 71.19675636291504
all-measurements = [ 61.556660652160645, 62.046587228775024, 61.823469400405884,]
