best-result = 206.50102591514587
warmup-time = 353.3314869403839
all-measurements = [ 207.7225742340088, 206.50102591514587, 207.7969753742218,]
