best-result = 423.22182035446167
warmup-time = 859.1033449172974
all-measurements = [ 426.1403422355652, 423.22182035446167, 426.83997774124146,]
