best-result = 62.359251737594604
warmup-time = 79.71082425117493
all-measurements = [ 62.53988718986511, 63.00601601600647, 62.359251737594604,]
