best-result = 39.551064014434814
warmup-time = 48.18411469459534
all-measurements = [ 40.23700547218323, 40.014636516571045, 39.551064014434814,]
