best-result = 133.90832591056824
warmup-time = 158.831946849823
all-measurements = [ 134.10214567184448, 133.90832591056824, 134.8663456439972,]
