best-result = 898.9999387264252
warmup-time = 930.9364993572235
all-measurements = [ 936.2770268917084, 898.9999387264252, 900.985456943512,]
