best-result = 27.636080741882324
warmup-time = 36.062400102615356
all-measurements = [ 27.636080741882324, 28.768198490142822, 28.601041555404663,]
