best-result = 56.86519432067871
warmup-time = 67.50819849967957
all-measurements = [ 57.32405471801758, 57.59206986427307, 56.86519432067871,]
