best-result = 59.535974740982056
warmup-time = 75.85861039161682
all-measurements = [ 59.535974740982056, 59.91388988494873, 59.55058264732361,]
