best-result = 109.36821866035461
warmup-time = 135.95252227783203
all-measurements = [ 109.36821866035461, 109.48933291435242, 109.69420337677002,]
