best-result = 773.9719104766846
warmup-time = 842.619547367096
all-measurements = [ 773.9719104766846, 774.5329320430756, 774.0828561782837,]
