best-result = 33.8569393157959
warmup-time = 41.82374954223633
all-measurements = [ 33.8569393157959, 34.1762330532074, 34.098273515701294,]
