best-result = 55.02543807029724
warmup-time = 71.94177842140198
all-measurements = [ 55.54923605918884, 55.02543807029724, 55.02930688858032,]
