best-result = 1485.1035294532776
warmup-time = 1701.4191102981567
all-measurements = [ 2151.2056844234467, 1485.1035294532776, 1751.8517410755157,]
