best-result = 47.77618861198425
warmup-time = 68.24084067344666
all-measurements = [ 47.77618861198425, 48.109925985336304, 47.885260820388794,]
