best-result = 78.05645704269409
warmup-time = 98.04824924468994
all-measurements = [ 78.05645704269409, 79.02698826789856, 78.59971237182617,]
