best-result = 36.70188641548157
warmup-time = 47.175734758377075
all-measurements = [ 37.28830099105835, 37.53951287269592, 36.70188641548157,]
