best-result = 342.6387436389923
warmup-time = 479.23934602737427
all-measurements = [ 345.5677397251129, 343.3929772377014, 342.6387436389923,]
