best-result = 58.34503507614136
warmup-time = 59.20826506614685
all-measurements = [ 58.765745639801025, 58.34503507614136, 59.43677282333374,]
