best-result = 22.36280083656311
warmup-time = 22.52656054496765
all-measurements = [ 22.36280083656311, 22.813416481018066, 22.66794991493225,]
