best-result = 46.7858304977417
warmup-time = 63.70271444320679
all-measurements = [ 47.15734672546387, 47.04393649101257, 46.7858304977417,]
