best-result = 45.97103714942932
warmup-time = 58.57598567008972
all-measurements = [ 46.17786908149719, 47.001657009124756, 45.97103714942932,]
