best-result = 932.8019168376923
warmup-time = 1127.3831310272217
all-measurements = [ 941.0165376663208, 932.8019168376923, 941.0410687923431,]
