best-result = 84.38067030906677
warmup-time = 101.27930784225464
all-measurements = [ 85.08070063591003, 84.38067030906677, 85.3544442653656,]
