best-result = 82.05381774902344
warmup-time = 104.33139133453369
all-measurements = [ 82.53239631652832, 82.05381774902344, 83.02882146835327,]
