best-result = 69.81448817253113
warmup-time = 92.8820436000824
all-measurements = [ 70.28311491012573, 69.99712681770325, 69.81448817253113,]
