best-result = 90.88840556144714
warmup-time = 105.89735388755798
all-measurements = [ 90.88840556144714, 91.6174910068512, 92.88894844055176,]
