best-result = 644.114583492279
warmup-time = 662.1852743625641
all-measurements = [ 646.1680817604065, 647.9443790912628, 644.114583492279,]
