best-result = 63.87404131889343
warmup-time = 80.00376319885254
all-measurements = [ 64.44611167907715, 63.87404131889343, 64.85209846496582,]
