best-result = 210.40563702583313
warmup-time = 367.1108386516571
all-measurements = [ 210.40563702583313, 210.70534873008728, 211.68440914154053,]
