best-result = 432.6396915912628
warmup-time = 882.9449589252472
all-measurements = [ 434.3987236022949, 432.91887521743774, 432.6396915912628,]
