best-result = 61.77824378013611
warmup-time = 78.75222873687744
all-measurements = [ 61.77824378013611, 62.229634523391724, 62.76896023750305,]
