best-result = 139.68412709236145
warmup-time = 164.26924991607666
all-measurements = [ 139.68412709236145, 139.8169186115265, 141.04741311073303,]
