best-result = 887.0140690803528
warmup-time = 917.1173944473267
all-measurements = [ 887.0140690803528, 897.6714737415314, 922.5084965229034,]
