best-result = 27.255472898483276
warmup-time = 36.245158672332764
all-measurements = [ 27.26572847366333, 27.255472898483276, 27.44052290916443,]
