best-result = 58.328184366226196
warmup-time = 72.56110906600952
all-measurements = [ 58.555023193359375, 59.24982571601868, 58.328184366226196,]
