best-result = 59.15045952796936
warmup-time = 73.81246209144592
all-measurements = [ 59.15045952796936, 59.278687953948975, 59.97131133079529,]
