best-result = 110.40104627609253
warmup-time = 138.37594079971313
all-measurements = [ 110.40104627609253, 111.1507842540741, 111.5776629447937,]
