best-result = 788.05624127388
warmup-time = 850.885240316391
all-measurements = [ 790.4833815097809, 790.9762997627258, 788.05624127388,]
