best-result = 33.51450872421265
warmup-time = 42.91514563560486
all-measurements = [ 33.51450872421265, 34.018423318862915, 33.914604902267456,]
