best-result = 54.59933662414551
warmup-time = 71.03939270973206
all-measurements = [ 55.81361532211304, 54.727609395980835, 54.59933662414551,]
