best-result = 3128.375504255295
warmup-time = 4675.610292673111
all-measurements = [ 3128.375504255295, 4159.78789806366, 3164.362361431122,]
