best-result = 49.236133098602295
warmup-time = 70.56740188598633
all-measurements = [ 49.322529554367065, 49.30991268157959, 49.236133098602295,]
