best-result = 77.6018214225769
warmup-time = 99.32681775093079
all-measurements = [ 77.6918842792511, 77.6018214225769, 77.96977972984314,]
