best-result = 36.553141832351685
warmup-time = 46.76406669616699
all-measurements = [ 36.78126358985901, 36.553141832351685, 36.81329703330994,]
