best-result = 349.11665320396423
warmup-time = 475.35643553733826
all-measurements = [ 352.23438358306885, 349.11665320396423, 349.3943588733673,]
