best-result = 59.01149773597717
warmup-time = 59.75930452346802
all-measurements = [ 59.9668505191803, 59.01149773597717, 59.16469621658325,]
