best-result = 26.032798290252686
warmup-time = 26.56900119781494
all-measurements = [ 26.047011375427246, 26.032798290252686, 26.139354467391968,]
