best-result = 35.1084041595459
warmup-time = 36.870410203933716
all-measurements = [ 35.1084041595459, 37.383230209350586, 37.24313282966614,]
