best-result = 30.842899322509766
warmup-time = 32.10127520561218
all-measurements = [ 31.87736201286316, 30.842899322509766, 31.97368359565735,]
