best-result = 232.16744422912598
warmup-time = 234.83689856529236
all-measurements = [ 235.53139066696167, 232.16744422912598, 234.82383131980896,]
