best-result = 35.834654569625854
warmup-time = 36.75460863113403
all-measurements = [ 36.13619375228882, 37.58902859687805, 35.834654569625854,]
