best-result = 110.72896122932434
warmup-time = 114.91607642173767
all-measurements = [ 111.21048784255981, 113.33371162414551, 110.72896122932434,]
