best-result = 34.69839787483215
warmup-time = 35.4321985244751
all-measurements = [ 35.087656021118164, 34.69839787483215, 35.36588382720947,]
