best-result = 41.21188831329346
warmup-time = 41.08468818664551
all-measurements = [ 41.21188831329346, 41.73200511932373, 41.40705442428589,]
