best-result = 47.893072843551636
warmup-time = 49.018622159957886
all-measurements = [ 48.13488173484802, 47.893072843551636, 48.15765023231506,]
