best-result = 32.72483277320862
warmup-time = 34.51837468147278
all-measurements = [ 32.72483277320862, 32.96880841255188, 34.18733620643616,]
