best-result = 37.14780831336975
warmup-time = 37.826863050460815
all-measurements = [ 37.171621799468994, 37.14780831336975, 37.6826958656311,]
