best-result = 60.7232563495636
warmup-time = 65.63933634757996
all-measurements = [ 61.3059766292572, 61.77950429916382, 60.7232563495636,]
