best-result = 220.3899929523468
warmup-time = 224.8832607269287
all-measurements = [ 222.8602752685547, 220.3899929523468, 220.43643045425415,]
