best-result = 501.39805793762207
warmup-time = 508.7709777355194
all-measurements = [ 501.7734854221344, 503.018958568573, 501.39805793762207,]
