best-result = 34.49087691307068
warmup-time = 37.98293113708496
all-measurements = [ 36.35749554634094, 37.005106925964355, 34.49087691307068,]
