best-result = 28.940917253494263
warmup-time = 28.836451292037964
all-measurements = [ 29.39989709854126, 29.465891122817993, 28.940917253494263,]
