best-result = 77.21317315101624
warmup-time = 76.11550426483154
all-measurements = [ 82.1568865776062, 77.21317315101624, 79.0065348148346,]
