best-result = 60.17304229736328
warmup-time = 63.229734897613525
all-measurements = [ 63.37179946899414, 60.24067997932434, 60.17304229736328,]
