best-result = 27.61033010482788
warmup-time = 28.945190906524658
all-measurements = [ 28.35647964477539, 27.852973222732544, 27.61033010482788,]
