best-result = 32.490269899368286
warmup-time = 33.075021743774414
all-measurements = [ 32.490269899368286, 35.099921464920044, 35.70621848106384,]
