best-result = 33.35647797584534
warmup-time = 33.61317253112793
all-measurements = [ 35.646782636642456, 33.84121489524841, 33.35647797584534,]
