best-result = 42.011621952056885
warmup-time = 41.93102550506592
all-measurements = [ 42.736204385757446, 42.011621952056885, 42.442188024520874,]
