best-result = 94.60143327713013
warmup-time = 94.36494970321655
all-measurements = [ 97.37818384170532, 95.7305679321289, 94.60143327713013,]
