best-result = 27.457627534866333
warmup-time = 28.336947441101074
all-measurements = [ 27.457627534866333, 29.683980464935303, 27.98857617378235,]
