best-result = 33.675209522247314
warmup-time = 34.02759027481079
all-measurements = [ 33.675209522247314, 34.381494998931885, 35.499929666519165,]
