best-result = 87.84765315055847
warmup-time = 87.0808355808258
all-measurements = [ 88.16825604438782, 97.06512594223022, 87.84765315055847,]
