best-result = 39.454813957214355
warmup-time = 39.394163608551025
all-measurements = [ 39.63406705856323, 39.666611433029175, 39.454813957214355,]
