best-result = 43.3607919216156
warmup-time = 45.195273876190186
all-measurements = [ 44.67341184616089, 45.4117956161499, 43.3607919216156,]
