best-result = 50.065932273864746
warmup-time = 50.682034969329834
all-measurements = [ 50.065932273864746, 50.650322675704956, 51.055434465408325,]
