best-result = 28.17117214202881
warmup-time = 29.28966188430786
all-measurements = [ 28.816882610321045, 28.17117214202881, 28.703501224517822,]
