best-result = 620.966846704483
warmup-time = 693.6249761581421
all-measurements = [ 629.1681139469147, 623.0326626300812, 620.966846704483,]
