best-result = 166.49939465522766
warmup-time = 170.5325973033905
all-measurements = [ 168.06368780136108, 172.10939764976501, 166.49939465522766,]
