best-result = 64.61225867271423
warmup-time = 66.75789070129395
all-measurements = [ 64.61225867271423, 66.91366648674011, 68.9100112915039,]
