best-result = 26.532702445983887
warmup-time = 27.057937145233154
all-measurements = [ 26.532702445983887, 26.842050313949585, 26.660012245178223,]
