best-result = 35.948726654052734
warmup-time = 39.85727334022522
all-measurements = [ 37.098196029663086, 35.948726654052734, 37.89669966697693,]
