best-result = 30.521755933761597
warmup-time = 32.628323793411255
all-measurements = [ 31.638384580612183, 30.521755933761597, 30.944458961486816,]
