best-result = 229.42029213905334
warmup-time = 231.48831129074097
all-measurements = [ 229.42029213905334, 231.60457277297974, 231.69491052627563,]
