best-result = 35.82657241821289
warmup-time = 36.971102714538574
all-measurements = [ 37.510868072509766, 36.44672226905823, 35.82657241821289,]
