best-result = 112.27975535392761
warmup-time = 115.50945210456848
all-measurements = [ 114.7355329990387, 114.34957814216614, 112.27975535392761,]
