best-result = 35.08253240585327
warmup-time = 36.41672706604004
all-measurements = [ 36.09667778015137, 35.55981373786926, 35.08253240585327,]
