best-result = 42.34367251396179
warmup-time = 41.531800746917725
all-measurements = [ 42.34367251396179, 42.76458501815796, 43.05198812484741,]
