best-result = 48.273396730422974
warmup-time = 50.12512564659119
all-measurements = [ 48.273396730422974, 49.176230907440186, 48.35930609703064,]
