best-result = 33.674163818359375
warmup-time = 33.84811520576477
all-measurements = [ 34.38033175468445, 34.39893579483032, 33.674163818359375,]
