best-result = 36.98358345031738
warmup-time = 38.01639103889465
all-measurements = [ 36.98358345031738, 39.357457876205444, 38.22899913787842,]
