best-result = 59.348488092422485
warmup-time = 62.00263714790344
all-measurements = [ 65.02617120742798, 61.05068826675415, 59.348488092422485,]
