best-result = 221.39689445495605
warmup-time = 224.51958918571472
all-measurements = [ 221.4653172492981, 221.39689445495605, 222.1004707813263,]
