best-result = 504.7202637195587
warmup-time = 507.29386162757874
all-measurements = [ 505.8313808441162, 507.3240616321564, 504.7202637195587,]
