best-result = 35.59369492530823
warmup-time = 37.37854814529419
all-measurements = [ 37.56523513793945, 38.33869457244873, 35.59369492530823,]
