best-result = 29.458361625671387
warmup-time = 29.824230432510376
all-measurements = [ 29.91442322731018, 29.957133531570435, 29.458361625671387,]
