best-result = 72.91758751869202
warmup-time = 77.52019000053406
all-measurements = [ 76.84854364395142, 72.91758751869202, 73.46306729316711,]
