best-result = 61.32157015800476
warmup-time = 64.28868412971497
all-measurements = [ 61.32157015800476, 62.12858510017395, 61.339295625686646,]
