best-result = 28.394357442855835
warmup-time = 29.74788761138916
all-measurements = [ 28.80644130706787, 29.80968737602234, 28.394357442855835,]
