best-result = 35.491931200027466
warmup-time = 36.32727336883545
all-measurements = [ 36.21526265144348, 35.491931200027466, 35.570372343063354,]
