best-result = 33.56044268608093
warmup-time = 34.53287863731384
all-measurements = [ 33.56044268608093, 33.88578772544861, 34.82020950317383,]
