best-result = 42.08704447746277
warmup-time = 44.06319713592529
all-measurements = [ 43.47023558616638, 43.14004182815552, 42.08704447746277,]
