best-result = 94.49139881134033
warmup-time = 95.22279047966003
all-measurements = [ 98.36865663528442, 98.79282736778259, 94.49139881134033,]
