best-result = 28.23575520515442
warmup-time = 28.968427419662476
all-measurements = [ 29.02735686302185, 29.987376928329468, 28.23575520515442,]
