best-result = 34.86717486381531
warmup-time = 36.31111121177673
all-measurements = [ 35.372153997421265, 34.86717486381531, 35.357080936431885,]
