best-result = 88.76248574256897
warmup-time = 99.66545748710632
all-measurements = [ 88.76248574256897, 91.28845834732056, 93.28103613853455,]
