best-result = 38.76022744178772
warmup-time = 39.033827781677246
all-measurements = [ 38.76022744178772, 39.84631013870239, 39.15752720832825,]
