best-result = 44.64133286476135
warmup-time = 45.82844853401184
all-measurements = [ 44.99087476730347, 46.6770122051239, 44.64133286476135,]
