best-result = 50.80488348007202
warmup-time = 52.644333839416504
all-measurements = [ 52.52966618537903, 50.80488348007202, 50.81231617927551,]
