best-result = 29.3896541595459
warmup-time = 29.808189153671265
all-measurements = [ 30.11168599128723, 29.943227767944336, 29.3896541595459,]
