best-result = 628.2851350307465
warmup-time = 687.7585451602936
all-measurements = [ 643.8143982887268, 637.5133047103882, 628.2851350307465,]
