best-result = 166.77397918701172
warmup-time = 168.9989628791809
all-measurements = [ 169.57921528816223, 166.77397918701172, 169.59474349021912,]
