best-result = 56.4909884929657
warmup-time = 68.62338066101074
all-measurements = [ 71.93422436714172, 56.4909884929657, 70.64929580688477,]
