best-result = 25.675976514816284
warmup-time = 26.22965931892395
all-measurements = [ 25.675976514816284, 26.09503722190857, 26.334704160690308,]
