best-result = 36.931538820266724
warmup-time = 37.59997892379761
all-measurements = [ 37.58060097694397, 36.931538820266724, 37.66799211502075,]
