best-result = 31.328500032424927
warmup-time = 30.385699033737183
all-measurements = [ 31.386805057525635, 31.328500032424927, 32.19818162918091,]
