best-result = 257.2324197292328
warmup-time = 261.09621810913086
all-measurements = [ 257.2324197292328, 258.2023255825043, 259.96870970726013,]
