best-result = 35.81997466087341
warmup-time = 36.7899911403656
all-measurements = [ 37.98302364349365, 35.81997466087341, 36.988839864730835,]
