best-result = 111.70697736740112
warmup-time = 116.82339143753052
all-measurements = [ 111.70697736740112, 115.53294610977173, 113.93561625480652,]
