best-result = 34.79273319244385
warmup-time = 35.311644077301025
all-measurements = [ 34.79273319244385, 34.963210582733154, 35.086742877960205,]
