best-result = 40.74349784851074
warmup-time = 41.46764659881592
all-measurements = [ 42.896399974823, 40.74349784851074, 40.95356321334839,]
