best-result = 46.896703004837036
warmup-time = 48.8657329082489
all-measurements = [ 46.896703004837036, 49.07447385787964, 47.990204095840454,]
