best-result = 32.88681173324585
warmup-time = 33.80444860458374
all-measurements = [ 34.03996467590332, 32.88681173324585, 34.75697994232178,]
