best-result = 36.991273164749146
warmup-time = 38.360413789749146
all-measurements = [ 37.13032245635986, 38.68984770774841, 36.991273164749146,]
