best-result = 58.61366105079651
warmup-time = 60.691734790802
all-measurements = [ 59.091883182525635, 59.845582723617554, 58.61366105079651,]
