best-result = 220.42864108085632
warmup-time = 226.44067478179932
all-measurements = [ 222.3145809173584, 221.81824564933777, 220.42864108085632,]
