best-result = 511.62208104133606
warmup-time = 519.0859382152557
all-measurements = [ 516.1219563484192, 516.4365811347961, 511.62208104133606,]
