best-result = 35.25415301322937
warmup-time = 37.77592921257019
all-measurements = [ 35.25415301322937, 37.01710534095764, 36.26300859451294,]
