best-result = 28.85357904434204
warmup-time = 29.06411600112915
all-measurements = [ 28.889332056045532, 28.85357904434204, 29.44605565071106,]
