best-result = 76.80770587921143
warmup-time = 71.9366443157196
all-measurements = [ 83.27094149589539, 77.15288066864014, 76.80770587921143,]
