best-result = 61.282758474349976
warmup-time = 61.224200963974
all-measurements = [ 63.82954382896423, 61.282758474349976, 62.24559545516968,]
