best-result = 27.406750440597534
warmup-time = 28.625327825546265
all-measurements = [ 27.406750440597534, 28.586538314819336, 28.88363814353943,]
