best-result = 35.167105197906494
warmup-time = 35.4600133895874
all-measurements = [ 35.167105197906494, 35.434877157211304, 35.59307074546814,]
