best-result = 32.88527226448059
warmup-time = 34.23214840888977
all-measurements = [ 32.88527226448059, 38.254209756851196, 39.637030839920044,]
