best-result = 42.49415040016174
warmup-time = 48.33828520774841
all-measurements = [ 42.5104079246521, 44.79807758331299, 42.49415040016174,]
