best-result = 94.07704067230225
warmup-time = 99.72032952308655
all-measurements = [ 94.69574785232544, 98.52671432495117, 94.07704067230225,]
