best-result = 28.68741774559021
warmup-time = 29.798139572143555
all-measurements = [ 28.90728783607483, 28.68741774559021, 30.13103437423706,]
