best-result = 34.25917196273804
warmup-time = 34.746039628982544
all-measurements = [ 34.25917196273804, 34.57422089576721, 34.597925424575806,]
