best-result = 88.48358798027039
warmup-time = 87.86196827888489
all-measurements = [ 88.48358798027039, 90.80701065063477, 89.6716582775116,]
