best-result = 38.70569205284119
warmup-time = 38.149736166000366
all-measurements = [ 39.227683782577515, 38.70569205284119, 39.750773191452026,]
