best-result = 44.07577562332153
warmup-time = 45.39954710006714
all-measurements = [ 46.54179835319519, 46.49788212776184, 44.07577562332153,]
