best-result = 50.14543652534485
warmup-time = 50.901405334472656
all-measurements = [ 50.14543652534485, 50.89161944389343, 50.23301577568054,]
