best-result = 27.77873468399048
warmup-time = 28.808156967163086
all-measurements = [ 27.77873468399048, 29.527149200439453, 28.669588804244995,]
