best-result = 651.2246649265289
warmup-time = 711.7417690753937
all-measurements = [ 651.2246649265289, 652.1901156902313, 651.6518425941467,]
