best-result = 166.60048151016235
warmup-time = 170.47502040863037
all-measurements = [ 168.02884554862976, 166.60048151016235, 169.30027604103088,]
