best-result = 64.21086359024048
warmup-time = 54.60560846328735
all-measurements = [ 65.89976382255554, 64.21086359024048, 64.55593252182007,]
