best-result = 25.097160816192627
warmup-time = 25.429651260375977
all-measurements = [ 25.14619755744934, 25.097160816192627, 25.243530750274658,]
