best-result = 37.371317863464355
warmup-time = 38.32356333732605
all-measurements = [ 37.440293312072754, 37.371317863464355, 37.97652530670166,]
