best-result = 31.682075023651123
warmup-time = 32.356926679611206
all-measurements = [ 31.73446273803711, 31.846050024032593, 31.682075023651123,]
