best-result = 271.5677251815796
warmup-time = 272.9956874847412
all-measurements = [ 271.5677251815796, 277.1505904197693, 272.5002989768982,]
