best-result = 34.88829827308655
warmup-time = 36.83797311782837
all-measurements = [ 34.88829827308655, 36.301618576049805, 35.55134177207947,]
