best-result = 40.79204344749451
warmup-time = 41.58249759674072
all-measurements = [ 40.79204344749451, 41.095521211624146, 41.748696088790894,]
