best-result = 49.86307978630066
warmup-time = 51.135860443115234
all-measurements = [ 50.79458427429199, 49.86307978630066, 51.25338315963745,]
