best-result = 33.87013840675354
warmup-time = 34.0567421913147
all-measurements = [ 34.40265464782715, 33.87013840675354, 33.88132691383362,]
