best-result = 36.37856340408325
warmup-time = 37.43098497390747
all-measurements = [ 36.37856340408325, 36.62370252609253, 37.50230860710144,]
