best-result = 59.193872928619385
warmup-time = 57.390130281448364
all-measurements = [ 62.47213649749756, 59.193872928619385, 59.33559036254883,]
