best-result = 240.7403266429901
warmup-time = 243.72175550460815
all-measurements = [ 241.92499136924744, 240.7403266429901, 242.6455888748169,]
