best-result = 548.5234694480896
warmup-time = 550.9555389881134
all-measurements = [ 550.1786196231842, 551.0749425888062, 548.5234694480896,]
