best-result = 34.615246295928955
warmup-time = 36.50668501853943
all-measurements = [ 36.514142751693726, 34.615246295928955, 35.69425010681152,]
