best-result = 65.00524353981018
warmup-time = 64.80407524108887
all-measurements = [ 65.00524353981018, 66.01090216636658, 67.35795140266418,]
