best-result = 26.977458477020264
warmup-time = 27.645025491714478
all-measurements = [ 27.50408935546875, 28.24152970314026, 26.977458477020264,]
