best-result = 35.955021381378174
warmup-time = 36.0160653591156
all-measurements = [ 36.17437744140625, 35.955021381378174, 36.368935346603394,]
