best-result = 32.25063514709473
warmup-time = 33.56535744667053
all-measurements = [ 33.88097548484802, 32.25063514709473, 32.800076484680176,]
