best-result = 43.71920657157898
warmup-time = 44.122602462768555
all-measurements = [ 43.99057602882385, 43.71920657157898, 43.94842195510864,]
