best-result = 98.37356925010681
warmup-time = 100.29548668861389
all-measurements = [ 101.19705367088318, 98.37356925010681, 99.67567324638367,]
