best-result = 27.3227379322052
warmup-time = 28.575485944747925
all-measurements = [ 28.019480228424072, 27.364192485809326, 27.3227379322052,]
