best-result = 34.51709246635437
warmup-time = 34.41569638252258
all-measurements = [ 35.44650197029114, 34.51709246635437, 35.069411277770996,]
