best-result = 38.103713512420654
warmup-time = 38.73915505409241
all-measurements = [ 40.46078181266785, 39.57081317901611, 38.103713512420654,]
