best-result = 44.651658058166504
warmup-time = 45.73253273963928
all-measurements = [ 44.85547089576721, 44.651658058166504, 45.15226888656616,]
