best-result = 27.025116682052612
warmup-time = 28.619604110717773
all-measurements = [ 27.908146858215332, 27.287938833236694, 27.025116682052612,]
