best-result = 700.5944399833679
warmup-time = 709.8205072879791
all-measurements = [ 711.1055643558502, 700.5944399833679, 710.888445854187,]
