best-result = 182.1367449760437
warmup-time = 183.22656559944153
all-measurements = [ 182.1367449760437, 182.7123739719391, 182.50024962425232,]
