best-result = 42.67034864425659
warmup-time = 45.59616780281067
all-measurements = [ 42.88010811805725, 42.67034864425659, 42.93405771255493,]
