best-result = 21.135935068130493
warmup-time = 21.629777193069458
all-measurements = [ 21.135935068130493, 22.541362762451172, 21.371519565582275,]
