best-result = 46.75625729560852
warmup-time = 64.6921558380127
all-measurements = [ 46.75625729560852, 46.76573944091797, 47.89311695098877,]
