best-result = 46.80825448036194
warmup-time = 60.0272741317749
all-measurements = [ 47.22697901725769, 47.21227264404297, 46.80825448036194,]
