best-result = 993.9509177207947
warmup-time = 1205.4252774715424
all-measurements = [ 993.9509177207947, 996.9914565086365, 996.3607230186462,]
