best-result = 81.82652449607849
warmup-time = 98.65011215209961
all-measurements = [ 81.91817355155945, 82.31027317047119, 81.82652449607849,]
