best-result = 78.28874516487122
warmup-time = 101.80158519744873
all-measurements = [ 78.80278253555298, 78.28874516487122, 78.3147361278534,]
