best-result = 68.8087260723114
warmup-time = 92.9252278804779
all-measurements = [ 68.8087260723114, 70.0853955745697, 68.90148401260376,]
