best-result = 84.76532459259033
warmup-time = 100.67674803733826
all-measurements = [ 85.1367073059082, 84.76532459259033, 86.34354758262634,]
