best-result = 598.808709859848
warmup-time = 612.0302021503448
all-measurements = [ 599.9666082859039, 600.6190977096558, 598.808709859848,]
