best-result = 62.784088134765625
warmup-time = 74.63291025161743
all-measurements = [ 62.832292556762695, 62.784088134765625, 63.02461814880371,]
