best-result = 233.7673478126526
warmup-time = 412.9932005405426
all-measurements = [ 233.7673478126526, 234.11367058753967, 235.60925602912903,]
