best-result = 440.0955100059509
warmup-time = 957.3843100070953
all-measurements = [ 446.23037123680115, 446.08308959007263, 440.0955100059509,]
