best-result = 59.58995461463928
warmup-time = 76.35489988327026
all-measurements = [ 59.58995461463928, 60.83048462867737, 59.77985119819641,]
