best-result = 866.6679046154022
warmup-time = 906.1399490833282
all-measurements = [ 870.8883917331696, 866.6679046154022, 874.7265751361847,]
