best-result = 26.704294204711914
warmup-time = 34.63403820991516
all-measurements = [ 27.064217567443848, 27.08644986152649, 26.704294204711914,]
