best-result = 59.32750988006592
warmup-time = 72.30163145065308
all-measurements = [ 70.97355842590332, 62.83743190765381, 59.32750988006592,]
