best-result = 55.39630746841431
warmup-time = 68.73446393013
all-measurements = [ 55.39630746841431, 55.62083673477173, 55.68605065345764,]
