best-result = 108.61855244636536
warmup-time = 141.3258810043335
all-measurements = [ 110.41858768463135, 110.7363030910492, 108.61855244636536,]
