best-result = 772.4801666736603
warmup-time = 850.5727834701538
all-measurements = [ 777.1846199035645, 778.0237596035004, 772.4801666736603,]
