best-result = 33.533263206481934
warmup-time = 40.99549102783203
all-measurements = [ 33.78611350059509, 33.533263206481934, 33.79871368408203,]
