best-result = 52.730231523513794
warmup-time = 68.32852578163147
all-measurements = [ 52.730231523513794, 53.18281435966492, 53.24513387680054,]
