best-result = 49.61844730377197
warmup-time = 72.63873481750488
all-measurements = [ 49.85004544258118, 49.61844730377197, 50.079856634140015,]
