best-result = 78.6142246723175
warmup-time = 98.65487360954285
all-measurements = [ 79.00602841377258, 78.79698085784912, 78.6142246723175,]
