best-result = 35.31478834152222
warmup-time = 45.376192808151245
all-measurements = [ 35.674206256866455, 35.31478834152222, 36.38377857208252,]
