best-result = 355.2078664302826
warmup-time = 516.3273975849152
all-measurements = [ 358.03221583366394, 355.2078664302826, 355.5580449104309,]
