best-result = 103.63787388801575
warmup-time = 105.3847165107727
all-measurements = [ 104.21936416625977, 104.06731462478638, 103.63787388801575,]
