best-result = 25.381064653396606
warmup-time = 25.97359275817871
all-measurements = [ 25.660880088806152, 25.381064653396606, 25.60490846633911,]
