best-result = 37.70693039894104
warmup-time = 37.18145132064819
all-measurements = [ 37.88524293899536, 38.43340992927551, 37.70693039894104,]
