best-result = 30.85622477531433
warmup-time = 31.33897566795349
all-measurements = [ 31.121610164642334, 30.85622477531433, 31.65747857093811,]
