best-result = 262.4564175605774
warmup-time = 271.2177109718323
all-measurements = [ 265.5618271827698, 265.060751914978, 262.4564175605774,]
