best-result = 36.53170108795166
warmup-time = 37.071292877197266
all-measurements = [ 36.53170108795166, 37.087053060531616, 37.03556156158447,]
