best-result = 41.240283727645874
warmup-time = 40.81188678741455
all-measurements = [ 41.240283727645874, 41.42403173446655, 41.87728309631348,]
