best-result = 49.126307010650635
warmup-time = 49.96926975250244
all-measurements = [ 49.53167986869812, 49.21437215805054, 49.126307010650635,]
