best-result = 32.43692231178284
warmup-time = 32.37318468093872
all-measurements = [ 33.60522937774658, 32.43692231178284, 33.57871723175049,]
