best-result = 36.50288367271423
warmup-time = 36.98008608818054
all-measurements = [ 37.448829889297485, 36.50288367271423, 36.594090700149536,]
