best-result = 64.00276160240173
warmup-time = 61.63704586029053
all-measurements = [ 64.00276160240173, 64.84416007995605, 64.07733654975891,]
