best-result = 227.77078294754028
warmup-time = 230.45320296287537
all-measurements = [ 228.53801441192627, 227.77078294754028, 227.83573937416077,]
