best-result = 528.4722838401794
warmup-time = 533.3012738227844
all-measurements = [ 528.5645875930786, 529.5301694869995, 528.4722838401794,]
