best-result = 34.97144961357117
warmup-time = 36.62875962257385
all-measurements = [ 36.46108961105347, 34.97144961357117, 36.910277366638184,]
