best-result = 74.9543867111206
warmup-time = 80.64437174797058
all-measurements = [ 74.9543867111206, 83.8696084022522, 78.2016077041626,]
