best-result = 62.3411762714386
warmup-time = 64.50698041915894
all-measurements = [ 64.21138501167297, 62.3411762714386, 62.58168649673462,]
