best-result = 28.18430256843567
warmup-time = 27.50434446334839
all-measurements = [ 28.18430256843567, 28.298810243606567, 28.32397484779358,]
