best-result = 35.235350608825684
warmup-time = 35.82487416267395
all-measurements = [ 35.36446809768677, 35.235350608825684, 35.92485427856445,]
