best-result = 32.86703109741211
warmup-time = 35.28652763366699
all-measurements = [ 34.9840362071991, 34.522432804107666, 32.86703109741211,]
