best-result = 42.630398750305176
warmup-time = 43.89571237564087
all-measurements = [ 42.73058581352234, 42.630398750305176, 43.002254247665405,]
