best-result = 97.98637962341309
warmup-time = 101.00122308731079
all-measurements = [ 98.70174026489258, 97.98637962341309, 98.7355101108551,]
