best-result = 27.558207273483276
warmup-time = 29.52619218826294
all-measurements = [ 29.600683450698853, 29.65363049507141, 27.558207273483276,]
