best-result = 32.594029664993286
warmup-time = 34.574135065078735
all-measurements = [ 32.594029664993286, 33.68749284744263, 35.072054386138916,]
