best-result = 87.5932445526123
warmup-time = 89.78745794296265
all-measurements = [ 94.5431501865387, 88.23729801177979, 87.5932445526123,]
