best-result = 39.48554706573486
warmup-time = 39.66574501991272
all-measurements = [ 39.86345458030701, 39.92522406578064, 39.48554706573486,]
