best-result = 44.926823139190674
warmup-time = 44.099632024765015
all-measurements = [ 44.926823139190674, 48.0875608921051, 45.60628080368042,]
