best-result = 27.80629801750183
warmup-time = 28.081146240234375
all-measurements = [ 28.348272800445557, 27.80629801750183, 28.81930422782898,]
