best-result = 698.2371029853821
warmup-time = 732.7298219203949
all-measurements = [ 712.8840916156769, 701.2134363651276, 698.2371029853821,]
