best-result = 174.70587944984436
warmup-time = 179.29738306999207
all-measurements = [ 176.17685985565186, 176.46376132965088, 174.70587944984436,]
