best-result = 41.43577980995178
warmup-time = 43.07174801826477
all-measurements = [ 43.1189329624176, 45.6672887802124, 41.43577980995178,]
