best-result = 63.18475031852722
warmup-time = 69.45695972442627
all-measurements = [ 68.26864910125732, 67.4492917060852, 63.18475031852722,]
