best-result = 26.602094650268555
warmup-time = 27.21982216835022
all-measurements = [ 26.602094650268555, 26.945319890975952, 27.486334323883057,]
