best-result = 38.41073799133301
warmup-time = 39.223926067352295
all-measurements = [ 38.854780197143555, 38.41073799133301, 38.41318368911743,]
