best-result = 30.95334506034851
warmup-time = 32.12093687057495
all-measurements = [ 31.686445236206055, 31.33219814300537, 30.95334506034851,]
