best-result = 232.6215362548828
warmup-time = 234.43225049972534
all-measurements = [ 233.37325167655945, 232.6215362548828, 235.10954403877258,]
