best-result = 36.401108503341675
warmup-time = 37.57704710960388
all-measurements = [ 38.89082431793213, 36.401108503341675, 37.736857891082764,]
