best-result = 112.94038534164429
warmup-time = 116.25756335258484
all-measurements = [ 114.0446195602417, 112.94038534164429, 114.14653420448303,]
