best-result = 35.718531131744385
warmup-time = 36.44603896141052
all-measurements = [ 35.84241080284119, 35.718531131744385, 36.24689984321594,]
