best-result = 41.47257089614868
warmup-time = 43.455209255218506
all-measurements = [ 41.47257089614868, 42.010514974594116, 42.742146730422974,]
