best-result = 47.265679597854614
warmup-time = 48.705732345581055
all-measurements = [ 50.741917848587036, 49.29937934875488, 47.265679597854614,]
