best-result = 34.22741985321045
warmup-time = 34.72812509536743
all-measurements = [ 34.22741985321045, 35.40548133850098, 35.06565999984741,]
