best-result = 36.59660530090332
warmup-time = 38.08464312553406
all-measurements = [ 37.78260159492493, 36.59660530090332, 38.350281953811646,]
