best-result = 60.01776385307312
warmup-time = 60.32482838630676
all-measurements = [ 60.01776385307312, 66.625168800354, 65.15456819534302,]
