best-result = 221.208509683609
warmup-time = 222.31987500190735
all-measurements = [ 221.208509683609, 222.4619643688202, 221.46766686439514,]
