best-result = 505.2201302051544
warmup-time = 509.6803410053253
all-measurements = [ 505.2201302051544, 506.63926792144775, 507.3174057006836,]
