best-result = 36.540316343307495
warmup-time = 39.37044715881348
all-measurements = [ 36.540316343307495, 36.62528395652771, 37.62750577926636,]
