best-result = 29.148243188858032
warmup-time = 29.770124912261963
all-measurements = [ 29.675342321395874, 29.148243188858032, 29.63488245010376,]
