best-result = 77.4605655670166
warmup-time = 81.8934919834137
all-measurements = [ 79.58592891693115, 77.4605655670166, 80.94242763519287,]
