best-result = 61.75735378265381
warmup-time = 63.79746699333191
all-measurements = [ 62.72149205207825, 61.75735378265381, 62.41882395744324,]
