best-result = 27.72408413887024
warmup-time = 29.246222496032715
all-measurements = [ 28.514814376831055, 28.067584991455078, 27.72408413887024,]
