best-result = 33.742207527160645
warmup-time = 33.2184476852417
all-measurements = [ 35.63219380378723, 33.742207527160645, 36.013413190841675,]
