best-result = 34.497066497802734
warmup-time = 35.06336569786072
all-measurements = [ 34.652623891830444, 34.54978656768799, 34.497066497802734,]
