best-result = 42.13873100280762
warmup-time = 43.21548795700073
all-measurements = [ 43.50304317474365, 42.13873100280762, 45.886627435684204,]
