best-result = 95.53366184234619
warmup-time = 97.58749675750732
all-measurements = [ 98.34663128852844, 95.53366184234619, 96.38518738746643,]
