best-result = 29.31040930747986
warmup-time = 30.379058361053467
all-measurements = [ 30.383761882781982, 29.954793691635132, 29.31040930747986,]
