best-result = 34.073296546936035
warmup-time = 35.765602111816406
all-measurements = [ 34.65249824523926, 35.56020474433899, 34.073296546936035,]
