best-result = 87.5339720249176
warmup-time = 94.50529384613037
all-measurements = [ 97.26243138313293, 87.5339720249176, 93.59067678451538,]
