best-result = 37.52064561843872
warmup-time = 38.82308387756348
all-measurements = [ 39.42309880256653, 40.88036274909973, 37.52064561843872,]
