best-result = 42.256763219833374
warmup-time = 45.93712568283081
all-measurements = [ 42.256763219833374, 45.41097927093506, 45.78228688240051,]
