best-result = 50.45294809341431
warmup-time = 52.37018394470215
all-measurements = [ 51.00721788406372, 50.45294809341431, 50.63590216636658,]
