best-result = 28.058571577072144
warmup-time = 28.54363775253296
all-measurements = [ 28.058571577072144, 30.19697594642639, 30.308727025985718,]
