best-result = 634.1095016002655
warmup-time = 687.5586376190186
all-measurements = [ 645.4689564704895, 640.0604588985443, 634.1095016002655,]
