best-result = 165.9807710647583
warmup-time = 173.83713603019714
all-measurements = [ 170.21602177619934, 165.9807710647583, 168.16900634765625,]
