best-result = 67.59108686447144
warmup-time = 68.67220687866211
all-measurements = [ 67.64421796798706, 69.74874997138977, 67.59108686447144,]
