best-result = 25.852842807769775
warmup-time = 26.293593883514404
all-measurements = [ 26.229976415634155, 26.92974066734314, 25.852842807769775,]
