best-result = 37.19800424575806
warmup-time = 38.290693044662476
all-measurements = [ 39.94935727119446, 38.60748648643494, 37.19800424575806,]
