best-result = 30.66253685951233
warmup-time = 30.856580018997192
all-measurements = [ 31.12841486930847, 30.66253685951233, 32.35981321334839,]
