best-result = 257.62920808792114
warmup-time = 264.9251012802124
all-measurements = [ 260.7975158691406, 263.10341596603394, 257.62920808792114,]
