best-result = 36.50992679595947
warmup-time = 36.6930513381958
all-measurements = [ 36.74995732307434, 36.50992679595947, 37.00379014015198,]
