best-result = 116.5986852645874
warmup-time = 119.77981662750244
all-measurements = [ 117.50313973426819, 116.5986852645874, 118.79969787597656,]
