best-result = 39.3182008266449
warmup-time = 41.67411828041077
all-measurements = [ 39.3182008266449, 41.27967166900635, 42.0236930847168,]
