best-result = 48.54348015785217
warmup-time = 48.535770416259766
all-measurements = [ 48.54348015785217, 50.34247064590454, 49.625396728515625,]
