best-result = 33.68318152427673
warmup-time = 34.26320743560791
all-measurements = [ 34.15638756752014, 34.96527433395386, 33.68318152427673,]
