best-result = 37.22506928443909
warmup-time = 38.151835918426514
all-measurements = [ 37.64216375350952, 37.387837171554565, 37.22506928443909,]
