best-result = 58.68691682815552
warmup-time = 64.21162152290344
all-measurements = [ 58.68691682815552, 60.31076407432556, 59.52675271034241,]
