best-result = 228.10441160202026
warmup-time = 231.8945927619934
all-measurements = [ 229.930819272995, 228.10441160202026, 232.29145860671997,]
