best-result = 517.0093941688538
warmup-time = 519.7089986801147
all-measurements = [ 517.0093941688538, 539.2893600463867, 520.0083634853363,]
