best-result = 36.10680437088013
warmup-time = 37.70747113227844
all-measurements = [ 36.10680437088013, 36.32054090499878, 36.29843497276306,]
