best-result = 29.093059539794922
warmup-time = 29.297377109527588
all-measurements = [ 29.093059539794922, 29.12060022354126, 29.439934253692627,]
