best-result = 70.5970184803009
warmup-time = 79.22140598297119
all-measurements = [ 81.72789335250854, 81.95383930206299, 70.5970184803009,]
