best-result = 61.965569496154785
warmup-time = 60.82215619087219
all-measurements = [ 61.965569496154785, 62.172136545181274, 62.72825765609741,]
