best-result = 28.677090644836426
warmup-time = 28.536088705062866
all-measurements = [ 28.677090644836426, 29.01350498199463, 29.159794092178345,]
