best-result = 33.0761239528656
warmup-time = 35.660908222198486
all-measurements = [ 33.0761239528656, 33.305686950683594, 35.494425773620605,]
