best-result = 34.539424419403076
warmup-time = 37.525076389312744
all-measurements = [ 35.861329078674316, 34.539424419403076, 35.525747537612915,]
