best-result = 43.07867455482483
warmup-time = 43.925729274749756
all-measurements = [ 44.50938034057617, 44.438746213912964, 43.07867455482483,]
