best-result = 95.694020986557
warmup-time = 96.04893946647644
all-measurements = [ 95.694020986557, 95.96064233779907, 96.69729137420654,]
