best-result = 27.935118913650513
warmup-time = 30.470706701278687
all-measurements = [ 28.87858510017395, 27.935118913650513, 30.290075302124023,]
