best-result = 34.43028378486633
warmup-time = 35.05949544906616
all-measurements = [ 35.64402151107788, 34.85423445701599, 34.43028378486633,]
