best-result = 89.89180278778076
warmup-time = 101.97236108779907
all-measurements = [ 89.89180278778076, 94.21408414840698, 92.50948858261108,]
