best-result = 40.18183612823486
warmup-time = 40.64296340942383
all-measurements = [ 40.18183612823486, 40.537415981292725, 40.75859999656677,]
