best-result = 43.7577760219574
warmup-time = 43.78551006317139
all-measurements = [ 46.5378201007843, 44.46066999435425, 43.7577760219574,]
