best-result = 27.781522035598755
warmup-time = 27.25418448448181
all-measurements = [ 27.781522035598755, 28.995975732803345, 28.598748922348022,]
