best-result = 666.5019285678864
warmup-time = 718.5879247188568
all-measurements = [ 672.8935744762421, 671.893315076828, 666.5019285678864,]
