best-result = 173.69252514839172
warmup-time = 174.48457217216492
all-measurements = [ 176.1904740333557, 175.08699226379395, 173.69252514839172,]
