best-result = 66.28579902648926
warmup-time = 69.07606029510498
all-measurements = [ 66.47384905815125, 67.30155038833618, 66.28579902648926,]
