best-result = 25.772334337234497
warmup-time = 26.347935914993286
all-measurements = [ 25.772334337234497, 25.908957958221436, 26.596219539642334,]
