best-result = 35.98615384101868
warmup-time = 36.75715398788452
all-measurements = [ 35.98615384101868, 37.010032176971436, 36.01806879043579,]
