best-result = 30.607457637786865
warmup-time = 32.06888246536255
all-measurements = [ 30.607457637786865, 31.184675455093384, 31.09557557106018,]
