best-result = 263.8562686443329
warmup-time = 271.4264266490936
all-measurements = [ 265.1773428916931, 263.8562686443329, 266.1448061466217,]
