best-result = 36.360671520233154
warmup-time = 37.758156061172485
all-measurements = [ 37.11700105667114, 37.21006941795349, 36.360671520233154,]
