best-result = 40.465495586395264
warmup-time = 40.39998960494995
all-measurements = [ 41.10372734069824, 41.9266791343689, 40.465495586395264,]
