best-result = 49.8601553440094
warmup-time = 50.575114011764526
all-measurements = [ 50.27759623527527, 50.32010006904602, 49.8601553440094,]
