best-result = 33.28338885307312
warmup-time = 34.13619613647461
all-measurements = [ 33.72655153274536, 33.28338885307312, 34.67760443687439,]
