best-result = 36.53338289260864
warmup-time = 37.742393016815186
all-measurements = [ 36.53338289260864, 37.42176675796509, 37.75596332550049,]
