best-result = 63.19397592544556
warmup-time = 62.012372732162476
all-measurements = [ 64.9497652053833, 63.19397592544556, 67.01290893554688,]
