best-result = 226.22769618034363
warmup-time = 228.54384303092957
all-measurements = [ 228.97662830352783, 226.23685717582703, 226.22769618034363,]
