best-result = 521.7705776691437
warmup-time = 529.7667238712311
all-measurements = [ 523.5386991500854, 522.3528196811676, 521.7705776691437,]
