best-result = 36.16321015357971
warmup-time = 38.805811166763306
all-measurements = [ 36.39249777793884, 37.866029500961304, 36.16321015357971,]
