best-result = 74.94891691207886
warmup-time = 80.68261623382568
all-measurements = [ 75.132732629776, 84.02278065681458, 74.94891691207886,]
