best-result = 62.12907004356384
warmup-time = 65.168292760849
all-measurements = [ 63.82002115249634, 62.12907004356384, 63.25165033340454,]
