best-result = 27.075387239456177
warmup-time = 27.36047053337097
all-measurements = [ 28.209184646606445, 27.075387239456177, 27.691035270690918,]
