best-result = 35.55407357215881
warmup-time = 35.75585341453552
all-measurements = [ 35.55407357215881, 36.12545347213745, 35.81788468360901,]
