best-result = 33.4593300819397
warmup-time = 34.94870972633362
all-measurements = [ 35.01958250999451, 34.714638471603394, 33.4593300819397,]
