best-result = 42.85438799858093
warmup-time = 44.538203716278076
all-measurements = [ 42.85438799858093, 42.86858582496643, 43.33797526359558,]
