best-result = 96.9585509300232
warmup-time = 99.40182590484619
all-measurements = [ 96.9585509300232, 98.19155025482178, 97.40659546852112,]
