best-result = 28.976138830184937
warmup-time = 29.745057106018066
all-measurements = [ 29.424097061157227, 28.976138830184937, 29.76411771774292,]
