best-result = 34.00925946235657
warmup-time = 35.31329679489136
all-measurements = [ 34.922375440597534, 35.198930978775024, 34.00925946235657,]
