best-result = 89.2622926235199
warmup-time = 89.63185787200928
all-measurements = [ 96.31404137611389, 89.2622926235199, 98.38312482833862,]
