best-result = 38.400113582611084
warmup-time = 39.13807821273804
all-measurements = [ 38.400113582611084, 39.94618630409241, 39.609721183776855,]
