best-result = 44.535239934921265
warmup-time = 43.47848033905029
all-measurements = [ 44.8074049949646, 44.535239934921265, 45.86290955543518,]
