best-result = 28.593438386917114
warmup-time = 28.83366322517395
all-measurements = [ 28.593438386917114, 29.138540506362915, 29.184717655181885,]
