best-result = 692.135550737381
warmup-time = 729.6632106304169
all-measurements = [ 701.2606198787689, 704.5321996212006, 692.135550737381,]
