best-result = 172.40196681022644
warmup-time = 176.04755353927612
all-measurements = [ 175.77699327468872, 175.83210635185242, 172.40196681022644,]
