best-result = 60.75169920921326
warmup-time = 65.32470321655273
all-measurements = [ 66.8235456943512, 70.73031997680664, 60.75169920921326,]
