best-result = 21.682117462158203
warmup-time = 21.85628581047058
all-measurements = [ 21.682117462158203, 21.94794726371765, 21.801313877105713,]
