best-result = 47.098389625549316
warmup-time = 65.12027621269226
all-measurements = [ 47.47248959541321, 47.20448446273804, 47.098389625549316,]
