best-result = 46.58945846557617
warmup-time = 61.12337636947632
all-measurements = [ 47.22464632987976, 46.58945846557617, 47.737863540649414,]
