best-result = 987.7259967327118
warmup-time = 1206.0173966884613
all-measurements = [ 987.7259967327118, 995.6380186080933, 993.3485088348389,]
