best-result = 81.63743853569031
warmup-time = 96.7734727859497
all-measurements = [ 81.63743853569031, 82.39694571495056, 82.8778007030487,]
