best-result = 78.01138162612915
warmup-time = 101.6239321231842
all-measurements = [ 79.31182360649109, 78.01138162612915, 79.21869134902954,]
