best-result = 69.31983375549316
warmup-time = 92.80949425697327
all-measurements = [ 69.36924695968628, 69.31983375549316, 70.336745262146,]
