best-result = 84.45160460472107
warmup-time = 101.37161350250244
all-measurements = [ 84.49247074127197, 84.45160460472107, 85.63707566261292,]
