best-result = 600.379430770874
warmup-time = 613.2794454097748
all-measurements = [ 605.734940290451, 600.379430770874, 601.475864648819,]
