best-result = 63.24275040626526
warmup-time = 79.03767156600952
all-measurements = [ 64.49746632575989, 63.24275040626526, 63.935224294662476,]
