best-result = 233.64125752449036
warmup-time = 439.54449939727783
all-measurements = [ 235.27122926712036, 234.38792324066162, 233.64125752449036,]
