best-result = 445.32686281204224
warmup-time = 962.2374212741852
all-measurements = [ 447.32967042922974, 447.29037714004517, 445.32686281204224,]
