best-result = 60.095205307006836
warmup-time = 77.87840270996094
all-measurements = [ 60.201054096221924, 60.937933921813965, 60.095205307006836,]
