best-result = 883.8985159397125
warmup-time = 921.8939733505249
all-measurements = [ 886.9634635448456, 883.8985159397125, 884.1936490535736,]
