best-result = 27.0130512714386
warmup-time = 35.869832277297974
all-measurements = [ 27.89262890815735, 27.0130512714386, 27.203226327896118,]
