best-result = 59.276535749435425
warmup-time = 72.49748682975769
all-measurements = [ 59.50118041038513, 59.56900644302368, 59.276535749435425,]
