best-result = 56.03878378868103
warmup-time = 69.74500894546509
all-measurements = [ 56.96678018569946, 56.03878378868103, 56.83182120323181,]
