best-result = 109.38470458984375
warmup-time = 141.2392168045044
all-measurements = [ 110.62442421913147, 109.38470458984375, 111.02459526062012,]
