best-result = 776.9016335010529
warmup-time = 856.568948507309
all-measurements = [ 776.9016335010529, 789.6681070327759, 779.6749742031097,]
