best-result = 33.46362233161926
warmup-time = 42.250781297683716
all-measurements = [ 33.69182372093201, 34.35659909248352, 33.46362233161926,]
