best-result = 53.30275344848633
warmup-time = 71.11700582504272
all-measurements = [ 53.47438955307007, 53.76699995994568, 53.30275344848633,]
