best-result = 49.922746419906616
warmup-time = 74.0324912071228
all-measurements = [ 49.922746419906616, 50.910043239593506, 50.79402279853821,]
