best-result = 79.76993680000305
warmup-time = 100.58795213699341
all-measurements = [ 80.48748660087585, 79.76993680000305, 80.3167290687561,]
