best-result = 35.44193696975708
warmup-time = 45.48477530479431
all-measurements = [ 35.91083574295044, 35.44193696975708, 35.701947927474976,]
