best-result = 356.65304136276245
warmup-time = 512.4132091999054
all-measurements = [ 356.65304136276245, 357.969119310379, 359.5721526145935,]
