best-result = 103.241774559021
warmup-time = 104.45615267753601
all-measurements = [ 104.88388395309448, 103.241774559021, 103.74783635139465,]
