best-result = 22.575244188308716
warmup-time = 22.729987144470215
all-measurements = [ 23.14162540435791, 22.575244188308716, 22.935945749282837,]
