best-result = 46.4290668964386
warmup-time = 63.955238819122314
all-measurements = [ 46.4290668964386, 46.916274309158325, 46.59805607795715,]
