best-result = 46.47657871246338
warmup-time = 57.35777020454407
all-measurements = [ 46.85085940361023, 46.54785394668579, 46.47657871246338,]
