best-result = 936.7338628768921
warmup-time = 1135.070384502411
all-measurements = [ 936.8328459262848, 957.808286190033, 936.7338628768921,]
