best-result = 85.27078151702881
warmup-time = 98.91921305656433
all-measurements = [ 85.33048844337463, 85.27078151702881, 85.95151615142822,]
