best-result = 81.79125380516052
warmup-time = 102.14650297164917
all-measurements = [ 82.23046565055847, 82.8045163154602, 81.79125380516052,]
