best-result = 70.09802079200745
warmup-time = 91.90200972557068
all-measurements = [ 70.86726355552673, 70.09802079200745, 70.11906576156616,]
