best-result = 91.38767194747925
warmup-time = 105.57212376594543
all-measurements = [ 91.38767194747925, 91.6366708278656, 91.65495896339417,]
