best-result = 635.6145551204681
warmup-time = 655.6403732299805
all-measurements = [ 637.0141050815582, 636.2312254905701, 635.6145551204681,]
