best-result = 64.8509771823883
warmup-time = 77.3835198879242
all-measurements = [ 64.8509771823883, 67.75708031654358, 64.99581241607666,]
