best-result = 222.01642489433289
warmup-time = 374.6132423877716
all-measurements = [ 222.01642489433289, 224.05670881271362, 225.26444268226624,]
