best-result = 440.7768590450287
warmup-time = 885.203192949295
all-measurements = [ 443.7480630874634, 442.04810762405396, 440.7768590450287,]
