best-result = 62.069130659103394
warmup-time = 78.41740846633911
all-measurements = [ 62.069130659103394, 62.131638288497925, 62.39113926887512,]
