best-result = 142.92756152153015
warmup-time = 166.71277594566345
all-measurements = [ 143.69144582748413, 143.0947506427765, 142.92756152153015,]
