best-result = 890.2739813327789
warmup-time = 915.7449657917023
all-measurements = [ 890.2739813327789, 892.3944787979126, 894.6001341342926,]
