best-result = 27.135993719100952
warmup-time = 35.079959869384766
all-measurements = [ 27.523977994918823, 27.774779558181763, 27.135993719100952,]
