best-result = 58.321860790252686
warmup-time = 72.51175308227539
all-measurements = [ 58.97378921508789, 58.321860790252686, 59.927380084991455,]
