best-result = 59.15618538856506
warmup-time = 73.33872842788696
all-measurements = [ 59.23096179962158, 59.50376892089844, 59.15618538856506,]
