best-result = 111.47057747840881
warmup-time = 140.75086188316345
all-measurements = [ 112.0599570274353, 111.94877314567566, 111.47057747840881,]
