best-result = 790.5698852539062
warmup-time = 851.600625038147
all-measurements = [ 819.7626869678497, 790.5698852539062, 809.5761249065399,]
