best-result = 33.577518939971924
warmup-time = 40.39176273345947
all-measurements = [ 33.73892664909363, 33.577518939971924, 34.239076375961304,]
