best-result = 55.13897895812988
warmup-time = 70.22086501121521
all-measurements = [ 55.39022374153137, 55.13897895812988, 55.30920910835266,]
