best-result = 2253.6182820796967
warmup-time = 3121.978087425232
all-measurements = [ 2253.6182820796967, 3199.1549146175385, 2437.8992114067078,]
