best-result = 48.788140535354614
warmup-time = 71.99755311012268
all-measurements = [ 49.96168804168701, 48.788140535354614, 49.93058919906616,]
