best-result = 78.91588282585144
warmup-time = 96.7676203250885
all-measurements = [ 78.9399664402008, 79.39529466629028, 78.91588282585144,]
