best-result = 36.825026750564575
warmup-time = 46.479042530059814
all-measurements = [ 36.8766508102417, 36.825026750564575, 36.88310933113098,]
