best-result = 357.4321734905243
warmup-time = 487.9533460140228
all-measurements = [ 360.26053261756897, 357.4321734905243, 364.3246040344238,]
