best-result = 58.51881265640259
warmup-time = 59.59673881530762
all-measurements = [ 59.439425230026245, 58.51881265640259, 59.5344033241272,]
