best-result = 22.695643663406372
warmup-time = 22.98482608795166
all-measurements = [ 23.186203718185425, 22.695643663406372, 23.065634727478027,]
