best-result = 46.31690311431885
warmup-time = 62.32766079902649
all-measurements = [ 47.179105043411255, 47.52024531364441, 46.31690311431885,]
