best-result = 46.51685619354248
warmup-time = 57.92371320724487
all-measurements = [ 46.51685619354248, 46.880781173706055, 46.79997968673706,]
