best-result = 931.1425521373749
warmup-time = 1126.3334829807281
all-measurements = [ 956.8371391296387, 931.1425521373749, 937.0456447601318,]
