best-result = 84.24910879135132
warmup-time = 98.13499307632446
all-measurements = [ 85.42553186416626, 84.7642433643341, 84.24910879135132,]
