best-result = 81.8207151889801
warmup-time = 103.71769142150879
all-measurements = [ 82.38441205024719, 82.10729670524597, 81.8207151889801,]
