best-result = 69.79260110855103
warmup-time = 89.04292464256287
all-measurements = [ 69.84014630317688, 69.79260110855103, 69.97367143630981,]
