best-result = 91.51919150352478
warmup-time = 105.63161587715149
all-measurements = [ 92.41586518287659, 92.10228729248047, 91.51919150352478,]
