best-result = 645.68683552742
warmup-time = 673.9850237369537
all-measurements = [ 648.3294382095337, 648.7544627189636, 645.68683552742,]
