best-result = 65.47795176506042
warmup-time = 79.21576070785522
all-measurements = [ 65.74210405349731, 65.71285653114319, 65.47795176506042,]
