best-result = 219.85315608978271
warmup-time = 367.77834367752075
all-measurements = [ 220.72493243217468, 219.85315608978271, 220.88207840919495,]
