best-result = 434.7310001850128
warmup-time = 871.3843741416931
all-measurements = [ 434.7310001850128, 438.4509949684143, 439.4356291294098,]
