best-result = 61.7959349155426
warmup-time = 75.90353202819824
all-measurements = [ 61.7959349155426, 61.98019313812256, 62.070775508880615,]
