best-result = 142.94603037834167
warmup-time = 167.5326201915741
all-measurements = [ 142.98022866249084, 144.14163279533386, 142.94603037834167,]
