best-result = 898.4857640266418
warmup-time = 932.390308380127
all-measurements = [ 903.4899184703827, 904.4418354034424, 898.4857640266418,]
