best-result = 27.30724859237671
warmup-time = 35.983768939971924
all-measurements = [ 27.487006902694702, 27.40643835067749, 27.30724859237671,]
