best-result = 58.79437065124512
warmup-time = 72.61343598365784
all-measurements = [ 58.81215310096741, 58.79437065124512, 59.06119227409363,]
