best-result = 58.861889123916626
warmup-time = 74.5976288318634
all-measurements = [ 59.871875047683716, 59.78779602050781, 58.861889123916626,]
