best-result = 110.53424263000488
warmup-time = 140.250390291214
all-measurements = [ 111.48048448562622, 112.05063390731812, 110.53424263000488,]
