best-result = 783.8564577102661
warmup-time = 852.3827385902405
all-measurements = [ 789.4417409896851, 785.6922390460968, 783.8564577102661,]
