best-result = 33.77217769622803
warmup-time = 40.86802625656128
all-measurements = [ 33.77217769622803, 34.34510564804077, 33.92393350601196,]
