best-result = 54.89644956588745
warmup-time = 69.19802069664001
all-measurements = [ 55.45892810821533, 54.89644956588745, 55.11031794548035,]
