best-result = 1850.834733247757
warmup-time = 2537.2369422912598
all-measurements = [ 3099.7973911762238, 1850.834733247757, 2052.8345918655396,]
