best-result = 49.38360142707825
warmup-time = 71.56608724594116
all-measurements = [ 49.38360142707825, 49.63960599899292, 49.9261634349823,]
