best-result = 77.71854519844055
warmup-time = 97.07378363609314
all-measurements = [ 77.71854519844055, 77.93259406089783, 79.5562469959259,]
