best-result = 36.315967082977295
warmup-time = 45.43832302093506
all-measurements = [ 37.15055203437805, 36.622523069381714, 36.315967082977295,]
