best-result = 341.6164138317108
warmup-time = 479.7122292518616
all-measurements = [ 357.59272956848145, 344.58394050598145, 341.6164138317108,]
