best-result = 59.64761400222778
warmup-time = 61.20099496841431
all-measurements = [ 59.64761400222778, 60.12623906135559, 59.93908715248108,]
