best-result = 22.64740824699402
warmup-time = 22.80499267578125
all-measurements = [ 22.82188391685486, 23.10045576095581, 22.64740824699402,]
