best-result = 46.325703859329224
warmup-time = 63.30486249923706
all-measurements = [ 46.325703859329224, 46.94463849067688, 46.50142812728882,]
