best-result = 46.10474491119385
warmup-time = 57.852783203125
all-measurements = [ 46.374226570129395, 46.24359607696533, 46.10474491119385,]
