best-result = 934.546847820282
warmup-time = 1140.4438784122467
all-measurements = [ 936.3151817321777, 934.546847820282, 954.1754093170166,]
