best-result = 85.39964652061462
warmup-time = 101.04004049301147
all-measurements = [ 85.59387302398682, 85.97029089927673, 85.39964652061462,]
