best-result = 82.1245014667511
warmup-time = 101.94071507453918
all-measurements = [ 82.1245014667511, 82.29627847671509, 82.61955881118774,]
