best-result = 69.82308578491211
warmup-time = 89.61649465560913
all-measurements = [ 70.39664554595947, 69.82308578491211, 70.50208139419556,]
