best-result = 90.88061332702637
warmup-time = 105.95611143112183
all-measurements = [ 91.15829658508301, 91.12319922447205, 90.88061332702637,]
