best-result = 631.6213705539703
warmup-time = 647.2232773303986
all-measurements = [ 634.6401512622833, 634.5332252979279, 631.6213705539703,]
