best-result = 63.829375982284546
warmup-time = 75.98129677772522
all-measurements = [ 64.23938775062561, 63.829375982284546, 64.36280179023743,]
