best-result = 220.19173645973206
warmup-time = 373.77212142944336
all-measurements = [ 222.60006642341614, 222.8186173439026, 220.19173645973206,]
