best-result = 442.78280115127563
warmup-time = 878.526077747345
all-measurements = [ 443.6652281284332, 442.78280115127563, 445.9785978794098,]
