best-result = 62.54535460472107
warmup-time = 79.67796206474304
all-measurements = [ 62.54535460472107, 62.93674397468567, 62.84450554847717,]
