best-result = 140.2000241279602
warmup-time = 174.98869490623474
all-measurements = [ 140.52148270606995, 140.2000241279602, 140.67168974876404,]
