best-result = 885.0072228908539
warmup-time = 913.3402981758118
all-measurements = [ 892.7340822219849, 885.0072228908539, 890.5566272735596,]
