best-result = 27.43343472480774
warmup-time = 34.87881541252136
all-measurements = [ 27.741674184799194, 27.43343472480774, 27.775516748428345,]
