best-result = 58.453165769577026
warmup-time = 72.08358192443848
all-measurements = [ 59.54005837440491, 58.453165769577026, 58.604538679122925,]
