best-result = 58.7622013092041
warmup-time = 74.45630884170532
all-measurements = [ 58.91180992126465, 58.7622013092041, 59.09542727470398,]
