best-result = 112.16085505485535
warmup-time = 137.61163425445557
all-measurements = [ 118.31336236000061, 128.67089986801147, 112.16085505485535,]
