best-result = 788.8739445209503
warmup-time = 852.2647187709808
all-measurements = [ 789.8438632488251, 789.0647225379944, 788.8739445209503,]
