best-result = 33.6103310585022
warmup-time = 41.30676460266113
all-measurements = [ 33.6103310585022, 34.04686522483826, 33.84508967399597,]
