best-result = 55.249828815460205
warmup-time = 71.11966872215271
all-measurements = [ 55.37639594078064, 55.249828815460205, 55.46102738380432,]
