best-result = 2598.4479520320892
warmup-time = 2692.4396426677704
all-measurements = [ 2598.4479520320892, 3120.241108417511, 4635.506725549698,]
