best-result = 48.93399930000305
warmup-time = 71.45385456085205
all-measurements = [ 49.78434109687805, 49.69210863113403, 48.93399930000305,]
