best-result = 78.52840995788574
warmup-time = 98.54450559616089
all-measurements = [ 79.01361107826233, 78.52840995788574, 78.55663871765137,]
