best-result = 36.68417167663574
warmup-time = 46.44385099411011
all-measurements = [ 37.04203200340271, 36.68417167663574, 37.31807470321655,]
