best-result = 355.5812313556671
warmup-time = 508.6778016090393
all-measurements = [ 355.5812313556671, 359.50029826164246, 362.3546893596649,]
