best-result = 59.00065517425537
warmup-time = 59.59525203704834
all-measurements = [ 59.00065517425537, 60.06683707237244, 59.57527041435242,]
