best-result = 25.859513521194458
warmup-time = 26.23855447769165
all-measurements = [ 26.001936674118042, 26.481168746948242, 25.859513521194458,]
