best-result = 36.497689723968506
warmup-time = 37.68578505516052
all-measurements = [ 36.497689723968506, 37.6389594078064, 36.720439195632935,]
