best-result = 30.34073257446289
warmup-time = 31.197940587997437
all-measurements = [ 31.359904289245605, 30.34073257446289, 31.233936548233032,]
