best-result = 258.06625747680664
warmup-time = 267.78861379623413
all-measurements = [ 258.06625747680664, 261.58586835861206, 261.5600984096527,]
