best-result = 36.57680654525757
warmup-time = 36.513989210128784
all-measurements = [ 36.57680654525757, 37.38981866836548, 36.886274099349976,]
