best-result = 111.09724712371826
warmup-time = 114.24683666229248
all-measurements = [ 111.09724712371826, 113.5055582523346, 111.70544362068176,]
