best-result = 39.723440170288086
warmup-time = 40.369845151901245
all-measurements = [ 40.86669993400574, 39.723440170288086, 40.349703311920166,]
