best-result = 46.56095767021179
warmup-time = 47.40854477882385
all-measurements = [ 48.025822162628174, 47.14511704444885, 46.56095767021179,]
