best-result = 33.13876700401306
warmup-time = 33.89919090270996
all-measurements = [ 33.13876700401306, 33.59300398826599, 33.45440363883972,]
