best-result = 36.05433917045593
warmup-time = 37.11485958099365
all-measurements = [ 36.607553243637085, 37.35126614570618, 36.05433917045593,]
