best-result = 60.56910705566406
warmup-time = 63.36044001579285
all-measurements = [ 61.221696853637695, 64.03725862503052, 60.56910705566406,]
