best-result = 222.9546995162964
warmup-time = 226.11340808868408
all-measurements = [ 225.9633753299713, 230.13083505630493, 222.9546995162964,]
