best-result = 513.1951456069946
warmup-time = 518.4342007637024
all-measurements = [ 513.1951456069946, 516.2887074947357, 518.4433736801147,]
