best-result = 36.74565505981445
warmup-time = 37.495880365371704
all-measurements = [ 36.74565505981445, 37.29052662849426, 37.82287049293518,]
