best-result = 28.796114683151245
warmup-time = 28.149391651153564
all-measurements = [ 28.888914346694946, 28.87959337234497, 28.796114683151245,]
