best-result = 71.36429452896118
warmup-time = 80.37783336639404
all-measurements = [ 77.20197749137878, 71.36429452896118, 77.74558973312378,]
