best-result = 60.37128472328186
warmup-time = 62.161003828048706
all-measurements = [ 60.687016248703, 62.47237300872803, 60.37128472328186,]
