best-result = 27.303308725357056
warmup-time = 28.092158555984497
all-measurements = [ 27.6858172416687, 28.014162063598633, 27.303308725357056,]
