best-result = 31.41514801979065
warmup-time = 34.94373631477356
all-measurements = [ 31.41514801979065, 34.79475784301758, 34.948450565338135,]
