best-result = 33.39858865737915
warmup-time = 33.38729643821716
all-measurements = [ 34.317129373550415, 33.47808527946472, 33.39858865737915,]
