best-result = 42.38888931274414
warmup-time = 41.497477293014526
all-measurements = [ 42.699766397476196, 42.38888931274414, 42.94747304916382,]
