best-result = 94.14669847488403
warmup-time = 95.69616436958313
all-measurements = [ 94.14669847488403, 97.7343499660492, 95.9244954586029,]
