best-result = 27.495989561080933
warmup-time = 27.922126531600952
all-measurements = [ 29.279338598251343, 27.849268674850464, 27.495989561080933,]
