best-result = 34.248329162597656
warmup-time = 34.56533741950989
all-measurements = [ 35.420987367630005, 34.248329162597656, 34.7050416469574,]
