best-result = 86.08681130409241
warmup-time = 89.98021173477173
all-measurements = [ 87.0128436088562, 92.09761834144592, 86.08681130409241,]
