best-result = 38.44219636917114
warmup-time = 39.17926478385925
all-measurements = [ 39.63462710380554, 38.44219636917114, 38.6972553730011,]
