best-result = 42.916248083114624
warmup-time = 44.191324949264526
all-measurements = [ 45.247597217559814, 42.916248083114624, 45.2422890663147,]
