best-result = 27.99127984046936
warmup-time = 28.755265951156616
all-measurements = [ 28.692614316940308, 27.99127984046936, 28.853338479995728,]
