best-result = 637.8825888633728
warmup-time = 684.2870602607727
all-measurements = [ 647.3357982635498, 637.8825888633728, 643.9345388412476,]
