best-result = 172.28228783607483
warmup-time = 173.59276795387268
all-measurements = [ 173.6260826587677, 172.28228783607483, 175.81799387931824,]
