best-result = 65.07016897201538
warmup-time = 66.79608464241028
all-measurements = [ 65.07016897201538, 71.14381814002991, 66.01688170433044,]
