best-result = 21.03193998336792
warmup-time = 21.782854557037354
all-measurements = [ 21.03193998336792, 21.44447922706604, 21.57438087463379,]
