best-result = 46.36343169212341
warmup-time = 64.2452929019928
all-measurements = [ 46.64818596839905, 46.36343169212341, 46.871400594711304,]
