best-result = 46.09932804107666
warmup-time = 58.39681005477905
all-measurements = [ 46.185317277908325, 46.09932804107666, 46.32933783531189,]
