best-result = 960.3911921977997
warmup-time = 1150.210303068161
all-measurements = [ 980.5498883724213, 966.8415157794952, 960.3911921977997,]
