best-result = 80.90811252593994
warmup-time = 94.21190023422241
all-measurements = [ 80.90811252593994, 81.15737533569336, 81.14961361885071,]
