best-result = 77.85304951667786
warmup-time = 97.18647122383118
all-measurements = [ 77.85304951667786, 77.92798352241516, 78.31369805335999,]
