best-result = 68.22574067115784
warmup-time = 91.0960340499878
all-measurements = [ 69.83170533180237, 68.22574067115784, 68.66933393478394,]
