best-result = 83.73019218444824
warmup-time = 97.79235124588013
all-measurements = [ 83.73019218444824, 84.7718780040741, 83.88013744354248,]
