best-result = 589.2342753410339
warmup-time = 596.4472124576569
all-measurements = [ 591.3282845020294, 589.2342753410339, 591.3259997367859,]
