best-result = 61.33812499046326
warmup-time = 74.60393238067627
all-measurements = [ 61.91617512702942, 61.33812499046326, 61.97339200973511,]
