best-result = 230.0904335975647
warmup-time = 393.12630319595337
all-measurements = [ 230.205397605896, 230.0904335975647, 230.8448441028595,]
