best-result = 440.0688736438751
warmup-time = 905.4111187458038
all-measurements = [ 441.5266606807709, 440.0688736438751, 441.1654953956604,]
