best-result = 59.4697470664978
warmup-time = 75.52171277999878
all-measurements = [ 59.68421125411987, 60.09565353393555, 59.4697470664978,]
