best-result = 856.1558971405029
warmup-time = 889.9724636077881
all-measurements = [ 864.1530168056488, 861.7799670696259, 856.1558971405029,]
