best-result = 26.538719415664673
warmup-time = 35.0718789100647
all-measurements = [ 26.67402482032776, 26.919010162353516, 26.538719415664673,]
