best-result = 57.89710998535156
warmup-time = 71.76150178909302
all-measurements = [ 58.188711404800415, 57.89710998535156, 58.20867466926575,]
