best-result = 55.07881140708923
warmup-time = 68.39292550086975
all-measurements = [ 55.07881140708923, 55.575746059417725, 55.17792463302612,]
