best-result = 107.65880370140076
warmup-time = 136.41724395751953
all-measurements = [ 107.65880370140076, 108.2084846496582, 107.79092669487,]
