best-result = 768.2575967311859
warmup-time = 837.3268432617188
all-measurements = [ 770.3187961578369, 768.8893549442291, 768.2575967311859,]
