best-result = 33.13362097740173
warmup-time = 41.43928027153015
all-measurements = [ 33.13362097740173, 33.36132884025574, 33.65721774101257,]
