best-result = 52.607683420181274
warmup-time = 67.35394978523254
all-measurements = [ 52.607683420181274, 52.82599425315857, 53.026336431503296,]
