best-result = 49.019187211990356
warmup-time = 68.00764107704163
all-measurements = [ 49.019187211990356, 49.344616651535034, 49.265135526657104,]
