best-result = 77.94394183158875
warmup-time = 97.04920482635498
all-measurements = [ 77.94394183158875, 78.1485333442688, 79.31651520729065,]
