best-result = 35.351710081100464
warmup-time = 44.30988621711731
all-measurements = [ 35.351710081100464, 35.38357710838318, 35.697179079055786,]
