best-result = 341.76219844818115
warmup-time = 494.2631137371063
all-measurements = [ 341.76219844818115, 352.60500025749207, 352.2837266921997,]
