best-result = 101.48718285560608
warmup-time = 102.65100622177124
all-measurements = [ 102.32605075836182, 102.6809515953064, 101.48718285560608,]
