best-result = 21.27514386177063
warmup-time = 21.55556321144104
all-measurements = [ 21.292816400527954, 21.4934024810791, 21.27514386177063,]
