best-result = 46.52558708190918
warmup-time = 62.085041999816895
all-measurements = [ 46.61301612854004, 46.7194938659668, 46.52558708190918,]
