best-result = 45.996665477752686
warmup-time = 58.325103759765625
all-measurements = [ 46.58214855194092, 46.77390670776367, 45.996665477752686,]
