best-result = 972.1429495811462
warmup-time = 1169.9410943984985
all-measurements = [ 972.1429495811462, 972.2767260074615, 980.1619229316711,]
