best-result = 81.25983047485352
warmup-time = 93.81365156173706
all-measurements = [ 82.32374715805054, 81.25983047485352, 81.55788254737854,]
