best-result = 77.16072726249695
warmup-time = 97.90736413002014
all-measurements = [ 77.16072726249695, 77.42303109169006, 77.9894905090332,]
