best-result = 68.17179799079895
warmup-time = 90.6565158367157
all-measurements = [ 68.5399181842804, 69.44437646865845, 68.17179799079895,]
