best-result = 83.42361092567444
warmup-time = 96.90497255325317
all-measurements = [ 83.83949279785156, 83.42361092567444, 83.8006477355957,]
