best-result = 588.5581021308899
warmup-time = 608.5517015457153
all-measurements = [ 588.5581021308899, 591.6959671974182, 589.5274925231934,]
