best-result = 61.04081153869629
warmup-time = 79.13940000534058
all-measurements = [ 61.81023716926575, 61.14530849456787, 61.04081153869629,]
