best-result = 228.53239226341248
warmup-time = 388.0401360988617
all-measurements = [ 232.51247715950012, 228.53239226341248, 229.8457236289978,]
