best-result = 440.3246991634369
warmup-time = 896.7713768482208
all-measurements = [ 452.27962017059326, 440.3246991634369, 441.6865074634552,]
