best-result = 59.67819881439209
warmup-time = 75.09121632575989
all-measurements = [ 59.67819881439209, 70.70552730560303, 70.01231908798218,]
