best-result = 854.9395112991333
warmup-time = 887.6357049942017
all-measurements = [ 860.8491318225861, 859.9092373847961, 854.9395112991333,]
