best-result = 26.592243909835815
warmup-time = 34.95224094390869
all-measurements = [ 26.687419652938843, 26.66798424720764, 26.592243909835815,]
