best-result = 57.22982406616211
warmup-time = 71.17180752754211
all-measurements = [ 57.22982406616211, 58.91206383705139, 58.11507177352905,]
