best-result = 55.220332622528076
warmup-time = 68.44411659240723
all-measurements = [ 55.46395134925842, 55.220332622528076, 55.77709889411926,]
