best-result = 107.68801784515381
warmup-time = 137.8589427471161
all-measurements = [ 107.68801784515381, 108.30915522575378, 108.86483025550842,]
