best-result = 766.5960116386414
warmup-time = 834.9005324840546
all-measurements = [ 768.9763507843018, 770.060929775238, 766.5960116386414,]
