best-result = 33.02544355392456
warmup-time = 40.297611474990845
all-measurements = [ 33.61193799972534, 33.02544355392456, 33.18337631225586,]
