best-result = 52.87568402290344
warmup-time = 67.72737240791321
all-measurements = [ 52.89643359184265, 52.87568402290344, 52.92309236526489,]
