best-result = 48.705617904663086
warmup-time = 68.86543250083923
all-measurements = [ 48.705617904663086, 49.54374575614929, 49.1166627407074,]
