best-result = 78.34818410873413
warmup-time = 97.6159496307373
all-measurements = [ 78.65910124778748, 78.34818410873413, 79.5952296257019,]
