best-result = 35.10510015487671
warmup-time = 44.25145673751831
all-measurements = [ 35.10510015487671, 35.3821907043457, 35.21488118171692,]
