best-result = 344.918039560318
warmup-time = 485.5625846385956
all-measurements = [ 344.918039560318, 352.99887681007385, 347.0117254257202,]
