best-result = 101.60691118240356
warmup-time = 102.14735412597656
all-measurements = [ 101.60691118240356, 102.16466522216797, 102.4186999797821,]
