best-result = 25.995898485183716
warmup-time = 26.663918018341064
all-measurements = [ 26.416491508483887, 26.24969458580017, 25.995898485183716,]
