best-result = 36.44744801521301
warmup-time = 38.7143669128418
all-measurements = [ 39.55898833274841, 36.44744801521301, 36.837719202041626,]
