best-result = 30.59584927558899
warmup-time = 31.52474308013916
all-measurements = [ 31.97544813156128, 30.59584927558899, 31.539881229400635,]
