best-result = 256.0766830444336
warmup-time = 261.96191334724426
all-measurements = [ 256.85370779037476, 256.0766830444336, 257.305273771286,]
