best-result = 36.133761405944824
warmup-time = 36.58765387535095
all-measurements = [ 36.40958881378174, 36.133761405944824, 36.214516401290894,]
