best-result = 112.0416305065155
warmup-time = 115.64617609977722
all-measurements = [ 112.0416305065155, 115.24813079833984, 112.28694868087769,]
