best-result = 40.505295276641846
warmup-time = 40.28745150566101
all-measurements = [ 40.60319781303406, 41.13778352737427, 40.505295276641846,]
