best-result = 47.46932601928711
warmup-time = 49.075677156448364
all-measurements = [ 48.01420855522156, 49.28022050857544, 47.46932601928711,]
