best-result = 33.48641633987427
warmup-time = 35.01547360420227
all-measurements = [ 33.48641633987427, 34.416938066482544, 34.752500772476196,]
