best-result = 37.400301456451416
warmup-time = 37.78754448890686
all-measurements = [ 37.400301456451416, 37.43872952461243, 37.56744194030762,]
