best-result = 59.45501756668091
warmup-time = 65.18968296051025
all-measurements = [ 62.481468200683594, 59.45501756668091, 64.15687417984009,]
