best-result = 222.42503786087036
warmup-time = 227.5435357093811
all-measurements = [ 222.42503786087036, 225.95469331741333, 226.46471786499023,]
