best-result = 513.7002592086792
warmup-time = 516.3333759307861
all-measurements = [ 515.5527513027191, 514.9174654483795, 513.7002592086792,]
