best-result = 36.340171337127686
warmup-time = 36.0267870426178
all-measurements = [ 38.74575591087341, 36.81201481819153, 36.340171337127686,]
