best-result = 28.659057140350342
warmup-time = 29.100265979766846
all-measurements = [ 28.88133478164673, 29.32837724685669, 28.659057140350342,]
