best-result = 76.33217263221741
warmup-time = 76.76257967948914
all-measurements = [ 79.59559845924377, 83.7513599395752, 76.33217263221741,]
