best-result = 60.77014136314392
warmup-time = 61.32929849624634
all-measurements = [ 60.77014136314392, 61.883110761642456, 61.40619444847107,]
