best-result = 27.641092777252197
warmup-time = 28.623146295547485
all-measurements = [ 28.316572666168213, 27.641092777252197, 29.09065866470337,]
