best-result = 32.310967445373535
warmup-time = 35.47956919670105
all-measurements = [ 35.206952810287476, 32.310967445373535, 35.51303839683533,]
