best-result = 32.29567074775696
warmup-time = 34.19481921195984
all-measurements = [ 32.55533838272095, 33.125346660614014, 32.29567074775696,]
