best-result = 43.1417498588562
warmup-time = 44.77569317817688
all-measurements = [ 43.1417498588562, 43.19163966178894, 43.51904821395874,]
