best-result = 94.86654734611511
warmup-time = 97.93401384353638
all-measurements = [ 96.56243872642517, 94.86654734611511, 97.55690503120422,]
