best-result = 27.559765338897705
warmup-time = 29.37864089012146
all-measurements = [ 27.559765338897705, 28.479172468185425, 27.68444538116455,]
