best-result = 33.825119495391846
warmup-time = 34.676313161849976
all-measurements = [ 34.17123293876648, 33.825119495391846, 35.96387791633606,]
