best-result = 86.5036370754242
warmup-time = 89.96605110168457
all-measurements = [ 88.63865923881531, 86.5036370754242, 93.0327935218811,]
