best-result = 38.314064264297485
warmup-time = 39.27977275848389
all-measurements = [ 38.314064264297485, 39.361270904541016, 38.62338137626648,]
