best-result = 43.379427671432495
warmup-time = 44.2247109413147
all-measurements = [ 45.676390647888184, 43.379427671432495, 44.839229583740234,]
