best-result = 28.098955869674683
warmup-time = 29.424978971481323
all-measurements = [ 28.098955869674683, 29.628584146499634, 28.992010831832886,]
