best-result = 632.8877644538879
warmup-time = 677.596700668335
all-measurements = [ 634.824765920639, 634.8813383579254, 632.8877644538879,]
