best-result = 169.92156672477722
warmup-time = 174.8044044971466
all-measurements = [ 169.92156672477722, 175.9230408668518, 173.1782102584839,]
