best-result = 65.07370591163635
warmup-time = 66.55488348007202
all-measurements = [ 67.56673812866211, 67.49382328987122, 65.07370591163635,]
