best-result = 25.4531352519989
warmup-time = 26.33134913444519
all-measurements = [ 26.01705503463745, 25.997273921966553, 25.4531352519989,]
