best-result = 37.09840965270996
warmup-time = 38.52999019622803
all-measurements = [ 38.44297432899475, 37.09840965270996, 38.0373957157135,]
