best-result = 30.226185083389282
warmup-time = 31.74095630645752
all-measurements = [ 31.889457941055298, 32.004223346710205, 30.226185083389282,]
