best-result = 278.2077271938324
warmup-time = 279.6105372905731
all-measurements = [ 280.20425724983215, 278.2077271938324, 279.41395592689514,]
