best-result = 36.19507455825806
warmup-time = 37.98908877372742
all-measurements = [ 37.21704459190369, 36.47735857963562, 36.19507455825806,]
