best-result = 112.44723606109619
warmup-time = 114.39212727546692
all-measurements = [ 113.9244909286499, 112.44723606109619, 115.88580441474915,]
