best-result = 40.45292782783508
warmup-time = 41.97424650192261
all-measurements = [ 40.45292782783508, 40.92131042480469, 42.30518817901611,]
