best-result = 47.81234407424927
warmup-time = 50.69771671295166
all-measurements = [ 50.47343635559082, 47.81234407424927, 48.64011883735657,]
