best-result = 32.1635422706604
warmup-time = 33.52218246459961
all-measurements = [ 34.52881217002869, 32.1635422706604, 33.38838076591492,]
