best-result = 63.23006987571716
warmup-time = 65.47504472732544
all-measurements = [ 65.49631881713867, 64.40495610237122, 63.23006987571716,]
