best-result = 240.26210832595825
warmup-time = 243.04125046730042
all-measurements = [ 240.544939994812, 240.26210832595825, 241.2518346309662,]
