best-result = 541.3431124687195
warmup-time = 550.8792872428894
all-measurements = [ 543.0721800327301, 541.3431124687195, 542.7579138278961,]
