best-result = 36.53349161148071
warmup-time = 36.082900285720825
all-measurements = [ 38.71227788925171, 36.53349161148071, 37.08309364318848,]
