best-result = 28.697736024856567
warmup-time = 28.75546956062317
all-measurements = [ 29.049527406692505, 28.697736024856567, 29.108423471450806,]
