best-result = 76.91833567619324
warmup-time = 76.2749171257019
all-measurements = [ 83.17339396476746, 77.39664101600647, 76.91833567619324,]
