best-result = 61.67395377159119
warmup-time = 62.87193179130554
all-measurements = [ 64.86388921737671, 64.5736403465271, 61.67395377159119,]
