best-result = 26.719977617263794
warmup-time = 28.504436016082764
all-measurements = [ 26.719977617263794, 28.147762298583984, 26.991201639175415,]
