best-result = 31.852478504180908
warmup-time = 32.30363845825195
all-measurements = [ 35.5389518737793, 31.852478504180908, 35.250900983810425,]
