best-result = 33.2697057723999
warmup-time = 35.03033709526062
all-measurements = [ 33.44878840446472, 33.2697057723999, 34.578129291534424,]
