best-result = 42.75262117385864
warmup-time = 43.94904112815857
all-measurements = [ 44.18576002120972, 42.75262117385864, 43.316770792007446,]
