best-result = 97.56357502937317
warmup-time = 100.34665632247925
all-measurements = [ 97.8416588306427, 98.74958324432373, 97.56357502937317,]
