best-result = 27.798202514648438
warmup-time = 29.33614492416382
all-measurements = [ 27.798202514648438, 28.750378370285034, 28.50286841392517,]
