best-result = 35.151084661483765
warmup-time = 34.755579233169556
all-measurements = [ 35.29341506958008, 35.151084661483765, 35.778191328048706,]
