best-result = 88.47922468185425
warmup-time = 99.73032760620117
all-measurements = [ 88.47922468185425, 98.80362319946289, 99.76850843429565,]
