best-result = 38.60710120201111
warmup-time = 40.15855669975281
all-measurements = [ 38.60710120201111, 40.334429025650024, 40.58047556877136,]
