best-result = 44.443687200546265
warmup-time = 44.0227952003479
all-measurements = [ 45.744325160980225, 44.89753842353821, 44.443687200546265,]
