best-result = 27.65371060371399
warmup-time = 29.3585786819458
all-measurements = [ 28.832433223724365, 28.99004340171814, 27.65371060371399,]
