best-result = 721.516773223877
warmup-time = 742.0715007781982
all-measurements = [ 732.1029624938965, 721.516773223877, 722.5106213092804,]
