best-result = 180.09121322631836
warmup-time = 181.04160141944885
all-measurements = [ 180.09121322631836, 184.25382494926453, 184.25581741333008,]
