best-result = 58.98748755455017
warmup-time = 66.92980241775513
all-measurements = [ 58.98748755455017, 65.58166599273682, 70.24200701713562,]
