best-result = 26.095487117767334
warmup-time = 26.2177574634552
all-measurements = [ 26.095487117767334, 26.907296895980835, 26.83771324157715,]
