best-result = 37.956889390945435
warmup-time = 41.177101373672485
all-measurements = [ 37.956889390945435, 38.795960426330566, 38.17933011054993,]
