best-result = 33.22913670539856
warmup-time = 34.01099371910095
all-measurements = [ 33.22913670539856, 34.16601300239563, 33.714659690856934,]
