best-result = 287.588609457016
warmup-time = 288.3447172641754
all-measurements = [ 287.8833239078522, 287.80233812332153, 287.588609457016,]
