best-result = 37.64496445655823
warmup-time = 39.512158155441284
all-measurements = [ 37.64496445655823, 37.7264769077301, 37.64732050895691,]
