best-result = 43.36216354370117
warmup-time = 44.246442794799805
all-measurements = [ 43.36216354370117, 45.78770160675049, 44.657949686050415,]
