best-result = 51.662251234054565
warmup-time = 53.39039325714111
all-measurements = [ 53.2556312084198, 51.662251234054565, 54.751996994018555,]
