best-result = 35.93258547782898
warmup-time = 34.09186410903931
all-measurements = [ 35.93258547782898, 36.17737364768982, 36.890647172927856,]
