best-result = 39.67235565185547
warmup-time = 42.27087330818176
all-measurements = [ 41.73768711090088, 39.67235565185547, 40.278815031051636,]
