best-result = 58.923885107040405
warmup-time = 58.608142614364624
all-measurements = [ 67.12171983718872, 58.923885107040405, 62.79806733131409,]
