best-result = 257.3372826576233
warmup-time = 258.78413558006287
all-measurements = [ 257.3372826576233, 257.63079953193665, 258.08098340034485,]
