best-result = 597.849217414856
warmup-time = 596.0351839065552
all-measurements = [ 597.849217414856, 598.5842280387878, 598.7082521915436,]
