best-result = 36.56385922431946
warmup-time = 39.04329204559326
all-measurements = [ 38.97922420501709, 36.778950929641724, 36.56385922431946,]
