best-result = 67.39799499511719
warmup-time = 70.57627248764038
all-measurements = [ 68.87819719314575, 67.39799499511719, 68.65170645713806,]
