best-result = 27.83378005027771
warmup-time = 30.349480867385864
all-measurements = [ 27.83378005027771, 29.592570543289185, 28.89292073249817,]
