best-result = 37.161147117614746
warmup-time = 38.39376997947693
all-measurements = [ 37.99696207046509, 38.43961429595947, 37.161147117614746,]
