best-result = 34.190661668777466
warmup-time = 34.19464063644409
all-measurements = [ 35.797749757766724, 35.660935163497925, 34.190661668777466,]
