best-result = 44.895822286605835
warmup-time = 45.80259108543396
all-measurements = [ 46.86902141571045, 45.395113945007324, 44.895822286605835,]
