best-result = 105.1231963634491
warmup-time = 107.31590604782104
all-measurements = [ 105.1231963634491, 107.4041895866394, 106.67856574058533,]
