best-result = 28.329160690307617
warmup-time = 30.35161805152893
all-measurements = [ 29.676532983779907, 28.329160690307617, 30.6368727684021,]
