best-result = 35.77571773529053
warmup-time = 36.2002227306366
all-measurements = [ 35.77571773529053, 36.90072679519653, 37.000285625457764,]
