best-result = 42.05041456222534
warmup-time = 42.66071629524231
all-measurements = [ 42.779454946517944, 43.656370878219604, 42.05041456222534,]
