best-result = 46.29811763763428
warmup-time = 46.01032638549805
all-measurements = [ 46.29811763763428, 46.487366914749146, 46.934231996536255,]
