best-result = 29.22656273841858
warmup-time = 29.531312704086304
all-measurements = [ 29.47446632385254, 29.775907278060913, 29.22656273841858,]
