best-result = 737.8438141345978
warmup-time = 736.7626020908356
all-measurements = [ 747.1901035308838, 737.8438141345978, 744.3707430362701,]
