best-result = 196.93589687347412
warmup-time = 195.21086144447327
all-measurements = [ 197.72479820251465, 196.93589687347412, 197.45029854774475,]
