best-result = 45.822674036026
warmup-time = 44.458860874176025
all-measurements = [ 46.458616495132446, 47.77349352836609, 45.822674036026,]
