best-result = 25.55768084526062
warmup-time = 25.812490940093994
all-measurements = [ 25.55768084526062, 26.147451162338257, 26.32027530670166,]
