best-result = 37.018696546554565
warmup-time = 36.7240777015686
all-measurements = [ 37.499557971954346, 37.018696546554565, 37.28102374076843,]
