best-result = 30.135037899017334
warmup-time = 31.220046758651733
all-measurements = [ 30.602521657943726, 32.25226974487305, 30.135037899017334,]
