best-result = 259.30609011650085
warmup-time = 267.77734875679016
all-measurements = [ 259.30609011650085, 267.3062512874603, 265.8229787349701,]
