best-result = 37.01804304122925
warmup-time = 37.41226267814636
all-measurements = [ 37.01804304122925, 37.12789988517761, 37.43779015541077,]
