best-result = 40.70226502418518
warmup-time = 41.89015603065491
all-measurements = [ 40.822893142700195, 41.985331535339355, 40.70226502418518,]
