best-result = 48.09073042869568
warmup-time = 48.74348211288452
all-measurements = [ 49.47376203536987, 49.36236381530762, 48.09073042869568,]
