best-result = 32.460023164749146
warmup-time = 32.795783281326294
all-measurements = [ 32.460023164749146, 33.417712926864624, 33.64837694168091,]
