best-result = 37.0024151802063
warmup-time = 36.877288818359375
all-measurements = [ 37.495598554611206, 37.0024151802063, 37.40034103393555,]
