best-result = 62.03610849380493
warmup-time = 61.90504503250122
all-measurements = [ 64.14072728157043, 62.14722681045532, 62.03610849380493,]
