best-result = 222.9599974155426
warmup-time = 231.19882154464722
all-measurements = [ 222.9599974155426, 226.31254816055298, 225.8826448917389,]
