best-result = 518.7286167144775
warmup-time = 523.7312111854553
all-measurements = [ 520.9977130889893, 519.0080926418304, 518.7286167144775,]
