best-result = 35.327388763427734
warmup-time = 37.08893394470215
all-measurements = [ 35.327388763427734, 38.104645013809204, 36.977163791656494,]
