best-result = 76.24680805206299
warmup-time = 91.02600455284119
all-measurements = [ 79.57992696762085, 77.2458233833313, 76.24680805206299,]
