best-result = 62.67788362503052
warmup-time = 65.4836049079895
all-measurements = [ 62.67788362503052, 66.10697269439697, 69.96793460845947,]
