best-result = 29.04335856437683
warmup-time = 31.997403383255005
all-measurements = [ 30.920097827911377, 29.04335856437683, 31.2208092212677,]
