best-result = 39.85454273223877
warmup-time = 41.71627998352051
all-measurements = [ 40.420318603515625, 39.85454273223877, 40.86188793182373,]
