best-result = 35.952250719070435
warmup-time = 37.15919852256775
all-measurements = [ 37.381685733795166, 36.1117525100708, 35.952250719070435,]
