best-result = 42.518802642822266
warmup-time = 47.70027017593384
all-measurements = [ 44.07357144355774, 42.518802642822266, 43.65366172790527,]
