best-result = 95.87247347831726
warmup-time = 96.5613603591919
all-measurements = [ 95.87247347831726, 99.09395337104797, 95.90062069892883,]
