best-result = 27.10885524749756
warmup-time = 27.908068656921387
all-measurements = [ 27.27999711036682, 27.10885524749756, 28.750465154647827,]
