best-result = 34.34630751609802
warmup-time = 33.50640249252319
all-measurements = [ 35.34275579452515, 35.094157218933105, 34.34630751609802,]
