best-result = 89.81650185585022
warmup-time = 98.77874732017517
all-measurements = [ 92.16479587554932, 89.81650185585022, 90.88142991065979,]
