best-result = 38.07098627090454
warmup-time = 40.42428255081177
all-measurements = [ 38.88928270339966, 38.87034487724304, 38.07098627090454,]
