best-result = 43.56657934188843
warmup-time = 43.804309606552124
all-measurements = [ 45.17596507072449, 43.56657934188843, 44.96811032295227,]
