best-result = 27.359113931655884
warmup-time = 28.006969213485718
all-measurements = [ 28.46075201034546, 28.465169668197632, 27.359113931655884,]
