best-result = 693.0438811779022
warmup-time = 726.2088363170624
all-measurements = [ 693.0438811779022, 695.5296220779419, 701.4748272895813,]
