best-result = 171.94097089767456
warmup-time = 176.70702147483826
all-measurements = [ 171.94097089767456, 176.46900844573975, 172.98684692382812,]
