best-result = 68.0837619304657
warmup-time = 58.49213719367981
all-measurements = [ 68.17832493782043, 69.8001000881195, 68.0837619304657,]
