best-result = 25.536675691604614
warmup-time = 26.202940464019775
all-measurements = [ 25.660771131515503, 25.536675691604614, 26.174193382263184,]
