best-result = 35.526570081710815
warmup-time = 38.75773239135742
all-measurements = [ 35.526570081710815, 36.75606656074524, 38.876452684402466,]
