best-result = 29.725419521331787
warmup-time = 30.738122940063477
all-measurements = [ 31.86833906173706, 30.21354866027832, 29.725419521331787,]
