best-result = 254.10522937774658
warmup-time = 264.5554304122925
all-measurements = [ 254.10522937774658, 258.9858009815216, 264.6789884567261,]
