best-result = 35.747501850128174
warmup-time = 36.302037715911865
all-measurements = [ 36.15384244918823, 35.747501850128174, 36.80524230003357,]
