best-result = 111.30895614624023
warmup-time = 118.49084210395813
all-measurements = [ 111.70672154426575, 111.30895614624023, 111.48321318626404,]
