best-result = 39.493958473205566
warmup-time = 39.67047595977783
all-measurements = [ 41.07012104988098, 39.493958473205566, 41.54309582710266,]
