best-result = 46.60036110877991
warmup-time = 48.737969636917114
all-measurements = [ 46.60036110877991, 48.3362774848938, 47.510063886642456,]
