best-result = 33.07161092758179
warmup-time = 32.958550453186035
all-measurements = [ 35.487215995788574, 33.961108684539795, 33.07161092758179,]
