best-result = 36.91251254081726
warmup-time = 38.671088457107544
all-measurements = [ 36.91251254081726, 36.926274061203, 37.03385543823242,]
