best-result = 59.37255311012268
warmup-time = 60.737908601760864
all-measurements = [ 61.29313683509827, 59.514872789382935, 59.37255311012268,]
