best-result = 223.9527304172516
warmup-time = 227.04428577423096
all-measurements = [ 224.12139678001404, 223.9527304172516, 225.8145046234131,]
