best-result = 509.88683128356934
warmup-time = 517.4305329322815
all-measurements = [ 509.88683128356934, 511.4685094356537, 515.6615633964539,]
