best-result = 35.87894916534424
warmup-time = 37.052868127822876
all-measurements = [ 37.1678364276886, 37.44276022911072, 35.87894916534424,]
