best-result = 28.635403871536255
warmup-time = 29.01983094215393
all-measurements = [ 28.635403871536255, 29.006571292877197, 28.99633550643921,]
