best-result = 76.05758452415466
warmup-time = 77.35836052894592
all-measurements = [ 77.41619944572449, 76.05758452415466, 77.7139401435852,]
