best-result = 60.599377393722534
warmup-time = 61.861483335494995
all-measurements = [ 61.37638568878174, 62.985127687454224, 60.599377393722534,]
