best-result = 27.58952522277832
warmup-time = 27.65773057937622
all-measurements = [ 28.924326181411743, 27.58952522277832, 28.026968002319336,]
