best-result = 34.50833034515381
warmup-time = 32.386194705963135
all-measurements = [ 35.13311290740967, 35.25151467323303, 34.50833034515381,]
