best-result = 31.9706130027771
warmup-time = 34.8904082775116
all-measurements = [ 31.9706130027771, 33.93418025970459, 32.43673801422119,]
