best-result = 41.62801790237427
warmup-time = 41.37518334388733
all-measurements = [ 42.35633683204651, 41.62801790237427, 42.618831634521484,]
