best-result = 94.24959254264832
warmup-time = 96.46673226356506
all-measurements = [ 96.25611877441406, 98.33740973472595, 94.24959254264832,]
