best-result = 28.78731656074524
warmup-time = 29.655259132385254
all-measurements = [ 29.252742767333984, 29.441844940185547, 28.78731656074524,]
