best-result = 34.414630651474
warmup-time = 35.64059257507324
all-measurements = [ 35.205233573913574, 34.414630651474, 35.12972545623779,]
