best-result = 91.16136407852173
warmup-time = 88.59354400634766
all-measurements = [ 93.90887451171875, 91.16136407852173, 94.71803689002991,]
