best-result = 38.53775143623352
warmup-time = 37.74314618110657
all-measurements = [ 39.767374753952026, 38.53775143623352, 39.298486948013306,]
