best-result = 44.801193714141846
warmup-time = 43.16093683242798
all-measurements = [ 45.19919037818909, 44.801193714141846, 45.81398367881775,]
