best-result = 27.835229635238647
warmup-time = 28.80602765083313
all-measurements = [ 28.792243242263794, 27.835229635238647, 28.776238679885864,]
