best-result = 642.4278266429901
warmup-time = 681.3222393989563
all-measurements = [ 644.3175253868103, 648.9873387813568, 642.4278266429901,]
