best-result = 169.83452129364014
warmup-time = 174.65322279930115
all-measurements = [ 174.75261521339417, 169.83452129364014, 173.1741259098053,]
