best-result = 64.64031052589417
warmup-time = 68.83305430412292
all-measurements = [ 64.64031052589417, 66.5195722579956, 64.67802381515503,]
