best-result = 22.996238946914673
warmup-time = 22.83162522315979
all-measurements = [ 22.996238946914673, 23.418948888778687, 23.19528603553772,]
