best-result = 46.59070420265198
warmup-time = 63.8922119140625
all-measurements = [ 46.6046667098999, 46.68858766555786, 46.59070420265198,]
