best-result = 45.887871742248535
warmup-time = 59.13993239402771
all-measurements = [ 45.919650077819824, 45.887871742248535, 46.272300243377686,]
