best-result = 897.525627374649
warmup-time = 1097.9515035152435
all-measurements = [ 897.525627374649, 900.8512804508209, 903.5596373081207,]
