best-result = 84.58807396888733
warmup-time = 98.70960068702698
all-measurements = [ 84.58807396888733, 86.04196405410767, 85.84211587905884,]
