best-result = 982.5864858627319
warmup-time = 1008.9045476913452
all-measurements = [ 985.8933775424957, 982.5864858627319, 984.8675670623779,]
