best-result = 81.86907505989075
warmup-time = 101.95539975166321
all-measurements = [ 81.86907505989075, 82.0873773097992, 82.35264945030212,]
