best-result = 67.00615096092224
warmup-time = 89.09868550300598
all-measurements = [ 67.27484822273254, 67.60361528396606, 67.00615096092224,]
