best-result = 90.67358469963074
warmup-time = 105.97130870819092
all-measurements = [ 90.67358469963074, 92.14312791824341, 91.21922588348389,]
