best-result = 641.3267955780029
warmup-time = 664.3440327644348
all-measurements = [ 641.4573032855988, 641.3267955780029, 645.3453586101532,]
