best-result = 60.84731602668762
warmup-time = 76.53976535797119
all-measurements = [ 61.79448080062866, 61.68672037124634, 60.84731602668762,]
