best-result = 205.1392321586609
warmup-time = 357.1687433719635
all-measurements = [ 207.37293219566345, 206.05992603302002, 205.1392321586609,]
