best-result = 423.6166398525238
warmup-time = 861.9425127506256
all-measurements = [ 423.6166398525238, 427.81115913391113, 426.8494510650635,]
