best-result = 61.98407196998596
warmup-time = 77.62485885620117
all-measurements = [ 62.35492157936096, 62.42537021636963, 61.98407196998596,]
