best-result = 39.724783182144165
warmup-time = 47.81650686264038
all-measurements = [ 40.19237446784973, 39.724783182144165, 39.81139802932739,]
