best-result = 133.119891166687
warmup-time = 158.1410310268402
all-measurements = [ 133.119891166687, 134.28636837005615, 133.35573935508728,]
