best-result = 893.7174220085144
warmup-time = 935.4524891376495
all-measurements = [ 902.3673255443573, 893.7174220085144, 900.184191942215,]
