best-result = 27.715410470962524
warmup-time = 35.962146043777466
all-measurements = [ 27.770516395568848, 27.715410470962524, 27.8992760181427,]
