best-result = 56.745147705078125
warmup-time = 70.16016626358032
all-measurements = [ 57.298954248428345, 56.745147705078125, 57.18588423728943,]
