best-result = 58.90189790725708
warmup-time = 74.12445950508118
all-measurements = [ 70.20427536964417, 66.46727585792542, 58.90189790725708,]
