best-result = 109.41731333732605
warmup-time = 137.97599053382874
all-measurements = [ 109.41731333732605, 109.51390552520752, 109.8572199344635,]
