best-result = 772.3450667858124
warmup-time = 842.3375821113586
all-measurements = [ 777.02481341362, 772.3450667858124, 773.670637845993,]
