best-result = 33.70158791542053
warmup-time = 43.032907485961914
all-measurements = [ 33.70158791542053, 34.0993709564209, 34.040857553482056,]
