best-result = 54.99761605262756
warmup-time = 70.70761370658875
all-measurements = [ 55.44047522544861, 55.056822538375854, 54.99761605262756,]
