best-result = 1566.7558000087738
warmup-time = 2421.4786145687103
all-measurements = [ 2125.2962379455566, 2436.2395989894867, 1566.7558000087738,]
