best-result = 48.08751153945923
warmup-time = 69.01141786575317
all-measurements = [ 48.265151023864746, 48.08751153945923, 48.673211336135864,]
