best-result = 77.18846583366394
warmup-time = 97.6590805053711
all-measurements = [ 77.9466814994812, 77.32123374938965, 77.18846583366394,]
