best-result = 36.955015659332275
warmup-time = 46.56816124916077
all-measurements = [ 36.955015659332275, 37.29157209396362, 37.0120530128479,]
