best-result = 338.68589067459106
warmup-time = 478.8991627693176
all-measurements = [ 347.80866026878357, 342.5695683956146, 338.68589067459106,]
