best-result = 58.80681872367859
warmup-time = 59.16360259056091
all-measurements = [ 58.80681872367859, 59.440353870391846, 59.16797351837158,]
