best-result = 23.635226011276245
warmup-time = 24.1039936542511
all-measurements = [ 24.07689118385315, 23.635226011276245, 23.69878053665161,]
