best-result = 46.92380976676941
warmup-time = 63.117138385772705
all-measurements = [ 47.47526025772095, 47.20086121559143, 46.92380976676941,]
