best-result = 47.279951095581055
warmup-time = 59.14615511894226
all-measurements = [ 47.46050524711609, 47.279951095581055, 48.301064252853394,]
