best-result = 903.9438097476959
warmup-time = 1086.2133212089539
all-measurements = [ 903.9438097476959, 907.0710101127625, 905.7790031433105,]
