best-result = 85.8691680431366
warmup-time = 99.1101484298706
all-measurements = [ 85.8691680431366, 86.0174663066864, 86.79342913627625,]
