best-result = 989.5567674636841
warmup-time = 1019.1024742126465
all-measurements = [ 990.2327721118927, 989.8466145992279, 989.5567674636841,]
