best-result = 65.81902647018433
warmup-time = 81.30718445777893
all-measurements = [ 65.81902647018433, 66.63945841789246, 67.04355454444885,]
