best-result = 83.9334979057312
warmup-time = 104.95727515220642
all-measurements = [ 83.9334979057312, 84.022864818573, 84.83966040611267,]
