best-result = 68.59089851379395
warmup-time = 88.23418188095093
all-measurements = [ 69.44042778015137, 68.59089851379395, 68.63788962364197,]
