best-result = 91.24483680725098
warmup-time = 106.14608883857727
all-measurements = [ 91.66057562828064, 92.95820331573486, 91.24483680725098,]
