best-result = 641.5048410892487
warmup-time = 659.1618754863739
all-measurements = [ 642.469649553299, 641.8984723091125, 641.5048410892487,]
