best-result = 62.55531573295593
warmup-time = 75.50242567062378
all-measurements = [ 63.703370809555054, 62.55531573295593, 63.29384803771973,]
