best-result = 192.45326709747314
warmup-time = 343.5876519680023
all-measurements = [ 192.91685843467712, 193.19773507118225, 192.45326709747314,]
