best-result = 384.9503176212311
warmup-time = 833.5955331325531
all-measurements = [ 387.8274188041687, 389.8889820575714, 384.9503176212311,]
