best-result = 62.6093955039978
warmup-time = 79.60212111473083
all-measurements = [ 62.966726779937744, 62.71683716773987, 62.6093955039978,]
