best-result = 41.1097252368927
warmup-time = 48.314693450927734
all-measurements = [ 41.11246705055237, 41.36297655105591, 41.1097252368927,]
