best-result = 135.38301014900208
warmup-time = 159.9517469406128
all-measurements = [ 135.65281224250793, 135.38301014900208, 135.96210980415344,]
