best-result = 929.323947429657
warmup-time = 960.5823576450348
all-measurements = [ 946.4668436050415, 929.323947429657, 933.8714945316315,]
