best-result = 28.216374158859253
warmup-time = 36.832226514816284
all-measurements = [ 28.494823455810547, 28.631962299346924, 28.216374158859253,]
