best-result = 59.930033922195435
warmup-time = 72.1608533859253
all-measurements = [ 59.97243595123291, 59.930033922195435, 60.41194009780884,]
