best-result = 60.907283306121826
warmup-time = 73.99750518798828
all-measurements = [ 61.716708183288574, 60.907283306121826, 61.13914632797241,]
