best-result = 109.42933988571167
warmup-time = 138.79983496665955
all-measurements = [ 110.75882959365845, 109.42933988571167, 111.45354533195496,]
