best-result = 772.4808485507965
warmup-time = 840.9261367321014
all-measurements = [ 772.4808485507965, 776.3265242576599, 775.8342213630676,]
