best-result = 34.41773724555969
warmup-time = 42.656776428222656
all-measurements = [ 34.537484645843506, 34.888753175735474, 34.41773724555969,]
