best-result = 56.618648290634155
warmup-time = 71.31518387794495
all-measurements = [ 56.618648290634155, 56.66547894477844, 56.687071323394775,]
