best-result = 2118.864680290222
warmup-time = 2279.5332448482513
all-measurements = [ 2118.864680290222, 2632.798262834549, 3034.568243265152,]
