best-result = 49.204702615737915
warmup-time = 70.05961322784424
all-measurements = [ 50.15924119949341, 49.204702615737915, 50.22459411621094,]
