best-result = 83.14333057403564
warmup-time = 103.43068337440491
all-measurements = [ 83.30378007888794, 83.2035231590271, 83.14333057403564,]
