best-result = 93.65366172790527
warmup-time = 116.63937449455261
all-measurements = [ 93.65366172790527, 94.47349286079407, 94.71950387954712,]
