best-result = 38.162704944610596
warmup-time = 47.70718765258789
all-measurements = [ 38.162704944610596, 38.336344957351685, 38.41679048538208,]
