best-result = 317.0001714229584
warmup-time = 456.71760845184326
all-measurements = [ 322.76839423179626, 317.0001714229584, 318.6039717197418,]
