best-result = 60.363783836364746
warmup-time = 61.41701006889343
all-measurements = [ 61.47441577911377, 60.39222168922424, 60.363783836364746,]
