best-result = 22.548572540283203
warmup-time = 22.578128337860107
all-measurements = [ 22.64301872253418, 22.7304265499115, 22.548572540283203,]
