best-result = 46.57630181312561
warmup-time = 63.57001829147339
all-measurements = [ 47.41620850563049, 46.57630181312561, 47.29364490509033,]
