best-result = 46.500261306762695
warmup-time = 58.980287075042725
all-measurements = [ 46.542678117752075, 46.53147506713867, 46.500261306762695,]
