best-result = 915.8261876106262
warmup-time = 1139.084585905075
all-measurements = [ 921.3270282745361, 915.8261876106262, 920.5975339412689,]
