best-result = 85.15944266319275
warmup-time = 99.54766297340393
all-measurements = [ 85.65224051475525, 85.15944266319275, 85.3624222278595,]
