best-result = 981.85618019104
warmup-time = 1006.4356133937836
all-measurements = [ 981.85618019104, 986.2812867164612, 988.2640824317932,]
