best-result = 81.58850383758545
warmup-time = 103.491459608078
all-measurements = [ 82.80590271949768, 82.81806826591492, 81.58850383758545,]
