best-result = 67.99299168586731
warmup-time = 89.44933533668518
all-measurements = [ 68.01333212852478, 67.99299168586731, 68.59793329238892,]
