best-result = 90.88779187202454
warmup-time = 105.96477580070496
all-measurements = [ 90.88779187202454, 92.10188674926758, 92.84152293205261,]
