best-result = 648.4582641124725
warmup-time = 661.1696157455444
all-measurements = [ 650.2215507030487, 648.7045614719391, 648.4582641124725,]
