best-result = 63.41239786148071
warmup-time = 81.61367535591125
all-measurements = [ 63.77977418899536, 63.41239786148071, 63.79900646209717,]
