best-result = 210.41371488571167
warmup-time = 366.933287858963
all-measurements = [ 211.20061874389648, 212.41867303848267, 210.41371488571167,]
