best-result = 427.7737865447998
warmup-time = 880.743243932724
all-measurements = [ 427.7737865447998, 430.7476296424866, 432.3243398666382,]
