best-result = 61.750165939331055
warmup-time = 79.29762196540833
all-measurements = [ 62.06811714172363, 61.750165939331055, 62.78193640708923,]
