best-result = 39.5973699092865
warmup-time = 48.1154260635376
all-measurements = [ 40.06364989280701, 39.97604489326477, 39.5973699092865,]
