best-result = 137.76424622535706
warmup-time = 174.26896333694458
all-measurements = [ 138.02167296409607, 137.76424622535706, 138.11200380325317,]
