best-result = 901.6031618118286
warmup-time = 931.9182226657867
all-measurements = [ 938.722145318985, 910.3546459674835, 901.6031618118286,]
