best-result = 27.110122442245483
warmup-time = 36.450932264328
all-measurements = [ 27.444044828414917, 27.110122442245483, 28.03805184364319,]
