best-result = 57.669392824172974
warmup-time = 68.77979969978333
all-measurements = [ 58.11795401573181, 57.669392824172974, 57.81364703178406,]
