best-result = 58.82744002342224
warmup-time = 74.56279873847961
all-measurements = [ 59.29439091682434, 59.38567781448364, 58.82744002342224,]
