best-result = 110.93383598327637
warmup-time = 139.18705797195435
all-measurements = [ 111.46196484565735, 110.93383598327637, 112.02389311790466,]
