best-result = 785.405403137207
warmup-time = 854.2625820636749
all-measurements = [ 785.405403137207, 786.3295946121216, 786.7100131511688,]
