best-result = 33.66882109642029
warmup-time = 42.77323341369629
all-measurements = [ 33.97574830055237, 33.66882109642029, 33.892021894454956,]
