best-result = 55.372928857803345
warmup-time = 70.81712603569031
all-measurements = [ 55.41247510910034, 55.372928857803345, 56.40030765533447,]
