best-result = 1675.0313441753387
warmup-time = 1633.7581675052643
all-measurements = [ 1961.7433876991272, 1675.0313441753387, 2243.305661916733,]
