best-result = 48.71376180648804
warmup-time = 68.94923686981201
all-measurements = [ 48.71376180648804, 49.09532856941223, 48.88662028312683,]
