best-result = 78.1873733997345
warmup-time = 96.53988099098206
all-measurements = [ 79.1603376865387, 78.41173005104065, 78.1873733997345,]
