best-result = 37.11585879325867
warmup-time = 45.739091634750366
all-measurements = [ 37.3789279460907, 37.29828238487244, 37.11585879325867,]
