best-result = 352.825407743454
warmup-time = 494.9434390068054
all-measurements = [ 353.90501260757446, 354.98343658447266, 352.825407743454,]
