best-result = 59.355886697769165
warmup-time = 59.24811601638794
all-measurements = [ 59.99232459068298, 59.74840068817139, 59.355886697769165,]
