best-result = 25.63338279724121
warmup-time = 25.89780879020691
all-measurements = [ 25.802918910980225, 25.99281668663025, 25.63338279724121,]
