best-result = 37.2152304649353
warmup-time = 37.57043933868408
all-measurements = [ 37.64258813858032, 37.2152304649353, 37.610745668411255,]
