best-result = 30.86030602455139
warmup-time = 31.875901460647583
all-measurements = [ 32.0754873752594, 31.477203130722046, 30.86030602455139,]
