best-result = 256.4936730861664
warmup-time = 264.3749406337738
all-measurements = [ 256.78405833244324, 256.94419980049133, 256.4936730861664,]
