best-result = 35.918290853500366
warmup-time = 36.40937614440918
all-measurements = [ 36.79632639884949, 35.918290853500366, 36.26402282714844,]
