best-result = 113.45245146751404
warmup-time = 113.74788761138916
all-measurements = [ 113.45245146751404, 114.66754508018494, 114.93992638587952,]
