best-result = 39.88995003700256
warmup-time = 41.21025252342224
all-measurements = [ 42.506117820739746, 41.01762890815735, 39.88995003700256,]
