best-result = 46.986576795578
warmup-time = 48.307042360305786
all-measurements = [ 47.17269539833069, 46.986576795578, 47.56650137901306,]
