best-result = 33.74792122840881
warmup-time = 33.808470487594604
all-measurements = [ 34.084068775177, 33.74792122840881, 34.2093448638916,]
