best-result = 36.45004200935364
warmup-time = 37.824251890182495
all-measurements = [ 38.13727593421936, 37.242422580718994, 36.45004200935364,]
