best-result = 59.30424928665161
warmup-time = 61.171992778778076
all-measurements = [ 63.98628830909729, 59.30424928665161, 63.54973268508911,]
