best-result = 221.87596225738525
warmup-time = 223.0308539867401
all-measurements = [ 225.5591917037964, 221.87596225738525, 224.71375560760498,]
