best-result = 511.95616459846497
warmup-time = 516.2088568210602
all-measurements = [ 514.8725011348724, 511.95616459846497, 513.0051181316376,]
