best-result = 35.894238233566284
warmup-time = 35.8981146812439
all-measurements = [ 36.93238115310669, 35.894238233566284, 36.36151957511902,]
