best-result = 28.72154998779297
warmup-time = 28.816734552383423
all-measurements = [ 28.72154998779297, 28.81344246864319, 29.387390613555908,]
