best-result = 70.40078568458557
warmup-time = 75.56204152107239
all-measurements = [ 76.94990587234497, 78.44806575775146, 70.40078568458557,]
