best-result = 60.97861456871033
warmup-time = 62.186338663101196
all-measurements = [ 61.562134981155396, 60.97861456871033, 61.07660222053528,]
