best-result = 27.36847758293152
warmup-time = 27.8844735622406
all-measurements = [ 28.423518657684326, 27.954768657684326, 27.36847758293152,]
