best-result = 31.89350438117981
warmup-time = 35.016953468322754
all-measurements = [ 32.79911947250366, 34.62117075920105, 31.89350438117981,]
