best-result = 31.691521167755127
warmup-time = 33.34713053703308
all-measurements = [ 31.691521167755127, 32.724982261657715, 33.488537311553955,]
