best-result = 43.205371141433716
warmup-time = 42.82139754295349
all-measurements = [ 44.59660840034485, 44.29140782356262, 43.205371141433716,]
