best-result = 93.90675640106201
warmup-time = 95.8181414604187
all-measurements = [ 95.65841579437256, 93.90675640106201, 95.38194346427917,]
