best-result = 28.184393882751465
warmup-time = 28.44808030128479
all-measurements = [ 29.15441060066223, 29.19489812850952, 28.184393882751465,]
