best-result = 33.93795728683472
warmup-time = 34.345526695251465
all-measurements = [ 34.63776636123657, 34.45199394226074, 33.93795728683472,]
