best-result = 85.65744233131409
warmup-time = 87.18884038925171
all-measurements = [ 85.65744233131409, 88.13449740409851, 90.70656752586365,]
