best-result = 37.91864228248596
warmup-time = 39.830079555511475
all-measurements = [ 39.07846927642822, 38.928651332855225, 37.91864228248596,]
