best-result = 44.91181015968323
warmup-time = 43.62432622909546
all-measurements = [ 47.18240785598755, 45.32263970375061, 44.91181015968323,]
