best-result = 49.45449924468994
warmup-time = 50.089656591415405
all-measurements = [ 49.45449924468994, 50.86784601211548, 51.43589687347412,]
