best-result = 27.812260627746582
warmup-time = 28.680137872695923
all-measurements = [ 29.265629529953003, 27.812260627746582, 28.151041746139526,]
