best-result = 636.9594256877899
warmup-time = 681.0569376945496
all-measurements = [ 636.9594256877899, 637.2299168109894, 637.7994196414948,]
