best-result = 170.68596959114075
warmup-time = 173.04505801200867
all-measurements = [ 172.4639163017273, 172.28506731987, 170.68596959114075,]
