best-result = 57.24108362197876
warmup-time = 57.736061811447144
all-measurements = [ 58.213990211486816, 68.21582126617432, 57.24108362197876,]
