best-result = 23.489583730697632
warmup-time = 23.383410930633545
all-measurements = [ 23.489583730697632, 23.74620008468628, 23.55016589164734,]
