best-result = 47.13833212852478
warmup-time = 65.14952397346497
all-measurements = [ 47.2490611076355, 47.31391000747681, 47.13833212852478,]
