best-result = 46.69758152961731
warmup-time = 59.26500940322876
all-measurements = [ 46.849613904953, 46.69758152961731, 46.99486255645752,]
