best-result = 901.2649173736572
warmup-time = 1113.3262739181519
all-measurements = [ 903.9462084770203, 901.2649173736572, 904.8714487552643,]
