best-result = 86.2498927116394
warmup-time = 98.12622952461243
all-measurements = [ 87.07332253456116, 86.42887377738953, 86.2498927116394,]
