best-result = 987.686277627945
warmup-time = 1023.2466726303101
all-measurements = [ 987.8643276691437, 987.686277627945, 993.2444276809692,]
