best-result = 83.91315770149231
warmup-time = 103.4348394870758
all-measurements = [ 83.91315770149231, 84.53348231315613, 84.44478416442871,]
