best-result = 67.94668841362
warmup-time = 88.86218285560608
all-measurements = [ 67.94668841362, 68.49320197105408, 68.51511263847351,]
