best-result = 91.83421635627747
warmup-time = 105.58174180984497
all-measurements = [ 91.83421635627747, 92.11445164680481, 92.9915988445282,]
