best-result = 649.6697654724121
warmup-time = 664.043726682663
all-measurements = [ 651.7889428138733, 650.3630261421204, 649.6697654724121,]
