best-result = 62.105806827545166
warmup-time = 74.68136215209961
all-measurements = [ 62.560007095336914, 63.181188344955444, 62.105806827545166,]
