best-result = 204.4377157688141
warmup-time = 364.1725559234619
all-measurements = [ 205.089191198349, 206.33683252334595, 204.4377157688141,]
