best-result = 384.9425222873688
warmup-time = 824.5426676273346
all-measurements = [ 386.6248686313629, 386.2244074344635, 384.9425222873688,]
