best-result = 63.20212697982788
warmup-time = 77.99572944641113
all-measurements = [ 63.330843448638916, 63.20212697982788, 63.59957838058472,]
