best-result = 40.914994955062866
warmup-time = 48.753782510757446
all-measurements = [ 41.67921543121338, 40.914994955062866, 41.14249014854431,]
