best-result = 134.19479751586914
warmup-time = 164.59219980239868
all-measurements = [ 134.58912134170532, 134.19479751586914, 135.44562077522278,]
