best-result = 926.3546001911163
warmup-time = 954.8606519699097
all-measurements = [ 929.8633241653442, 926.6970753669739, 926.3546001911163,]
