best-result = 28.32583785057068
warmup-time = 36.77418541908264
all-measurements = [ 28.63774561882019, 28.61956214904785, 28.32583785057068,]
