best-result = 57.49424433708191
warmup-time = 70.6929862499237
all-measurements = [ 57.713773012161255, 57.61370348930359, 57.49424433708191,]
