best-result = 60.633301734924316
warmup-time = 76.83697628974915
all-measurements = [ 60.91112780570984, 60.63629221916199, 60.633301734924316,]
