best-result = 109.38550138473511
warmup-time = 136.89200615882874
all-measurements = [ 122.8511278629303, 122.2048933506012, 109.38550138473511,]
