best-result = 770.8163425922394
warmup-time = 842.1226449012756
all-measurements = [ 770.8163425922394, 773.3029224872589, 773.1268916130066,]
