best-result = 34.24751949310303
warmup-time = 42.247578382492065
all-measurements = [ 34.45637059211731, 34.26447033882141, 34.24751949310303,]
