best-result = 55.926085233688354
warmup-time = 71.10038042068481
all-measurements = [ 56.222570180892944, 56.18937945365906, 55.926085233688354,]
