best-result = 1855.404548406601
warmup-time = 1873.1370327472687
all-measurements = [ 2796.2241830825806, 1855.404548406601, 2228.4251210689545,]
