best-result = 48.320093631744385
warmup-time = 69.81517720222473
all-measurements = [ 48.320093631744385, 49.299084424972534, 48.74537372589111,]
