best-result = 82.92454504966736
warmup-time = 103.0069944858551
all-measurements = [ 82.92454504966736, 83.40195298194885, 83.13069868087769,]
