best-result = 38.28242540359497
warmup-time = 47.79810047149658
all-measurements = [ 38.39990758895874, 38.61159324645996, 38.28242540359497,]
