best-result = 336.0060980319977
warmup-time = 474.7275414466858
all-measurements = [ 336.9637837409973, 336.0060980319977, 339.08400654792786,]
