best-result = 59.004982471466064
warmup-time = 59.91110682487488
all-measurements = [ 60.03465700149536, 59.004982471466064, 60.542283058166504,]
