best-result = 22.411176681518555
warmup-time = 23.31725525856018
all-measurements = [ 22.411176681518555, 22.83116841316223, 22.6534686088562,]
