best-result = 46.354416847229004
warmup-time = 64.06772494316101
all-measurements = [ 46.53025794029236, 46.354416847229004, 46.79331111907959,]
