best-result = 45.9401433467865
warmup-time = 57.79385209083557
all-measurements = [ 46.027663707733154, 46.533198595047, 45.9401433467865,]
