best-result = 917.3072733879089
warmup-time = 1130.8509180545807
all-measurements = [ 923.048663854599, 917.3072733879089, 936.5051212310791,]
