best-result = 84.75151586532593
warmup-time = 100.13018369674683
all-measurements = [ 85.11951446533203, 84.75151586532593, 85.61593341827393,]
