best-result = 81.65794539451599
warmup-time = 104.05183148384094
all-measurements = [ 81.65794539451599, 82.15208029747009, 81.8283920288086,]
