best-result = 69.77641081809998
warmup-time = 91.96634721755981
all-measurements = [ 69.77641081809998, 70.03320121765137, 69.78238534927368,]
