best-result = 90.85496735572815
warmup-time = 106.68689560890198
all-measurements = [ 92.37391686439514, 91.09508323669434, 90.85496735572815,]
