best-result = 641.7323806285858
warmup-time = 657.6691052913666
all-measurements = [ 641.7323806285858, 646.8295001983643, 651.0229105949402,]
