best-result = 64.39469981193542
warmup-time = 82.8746542930603
all-measurements = [ 64.97298622131348, 64.39469981193542, 65.04666900634766,]
