best-result = 210.5907838344574
warmup-time = 368.1414620876312
all-measurements = [ 212.70789337158203, 212.59154748916626, 210.5907838344574,]
