best-result = 431.0037705898285
warmup-time = 879.7100868225098
all-measurements = [ 434.61767625808716, 432.07276010513306, 431.0037705898285,]
