best-result = 62.11805748939514
warmup-time = 78.89460730552673
all-measurements = [ 62.31582498550415, 63.36064171791077, 62.11805748939514,]
