best-result = 140.37262177467346
warmup-time = 168.15959215164185
all-measurements = [ 140.83275437355042, 140.37262177467346, 141.74521327018738,]
