best-result = 882.6994361877441
warmup-time = 921.9965236186981
all-measurements = [ 882.6994361877441, 885.1285908222198, 885.4533166885376,]
