best-result = 27.509780645370483
warmup-time = 35.92090702056885
all-measurements = [ 27.648233652114868, 27.509780645370483, 27.69525384902954,]
