best-result = 58.014153718948364
warmup-time = 73.08147764205933
all-measurements = [ 58.014153718948364, 58.332825899124146, 58.40647792816162,]
