best-result = 59.61114740371704
warmup-time = 74.33825874328613
all-measurements = [ 60.506054162979126, 59.61114740371704, 59.89034152030945,]
