best-result = 110.45969295501709
warmup-time = 139.19251155853271
all-measurements = [ 110.45969295501709, 110.45996570587158, 111.40091753005981,]
