best-result = 785.1996097564697
warmup-time = 852.5244994163513
all-measurements = [ 790.0148661136627, 786.1986949443817, 785.1996097564697,]
