best-result = 33.61505341529846
warmup-time = 41.115450859069824
all-measurements = [ 33.722697496414185, 34.08423137664795, 33.61505341529846,]
