best-result = 55.09655475616455
warmup-time = 72.00384879112244
all-measurements = [ 55.09655475616455, 55.10194706916809, 55.103835582733154,]
