best-result = 1310.0595469474792
warmup-time = 1192.7335138320923
all-measurements = [ 1310.0595469474792, 1770.9477660655975, 1808.346914768219,]
