best-result = 49.50277590751648
warmup-time = 71.52067136764526
all-measurements = [ 49.95326089859009, 49.591059923172, 49.50277590751648,]
