best-result = 78.57518982887268
warmup-time = 98.1531343460083
all-measurements = [ 78.82630634307861, 78.57518982887268, 79.00463914871216,]
