best-result = 36.88716435432434
warmup-time = 45.30583572387695
all-measurements = [ 36.91322898864746, 36.88716435432434, 37.04333782196045,]
