best-result = 349.36941623687744
warmup-time = 485.532518863678
all-measurements = [ 353.1032066345215, 352.45435190200806, 349.36941623687744,]
