best-result = 60.10149049758911
warmup-time = 59.51175022125244
all-measurements = [ 60.10149049758911, 60.20095467567444, 60.385477781295776,]
