best-result = 26.18403720855713
warmup-time = 26.640177011489868
all-measurements = [ 26.18403720855713, 26.285166025161743, 26.333518981933594,]
