best-result = 37.295652866363525
warmup-time = 37.84569549560547
all-measurements = [ 37.295652866363525, 38.09036636352539, 38.51951885223389,]
