best-result = 30.732569456100464
warmup-time = 31.547545671463013
all-measurements = [ 31.40638780593872, 31.701191663742065, 30.732569456100464,]
