best-result = 229.56767630577087
warmup-time = 235.62205815315247
all-measurements = [ 232.16904425621033, 236.04837274551392, 229.56767630577087,]
