best-result = 36.48913097381592
warmup-time = 37.62476420402527
all-measurements = [ 36.57401204109192, 36.48913097381592, 36.888097286224365,]
