best-result = 112.3903911113739
warmup-time = 114.08388876914978
all-measurements = [ 114.49099850654602, 112.3903911113739, 115.48657751083374,]
