best-result = 34.61294937133789
warmup-time = 35.40954065322876
all-measurements = [ 35.260807275772095, 34.61294937133789, 34.89512801170349,]
