best-result = 40.88023257255554
warmup-time = 40.18433403968811
all-measurements = [ 42.52440547943115, 40.88023257255554, 41.697277545928955,]
