best-result = 47.85893487930298
warmup-time = 48.984508991241455
all-measurements = [ 47.85893487930298, 49.017823219299316, 48.55148720741272,]
