best-result = 33.142372608184814
warmup-time = 34.44317960739136
all-measurements = [ 33.166754961013794, 33.142372608184814, 33.97516679763794,]
