best-result = 36.813177824020386
warmup-time = 37.34584093093872
all-measurements = [ 38.54144835472107, 36.813177824020386, 37.77148747444153,]
