best-result = 58.39436888694763
warmup-time = 62.161919355392456
all-measurements = [ 58.39436888694763, 60.76384687423706, 60.41354274749756,]
