best-result = 220.03745818138123
warmup-time = 225.1253833770752
all-measurements = [ 220.03745818138123, 224.73480987548828, 220.46390295028687,]
