best-result = 503.79012846946716
warmup-time = 505.3302676677704
all-measurements = [ 503.79012846946716, 507.3754048347473, 505.39146399497986,]
