best-result = 37.10626983642578
warmup-time = 37.602299451828
all-measurements = [ 37.10626983642578, 39.52104640007019, 41.46000289916992,]
