best-result = 29.083719730377197
warmup-time = 31.898987293243408
all-measurements = [ 29.28580141067505, 29.083719730377197, 29.25684142112732,]
