best-result = 74.86310172080994
warmup-time = 72.89868807792664
all-measurements = [ 76.9423999786377, 74.86310172080994, 81.0294086933136,]
