best-result = 61.70450496673584
warmup-time = 63.15582466125488
all-measurements = [ 62.99862337112427, 61.70450496673584, 63.60750484466553,]
