best-result = 27.73208737373352
warmup-time = 28.401982069015503
all-measurements = [ 27.73208737373352, 28.538467168807983, 28.125795125961304,]
