best-result = 32.69863271713257
warmup-time = 35.89330053329468
all-measurements = [ 32.69863271713257, 35.27298712730408, 34.95052146911621,]
