best-result = 33.23982620239258
warmup-time = 32.73341941833496
all-measurements = [ 33.23982620239258, 33.923205852508545, 34.57159185409546,]
