best-result = 43.115519762039185
warmup-time = 46.020944118499756
all-measurements = [ 44.46366262435913, 43.115519762039185, 43.37985181808472,]
