best-result = 95.37444162368774
warmup-time = 99.15549516677856
all-measurements = [ 97.04727530479431, 95.37444162368774, 99.44986343383789,]
