best-result = 27.93190050125122
warmup-time = 28.474732160568237
all-measurements = [ 27.95966672897339, 29.42123007774353, 27.93190050125122,]
