best-result = 34.1748743057251
warmup-time = 35.018136978149414
all-measurements = [ 34.1748743057251, 35.39107275009155, 34.19875168800354,]
