best-result = 89.79897212982178
warmup-time = 89.20379376411438
all-measurements = [ 95.48731350898743, 95.52146339416504, 89.79897212982178,]
