best-result = 38.47352576255798
warmup-time = 39.48820161819458
all-measurements = [ 39.12510275840759, 39.48006534576416, 38.47352576255798,]
