best-result = 43.969095945358276
warmup-time = 45.813164949417114
all-measurements = [ 43.969095945358276, 45.17875933647156, 45.09187030792236,]
