best-result = 50.393842935562134
warmup-time = 51.14565587043762
all-measurements = [ 50.97341990470886, 50.77686309814453, 50.393842935562134,]
