best-result = 28.326255083084106
warmup-time = 28.591063737869263
all-measurements = [ 28.96044683456421, 29.521533012390137, 28.326255083084106,]
