best-result = 660.7953674793243
warmup-time = 705.0798149108887
all-measurements = [ 660.7953674793243, 662.5362114906311, 663.8879988193512,]
