best-result = 167.09780716896057
warmup-time = 169.21460509300232
all-measurements = [ 169.2227976322174, 167.5304822921753, 167.09780716896057,]
