best-result = 56.90758299827576
warmup-time = 70.25699257850647
all-measurements = [ 56.90758299827576, 67.50125002861023, 59.10956573486328,]
