best-result = 25.405353307724
warmup-time = 26.265554428100586
all-measurements = [ 25.69643521308899, 25.405353307724, 25.893176794052124,]
