best-result = 36.546226978302
warmup-time = 39.019004106521606
all-measurements = [ 36.546226978302, 37.02918314933777, 37.62541484832764,]
