best-result = 30.495762586593628
warmup-time = 30.66214108467102
all-measurements = [ 30.495762586593628, 30.74375820159912, 31.55956244468689,]
