best-result = 251.41978812217712
warmup-time = 261.7907524108887
all-measurements = [ 251.41978812217712, 254.23696064949036, 255.46342825889587,]
