best-result = 35.366554975509644
warmup-time = 35.80211281776428
all-measurements = [ 36.68755650520325, 35.366554975509644, 36.00451183319092,]
