best-result = 111.61252450942993
warmup-time = 115.74841785430908
all-measurements = [ 112.34261083602905, 115.30796384811401, 111.61252450942993,]
