best-result = 34.71308898925781
warmup-time = 35.66636419296265
all-measurements = [ 34.95267176628113, 34.86600184440613, 34.71308898925781,]
