best-result = 40.310558795928955
warmup-time = 41.00477480888367
all-measurements = [ 40.310558795928955, 40.50215125083923, 41.59029197692871,]
