best-result = 47.33059763908386
warmup-time = 50.75227952003479
all-measurements = [ 47.33059763908386, 48.53552198410034, 48.99807810783386,]
