best-result = 32.769020557403564
warmup-time = 33.27484917640686
all-measurements = [ 33.186964988708496, 32.769020557403564, 34.47920107841492,]
