best-result = 36.26466679573059
warmup-time = 36.69793391227722
all-measurements = [ 37.652618169784546, 36.26466679573059, 36.91521716117859,]
