best-result = 57.6523540019989
warmup-time = 61.753910779953
all-measurements = [ 57.6523540019989, 62.06132483482361, 62.21252179145813,]
