best-result = 221.307204246521
warmup-time = 226.891047000885
all-measurements = [ 223.93174529075623, 221.307204246521, 225.3048119544983,]
