best-result = 512.202080488205
warmup-time = 518.7448062896729
all-measurements = [ 512.202080488205, 518.3884313106537, 515.684362411499,]
