best-result = 34.8215217590332
warmup-time = 38.311763286590576
all-measurements = [ 36.51578664779663, 35.98822474479675, 34.8215217590332,]
