best-result = 28.5186767578125
warmup-time = 29.053484439849854
all-measurements = [ 28.5186767578125, 28.749388933181763, 28.62956190109253,]
