best-result = 71.77974724769592
warmup-time = 74.67223191261292
all-measurements = [ 71.77974724769592, 72.65356922149658, 73.11079263687134,]
