best-result = 61.38672232627869
warmup-time = 63.7800555229187
all-measurements = [ 61.38672232627869, 61.71982669830322, 61.7254695892334,]
