best-result = 27.757705450057983
warmup-time = 27.759689331054688
all-measurements = [ 28.05608344078064, 27.757705450057983, 28.067599058151245,]
