best-result = 34.81521034240723
warmup-time = 32.77379512786865
all-measurements = [ 34.81521034240723, 35.743980884552, 35.19912242889404,]
