best-result = 33.22160339355469
warmup-time = 33.96470546722412
all-measurements = [ 33.22160339355469, 33.49077320098877, 33.726057291030884,]
