best-result = 42.60627269744873
warmup-time = 43.912944316864014
all-measurements = [ 42.656161069869995, 42.60627269744873, 43.77541184425354,]
