best-result = 95.5747320652008
warmup-time = 97.78727412223816
all-measurements = [ 96.32296085357666, 95.5747320652008, 97.34137058258057,]
