best-result = 27.41454815864563
warmup-time = 27.930668830871582
all-measurements = [ 28.746760606765747, 27.41454815864563, 29.11413335800171,]
