best-result = 35.180716037750244
warmup-time = 34.1076397895813
all-measurements = [ 35.43002247810364, 35.23574137687683, 35.180716037750244,]
