best-result = 86.19702243804932
warmup-time = 98.37815237045288
all-measurements = [ 100.61849737167358, 86.19702243804932, 96.0753173828125,]
