best-result = 38.5968337059021
warmup-time = 39.16982126235962
all-measurements = [ 38.5968337059021, 38.91401982307434, 39.294307231903076,]
