best-result = 42.84063124656677
warmup-time = 45.7150342464447
all-measurements = [ 44.79630398750305, 42.84063124656677, 44.92329025268555,]
