best-result = 49.3824348449707
warmup-time = 50.52513408660889
all-measurements = [ 50.803200483322144, 49.3824348449707, 49.93418741226196,]
