best-result = 27.745563745498657
warmup-time = 28.97306251525879
all-measurements = [ 27.745563745498657, 28.50649333000183, 28.90180516242981,]
