best-result = 643.7970018386841
warmup-time = 711.9844172000885
all-measurements = [ 654.393652677536, 645.6713972091675, 643.7970018386841,]
