best-result = 168.05774927139282
warmup-time = 171.351247549057
all-measurements = [ 168.05774927139282, 175.50049114227295, 169.48998093605042,]
