best-result = 56.82455396652222
warmup-time = 62.80618095397949
all-measurements = [ 63.67921853065491, 56.82455396652222, 66.60107016563416,]
