best-result = 26.546406745910645
warmup-time = 26.692622900009155
all-measurements = [ 26.546406745910645, 26.597911834716797, 26.571447610855103,]
