best-result = 39.29758644104004
warmup-time = 41.80794620513916
all-measurements = [ 39.29758644104004, 40.56693124771118, 40.28279638290405,]
