best-result = 33.163506507873535
warmup-time = 34.16807579994202
all-measurements = [ 33.163506507873535, 34.659456729888916, 34.82702279090881,]
