best-result = 286.3336501121521
warmup-time = 289.55598521232605
all-measurements = [ 286.880508184433, 291.06641697883606, 286.3336501121521,]
