best-result = 37.9180326461792
warmup-time = 38.33004593849182
all-measurements = [ 38.30535435676575, 38.83718776702881, 37.9180326461792,]
