best-result = 46.611411809921265
warmup-time = 48.02106189727783
all-measurements = [ 47.42131567001343, 48.661895990371704, 46.611411809921265,]
