best-result = 52.9979989528656
warmup-time = 52.987833976745605
all-measurements = [ 52.9979989528656, 53.17170596122742, 53.169325828552246,]
