best-result = 37.11421513557434
warmup-time = 35.99589562416077
all-measurements = [ 37.129666328430176, 37.83898878097534, 37.11421513557434,]
