best-result = 39.540515184402466
warmup-time = 41.62912058830261
all-measurements = [ 39.540515184402466, 40.31856822967529, 40.49675726890564,]
