best-result = 62.64161539077759
warmup-time = 64.25943970680237
all-measurements = [ 65.13738703727722, 66.48676991462708, 62.64161539077759,]
