best-result = 254.49222946166992
warmup-time = 259.4732301235199
all-measurements = [ 254.49222946166992, 255.83213257789612, 256.3732671737671,]
