best-result = 595.9653680324554
warmup-time = 597.6963851451874
all-measurements = [ 600.1180582046509, 595.9653680324554, 597.502447605133,]
