best-result = 39.568814277648926
warmup-time = 39.0991530418396
all-measurements = [ 39.703537464141846, 41.08042120933533, 39.568814277648926,]
