best-result = 69.55017256736755
warmup-time = 70.42835402488708
all-measurements = [ 70.01682758331299, 69.55017256736755, 69.79388356208801,]
