best-result = 28.13674235343933
warmup-time = 28.473251581192017
all-measurements = [ 30.49497151374817, 29.55378532409668, 28.13674235343933,]
