best-result = 35.15217876434326
warmup-time = 33.84926748275757
all-measurements = [ 36.428481101989746, 35.61763834953308, 35.15217876434326,]
