best-result = 44.634228229522705
warmup-time = 47.216832637786865
all-measurements = [ 47.06760859489441, 46.639307498931885, 44.634228229522705,]
