best-result = 107.7821033000946
warmup-time = 105.15953254699707
all-measurements = [ 109.0194239616394, 111.4617908000946, 107.7821033000946,]
