best-result = 36.022780656814575
warmup-time = 37.40237903594971
all-measurements = [ 36.50665593147278, 37.7078697681427, 36.022780656814575,]
