best-result = 41.816192626953125
warmup-time = 43.11937236785889
all-measurements = [ 44.06441903114319, 41.816192626953125, 42.99887490272522,]
