best-result = 45.07983756065369
warmup-time = 47.20711874961853
all-measurements = [ 45.07983756065369, 45.57386565208435, 47.22202754020691,]
