best-result = 28.43134570121765
warmup-time = 30.247828006744385
all-measurements = [ 28.43134570121765, 29.872669219970703, 30.370564222335815,]
