best-result = 730.6298418045044
warmup-time = 762.9741458892822
all-measurements = [ 735.5747194290161, 730.6298418045044, 731.5131103992462,]
