best-result = 196.78697395324707
warmup-time = 197.60903358459473
all-measurements = [ 197.82559537887573, 196.78697395324707, 199.18939638137817,]
