best-result = 47.65038800239563
warmup-time = 46.524362564086914
all-measurements = [ 47.65038800239563, 48.233930349349976, 48.77311611175537,]
