best-result = 25.325852632522583
warmup-time = 25.669575929641724
all-measurements = [ 25.325852632522583, 25.495116472244263, 25.393238067626953,]
