best-result = 36.766844511032104
warmup-time = 39.94944381713867
all-measurements = [ 37.922709465026855, 37.01355528831482, 36.766844511032104,]
