best-result = 31.443520545959473
warmup-time = 32.36604928970337
all-measurements = [ 32.102136850357056, 32.50498008728027, 31.443520545959473,]
