best-result = 268.2486562728882
warmup-time = 271.1423511505127
all-measurements = [ 269.10433864593506, 268.2486562728882, 269.20325756073,]
