best-result = 35.34169411659241
warmup-time = 35.7746524810791
all-measurements = [ 35.76082253456116, 36.48017144203186, 35.34169411659241,]
