best-result = 41.29689121246338
warmup-time = 41.94778871536255
all-measurements = [ 42.27622938156128, 41.90553641319275, 41.29689121246338,]
