best-result = 49.76031708717346
warmup-time = 52.268226623535156
all-measurements = [ 49.76031708717346, 50.18450593948364, 52.34944200515747,]
