best-result = 34.02690124511719
warmup-time = 35.05166482925415
all-measurements = [ 34.338311195373535, 34.02690124511719, 34.33991456031799,]
