best-result = 36.36794567108154
warmup-time = 38.492809772491455
all-measurements = [ 36.36794567108154, 38.4720983505249, 37.81430506706238,]
