best-result = 59.92146944999695
warmup-time = 63.75566005706787
all-measurements = [ 60.57086253166199, 60.93110156059265, 59.92146944999695,]
