best-result = 231.25256967544556
warmup-time = 235.97493290901184
all-measurements = [ 231.25256967544556, 231.8832688331604, 232.76825141906738,]
