best-result = 528.0672624111176
warmup-time = 529.9157576560974
all-measurements = [ 529.3998982906342, 529.5118618011475, 528.0672624111176,]
