best-result = 36.56713366508484
warmup-time = 37.39058876037598
all-measurements = [ 36.56713366508484, 36.88507962226868, 36.68855595588684,]
