best-result = 62.5503146648407
warmup-time = 64.83410596847534
all-measurements = [ 63.85509014129639, 62.88181710243225, 62.5503146648407,]
