best-result = 27.383511543273926
warmup-time = 27.443752765655518
all-measurements = [ 27.94961190223694, 27.383511543273926, 27.45813274383545,]
