best-result = 36.00073957443237
warmup-time = 36.10587811470032
all-measurements = [ 36.372227907180786, 36.00073957443237, 36.73749923706055,]
