best-result = 33.246394634246826
warmup-time = 33.64472198486328
all-measurements = [ 33.246394634246826, 33.70325589179993, 34.196569204330444,]
