best-result = 42.05180907249451
warmup-time = 44.444586753845215
all-measurements = [ 44.24204087257385, 42.05180907249451, 43.782684564590454,]
