best-result = 97.82976937294006
warmup-time = 95.89535522460938
all-measurements = [ 97.82976937294006, 99.43846297264099, 98.14675903320312,]
