best-result = 28.8903591632843
warmup-time = 29.172040700912476
all-measurements = [ 28.8903591632843, 28.935927867889404, 29.00396728515625,]
