best-result = 33.583170890808105
warmup-time = 34.31238317489624
all-measurements = [ 34.15205097198486, 33.583170890808105, 34.775087118148804,]
