best-result = 39.50356936454773
warmup-time = 40.742286682128906
all-measurements = [ 39.56288456916809, 39.50356936454773, 40.3461639881134,]
