best-result = 44.62862682342529
warmup-time = 45.92736077308655
all-measurements = [ 44.69045376777649, 45.64017677307129, 44.62862682342529,]
