best-result = 28.61891198158264
warmup-time = 28.956286907196045
all-measurements = [ 28.967865228652954, 28.622435331344604, 28.61891198158264,]
