best-result = 694.3263220787048
warmup-time = 701.1333405971527
all-measurements = [ 694.3263220787048, 700.281585931778, 709.7606024742126,]
