best-result = 175.70090532302856
warmup-time = 183.39941501617432
all-measurements = [ 180.84015583992004, 177.0478057861328, 175.70090532302856,]
