best-result = 43.651713132858276
warmup-time = 45.414132833480835
all-measurements = [ 45.885582447052, 43.91420269012451, 43.651713132858276,]
