best-result = 25.95539426803589
warmup-time = 26.837689638137817
all-measurements = [ 25.95539426803589, 26.82109045982361, 26.399239540100098,]
