best-result = 35.981393814086914
warmup-time = 37.38361573219299
all-measurements = [ 36.39362454414368, 35.981393814086914, 37.58520293235779,]
