best-result = 30.295825481414795
warmup-time = 30.665830373764038
all-measurements = [ 30.295825481414795, 30.66034698486328, 31.1195707321167,]
