best-result = 252.81796193122864
warmup-time = 261.4779179096222
all-measurements = [ 254.76728701591492, 255.11849689483643, 252.81796193122864,]
