best-result = 36.07435870170593
warmup-time = 36.77661490440369
all-measurements = [ 36.07435870170593, 37.36022686958313, 36.98966121673584,]
