best-result = 112.39959239959717
warmup-time = 116.25939846038818
all-measurements = [ 114.21922540664673, 112.39959239959717, 114.9678864479065,]
