best-result = 39.773855686187744
warmup-time = 41.85447812080383
all-measurements = [ 39.833842515945435, 39.773855686187744, 40.04206967353821,]
