best-result = 46.95195555686951
warmup-time = 47.67011618614197
all-measurements = [ 46.95195555686951, 48.00890493392944, 48.553160667419434,]
