best-result = 33.47376108169556
warmup-time = 34.07050371170044
all-measurements = [ 34.291905641555786, 33.47376108169556, 33.986382722854614,]
