best-result = 37.0138885974884
warmup-time = 37.75865697860718
all-measurements = [ 37.52991008758545, 37.16882944107056, 37.0138885974884,]
