best-result = 60.60623621940613
warmup-time = 63.701509952545166
all-measurements = [ 66.32928371429443, 60.60623621940613, 63.669193267822266,]
