best-result = 223.60247564315796
warmup-time = 225.92999529838562
all-measurements = [ 226.24255323410034, 224.02333664894104, 223.60247564315796,]
