best-result = 515.8398854732513
warmup-time = 521.3021795749664
all-measurements = [ 515.8398854732513, 519.6570241451263, 515.9869909286499,]
