best-result = 35.22995352745056
warmup-time = 35.65297222137451
all-measurements = [ 38.38723826408386, 35.703744411468506, 35.22995352745056,]
