best-result = 28.55745267868042
warmup-time = 29.05238652229309
all-measurements = [ 28.55745267868042, 28.667128801345825, 28.742717266082764,]
