best-result = 72.57476592063904
warmup-time = 78.29667711257935
all-measurements = [ 81.94833135604858, 79.48373484611511, 72.57476592063904,]
