best-result = 60.75730776786804
warmup-time = 61.89598059654236
all-measurements = [ 62.7322633266449, 60.75730776786804, 61.72122025489807,]
