best-result = 27.988927364349365
warmup-time = 29.30106806755066
all-measurements = [ 28.1491801738739, 28.684342622756958, 27.988927364349365,]
