best-result = 34.97387909889221
warmup-time = 35.46062350273132
all-measurements = [ 35.05978584289551, 35.74684119224548, 34.97387909889221,]
