best-result = 32.8838529586792
warmup-time = 33.24536490440369
all-measurements = [ 34.148393630981445, 32.8838529586792, 33.445022106170654,]
