best-result = 41.224371671676636
warmup-time = 44.15823411941528
all-measurements = [ 43.880446672439575, 41.224371671676636, 43.84946417808533,]
