best-result = 96.68325448036194
warmup-time = 100.59330081939697
all-measurements = [ 96.9968945980072, 97.5345151424408, 96.68325448036194,]
