best-result = 27.65942096710205
warmup-time = 28.141170024871826
all-measurements = [ 29.128655672073364, 28.608058214187622, 27.65942096710205,]
