best-result = 34.8629686832428
warmup-time = 34.93670058250427
all-measurements = [ 35.24398326873779, 34.8629686832428, 35.29181361198425,]
