best-result = 88.77068161964417
warmup-time = 91.24077653884888
all-measurements = [ 92.60782289505005, 88.77068161964417, 89.09181833267212,]
