best-result = 38.75572204589844
warmup-time = 38.71718430519104
all-measurements = [ 38.75572204589844, 39.604974031448364, 40.272301197052,]
