best-result = 44.69466781616211
warmup-time = 45.296427965164185
all-measurements = [ 45.05813527107239, 44.87427091598511, 44.69466781616211,]
