best-result = 28.608438730239868
warmup-time = 28.117371797561646
all-measurements = [ 29.068583488464355, 28.608438730239868, 29.28356170654297,]
