best-result = 634.4481954574585
warmup-time = 681.4488301277161
all-measurements = [ 642.4576151371002, 634.4481954574585, 640.8190720081329,]
