best-result = 172.6644835472107
warmup-time = 175.78614974021912
all-measurements = [ 172.6644835472107, 173.40417432785034, 173.0687313079834,]
