best-result = 65.87180089950562
warmup-time = 53.194719076156616
all-measurements = [ 68.55993986129761, 68.76487302780151, 65.87180089950562,]
