best-result = 22.774600982666016
warmup-time = 23.524722576141357
all-measurements = [ 22.774600982666016, 23.069520950317383, 23.03618025779724,]
