best-result = 46.35518431663513
warmup-time = 64.87836289405823
all-measurements = [ 46.44871926307678, 46.897517681121826, 46.35518431663513,]
