best-result = 46.097230195999146
warmup-time = 58.126018047332764
all-measurements = [ 46.858094453811646, 46.097230195999146, 46.1811740398407,]
