best-result = 895.7817091941833
warmup-time = 1103.6253037452698
all-measurements = [ 900.051510810852, 907.0761287212372, 895.7817091941833,]
