best-result = 84.52938103675842
warmup-time = 98.87661910057068
all-measurements = [ 84.52938103675842, 85.77067637443542, 84.90624904632568,]
