best-result = 984.0300505161285
warmup-time = 1015.4820446968079
all-measurements = [ 989.6897623538971, 984.3322846889496, 984.0300505161285,]
