best-result = 81.55666208267212
warmup-time = 101.88368487358093
all-measurements = [ 82.85491991043091, 81.55666208267212, 82.14388751983643,]
