best-result = 67.11550569534302
warmup-time = 86.78494071960449
all-measurements = [ 67.93163132667542, 67.11550569534302, 67.46526646614075,]
