best-result = 90.57341408729553
warmup-time = 106.07447504997253
all-measurements = [ 90.72005796432495, 90.87463045120239, 90.57341408729553,]
