best-result = 641.9643535614014
warmup-time = 659.0532431602478
all-measurements = [ 641.9643535614014, 643.9832694530487, 644.7255237102509,]
