best-result = 60.912551164627075
warmup-time = 75.8137514591217
all-measurements = [ 61.609925746917725, 61.78880715370178, 60.912551164627075,]
