best-result = 206.35820889472961
warmup-time = 358.84587144851685
all-measurements = [ 208.29143071174622, 206.35820889472961, 210.36514854431152,]
