best-result = 421.80166721343994
warmup-time = 863.0619552135468
all-measurements = [ 421.80166721343994, 425.30955743789673, 429.0033941268921,]
