best-result = 62.041497230529785
warmup-time = 79.39089131355286
all-measurements = [ 62.041497230529785, 62.31810426712036, 62.73082685470581,]
