best-result = 40.63210368156433
warmup-time = 48.429115533828735
all-measurements = [ 40.63210368156433, 45.880985736846924, 46.42530155181885,]
