best-result = 134.77682542800903
warmup-time = 177.09832072257996
all-measurements = [ 134.77682542800903, 134.97715258598328, 135.17082166671753,]
