best-result = 917.1804203987122
warmup-time = 947.8242876529694
all-measurements = [ 918.0207407474518, 917.1804203987122, 919.2125315666199,]
