best-result = 27.691784381866455
warmup-time = 36.64289164543152
all-measurements = [ 27.691784381866455, 28.473031044006348, 28.324615716934204,]
