best-result = 57.07588338851929
warmup-time = 70.25771379470825
all-measurements = [ 57.31650447845459, 57.92845058441162, 57.07588338851929,]
