best-result = 59.332037687301636
warmup-time = 73.40687584877014
all-measurements = [ 59.595922231674194, 59.332037687301636, 59.47585439682007,]
