best-result = 108.9120466709137
warmup-time = 137.7875006198883
all-measurements = [ 108.9120466709137, 109.77121925354004, 109.07467412948608,]
