best-result = 772.6346085071564
warmup-time = 842.280033826828
all-measurements = [ 773.178692817688, 773.8468477725983, 772.6346085071564,]
