best-result = 33.72774624824524
warmup-time = 42.73553681373596
all-measurements = [ 34.265618562698364, 33.72774624824524, 34.56303858757019,]
