best-result = 55.00659656524658
warmup-time = 71.24086952209473
all-measurements = [ 55.00659656524658, 55.13373565673828, 55.85092377662659,]
