best-result = 1530.4297354221344
warmup-time = 1998.5986607074738
all-measurements = [ 1530.4297354221344, 1847.6419389247894, 2580.7135639190674,]
