best-result = 48.16193342208862
warmup-time = 68.19709491729736
all-measurements = [ 48.32217764854431, 48.23558282852173, 48.16193342208862,]
