best-result = 77.84487771987915
warmup-time = 97.75288939476013
all-measurements = [ 78.92757797241211, 78.08297228813171, 77.84487771987915,]
