best-result = 36.85309886932373
warmup-time = 46.899094343185425
all-measurements = [ 37.301565170288086, 36.85309886932373, 37.14219093322754,]
