best-result = 334.25696897506714
warmup-time = 478.0912802219391
all-measurements = [ 334.25696897506714, 341.10404205322266, 339.41240763664246,]
