best-result = 58.403228759765625
warmup-time = 59.55575156211853
all-measurements = [ 58.403228759765625, 58.64384365081787, 59.62447953224182,]
