best-result = 25.345139503479004
warmup-time = 25.753987312316895
all-measurements = [ 25.884904861450195, 25.563838005065918, 25.345139503479004,]
