best-result = 36.06886339187622
warmup-time = 37.422280073165894
all-measurements = [ 36.06886339187622, 37.68737173080444, 38.616830825805664,]
