best-result = 32.58315682411194
warmup-time = 32.18888783454895
all-measurements = [ 33.2143120765686, 32.58315682411194, 33.73619103431702,]
