best-result = 277.53601908683777
warmup-time = 286.3108813762665
all-measurements = [ 281.267941236496, 284.6934611797333, 277.53601908683777,]
