best-result = 36.3169960975647
warmup-time = 36.092751264572144
all-measurements = [ 36.93226170539856, 36.3169960975647, 37.73588991165161,]
