best-result = 42.079556703567505
warmup-time = 43.44527840614319
all-measurements = [ 42.079556703567505, 44.56843852996826, 44.727640867233276,]
