best-result = 51.53151035308838
warmup-time = 52.32653498649597
all-measurements = [ 51.53151035308838, 53.14799499511719, 52.156193256378174,]
