best-result = 34.91519260406494
warmup-time = 35.97706484794617
all-measurements = [ 34.91519260406494, 35.06424641609192, 35.17901563644409,]
