best-result = 38.63111066818237
warmup-time = 39.29328203201294
all-measurements = [ 38.83337998390198, 38.63111066818237, 39.60809659957886,]
