best-result = 60.57103943824768
warmup-time = 60.38651633262634
all-measurements = [ 60.69538927078247, 60.57103943824768, 61.23730945587158,]
