best-result = 248.60547542572021
warmup-time = 249.24102687835693
all-measurements = [ 252.469868183136, 254.27198433876038, 248.60547542572021,]
