best-result = 577.3985867500305
warmup-time = 579.3095617294312
all-measurements = [ 580.1038274765015, 582.1734664440155, 577.3985867500305,]
