best-result = 35.72177290916443
warmup-time = 38.02584767341614
all-measurements = [ 36.0940420627594, 35.72177290916443, 37.74020481109619,]
