best-result = 66.41280198097229
warmup-time = 68.6143913269043
all-measurements = [ 66.41280198097229, 67.3171489238739, 67.41375994682312,]
