best-result = 27.78493857383728
warmup-time = 28.99687385559082
all-measurements = [ 28.45056962966919, 28.4470272064209, 27.78493857383728,]
