best-result = 36.79383563995361
warmup-time = 36.253836154937744
all-measurements = [ 37.08219647407532, 37.021862506866455, 36.79383563995361,]
