best-result = 33.17656493186951
warmup-time = 33.64013171195984
all-measurements = [ 33.17656493186951, 33.9443519115448, 34.385767698287964,]
