best-result = 43.38165521621704
warmup-time = 44.47694659233093
all-measurements = [ 43.38165521621704, 45.400973320007324, 43.508670806884766,]
