best-result = 103.55406332015991
warmup-time = 103.14494609832764
all-measurements = [ 105.6828510761261, 103.55406332015991, 105.01446294784546,]
