best-result = 28.186750411987305
warmup-time = 29.575477361679077
all-measurements = [ 28.50345730781555, 29.533983945846558, 28.186750411987305,]
