best-result = 35.7371187210083
warmup-time = 36.03669571876526
all-measurements = [ 35.7371187210083, 36.06587839126587, 35.74842429161072,]
