best-result = 41.07095670700073
warmup-time = 40.73989963531494
all-measurements = [ 41.07095670700073, 41.90181231498718, 41.10614609718323,]
