best-result = 45.953123807907104
warmup-time = 44.51467037200928
all-measurements = [ 45.953123807907104, 46.97706460952759, 47.073079109191895,]
