best-result = 28.180116653442383
warmup-time = 28.20191478729248
all-measurements = [ 28.8996798992157, 28.180116653442383, 29.435107231140137,]
