best-result = 722.0567691326141
warmup-time = 741.962112903595
all-measurements = [ 735.2653994560242, 722.0567691326141, 729.1327505111694,]
