best-result = 189.39892196655273
warmup-time = 191.47814321517944
all-measurements = [ 194.5475082397461, 194.0476016998291, 189.39892196655273,]
