best-result = 44.03981637954712
warmup-time = 45.33795738220215
all-measurements = [ 46.44046425819397, 45.15343403816223, 44.03981637954712,]
