best-result = 22.808043956756592
warmup-time = 23.198853254318237
all-measurements = [ 23.04975700378418, 22.808043956756592, 22.982184171676636,]
