best-result = 46.53310251235962
warmup-time = 62.188974380493164
all-measurements = [ 47.03465533256531, 46.86814498901367, 46.53310251235962,]
