best-result = 46.202850341796875
warmup-time = 56.88753056526184
all-measurements = [ 46.4932587146759, 46.360623598098755, 46.202850341796875,]
