best-result = 891.8440489768982
warmup-time = 1128.2953698635101
all-measurements = [ 898.2664835453033, 911.2462561130524, 891.8440489768982,]
