best-result = 84.59099960327148
warmup-time = 98.93008422851562
all-measurements = [ 84.59099960327148, 85.83613324165344, 85.66395854949951,]
