best-result = 981.7624318599701
warmup-time = 1014.0613524913788
all-measurements = [ 983.5241346359253, 981.7624318599701, 982.2009434700012,]
