best-result = 82.07540464401245
warmup-time = 101.73505878448486
all-measurements = [ 82.47717881202698, 83.00700116157532, 82.07540464401245,]
