best-result = 67.49708008766174
warmup-time = 86.00078582763672
all-measurements = [ 67.69804620742798, 67.49708008766174, 68.11349177360535,]
