best-result = 90.91900539398193
warmup-time = 105.66978025436401
all-measurements = [ 91.17895317077637, 90.91900539398193, 92.01917290687561,]
