best-result = 648.3208980560303
warmup-time = 661.883052110672
all-measurements = [ 648.3208980560303, 649.9685962200165, 650.8585278987885,]
