best-result = 61.0303258895874
warmup-time = 72.84950113296509
all-measurements = [ 62.06420016288757, 61.0303258895874, 61.84506344795227,]
