best-result = 205.38534116744995
warmup-time = 358.0748333930969
all-measurements = [ 205.38534116744995, 205.89390325546265, 207.02548146247864,]
