best-result = 424.1913912296295
warmup-time = 862.062246799469
all-measurements = [ 424.1913912296295, 426.0576457977295, 430.0989680290222,]
