best-result = 61.969945192337036
warmup-time = 78.04245233535767
all-measurements = [ 61.969945192337036, 62.52995777130127, 62.33638119697571,]
