best-result = 39.83550429344177
warmup-time = 47.9755425453186
all-measurements = [ 39.83550429344177, 40.14880990982056, 40.24370622634888,]
