best-result = 135.07195019721985
warmup-time = 159.1464490890503
all-measurements = [ 135.07195019721985, 136.12661790847778, 135.2318184375763,]
