best-result = 915.2879977226257
warmup-time = 947.3601155281067
all-measurements = [ 915.2879977226257, 920.2022316455841, 922.5709357261658,]
