best-result = 27.627321243286133
warmup-time = 35.907039642333984
all-measurements = [ 27.627321243286133, 27.738993883132935, 27.824846267700195,]
