best-result = 57.085851430892944
warmup-time = 69.76509690284729
all-measurements = [ 57.085851430892944, 57.642340421676636, 57.43224859237671,]
