best-result = 59.37448859214783
warmup-time = 73.85881781578064
all-measurements = [ 59.37448859214783, 59.86424231529236, 59.708457469940186,]
