best-result = 109.78795504570007
warmup-time = 136.74503993988037
all-measurements = [ 110.57195973396301, 109.78795504570007, 110.80249404907227,]
