best-result = 780.5787839889526
warmup-time = 875.9251129627228
all-measurements = [ 780.5787839889526, 782.5199131965637, 799.4004452228546,]
