best-result = 34.00306725502014
warmup-time = 42.708712339401245
all-measurements = [ 34.00306725502014, 34.010372161865234, 34.050315618515015,]
