best-result = 55.28326916694641
warmup-time = 70.62375330924988
all-measurements = [ 55.28326916694641, 55.74812293052673, 55.40798091888428,]
