best-result = 1349.604352235794
warmup-time = 1582.4661812782288
all-measurements = [ 1349.604352235794, 1378.3279421329498, 1821.1500225067139,]
