best-result = 47.999638080596924
warmup-time = 68.36671471595764
all-measurements = [ 48.365251302719116, 48.655914068222046, 47.999638080596924,]
