best-result = 77.88625621795654
warmup-time = 96.60291314125061
all-measurements = [ 77.88625621795654, 78.10097312927246, 78.18682050704956,]
