best-result = 37.03590965270996
warmup-time = 45.3328161239624
all-measurements = [ 37.03590965270996, 37.12107300758362, 37.07908654212952,]
