best-result = 335.24890422821045
warmup-time = 485.6466791629791
all-measurements = [ 335.52666091918945, 345.4187979698181, 335.24890422821045,]
