best-result = 58.58577823638916
warmup-time = 59.65097975730896
all-measurements = [ 60.000879526138306, 58.94621205329895, 58.58577823638916,]
