best-result = 24.785910606384277
warmup-time = 24.858692407608032
all-measurements = [ 25.291967630386353, 24.923595190048218, 24.785910606384277,]
