best-result = 35.307289838790894
warmup-time = 38.49219012260437
all-measurements = [ 37.573551177978516, 35.72205328941345, 35.307289838790894,]
