best-result = 31.64285159111023
warmup-time = 31.769619464874268
all-measurements = [ 31.64285159111023, 31.809741497039795, 32.104308128356934,]
