best-result = 273.75742650032043
warmup-time = 277.30131697654724
all-measurements = [ 274.7592248916626, 273.75742650032043, 276.0871775150299,]
