best-result = 35.86085557937622
warmup-time = 36.450443983078
all-measurements = [ 36.76050162315369, 35.86085557937622, 36.09711790084839,]
