best-result = 40.394245624542236
warmup-time = 41.70885372161865
all-measurements = [ 41.74137783050537, 40.74408030509949, 40.394245624542236,]
