best-result = 50.70664644241333
warmup-time = 50.49865436553955
all-measurements = [ 50.70664644241333, 51.86946177482605, 51.039615869522095,]
