best-result = 34.09889793395996
warmup-time = 34.684490442276
all-measurements = [ 35.18619680404663, 34.09889793395996, 34.6966609954834,]
