best-result = 36.299201011657715
warmup-time = 38.177072286605835
all-measurements = [ 36.299201011657715, 37.309863567352295, 37.949450969696045,]
