best-result = 58.609642028808594
warmup-time = 60.549278020858765
all-measurements = [ 59.784865379333496, 61.20791292190552, 58.609642028808594,]
