best-result = 241.3847258090973
warmup-time = 244.30839157104492
all-measurements = [ 244.5187497138977, 241.3847258090973, 242.41021633148193,]
