best-result = 548.0593211650848
warmup-time = 549.8821568489075
all-measurements = [ 548.0593211650848, 549.9326734542847, 548.824458360672,]
