best-result = 35.24721837043762
warmup-time = 38.05549383163452
all-measurements = [ 36.91026210784912, 35.24721837043762, 35.30542778968811,]
