best-result = 64.83092617988586
warmup-time = 65.61567878723145
all-measurements = [ 65.36359810829163, 65.11522793769836, 64.83092617988586,]
