best-result = 26.737717151641846
warmup-time = 27.126142501831055
all-measurements = [ 27.878095388412476, 26.768889904022217, 26.737717151641846,]
