best-result = 33.0513916015625
warmup-time = 36.44899940490723
all-measurements = [ 35.65000081062317, 33.0513916015625, 36.47740125656128,]
