best-result = 32.25475525856018
warmup-time = 32.89268469810486
all-measurements = [ 33.284059286117554, 33.63672733306885, 32.25475525856018,]
