best-result = 42.515923500061035
warmup-time = 44.204994440078735
all-measurements = [ 44.166088342666626, 42.515923500061035, 43.40904402732849,]
