best-result = 98.6924216747284
warmup-time = 99.93938302993774
all-measurements = [ 101.20311450958252, 99.99476504325867, 98.6924216747284,]
