best-result = 27.50445866584778
warmup-time = 27.85007643699646
all-measurements = [ 28.46469211578369, 28.83997130393982, 27.50445866584778,]
