best-result = 32.998355865478516
warmup-time = 34.588032722473145
all-measurements = [ 32.998355865478516, 34.79071307182312, 33.54693555831909,]
