best-result = 38.34981369972229
warmup-time = 39.12675166130066
all-measurements = [ 38.34981369972229, 39.91736149787903, 39.958261013031006,]
