best-result = 43.31930446624756
warmup-time = 44.11849927902222
all-measurements = [ 45.594133138656616, 43.31930446624756, 46.8836464881897,]
