best-result = 31.31793785095215
warmup-time = 33.82723140716553
all-measurements = [ 31.31793785095215, 32.44114899635315, 32.014772176742554,]
