best-result = 693.7794160842896
warmup-time = 709.1341373920441
all-measurements = [ 700.807806968689, 710.5471830368042, 693.7794160842896,]
