best-result = 178.28281903266907
warmup-time = 186.73538494110107
all-measurements = [ 181.17558360099792, 181.0941526889801, 178.28281903266907,]
