best-result = 43.2030348777771
warmup-time = 43.34105849266052
all-measurements = [ 44.81221127510071, 45.283894062042236, 43.2030348777771,]
