best-result = 25.858063459396362
warmup-time = 25.76793599128723
all-measurements = [ 26.00561785697937, 25.858063459396362, 25.86670207977295,]
