best-result = 37.646037578582764
warmup-time = 38.67780303955078
all-measurements = [ 37.933157205581665, 38.08448243141174, 37.646037578582764,]
