best-result = 31.700998783111572
warmup-time = 31.62032437324524
all-measurements = [ 31.851011514663696, 31.700998783111572, 32.23220705986023,]
