best-result = 262.2744927406311
warmup-time = 266.85879278182983
all-measurements = [ 262.2744927406311, 267.11687874794006, 266.60376811027527,]
