best-result = 36.70838809013367
warmup-time = 37.616271018981934
all-measurements = [ 37.62849473953247, 37.49558115005493, 36.70838809013367,]
