best-result = 40.95400929450989
warmup-time = 41.955151081085205
all-measurements = [ 40.95400929450989, 42.73004341125488, 42.494866609573364,]
