best-result = 50.62940335273743
warmup-time = 51.05143404006958
all-measurements = [ 50.7871778011322, 50.62940335273743, 51.0000786781311,]
