best-result = 33.196125745773315
warmup-time = 34.925132036209106
all-measurements = [ 33.196125745773315, 35.10977125167847, 34.84610366821289,]
