best-result = 37.93266272544861
warmup-time = 39.23862338066101
all-measurements = [ 38.681936740875244, 37.93266272544861, 38.465059995651245,]
