best-result = 62.21952819824219
warmup-time = 64.16972804069519
all-measurements = [ 66.69417238235474, 67.09117650985718, 62.21952819824219,]
