best-result = 227.66246581077576
warmup-time = 229.95033884048462
all-measurements = [ 229.76656770706177, 227.66246581077576, 230.11501002311707,]
