best-result = 525.7666757106781
warmup-time = 529.3393807411194
all-measurements = [ 528.6790919303894, 525.7666757106781, 526.0091373920441,]
