best-result = 35.90711236000061
warmup-time = 35.96381497383118
all-measurements = [ 37.355072021484375, 35.90711236000061, 36.31649088859558,]
