best-result = 63.46336388587952
warmup-time = 65.97456693649292
all-measurements = [ 64.9126718044281, 64.30295133590698, 63.46336388587952,]
