best-result = 27.255149126052856
warmup-time = 27.904764652252197
all-measurements = [ 27.81668996810913, 27.255149126052856, 28.207147121429443,]
