best-result = 34.783440589904785
warmup-time = 36.21980142593384
all-measurements = [ 36.09121108055115, 34.783440589904785, 36.01256060600281,]
