best-result = 33.52166247367859
warmup-time = 33.721389055252075
all-measurements = [ 33.52166247367859, 34.14377689361572, 33.79551839828491,]
