best-result = 44.420777559280396
warmup-time = 44.18994736671448
all-measurements = [ 44.6984760761261, 45.033355712890625, 44.420777559280396,]
