best-result = 96.81764030456543
warmup-time = 100.84639573097229
all-measurements = [ 96.96162223815918, 99.59394073486328, 96.81764030456543,]
