best-result = 28.195138454437256
warmup-time = 29.31196689605713
all-measurements = [ 28.615573167800903, 28.195138454437256, 29.077674388885498,]
