best-result = 34.377174615859985
warmup-time = 34.27326226234436
all-measurements = [ 34.96854639053345, 34.421377182006836, 34.377174615859985,]
