best-result = 87.29809045791626
warmup-time = 92.26363515853882
all-measurements = [ 87.29809045791626, 98.64899826049805, 90.8428635597229,]
