best-result = 39.965609312057495
warmup-time = 38.700117349624634
all-measurements = [ 40.03172206878662, 39.965609312057495, 40.745880126953125,]
