best-result = 44.57274556159973
warmup-time = 44.53757691383362
all-measurements = [ 44.81211042404175, 47.042601585388184, 44.57274556159973,]
