best-result = 27.17322874069214
warmup-time = 28.315468072891235
all-measurements = [ 28.41439700126648, 27.17322874069214, 28.804731607437134,]
