best-result = 688.5794653892517
warmup-time = 724.5451893806458
all-measurements = [ 688.5794653892517, 693.0565106868744, 690.6583077907562,]
