best-result = 174.70199847221375
warmup-time = 175.4792251586914
all-measurements = [ 174.70199847221375, 177.12007975578308, 179.47035598754883,]
