best-result = 43.46520113945007
warmup-time = 44.55656933784485
all-measurements = [ 43.799949407577515, 44.761842012405396, 43.46520113945007,]
