best-result = 23.15800952911377
warmup-time = 23.607410430908203
all-measurements = [ 23.15800952911377, 23.20439577102661, 23.391382694244385,]
