best-result = 46.61541390419006
warmup-time = 63.60526776313782
all-measurements = [ 46.61541390419006, 47.16492009162903, 47.33335828781128,]
