best-result = 46.69196391105652
warmup-time = 58.37987422943115
all-measurements = [ 46.878928899765015, 46.69196391105652, 46.79476761817932,]
