best-result = 877.8471283912659
warmup-time = 1057.8979074954987
all-measurements = [ 877.8471283912659, 899.4713578224182, 894.4774351119995,]
