best-result = 84.03379201889038
warmup-time = 98.73862552642822
all-measurements = [ 85.5403983592987, 84.03379201889038, 86.06774187088013,]
