best-result = 968.1865477561951
warmup-time = 1028.6231286525726
all-measurements = [ 983.8114893436432, 982.6757528781891, 968.1865477561951,]
