best-result = 66.38097786903381
warmup-time = 79.97707223892212
all-measurements = [ 66.38097786903381, 67.62501549720764, 67.17994117736816,]
