best-result = 82.71725463867188
warmup-time = 103.97748684883118
all-measurements = [ 82.71725463867188, 83.33785581588745, 83.94457030296326,]
