best-result = 67.86408257484436
warmup-time = 88.24083280563354
all-measurements = [ 68.354736328125, 68.00200390815735, 67.86408257484436,]
