best-result = 91.29375076293945
warmup-time = 104.63671064376831
all-measurements = [ 91.29375076293945, 91.35029983520508, 92.05095791816711,]
