best-result = 636.146125793457
warmup-time = 649.320995092392
all-measurements = [ 640.7373542785645, 636.146125793457, 641.0347294807434,]
