best-result = 62.331400632858276
warmup-time = 73.51604151725769
all-measurements = [ 63.18424201011658, 62.481212854385376, 62.331400632858276,]
