best-result = 190.60428500175476
warmup-time = 346.37330865859985
all-measurements = [ 191.45459246635437, 194.0680115222931, 190.60428500175476,]
