best-result = 384.23395800590515
warmup-time = 829.752326965332
all-measurements = [ 384.23395800590515, 387.42514991760254, 386.0596070289612,]
