best-result = 62.60432314872742
warmup-time = 78.36851787567139
all-measurements = [ 62.80518054962158, 62.60432314872742, 63.054665327072144,]
