best-result = 40.220903158187866
warmup-time = 48.09619975090027
all-measurements = [ 40.436097621917725, 40.220903158187866, 40.81525707244873,]
