best-result = 134.49678587913513
warmup-time = 166.84271883964539
all-measurements = [ 135.4560170173645, 134.49678587913513, 134.78815698623657,]
