best-result = 918.368882894516
warmup-time = 937.3085112571716
all-measurements = [ 920.741247177124, 918.368882894516, 918.9466633796692,]
