best-result = 28.101605653762817
warmup-time = 35.928131341934204
all-measurements = [ 28.101605653762817, 28.389057159423828, 28.372504472732544,]
