best-result = 59.391793966293335
warmup-time = 68.96171379089355
all-measurements = [ 59.391793966293335, 59.41537261009216, 60.27335834503174,]
