best-result = 60.113407135009766
warmup-time = 72.77357220649719
all-measurements = [ 60.65994334220886, 60.113407135009766, 60.686814308166504,]
