best-result = 108.68631267547607
warmup-time = 137.06386804580688
all-measurements = [ 109.18702507019043, 108.68631267547607, 110.52775311470032,]
