best-result = 766.1630003452301
warmup-time = 831.695629119873
all-measurements = [ 766.1630003452301, 776.0419623851776, 778.4014506340027,]
