best-result = 34.516321659088135
warmup-time = 41.69287300109863
all-measurements = [ 34.516321659088135, 34.598843812942505, 34.60810089111328,]
