best-result = 55.99506664276123
warmup-time = 70.02610540390015
all-measurements = [ 56.30453372001648, 56.113065242767334, 55.99506664276123,]
