best-result = 2059.6574590206146
warmup-time = 2377.5587067604065
all-measurements = [ 2059.6574590206146, 2261.5206823349, 2513.3116731643677,]
