best-result = 49.14608192443848
warmup-time = 70.33782434463501
all-measurements = [ 49.14608192443848, 55.57066011428833, 60.44323444366455,]
