best-result = 82.71325898170471
warmup-time = 100.8993468284607
all-measurements = [ 82.71325898170471, 82.76684355735779, 82.88445353507996,]
