best-result = 93.32166576385498
warmup-time = 114.84628057479858
all-measurements = [ 93.33205032348633, 93.93549132347107, 93.32166576385498,]
