best-result = 37.43358135223389
warmup-time = 45.67668652534485
all-measurements = [ 38.26512098312378, 37.75984001159668, 37.43358135223389,]
