best-result = 314.8155691623688
warmup-time = 455.5976998806
all-measurements = [ 314.8155691623688, 318.33956694602966, 318.56534147262573,]
