best-result = 60.18410301208496
warmup-time = 60.33753824234009
all-measurements = [ 60.44330883026123, 60.51053714752197, 60.18410301208496,]
