best-result = 25.640603065490723
warmup-time = 26.453678607940674
all-measurements = [ 25.729872465133667, 25.697526216506958, 25.640603065490723,]
