best-result = 34.65636873245239
warmup-time = 36.054206132888794
all-measurements = [ 37.906824350357056, 34.65636873245239, 37.27719855308533,]
