best-result = 30.816616535186768
warmup-time = 31.85550546646118
all-measurements = [ 31.71022129058838, 31.430649995803833, 30.816616535186768,]
