best-result = 265.9072804450989
warmup-time = 269.56919503211975
all-measurements = [ 266.31644773483276, 265.9072804450989, 266.5304489135742,]
