best-result = 35.207996129989624
warmup-time = 37.83628511428833
all-measurements = [ 35.64867091178894, 36.114442110061646, 35.207996129989624,]
