best-result = 40.506430864334106
warmup-time = 42.66658592224121
all-measurements = [ 40.575350761413574, 40.68026638031006, 40.506430864334106,]
