best-result = 49.351104736328125
warmup-time = 51.48916435241699
all-measurements = [ 49.72385811805725, 49.4280047416687, 49.351104736328125,]
