best-result = 33.121326208114624
warmup-time = 34.357893228530884
all-measurements = [ 33.121326208114624, 33.76285982131958, 33.94837760925293,]
