best-result = 36.45633816719055
warmup-time = 38.25753855705261
all-measurements = [ 37.302950620651245, 36.45633816719055, 37.33055377006531,]
