best-result = 58.94175338745117
warmup-time = 66.20008420944214
all-measurements = [ 65.0835931301117, 61.86204552650452, 58.94175338745117,]
