best-result = 225.73424434661865
warmup-time = 228.33201909065247
all-measurements = [ 227.37862825393677, 225.73424434661865, 229.40800738334656,]
