best-result = 519.2932817935944
warmup-time = 528.6414840221405
all-measurements = [ 520.478976726532, 522.4790844917297, 519.2932817935944,]
