best-result = 35.84884786605835
warmup-time = 36.26469016075134
all-measurements = [ 35.84884786605835, 35.87448048591614, 38.29889965057373,]
