best-result = 73.38036108016968
warmup-time = 80.21123480796814
all-measurements = [ 73.38036108016968, 73.60756874084473, 78.59774041175842,]
