best-result = 61.38103485107422
warmup-time = 61.337467193603516
all-measurements = [ 62.54412841796875, 64.0004711151123, 61.38103485107422,]
