best-result = 27.848080158233643
warmup-time = 28.86239504814148
all-measurements = [ 27.92012047767639, 27.848080158233643, 28.49373960494995,]
