best-result = 35.108306646347046
warmup-time = 32.62536549568176
all-measurements = [ 35.60407543182373, 35.108306646347046, 35.57404613494873,]
