best-result = 33.27184844017029
warmup-time = 33.85384798049927
all-measurements = [ 33.29930520057678, 33.928988456726074, 33.27184844017029,]
