best-result = 42.325178146362305
warmup-time = 44.34559607505798
all-measurements = [ 43.0888147354126, 42.768075466156006, 42.325178146362305,]
