best-result = 95.74664998054504
warmup-time = 97.1118323802948
all-measurements = [ 95.74664998054504, 99.908447265625, 99.02822923660278,]
