best-result = 27.353683710098267
warmup-time = 27.79522967338562
all-measurements = [ 28.00394320487976, 28.08733606338501, 27.353683710098267,]
