best-result = 33.762160301208496
warmup-time = 34.95632529258728
all-measurements = [ 34.82963681221008, 33.762160301208496, 34.107434034347534,]
