best-result = 88.180419921875
warmup-time = 87.81209540367126
all-measurements = [ 90.20756888389587, 88.180419921875, 89.24376153945923,]
