best-result = 38.9555504322052
warmup-time = 40.790467262268066
all-measurements = [ 40.334627628326416, 40.43436026573181, 38.9555504322052,]
