best-result = 43.97880506515503
warmup-time = 45.18584966659546
all-measurements = [ 45.51348543167114, 45.536543130874634, 43.97880506515503,]
