best-result = 27.799510955810547
warmup-time = 28.332401752471924
all-measurements = [ 28.886820793151855, 27.799510955810547, 29.34418749809265,]
