best-result = 705.2778279781342
warmup-time = 737.5344016551971
all-measurements = [ 705.2778279781342, 705.9836647510529, 710.8502871990204,]
