best-result = 173.92056012153625
warmup-time = 179.5872220993042
all-measurements = [ 177.9521780014038, 174.13089656829834, 173.92056012153625,]
