best-result = 59.18725895881653
warmup-time = 70.197420835495
all-measurements = [ 59.18725895881653, 66.65570449829102, 67.68051671981812,]
