best-result = 26.09936213493347
warmup-time = 26.330049514770508
all-measurements = [ 26.09936213493347, 26.6428062915802, 26.273239135742188,]
