best-result = 35.501333713531494
warmup-time = 38.03908038139343
all-measurements = [ 36.76852488517761, 35.501333713531494, 37.42132878303528,]
