best-result = 31.030160903930664
warmup-time = 30.926864624023438
all-measurements = [ 31.726959705352783, 31.030160903930664, 31.3673312664032,]
