best-result = 255.7169587612152
warmup-time = 259.7286093235016
all-measurements = [ 258.6006073951721, 258.6010136604309, 255.7169587612152,]
