best-result = 36.34812021255493
warmup-time = 36.53833341598511
all-measurements = [ 36.34812021255493, 36.3553192615509, 36.4286253452301,]
