best-result = 114.66100835800171
warmup-time = 115.11906027793884
all-measurements = [ 115.16713261604309, 114.66100835800171, 115.31081652641296,]
