best-result = 40.15753149986267
warmup-time = 43.0794460773468
all-measurements = [ 40.15753149986267, 42.5358145236969, 40.24201679229736,]
