best-result = 47.89520978927612
warmup-time = 49.248480796813965
all-measurements = [ 48.234639406204224, 48.19495677947998, 47.89520978927612,]
