best-result = 32.68940830230713
warmup-time = 33.42653822898865
all-measurements = [ 32.68940830230713, 34.187732458114624, 33.529388666152954,]
