best-result = 36.11719274520874
warmup-time = 37.156084299087524
all-measurements = [ 38.234418869018555, 36.11719274520874, 37.18518280982971,]
