best-result = 58.05172395706177
warmup-time = 63.51563882827759
all-measurements = [ 58.05172395706177, 61.0191867351532, 59.38247489929199,]
