best-result = 223.110253572464
warmup-time = 225.60611963272095
all-measurements = [ 223.110253572464, 223.89770793914795, 226.32260870933533,]
