best-result = 516.315199136734
warmup-time = 522.6455230712891
all-measurements = [ 519.003931760788, 516.4690275192261, 516.315199136734,]
