best-result = 35.8716242313385
warmup-time = 35.14799976348877
all-measurements = [ 35.8716242313385, 36.38530373573303, 37.09351658821106,]
