best-result = 28.541986227035522
warmup-time = 29.19675064086914
all-measurements = [ 28.541986227035522, 28.78537130355835, 29.49664306640625,]
