best-result = 73.2385482788086
warmup-time = 71.91824865341187
all-measurements = [ 78.87137627601624, 74.17124128341675, 73.2385482788086,]
