best-result = 60.98522663116455
warmup-time = 63.53226327896118
all-measurements = [ 61.742058515548706, 61.02782964706421, 60.98522663116455,]
