best-result = 28.000048398971558
warmup-time = 28.21644902229309
all-measurements = [ 28.000048398971558, 28.07822871208191, 29.041070222854614,]
