best-result = 35.05635356903076
warmup-time = 35.530388832092285
all-measurements = [ 35.05635356903076, 35.69489336013794, 35.49073314666748,]
