best-result = 33.497307777404785
warmup-time = 33.832192182540894
all-measurements = [ 34.59825825691223, 33.86669731140137, 33.497307777404785,]
