best-result = 42.14947271347046
warmup-time = 42.846978187561035
all-measurements = [ 43.07607841491699, 42.14947271347046, 44.37199282646179,]
