best-result = 94.78661918640137
warmup-time = 96.60775589942932
all-measurements = [ 98.47981762886047, 94.78661918640137, 98.03958511352539,]
