best-result = 27.583102226257324
warmup-time = 29.753896236419678
all-measurements = [ 27.583102226257324, 28.11055588722229, 27.756336212158203,]
