best-result = 34.265867710113525
warmup-time = 35.77571773529053
all-measurements = [ 34.40445303916931, 34.265867710113525, 34.754626989364624,]
