best-result = 86.21902704238892
warmup-time = 92.69595432281494
all-measurements = [ 91.01686000823975, 90.38727903366089, 86.21902704238892,]
