best-result = 38.66966199874878
warmup-time = 40.04716992378235
all-measurements = [ 38.66966199874878, 39.05726194381714, 39.35056757926941,]
