best-result = 43.954471826553345
warmup-time = 43.540831327438354
all-measurements = [ 43.954471826553345, 45.83503746986389, 45.488765716552734,]
