best-result = 27.94994568824768
warmup-time = 29.19703483581543
all-measurements = [ 28.482513904571533, 27.94994568824768, 29.295348405838013,]
