best-result = 636.5506644248962
warmup-time = 677.2709321975708
all-measurements = [ 641.1195073127747, 640.7731008529663, 636.5506644248962,]
