best-result = 170.0209605693817
warmup-time = 176.06480717658997
all-measurements = [ 171.56035780906677, 173.45767331123352, 170.0209605693817,]
