best-result = 58.021082639694214
warmup-time = 69.08399677276611
all-measurements = [ 58.021082639694214, 66.76376175880432, 64.40447878837585,]
