best-result = 22.776352643966675
warmup-time = 22.619347095489502
all-measurements = [ 23.142873764038086, 22.776352643966675, 22.78913974761963,]
