best-result = 46.19554352760315
warmup-time = 63.14297795295715
all-measurements = [ 46.32895517349243, 46.326706886291504, 46.19554352760315,]
