best-result = 46.03453278541565
warmup-time = 58.197888135910034
all-measurements = [ 46.03453278541565, 46.32423400878906, 46.736342906951904,]
