best-result = 894.1268684864044
warmup-time = 1108.1735544204712
all-measurements = [ 919.3251683712006, 902.0052254199982, 894.1268684864044,]
