best-result = 84.79035830497742
warmup-time = 101.86583089828491
all-measurements = [ 85.45100855827332, 85.68732619285583, 84.79035830497742,]
