best-result = 980.0085983276367
warmup-time = 1010.5987067222595
all-measurements = [ 981.1868722438812, 983.3226945400238, 980.0085983276367,]
