best-result = 82.35951399803162
warmup-time = 103.36984300613403
all-measurements = [ 82.6760642528534, 82.35951399803162, 83.18172216415405,]
