best-result = 67.46652126312256
warmup-time = 86.19850206375122
all-measurements = [ 67.46652126312256, 67.47893238067627, 68.47330617904663,]
