best-result = 91.42487573623657
warmup-time = 104.92254519462585
all-measurements = [ 91.5370557308197, 91.42487573623657, 91.64831447601318,]
