best-result = 646.1775388717651
warmup-time = 662.576420545578
all-measurements = [ 651.6390473842621, 646.1775388717651, 649.2311177253723,]
