best-result = 61.93579387664795
warmup-time = 78.4057035446167
all-measurements = [ 62.55344080924988, 61.93579387664795, 62.28848624229431,]
