best-result = 206.40584874153137
warmup-time = 358.4069881439209
all-measurements = [ 210.00724244117737, 206.40584874153137, 210.43928146362305,]
