best-result = 424.3884949684143
warmup-time = 865.9300148487091
all-measurements = [ 424.3884949684143, 428.7805366516113, 426.11754417419434,]
