best-result = 62.41129469871521
warmup-time = 77.8623435497284
all-measurements = [ 62.713297605514526, 63.62460207939148, 62.41129469871521,]
