best-result = 39.77731513977051
warmup-time = 47.50005578994751
all-measurements = [ 40.04390621185303, 40.1047682762146, 39.77731513977051,]
