best-result = 135.40272855758667
warmup-time = 165.11786079406738
all-measurements = [ 135.78735899925232, 136.14151048660278, 135.40272855758667,]
