best-result = 910.894323348999
warmup-time = 958.2854309082031
all-measurements = [ 949.2480456829071, 912.8809940814972, 910.894323348999,]
