best-result = 27.429301261901855
warmup-time = 36.99769067764282
all-measurements = [ 27.598430156707764, 27.429301261901855, 27.662606954574585,]
