best-result = 56.77536487579346
warmup-time = 70.15393614768982
all-measurements = [ 57.956506967544556, 56.77536487579346, 57.28012561798096,]
