best-result = 59.681532859802246
warmup-time = 73.16845178604126
all-measurements = [ 60.13104295730591, 59.681532859802246, 59.86580157279968,]
