best-result = 108.79112029075623
warmup-time = 137.4518961906433
all-measurements = [ 109.3370623588562, 109.86503887176514, 108.79112029075623,]
