best-result = 778.2351140975952
warmup-time = 851.6181411743164
all-measurements = [ 800.932769536972, 778.2351140975952, 781.8971946239471,]
