best-result = 34.02351784706116
warmup-time = 41.976529359817505
all-measurements = [ 34.042622804641724, 34.02351784706116, 34.502912759780884,]
