best-result = 55.164857387542725
warmup-time = 71.15070796012878
all-measurements = [ 55.946016788482666, 55.549989223480225, 55.164857387542725,]
