best-result = 1531.6360483169556
warmup-time = 2015.4103322029114
all-measurements = [ 1708.9722435474396, 1531.6360483169556, 1900.110203742981,]
