best-result = 48.39047384262085
warmup-time = 68.94662404060364
all-measurements = [ 48.39047384262085, 48.495665311813354, 48.762340784072876,]
