best-result = 80.18736147880554
warmup-time = 97.73153376579285
all-measurements = [ 80.29271340370178, 80.18736147880554, 80.43794798851013,]
