best-result = 36.828701972961426
warmup-time = 46.84810471534729
all-measurements = [ 36.828701972961426, 36.84600782394409, 37.35437631607056,]
