best-result = 334.20890712738037
warmup-time = 477.2427966594696
all-measurements = [ 335.7415518760681, 334.20890712738037, 334.3345642089844,]
