best-result = 58.59654664993286
warmup-time = 59.38756275177002
all-measurements = [ 59.12084412574768, 59.20331645011902, 58.59654664993286,]
