best-result = 22.890871047973633
warmup-time = 22.70539402961731
all-measurements = [ 23.213046550750732, 22.890871047973633, 22.92504358291626,]
