best-result = 46.74765944480896
warmup-time = 63.939937114715576
all-measurements = [ 47.37746858596802, 46.95038843154907, 46.74765944480896,]
