best-result = 46.560675859451294
warmup-time = 58.06440567970276
all-measurements = [ 46.560675859451294, 46.94136691093445, 46.66970682144165,]
