best-result = 930.1620371341705
warmup-time = 1137.8911845684052
all-measurements = [ 939.6299893856049, 948.3208277225494, 930.1620371341705,]
