best-result = 85.10596346855164
warmup-time = 100.2037124633789
all-measurements = [ 85.33954048156738, 85.10596346855164, 86.00437545776367,]
