best-result = 81.87464761734009
warmup-time = 102.87262797355652
all-measurements = [ 82.28744506835938, 82.48411154747009, 81.87464761734009,]
