best-result = 70.50861668586731
warmup-time = 90.88407778739929
all-measurements = [ 70.50861668586731, 70.55658173561096, 70.91715860366821,]
