best-result = 91.69452118873596
warmup-time = 105.13804268836975
all-measurements = [ 92.48073387145996, 91.70514345169067, 91.69452118873596,]
