best-result = 634.4194507598877
warmup-time = 651.3786895275116
all-measurements = [ 637.4589359760284, 634.4194507598877, 636.4465317726135,]
