best-result = 64.97955274581909
warmup-time = 81.09077000617981
all-measurements = [ 65.00609540939331, 64.97955274581909, 65.18084025382996,]
