best-result = 221.70393204689026
warmup-time = 370.0604727268219
all-measurements = [ 223.08437418937683, 221.70393204689026, 223.3561658859253,]
