best-result = 442.7901773452759
warmup-time = 875.4675080776215
all-measurements = [ 442.7901773452759, 443.52828335762024, 442.87224078178406,]
