best-result = 61.846646547317505
warmup-time = 79.32417130470276
all-measurements = [ 62.078381299972534, 62.49055576324463, 61.846646547317505,]
