best-result = 143.24357271194458
warmup-time = 175.21453428268433
all-measurements = [ 144.21709656715393, 143.47787976264954, 143.24357271194458,]
