best-result = 890.1730346679688
warmup-time = 918.8009333610535
all-measurements = [ 890.1730346679688, 893.1694068908691, 890.8368334770203,]
