best-result = 27.456122398376465
warmup-time = 36.485432386398315
all-measurements = [ 27.456122398376465, 28.0572566986084, 27.6681489944458,]
