best-result = 58.59267997741699
warmup-time = 69.49541854858398
all-measurements = [ 58.595712184906006, 59.515936613082886, 58.59267997741699,]
