best-result = 59.00592756271362
warmup-time = 73.27047419548035
all-measurements = [ 59.00592756271362, 59.486249685287476, 59.65349769592285,]
