best-result = 111.31380009651184
warmup-time = 136.84433245658875
all-measurements = [ 111.5415370464325, 111.55851149559021, 111.31380009651184,]
