best-result = 787.0602598190308
warmup-time = 880.6353735923767
all-measurements = [ 787.0602598190308, 791.6328535079956, 790.3273191452026,]
