best-result = 33.669989585876465
warmup-time = 42.23444128036499
all-measurements = [ 34.3513867855072, 34.09803342819214, 33.669989585876465,]
