best-result = 55.21620726585388
warmup-time = 69.08247518539429
all-measurements = [ 55.62900686264038, 55.402448415756226, 55.21620726585388,]
