best-result = 1993.1213908195496
warmup-time = 2682.9303760528564
all-measurements = [ 2321.9759528636932, 1993.1213908195496, 2048.262213945389,]
