best-result = 49.36588382720947
warmup-time = 71.41213989257812
all-measurements = [ 49.36588382720947, 49.82948064804077, 49.94574308395386,]
