best-result = 78.79131245613098
warmup-time = 96.66331100463867
all-measurements = [ 78.79131245613098, 78.96827578544617, 78.92888689041138,]
