best-result = 36.46023750305176
warmup-time = 46.292917013168335
all-measurements = [ 36.86965870857239, 36.934669733047485, 36.46023750305176,]
