best-result = 353.18559885025024
warmup-time = 499.15888357162476
all-measurements = [ 353.18559885025024, 358.165638923645, 360.064248085022,]
