best-result = 59.34071159362793
warmup-time = 60.33377695083618
all-measurements = [ 59.34071159362793, 59.545621156692505, 59.349205017089844,]
