best-result = 21.714774131774902
warmup-time = 22.117377758026123
all-measurements = [ 21.940971612930298, 21.714774131774902, 21.78310251235962,]
