best-result = 46.86737275123596
warmup-time = 62.70084261894226
all-measurements = [ 47.118881940841675, 46.86737275123596, 47.2689733505249,]
