best-result = 46.672330379486084
warmup-time = 58.83072876930237
all-measurements = [ 46.74238467216492, 46.672330379486084, 46.72480511665344,]
