best-result = 948.745970249176
warmup-time = 1147.5777831077576
all-measurements = [ 948.745970249176, 971.3251938819885, 959.9723527431488,]
