best-result = 81.59201574325562
warmup-time = 96.25632619857788
all-measurements = [ 82.86210584640503, 81.59201574325562, 81.84467554092407,]
