best-result = 78.76361274719238
warmup-time = 98.99082136154175
all-measurements = [ 78.76361274719238, 79.27013182640076, 79.11611938476562,]
