best-result = 68.7518835067749
warmup-time = 91.27748084068298
all-measurements = [ 68.7518835067749, 69.47288393974304, 69.58422994613647,]
