best-result = 84.01042938232422
warmup-time = 98.97919869422913
all-measurements = [ 84.36857151985168, 84.09800148010254, 84.01042938232422,]
