best-result = 592.7819867134094
warmup-time = 609.779691696167
all-measurements = [ 593.5110313892365, 594.1880602836609, 592.7819867134094,]
