best-result = 61.70319128036499
warmup-time = 76.81503939628601
all-measurements = [ 61.80181074142456, 61.70319128036499, 62.02974486351013,]
