best-result = 222.39671349525452
warmup-time = 382.36025285720825
all-measurements = [ 224.94861793518066, 224.94510507583618, 222.39671349525452,]
