best-result = 436.7185094356537
warmup-time = 883.7811374664307
all-measurements = [ 440.9132022857666, 436.7185094356537, 438.48622393608093,]
