best-result = 59.61509156227112
warmup-time = 76.01261568069458
all-measurements = [ 60.65942120552063, 60.76533842086792, 59.61509156227112,]
