best-result = 845.6616826057434
warmup-time = 875.2285771369934
all-measurements = [ 845.7077324390411, 845.6616826057434, 846.5065994262695,]
