best-result = 26.897469520568848
warmup-time = 34.88908863067627
all-measurements = [ 26.897469520568848, 27.22662329673767, 27.779386281967163,]
