best-result = 57.778552532196045
warmup-time = 68.25555109977722
all-measurements = [ 57.78340125083923, 58.070085763931274, 57.778552532196045,]
