best-result = 56.252763748168945
warmup-time = 70.23695683479309
all-measurements = [ 56.27249550819397, 56.39264798164368, 56.252763748168945,]
