best-result = 108.57335591316223
warmup-time = 136.68648982048035
all-measurements = [ 108.57335591316223, 108.89079642295837, 109.44287395477295,]
