best-result = 759.4749519824982
warmup-time = 821.1673805713654
all-measurements = [ 767.8097372055054, 759.4749519824982, 761.6622695922852,]
