best-result = 33.46259593963623
warmup-time = 41.87507367134094
all-measurements = [ 33.46259593963623, 34.368419885635376, 33.89207983016968,]
