best-result = 53.20647358894348
warmup-time = 68.68522787094116
all-measurements = [ 53.39991474151611, 53.20647358894348, 53.64668583869934,]
