best-result = 48.834449768066406
warmup-time = 68.15434885025024
all-measurements = [ 48.834449768066406, 49.11934542655945, 48.86899733543396,]
