best-result = 79.01515173912048
warmup-time = 99.53290867805481
all-measurements = [ 79.40190267562866, 79.01515173912048, 79.2511944770813,]
