best-result = 35.30253720283508
warmup-time = 45.047672510147095
all-measurements = [ 35.74353337287903, 35.30253720283508, 35.65074372291565,]
