best-result = 336.73199009895325
warmup-time = 469.3726603984833
all-measurements = [ 344.0485026836395, 336.73199009895325, 337.5862979888916,]
