best-result = 101.99200820922852
warmup-time = 102.86434864997864
all-measurements = [ 101.99200820922852, 102.77784729003906, 102.808354139328,]
