best-result = 22.60273575782776
warmup-time = 22.731971263885498
all-measurements = [ 22.61379623413086, 23.094157695770264, 22.60273575782776,]
