best-result = 47.74466419219971
warmup-time = 64.86168432235718
all-measurements = [ 47.96942687034607, 48.14739394187927, 47.74466419219971,]
