best-result = 46.9331533908844
warmup-time = 58.99135947227478
all-measurements = [ 46.94902849197388, 46.93994379043579, 46.9331533908844,]
