best-result = 944.7106735706329
warmup-time = 1158.2776370048523
all-measurements = [ 947.2657971382141, 965.8565428256989, 944.7106735706329,]
