best-result = 84.82223773002625
warmup-time = 98.26442551612854
all-measurements = [ 85.53879237174988, 85.29777479171753, 84.82223773002625,]
