best-result = 80.2644875049591
warmup-time = 102.54798483848572
all-measurements = [ 80.83581876754761, 80.2644875049591, 81.01910948753357,]
