best-result = 69.6888997554779
warmup-time = 92.68033480644226
all-measurements = [ 70.1987316608429, 69.6888997554779, 69.93554043769836,]
