best-result = 89.90763449668884
warmup-time = 103.41557931900024
all-measurements = [ 89.90763449668884, 90.53814435005188, 90.30117774009705,]
