best-result = 615.391747713089
warmup-time = 637.2352001667023
all-measurements = [ 619.2608463764191, 615.391747713089, 617.8097474575043,]
