best-result = 64.37128520011902
warmup-time = 79.82241082191467
all-measurements = [ 64.86112904548645, 64.64527797698975, 64.37128520011902,]
