best-result = 218.41927576065063
warmup-time = 375.7932744026184
all-measurements = [ 221.09664106369019, 222.47625517845154, 218.41927576065063,]
