best-result = 444.63920044898987
warmup-time = 884.2760677337646
all-measurements = [ 449.18134808540344, 447.7174868583679, 444.63920044898987,]
