best-result = 61.691930532455444
warmup-time = 79.22498345375061
all-measurements = [ 61.9121150970459, 62.06624102592468, 61.691930532455444,]
