best-result = 864.7275807857513
warmup-time = 895.8559758663177
all-measurements = [ 866.7016451358795, 864.7275807857513, 865.2977714538574,]
