best-result = 27.12107515335083
warmup-time = 36.4955358505249
all-measurements = [ 27.350831031799316, 27.12107515335083, 27.86798119544983,]
