best-result = 57.74385452270508
warmup-time = 69.05817890167236
all-measurements = [ 58.17808127403259, 57.74385452270508, 57.94235897064209,]
