best-result = 58.270076513290405
warmup-time = 72.07188963890076
all-measurements = [ 58.75860595703125, 58.270076513290405, 59.32190537452698,]
