best-result = 109.8218047618866
warmup-time = 137.5319435596466
all-measurements = [ 109.8218047618866, 110.2918348312378, 110.18277764320374,]
