best-result = 775.9489281177521
warmup-time = 839.3648324012756
all-measurements = [ 775.9489281177521, 779.7014553546906, 778.4328956604004,]
