best-result = 33.98305583000183
warmup-time = 42.38637185096741
all-measurements = [ 33.98305583000183, 34.70111846923828, 34.04345107078552,]
