best-result = 57.2687087059021
warmup-time = 69.56010055541992
all-measurements = [ 66.52184844017029, 62.588202238082886, 57.2687087059021,]
