best-result = 1880.4523594379425
warmup-time = 3339.6029295921326
all-measurements = [ 1988.1178123950958, 1880.4523594379425, 2957.264298915863,]
