best-result = 49.69243335723877
warmup-time = 72.05607390403748
all-measurements = [ 49.69243335723877, 50.36133289337158, 49.9770085811615,]
