best-result = 79.72560262680054
warmup-time = 101.27481770515442
all-measurements = [ 79.72560262680054, 80.56032419204712, 80.34327054023743,]
