best-result = 36.03687500953674
warmup-time = 45.7385528087616
all-measurements = [ 36.97682476043701, 36.1875581741333, 36.03687500953674,]
