best-result = 344.0386781692505
warmup-time = 491.5421316623688
all-measurements = [ 344.7331876754761, 344.0386781692505, 353.0310218334198,]
