best-result = 104.15249824523926
warmup-time = 105.21435213088989
all-measurements = [ 104.15249824523926, 104.53612780570984, 104.37181425094604,]
