best-result = 26.50179123878479
warmup-time = 27.038432598114014
all-measurements = [ 26.50179123878479, 26.60573124885559, 27.023947954177856,]
