best-result = 37.39647150039673
warmup-time = 38.0607271194458
all-measurements = [ 37.70145797729492, 37.85002017021179, 37.39647150039673,]
