best-result = 30.475271463394165
warmup-time = 32.52647542953491
all-measurements = [ 30.475271463394165, 31.789552927017212, 32.12967777252197,]
