best-result = 233.45561718940735
warmup-time = 235.50042486190796
all-measurements = [ 233.45561718940735, 234.73235869407654, 233.52140712738037,]
