best-result = 36.62180519104004
warmup-time = 37.62953186035156
all-measurements = [ 37.35984683036804, 37.84715247154236, 36.62180519104004,]
