best-result = 111.73975253105164
warmup-time = 114.73796463012695
all-measurements = [ 113.27527284622192, 113.06952118873596, 111.73975253105164,]
