best-result = 35.01350998878479
warmup-time = 36.190367221832275
all-measurements = [ 36.378113746643066, 35.01350998878479, 35.473936319351196,]
