best-result = 41.008984088897705
warmup-time = 39.8367223739624
all-measurements = [ 41.75287652015686, 42.174718618392944, 41.008984088897705,]
