best-result = 47.54129076004028
warmup-time = 48.234835147857666
all-measurements = [ 47.54129076004028, 49.68738389015198, 48.98650813102722,]
