best-result = 34.51936054229736
warmup-time = 34.48649740219116
all-measurements = [ 35.676634073257446, 34.78178262710571, 34.51936054229736,]
