best-result = 37.42950105667114
warmup-time = 36.59780669212341
all-measurements = [ 37.42950105667114, 38.19535303115845, 38.16869926452637,]
