best-result = 60.80679774284363
warmup-time = 65.01873803138733
all-measurements = [ 65.61339688301086, 64.86427664756775, 60.80679774284363,]
