best-result = 221.45354914665222
warmup-time = 223.66735363006592
all-measurements = [ 221.45354914665222, 222.3222484588623, 223.8094584941864,]
