best-result = 504.34464859962463
warmup-time = 506.3209466934204
all-measurements = [ 504.34464859962463, 505.1572949886322, 506.5159521102905,]
