best-result = 36.44365978240967
warmup-time = 38.36606407165527
all-measurements = [ 38.39388966560364, 37.20747518539429, 36.44365978240967,]
