best-result = 29.128992319107056
warmup-time = 30.146265745162964
all-measurements = [ 29.74997115135193, 29.128992319107056, 29.40319800376892,]
