best-result = 74.70353317260742
warmup-time = 81.36738896369934
all-measurements = [ 80.878732919693, 82.35653042793274, 74.70353317260742,]
