best-result = 61.59978771209717
warmup-time = 61.6325044631958
all-measurements = [ 63.3648521900177, 61.59978771209717, 62.86242914199829,]
