best-result = 28.67266345024109
warmup-time = 28.82087731361389
all-measurements = [ 28.79927635192871, 28.67266345024109, 29.404144525527954,]
