best-result = 35.61898231506348
warmup-time = 35.93864989280701
all-measurements = [ 35.61898231506348, 36.18732285499573, 35.87529158592224,]
