best-result = 33.6608350276947
warmup-time = 32.87062931060791
all-measurements = [ 34.44505453109741, 33.6608350276947, 34.190797090530396,]
