best-result = 43.80345106124878
warmup-time = 44.85012888908386
all-measurements = [ 43.893277406692505, 43.80345106124878, 45.03516697883606,]
