best-result = 94.83112096786499
warmup-time = 94.95416212081909
all-measurements = [ 94.83112096786499, 96.1013252735138, 96.4522819519043,]
