best-result = 27.599907636642456
warmup-time = 29.758952856063843
all-measurements = [ 29.441231966018677, 30.445194244384766, 27.599907636642456,]
