best-result = 34.66012978553772
warmup-time = 36.28188633918762
all-measurements = [ 35.272788524627686, 34.891857385635376, 34.66012978553772,]
