best-result = 91.80102181434631
warmup-time = 98.91087341308594
all-measurements = [ 91.80102181434631, 96.08104372024536, 96.68822574615479,]
