best-result = 38.69981789588928
warmup-time = 39.89507341384888
all-measurements = [ 38.81003427505493, 39.036128759384155, 38.69981789588928,]
