best-result = 43.848050355911255
warmup-time = 44.13335394859314
all-measurements = [ 44.5429413318634, 43.848050355911255, 46.71739149093628,]
