best-result = 50.61975860595703
warmup-time = 52.141685247421265
all-measurements = [ 50.61975860595703, 50.800681829452515, 50.738335609436035,]
