best-result = 28.06683874130249
warmup-time = 29.68846893310547
all-measurements = [ 28.876611471176147, 29.844282865524292, 28.06683874130249,]
