best-result = 661.9312829971313
warmup-time = 718.4068665504456
all-measurements = [ 663.4245316982269, 667.159765958786, 661.9312829971313,]
