best-result = 166.6228642463684
warmup-time = 171.66941666603088
all-measurements = [ 166.6228642463684, 169.41224551200867, 174.04612398147583,]
