best-result = 64.37084150314331
warmup-time = 58.959230184555054
all-measurements = [ 66.7724711894989, 64.37084150314331, 68.75274133682251,]
