best-result = 22.51291036605835
warmup-time = 22.76208209991455
all-measurements = [ 23.251403093338013, 22.51291036605835, 22.957749843597412,]
