best-result = 46.285879373550415
warmup-time = 65.03464794158936
all-measurements = [ 47.192248821258545, 46.831581830978394, 46.285879373550415,]
