best-result = 45.71064019203186
warmup-time = 58.57297658920288
all-measurements = [ 46.24486708641052, 45.71064019203186, 46.36139941215515,]
