best-result = 915.2125930786133
warmup-time = 1134.2226991653442
all-measurements = [ 921.4635746479034, 923.4060642719269, 915.2125930786133,]
