best-result = 84.2531635761261
warmup-time = 99.39811611175537
all-measurements = [ 84.2531635761261, 85.03813600540161, 84.68797063827515,]
