best-result = 978.307737827301
warmup-time = 1011.0970160961151
all-measurements = [ 978.307737827301, 989.5365872383118, 991.5585350990295,]
