best-result = 81.80129551887512
warmup-time = 102.16929411888123
all-measurements = [ 82.00727081298828, 82.55300998687744, 81.80129551887512,]
