best-result = 69.0652768611908
warmup-time = 91.70562648773193
all-measurements = [ 71.52434086799622, 69.0652768611908, 69.97780132293701,]
