best-result = 90.8417501449585
warmup-time = 104.58416509628296
all-measurements = [ 90.8417501449585, 90.98652267456055, 91.17253923416138,]
