best-result = 62.91537880897522
warmup-time = 78.49915528297424
all-measurements = [ 64.10724520683289, 63.30667018890381, 62.91537880897522,]
