best-result = 210.12277960777283
warmup-time = 369.6545901298523
all-measurements = [ 212.1418480873108, 211.0147888660431, 210.12277960777283,]
