best-result = 428.0334234237671
warmup-time = 870.6949238777161
all-measurements = [ 432.42392659187317, 431.69177198410034, 428.0334234237671,]
