best-result = 61.601876735687256
warmup-time = 79.79093742370605
all-measurements = [ 62.158307790756226, 61.601876735687256, 62.31033754348755,]
