best-result = 39.79619026184082
warmup-time = 47.845126152038574
all-measurements = [ 40.02894425392151, 39.79619026184082, 39.89877510070801,]
