best-result = 139.16085958480835
warmup-time = 169.52146077156067
all-measurements = [ 140.17615151405334, 139.16085958480835, 139.99278450012207,]
