best-result = 903.7146337032318
warmup-time = 938.6990015506744
all-measurements = [ 905.8446002006531, 906.0616750717163, 903.7146337032318,]
