best-result = 27.24874210357666
warmup-time = 36.13435506820679
all-measurements = [ 27.278651475906372, 27.24874210357666, 29.99796724319458,]
