best-result = 58.439767360687256
warmup-time = 73.09530568122864
all-measurements = [ 58.784605264663696, 58.439767360687256, 58.47347569465637,]
