best-result = 59.14366149902344
warmup-time = 74.43789863586426
all-measurements = [ 59.14366149902344, 59.76524615287781, 59.57996106147766,]
