best-result = 110.55300903320312
warmup-time = 139.23530983924866
all-measurements = [ 110.93415069580078, 110.55300903320312, 111.16552472114563,]
