best-result = 783.8581659793854
warmup-time = 852.6166818141937
all-measurements = [ 787.8898208141327, 783.8581659793854, 785.8527755737305,]
