best-result = 33.52092003822327
warmup-time = 41.74204683303833
all-measurements = [ 33.61715626716614, 33.52092003822327, 33.54851794242859,]
