best-result = 54.81605362892151
warmup-time = 70.67955446243286
all-measurements = [ 54.90428829193115, 54.81605362892151, 55.209447622299194,]
