best-result = 1260.9231901168823
warmup-time = 1404.8286697864532
all-measurements = [ 1848.39417886734, 1399.0963158607483, 1260.9231901168823,]
