best-result = 49.09999680519104
warmup-time = 69.84113121032715
all-measurements = [ 49.38359236717224, 50.63526487350464, 49.09999680519104,]
