best-result = 79.40769481658936
warmup-time = 98.11000180244446
all-measurements = [ 79.82188987731934, 79.40769481658936, 79.70584559440613,]
