best-result = 36.664098501205444
warmup-time = 46.54200005531311
all-measurements = [ 36.664098501205444, 36.963862895965576, 36.95171403884888,]
