best-result = 343.9482204914093
warmup-time = 481.2968382835388
all-measurements = [ 358.7066195011139, 347.9659125804901, 343.9482204914093,]
