best-result = 58.18035912513733
warmup-time = 59.20120334625244
all-measurements = [ 58.18035912513733, 58.28311109542847, 58.469266176223755,]
