best-result = 22.349165439605713
warmup-time = 22.487986087799072
all-measurements = [ 23.01851463317871, 23.353806734085083, 22.349165439605713,]
