best-result = 48.102800369262695
warmup-time = 66.41969895362854
all-measurements = [ 48.81791400909424, 48.102800369262695, 48.449522972106934,]
