best-result = 47.67599630355835
warmup-time = 61.854312896728516
all-measurements = [ 48.004557847976685, 48.589977502822876, 47.67599630355835,]
