best-result = 1001.4543030261993
warmup-time = 1209.755378484726
all-measurements = [ 1001.4543030261993, 1003.8783032894135, 1006.9923930168152,]
