best-result = 83.20446228981018
warmup-time = 97.37202906608582
all-measurements = [ 83.48604226112366, 83.20446228981018, 83.6306893825531,]
