best-result = 80.06377029418945
warmup-time = 101.56273221969604
all-measurements = [ 80.06377029418945, 80.69823718070984, 80.2348883152008,]
