best-result = 69.71813893318176
warmup-time = 95.09114170074463
all-measurements = [ 69.71813893318176, 70.05621838569641, 70.18475246429443,]
