best-result = 86.61386919021606
warmup-time = 101.60507893562317
all-measurements = [ 86.61386919021606, 86.63106417655945, 86.84681415557861,]
