best-result = 599.434050321579
warmup-time = 618.3990793228149
all-measurements = [ 627.077164888382, 599.434050321579, 603.6508202552795,]
