best-result = 64.27506232261658
warmup-time = 76.32143425941467
all-measurements = [ 64.56395220756531, 64.27506232261658, 64.71211385726929,]
