best-result = 234.6108467578888
warmup-time = 417.189523935318
all-measurements = [ 234.6108467578888, 236.46207451820374, 235.1915729045868,]
