best-result = 444.0720932483673
warmup-time = 955.0965368747711
all-measurements = [ 446.3755283355713, 444.4535958766937, 444.0720932483673,]
