best-result = 60.819820165634155
warmup-time = 78.61215853691101
all-measurements = [ 61.309195041656494, 60.819820165634155, 62.03493857383728,]
