best-result = 887.8774192333221
warmup-time = 921.8267295360565
all-measurements = [ 887.8774192333221, 895.083642244339, 888.7996094226837,]
