best-result = 27.825908184051514
warmup-time = 36.96335506439209
all-measurements = [ 28.325371503829956, 27.825908184051514, 28.345812797546387,]
