best-result = 59.57682919502258
warmup-time = 74.8274838924408
all-measurements = [ 59.57682919502258, 60.47299385070801, 59.800512075424194,]
