best-result = 55.9963493347168
warmup-time = 74.4780285358429
all-measurements = [ 55.9963493347168, 57.23244619369507, 57.53061079978943,]
