best-result = 111.72743272781372
warmup-time = 141.88015723228455
all-measurements = [ 111.9326376914978, 112.43236041069031, 111.72743272781372,]
