best-result = 779.794175863266
warmup-time = 861.0864949226379
all-measurements = [ 784.9437341690063, 781.9416787624359, 779.794175863266,]
