best-result = 34.4767427444458
warmup-time = 43.1123206615448
all-measurements = [ 34.90024185180664, 34.587300300598145, 34.4767427444458,]
