best-result = 53.77941679954529
warmup-time = 70.41580700874329
all-measurements = [ 55.15832328796387, 53.77941679954529, 54.310683488845825,]
