best-result = 51.07301902770996
warmup-time = 72.71719145774841
all-measurements = [ 51.63803291320801, 52.00411534309387, 51.07301902770996,]
