best-result = 80.29367852210999
warmup-time = 97.65185022354126
all-measurements = [ 80.60151100158691, 81.32278323173523, 80.29367852210999,]
