best-result = 36.173333406448364
warmup-time = 47.21387839317322
all-measurements = [ 36.173333406448364, 36.31745624542236, 36.25428867340088,]
