best-result = 361.13061118125916
warmup-time = 526.0496418476105
all-measurements = [ 365.8285324573517, 368.451682806015, 361.13061118125916,]
