best-result = 105.15969777107239
warmup-time = 104.47039413452148
all-measurements = [ 106.26345825195312, 105.2955813407898, 105.15969777107239,]
