best-result = 26.176084518432617
warmup-time = 26.596150398254395
all-measurements = [ 26.176084518432617, 27.049140691757202, 26.456809043884277,]
