best-result = 36.63183093070984
warmup-time = 38.30116581916809
all-measurements = [ 36.63183093070984, 37.21031045913696, 37.99832606315613,]
