best-result = 31.35537362098694
warmup-time = 30.626211643218994
all-measurements = [ 31.573514699935913, 31.35537362098694, 32.1213583946228,]
