best-result = 264.6204652786255
warmup-time = 267.93770575523376
all-measurements = [ 266.5385739803314, 264.6204652786255, 267.80910420417786,]
