best-result = 36.27053999900818
warmup-time = 36.48873805999756
all-measurements = [ 36.79765748977661, 37.45508527755737, 36.27053999900818,]
