best-result = 39.72514486312866
warmup-time = 41.96081757545471
all-measurements = [ 40.85495686531067, 39.72514486312866, 41.60985231399536,]
