best-result = 48.839322090148926
warmup-time = 50.54537534713745
all-measurements = [ 48.839322090148926, 49.34050941467285, 49.69235038757324,]
