best-result = 33.22003102302551
warmup-time = 33.69475793838501
all-measurements = [ 34.46470499038696, 33.524500370025635, 33.22003102302551,]
