best-result = 37.04695224761963
warmup-time = 38.1630802154541
all-measurements = [ 37.04695224761963, 37.69197392463684, 38.06358361244202,]
