best-result = 59.51113843917847
warmup-time = 62.59912395477295
all-measurements = [ 66.99465894699097, 66.59566330909729, 59.51113843917847,]
