best-result = 227.00968623161316
warmup-time = 229.45799088478088
all-measurements = [ 227.10688424110413, 228.90881729125977, 227.00968623161316,]
