best-result = 522.4163970947266
warmup-time = 528.5732479095459
all-measurements = [ 522.4163970947266, 523.7362055778503, 526.1588191986084,]
