best-result = 36.98508048057556
warmup-time = 36.04970908164978
all-measurements = [ 36.98508048057556, 37.4684054851532, 39.30106830596924,]
