best-result = 75.80375170707703
warmup-time = 83.54868006706238
all-measurements = [ 79.71879506111145, 75.80375170707703, 76.64589858055115,]
