best-result = 61.941439628601074
warmup-time = 62.738914251327515
all-measurements = [ 61.941439628601074, 62.82107996940613, 62.094677686691284,]
