best-result = 28.756498098373413
warmup-time = 29.099395990371704
all-measurements = [ 29.01819896697998, 29.47913932800293, 28.756498098373413,]
