best-result = 33.20595598220825
warmup-time = 36.20796585083008
all-measurements = [ 33.20595598220825, 35.60395693778992, 35.81369495391846,]
