best-result = 34.711676836013794
warmup-time = 34.57317757606506
all-measurements = [ 35.01796627044678, 35.02775311470032, 34.711676836013794,]
