best-result = 43.03716468811035
warmup-time = 45.19410252571106
all-measurements = [ 43.03716468811035, 43.900627851486206, 44.31346535682678,]
