best-result = 96.22442889213562
warmup-time = 98.3645293712616
all-measurements = [ 99.39134240150452, 96.22442889213562, 98.80309724807739,]
