best-result = 28.209208011627197
warmup-time = 28.535388946533203
all-measurements = [ 30.43721294403076, 28.209208011627197, 28.44321870803833,]
