best-result = 34.17751121520996
warmup-time = 36.07420229911804
all-measurements = [ 34.17751121520996, 34.52736806869507, 35.213494539260864,]
