best-result = 92.80362224578857
warmup-time = 89.72554874420166
all-measurements = [ 92.80362224578857, 95.27203512191772, 97.7782690525055,]
