best-result = 38.863518714904785
warmup-time = 40.29192280769348
all-measurements = [ 38.863518714904785, 40.94448757171631, 39.38237118721008,]
