best-result = 43.827534914016724
warmup-time = 46.54039907455444
all-measurements = [ 43.827534914016724, 46.066570520401, 44.07982635498047,]
