best-result = 28.411660194396973
warmup-time = 29.549911975860596
all-measurements = [ 28.411660194396973, 29.326104402542114, 29.419225215911865,]
