best-result = 701.1714603900909
warmup-time = 730.3255496025085
all-measurements = [ 713.7018542289734, 712.2160289287567, 701.1714603900909,]
