best-result = 173.73975133895874
warmup-time = 179.8979456424713
all-measurements = [ 175.41349530220032, 175.07564401626587, 173.73975133895874,]
