best-result = 65.51335835456848
warmup-time = 66.82479095458984
all-measurements = [ 65.51335835456848, 71.20541214942932, 71.92799019813538,]
