best-result = 23.265620231628418
warmup-time = 23.505772590637207
all-measurements = [ 23.30000376701355, 23.265620231628418, 23.536086797714233,]
