best-result = 46.97768592834473
warmup-time = 64.43026757240295
all-measurements = [ 46.99281668663025, 46.97768592834473, 46.9914186000824,]
