best-result = 46.750731229782104
warmup-time = 57.17591214179993
all-measurements = [ 46.906272888183594, 46.750731229782104, 47.29360604286194,]
