best-result = 873.2559149265289
warmup-time = 1060.7979426383972
all-measurements = [ 873.2559149265289, 876.7221105098724, 901.2032594680786,]
