best-result = 85.20545411109924
warmup-time = 99.43266344070435
all-measurements = [ 85.20545411109924, 85.91377067565918, 85.28413677215576,]
