best-result = 977.6884174346924
warmup-time = 1009.4222159385681
all-measurements = [ 977.6884174346924, 978.7665376663208,]
