best-result = 65.46753358840942
warmup-time = 80.82789587974548
all-measurements = [ 65.46753358840942, 67.06648445129395, 65.67765736579895,]
