best-result = 82.8107442855835
warmup-time = 104.29668927192688
all-measurements = [ 83.43866634368896, 82.92784309387207, 82.8107442855835,]
