best-result = 68.02935028076172
warmup-time = 87.43974757194519
all-measurements = [ 68.85570025444031, 68.02935028076172, 68.62434196472168,]
