best-result = 91.15483617782593
warmup-time = 105.11499309539795
all-measurements = [ 91.15483617782593, 91.45836091041565, 91.3887550830841,]
