best-result = 633.1092410087585
warmup-time = 654.1340019702911
all-measurements = [ 633.1092410087585, 638.7265202999115, 640.5319766998291,]
