best-result = 62.38160562515259
warmup-time = 77.73919582366943
all-measurements = [ 62.38160562515259, 62.86375546455383, 62.920660972595215,]
