best-result = 190.94124484062195
warmup-time = 340.33408641815186
all-measurements = [ 192.81864023208618, 192.27851700782776, 190.94124484062195,]
