best-result = 382.54400396347046
warmup-time = 829.0422520637512
all-measurements = [ 386.0120186805725, 388.12013006210327, 382.54400396347046,]
