best-result = 62.33199453353882
warmup-time = 77.52852249145508
all-measurements = [ 62.45910286903381, 62.78585433959961, 62.33199453353882,]
