best-result = 40.28945183753967
warmup-time = 48.148157835006714
all-measurements = [ 41.02441453933716, 40.28945183753967, 40.76432991027832,]
