best-result = 134.15951085090637
warmup-time = 161.37787103652954
all-measurements = [ 134.15951085090637, 134.6456036567688, 134.58350133895874,]
