best-result = 912.9980108737946
warmup-time = 945.9956908226013
all-measurements = [ 912.9980108737946, 914.0689153671265, 921.2341816425323,]
