best-result = 28.008750438690186
warmup-time = 36.58848738670349
all-measurements = [ 28.246206283569336, 28.008750438690186, 28.217395782470703,]
