best-result = 58.91665244102478
warmup-time = 72.1004319190979
all-measurements = [ 59.91865849494934, 58.91665244102478, 59.37069034576416,]
