best-result = 60.08921551704407
warmup-time = 73.5946159362793
all-measurements = [ 60.741639375686646, 61.10942339897156, 60.08921551704407,]
