best-result = 109.71391010284424
warmup-time = 136.2567536830902
all-measurements = [ 109.71391010284424, 110.19899773597717, 110.79912042617798,]
