best-result = 762.4836046695709
warmup-time = 831.7222995758057
all-measurements = [ 766.2427337169647, 762.4836046695709, 766.418753862381,]
