best-result = 34.21738886833191
warmup-time = 42.48646831512451
all-measurements = [ 34.76276707649231, 34.21738886833191, 35.123350858688354,]
