best-result = 55.873034715652466
warmup-time = 72.52916646003723
all-measurements = [ 56.073787212371826, 55.873034715652466, 55.910632610321045,]
