best-result = 1537.7863721847534
warmup-time = 2470.021943807602
all-measurements = [ 1555.0509312152863, 1899.5504949092865, 1537.7863721847534,]
