best-result = 49.47405028343201
warmup-time = 69.51448273658752
all-measurements = [ 49.47405028343201, 49.629430532455444, 58.50887489318848,]
