best-result = 82.13176584243774
warmup-time = 111.18799924850464
all-measurements = [ 82.31322264671326, 82.13176584243774, 82.22096681594849,]
