best-result = 92.83761191368103
warmup-time = 115.64807605743408
all-measurements = [ 93.24358081817627, 93.91531205177307, 92.83761191368103,]
