best-result = 37.474876403808594
warmup-time = 47.32318472862244
all-measurements = [ 38.01071524620056, 37.474876403808594, 38.67643475532532,]
