best-result = 320.7313611507416
warmup-time = 478.32683277130127
all-measurements = [ 320.7313611507416, 322.94300055503845, 322.6732180118561,]
