best-result = 59.840757846832275
warmup-time = 60.24370718002319
all-measurements = [ 60.89435291290283, 59.840757846832275, 60.22972536087036,]
