best-result = 22.436638832092285
warmup-time = 22.87783646583557
all-measurements = [ 22.467323064804077, 22.717743396759033, 22.436638832092285,]
