best-result = 46.35541248321533
warmup-time = 64.11316394805908
all-measurements = [ 46.453084230422974, 46.35541248321533, 47.195119857788086,]
