best-result = 45.61574721336365
warmup-time = 59.59402394294739
all-measurements = [ 45.61574721336365, 46.138195276260376, 46.961631298065186,]
