best-result = 920.1885056495667
warmup-time = 1132.8940649032593
all-measurements = [ 925.6381030082703, 920.1885056495667, 937.9454820156097,]
