best-result = 84.69710922241211
warmup-time = 103.39080500602722
all-measurements = [ 85.2566385269165, 85.08532166481018, 84.69710922241211,]
