best-result = 82.01834893226624
warmup-time = 103.97186255455017
all-measurements = [ 82.17727875709534, 82.60006856918335, 82.01834893226624,]
