best-result = 69.4283196926117
warmup-time = 91.59671902656555
all-measurements = [ 70.64208841323853, 70.36726450920105, 69.4283196926117,]
