best-result = 90.97628974914551
warmup-time = 105.30927753448486
all-measurements = [ 91.65340805053711, 91.5274817943573, 90.97628974914551,]
