best-result = 641.4231753349304
warmup-time = 658.7756645679474
all-measurements = [ 662.5483729839325, 641.4231753349304, 645.9591510295868,]
