best-result = 64.03819227218628
warmup-time = 80.14474773406982
all-measurements = [ 64.72848796844482, 64.28454732894897, 64.03819227218628,]
