best-result = 210.6942207813263
warmup-time = 374.1315371990204
all-measurements = [ 211.86486864089966, 211.27903532981873, 210.6942207813263,]
