best-result = 436.28228092193604
warmup-time = 876.9737272262573
all-measurements = [ 439.5745949745178, 436.9612967967987, 436.28228092193604,]
