best-result = 61.61840581893921
warmup-time = 83.39356064796448
all-measurements = [ 61.61840581893921, 62.36962914466858, 62.28590798377991,]
