best-result = 140.21536993980408
warmup-time = 175.29726648330688
all-measurements = [ 140.87595653533936, 140.21536993980408, 140.59400296211243,]
