best-result = 886.721700668335
warmup-time = 918.8604073524475
all-measurements = [ 887.868293762207, 886.721700668335, 887.8785398006439,]
