best-result = 27.22961187362671
warmup-time = 35.96775937080383
all-measurements = [ 27.383930683135986, 27.73369336128235, 27.22961187362671,]
