best-result = 58.14751124382019
warmup-time = 72.56542086601257
all-measurements = [ 58.14751124382019, 59.397144079208374, 58.560182332992554,]
