best-result = 59.22404909133911
warmup-time = 75.07916188240051
all-measurements = [ 59.22404909133911, 60.66825795173645, 59.89982271194458,]
