best-result = 110.15912532806396
warmup-time = 137.9245843887329
all-measurements = [ 110.35003590583801, 110.15912532806396, 111.22271394729614,]
