best-result = 788.8734664916992
warmup-time = 859.0180444717407
all-measurements = [ 822.3688817024231, 796.3150434494019, 788.8734664916992,]
