best-result = 33.71928358078003
warmup-time = 44.669233322143555
all-measurements = [ 34.156214237213135, 33.71928358078003, 34.19203209877014,]
