best-result = 54.76984882354736
warmup-time = 70.8654420375824
all-measurements = [ 54.76984882354736, 55.35748600959778, 55.52978873252869,]
