best-result = 2831.006500482559
warmup-time = 2977.3477749824524
all-measurements = [ 3060.714307308197, 2831.006500482559, 3025.420989513397,]
