best-result = 49.60944104194641
warmup-time = 70.7069673538208
all-measurements = [ 49.60944104194641, 49.84060478210449, 50.11675047874451,]
