best-result = 78.36931538581848
warmup-time = 100.63053131103516
all-measurements = [ 78.36931538581848, 79.03427600860596, 79.86978244781494,]
