best-result = 36.900766372680664
warmup-time = 47.013906717300415
all-measurements = [ 36.963380336761475, 37.3125855922699, 36.900766372680664,]
