best-result = 341.5532422065735
warmup-time = 487.976686000824
all-measurements = [ 347.99727153778076, 341.5532422065735, 350.74597787857056,]
