best-result = 58.89507699012756
warmup-time = 60.37657642364502
all-measurements = [ 59.57288432121277, 58.89507699012756, 59.12098836898804,]
