best-result = 26.617867946624756
warmup-time = 26.567670345306396
all-measurements = [ 26.617867946624756, 26.668657541275024, 26.80374503135681,]
