best-result = 37.7462592124939
warmup-time = 36.71337652206421
all-measurements = [ 37.7462592124939, 38.15669822692871, 38.35220813751221,]
