best-result = 31.30699324607849
warmup-time = 32.077919006347656
all-measurements = [ 31.801841735839844, 31.30699324607849, 31.99731755256653,]
