best-result = 261.75234293937683
warmup-time = 268.05703353881836
all-measurements = [ 267.0474328994751, 264.479008436203, 261.75234293937683,]
