best-result = 36.84588980674744
warmup-time = 37.83939290046692
all-measurements = [ 36.84588980674744, 37.809088706970215, 37.72011113166809,]
