best-result = 40.97501039505005
warmup-time = 42.215636253356934
all-measurements = [ 41.89596462249756, 41.09229230880737, 40.97501039505005,]
