best-result = 49.45806097984314
warmup-time = 48.924710512161255
all-measurements = [ 49.45806097984314, 49.80174732208252, 50.089181423187256,]
