best-result = 34.177695751190186
warmup-time = 35.5148344039917
all-measurements = [ 34.25496745109558, 34.36586833000183, 34.177695751190186,]
