best-result = 37.52499079704285
warmup-time = 36.74207901954651
all-measurements = [ 38.315191984176636, 37.52499079704285, 38.395981311798096,]
