best-result = 59.53420901298523
warmup-time = 67.247967004776
all-measurements = [ 62.64296364784241, 60.518712282180786, 59.53420901298523,]
