best-result = 224.12213802337646
warmup-time = 229.61311888694763
all-measurements = [ 224.12213802337646, 230.40584135055542, 229.91251182556152,]
