best-result = 520.6456470489502
warmup-time = 525.2829728126526
all-measurements = [ 522.9500505924225, 520.6456470489502, 525.3478214740753,]
