best-result = 37.53923511505127
warmup-time = 37.376161336898804
all-measurements = [ 37.53923511505127, 37.69254279136658, 37.549190044403076,]
