best-result = 78.05772829055786
warmup-time = 78.4964063167572
all-measurements = [ 78.05772829055786, 82.15658187866211, 80.8312668800354,]
