best-result = 62.42567849159241
warmup-time = 64.06330227851868
all-measurements = [ 64.97439360618591, 62.42567849159241, 65.59444761276245,]
