best-result = 27.754358053207397
warmup-time = 29.516815662384033
all-measurements = [ 27.781749963760376, 28.448158502578735, 27.754358053207397,]
