best-result = 33.235065937042236
warmup-time = 36.36199760437012
all-measurements = [ 35.60344862937927, 33.235065937042236, 36.185288190841675,]
