best-result = 33.62216305732727
warmup-time = 35.5557222366333
all-measurements = [ 33.83867955207825, 34.1197874546051, 33.62216305732727,]
