best-result = 41.463929176330566
warmup-time = 43.02562713623047
all-measurements = [ 43.213624477386475, 44.11485838890076, 41.463929176330566,]
