best-result = 97.59922575950623
warmup-time = 97.5837755203247
all-measurements = [ 97.59922575950623, 98.30638551712036, 98.83146452903748,]
