best-result = 28.126908540725708
warmup-time = 28.640830516815186
all-measurements = [ 28.126908540725708, 29.474891662597656, 28.315897464752197,]
