best-result = 34.61780405044556
warmup-time = 35.574883699417114
all-measurements = [ 34.61780405044556, 35.66622066497803, 35.316545248031616,]
