best-result = 89.05937147140503
warmup-time = 95.51819086074829
all-measurements = [ 89.05937147140503, 90.56387972831726, 96.9881386756897,]
