best-result = 39.799091815948486
warmup-time = 40.74244046211243
all-measurements = [ 40.560911893844604, 40.839768409729004, 39.799091815948486,]
