best-result = 44.51295018196106
warmup-time = 46.71034622192383
all-measurements = [ 44.51295018196106, 45.19176983833313, 46.590725898742676,]
