best-result = 29.217984437942505
warmup-time = 28.98690104484558
all-measurements = [ 29.767047882080078, 29.315582036972046, 29.217984437942505,]
