best-result = 696.0342421531677
warmup-time = 738.0969178676605
all-measurements = [ 709.4279308319092, 696.0342421531677, 711.8472528457642,]
