best-result = 176.68284058570862
warmup-time = 180.60937881469727
all-measurements = [ 176.68284058570862, 178.19580698013306, 177.7821080684662,]
