best-result = 67.78407955169678
warmup-time = 68.97268557548523
all-measurements = [ 68.08606195449829, 67.78407955169678, 68.56050252914429,]
