best-result = 25.928895711898804
warmup-time = 26.81286072731018
all-measurements = [ 26.082913637161255, 26.118459463119507, 25.928895711898804,]
