best-result = 38.876615047454834
warmup-time = 39.74485397338867
all-measurements = [ 39.247718334198, 38.876615047454834, 39.192582845687866,]
