best-result = 30.723791122436523
warmup-time = 30.865915298461914
all-measurements = [ 31.814735174179077, 31.913630962371826, 30.723791122436523,]
