best-result = 258.58238101005554
warmup-time = 261.7497510910034
all-measurements = [ 260.23899936676025, 259.48536920547485, 258.58238101005554,]
