best-result = 35.1907012462616
warmup-time = 36.60766053199768
all-measurements = [ 36.36094832420349, 35.73020577430725, 35.1907012462616,]
