best-result = 118.31305503845215
warmup-time = 122.28680539131165
all-measurements = [ 120.60807418823242, 118.31305503845215, 119.79014539718628,]
