best-result = 39.924171924591064
warmup-time = 41.08963942527771
all-measurements = [ 40.36108064651489, 40.96667003631592, 39.924171924591064,]
