best-result = 47.71875333786011
warmup-time = 50.701258182525635
all-measurements = [ 47.71875333786011, 49.37049889564514, 48.6499183177948,]
