best-result = 33.69861459732056
warmup-time = 34.807379961013794
all-measurements = [ 34.35193395614624, 35.416062116622925, 33.69861459732056,]
