best-result = 36.364434480667114
warmup-time = 37.906243562698364
all-measurements = [ 37.4263231754303, 38.41343092918396, 36.364434480667114,]
