best-result = 58.57690119743347
warmup-time = 62.174787759780884
all-measurements = [ 58.57690119743347, 63.58001637458801, 62.771700620651245,]
