best-result = 224.19322276115417
warmup-time = 230.78357911109924
all-measurements = [ 225.77160358428955, 227.72437262535095, 224.19322276115417,]
