best-result = 515.981009721756
warmup-time = 519.9561991691589
all-measurements = [ 537.5725116729736, 515.981009721756, 517.0670585632324,]
