best-result = 35.50076508522034
warmup-time = 38.306620836257935
all-measurements = [ 35.86592364311218, 36.552250146865845, 35.50076508522034,]
