best-result = 28.91543459892273
warmup-time = 30.070051193237305
all-measurements = [ 29.313881397247314, 29.062568187713623, 28.91543459892273,]
