best-result = 70.04934215545654
warmup-time = 81.21564483642578
all-measurements = [ 75.07123374938965, 70.04934215545654, 82.07596206665039,]
