best-result = 61.48551964759827
warmup-time = 64.69723129272461
all-measurements = [ 61.96892261505127, 61.48551964759827, 63.25116991996765,]
