best-result = 29.16116452217102
warmup-time = 29.112786054611206
all-measurements = [ 29.88965392112732, 29.584310293197632, 29.16116452217102,]
