best-result = 32.641992807388306
warmup-time = 35.325557470321655
all-measurements = [ 35.499557971954346, 32.641992807388306, 35.578118085861206,]
