best-result = 34.779571294784546
warmup-time = 36.26024627685547
all-measurements = [ 34.779571294784546, 35.29167890548706, 36.185683250427246,]
