best-result = 42.64511227607727
warmup-time = 44.58810091018677
all-measurements = [ 42.64511227607727, 42.71169662475586, 43.02917242050171,]
