best-result = 93.69576048851013
warmup-time = 99.3547420501709
all-measurements = [ 95.79612064361572, 97.92348670959473, 93.69576048851013,]
