best-result = 28.035993576049805
warmup-time = 30.293811082839966
all-measurements = [ 30.297239780426025, 28.035993576049805, 29.58538556098938,]
