best-result = 34.13421440124512
warmup-time = 35.80336880683899
all-measurements = [ 36.17632269859314, 34.13421440124512, 35.158453941345215,]
