best-result = 88.12097692489624
warmup-time = 93.85227537155151
all-measurements = [ 88.54694890975952, 89.08006620407104, 88.12097692489624,]
