best-result = 38.98894953727722
warmup-time = 40.056923627853394
all-measurements = [ 39.935967206954956, 38.98894953727722, 40.1291720867157,]
