best-result = 42.54263234138489
warmup-time = 45.32192659378052
all-measurements = [ 43.905773878097534, 44.516175985336304, 42.54263234138489,]
