best-result = 27.892348527908325
warmup-time = 28.570800304412842
all-measurements = [ 28.038424253463745, 27.892348527908325, 28.373050212860107,]
