best-result = 652.8647110462189
warmup-time = 696.856050491333
all-measurements = [ 657.2944617271423, 652.8647110462189, 653.724321603775,]
