best-result = 170.40542125701904
warmup-time = 173.26088213920593
all-measurements = [ 173.13485550880432, 170.40542125701904, 173.98408889770508,]
