best-result = 59.41538667678833
warmup-time = 66.36708641052246
all-measurements = [ 59.41538667678833, 66.67319416999817, 66.88352751731873,]
