best-result = 23.16122817993164
warmup-time = 23.49437952041626
all-measurements = [ 23.81239891052246, 23.53529691696167, 23.16122817993164,]
