best-result = 46.594619274139404
warmup-time = 61.43706130981445
all-measurements = [ 47.35334873199463, 47.296425104141235, 46.594619274139404,]
