best-result = 46.51495885848999
warmup-time = 58.15984606742859
all-measurements = [ 47.358670711517334, 46.51495885848999, 46.624770164489746,]
