best-result = 883.3613717556
warmup-time = 1063.4645009040833
all-measurements = [ 886.8694977760315, 905.5714344978333, 883.3613717556,]
