best-result = 84.9191300868988
warmup-time = 98.6162178516388
all-measurements = [ 84.9191300868988, 85.09858751296997, 85.26992774009705,]
