best-result = 981.903894662857
warmup-time = 1014.3026978969574
all-measurements = [ 984.8478043079376, 986.2634592056274, 981.903894662857,]
