best-result = 66.06553888320923
warmup-time = 79.27984499931335
all-measurements = [ 66.57733941078186, 67.24152827262878, 66.06553888320923,]
