best-result = 82.81035804748535
warmup-time = 102.33109164237976
all-measurements = [ 83.92889952659607, 84.33380603790283, 82.81035804748535,]
