best-result = 68.49249315261841
warmup-time = 86.45004320144653
all-measurements = [ 68.49249315261841, 69.07835006713867, 68.78195881843567,]
