best-result = 90.78910374641418
warmup-time = 104.70064878463745
all-measurements = [ 90.78910374641418, 92.25891327857971, 91.39831304550171,]
