best-result = 636.3726763725281
warmup-time = 652.0506174564362
all-measurements = [ 637.3219683170319, 636.3726763725281, 640.4315264225006,]
