best-result = 62.33514761924744
warmup-time = 77.21193957328796
all-measurements = [ 62.39406108856201, 62.33514761924744, 62.3874990940094,]
