best-result = 190.376868724823
warmup-time = 346.527441740036
all-measurements = [ 190.376868724823, 190.41817665100098, 193.18285131454468,]
