best-result = 381.1363101005554
warmup-time = 824.0440022945404
all-measurements = [ 382.99470710754395, 381.1363101005554, 382.3294675350189,]
