best-result = 62.65795278549194
warmup-time = 78.08305191993713
all-measurements = [ 63.4001898765564, 63.42693328857422, 62.65795278549194,]
