best-result = 40.380263566970825
warmup-time = 48.59173059463501
all-measurements = [ 41.498011112213135, 40.380263566970825, 40.68779253959656,]
