best-result = 134.33229994773865
warmup-time = 164.4367790222168
all-measurements = [ 134.33229994773865, 134.92138028144836, 134.90777611732483,]
