best-result = 920.9374587535858
warmup-time = 942.9148454666138
all-measurements = [ 921.7204539775848, 922.8672866821289, 920.9374587535858,]
