best-result = 28.070796012878418
warmup-time = 35.42096257209778
all-measurements = [ 28.2174072265625, 28.070796012878418, 28.817917823791504,]
