best-result = 58.94913101196289
warmup-time = 72.19296503067017
all-measurements = [ 59.49147820472717, 59.84501099586487, 58.94913101196289,]
