best-result = 59.699790477752686
warmup-time = 72.81030011177063
all-measurements = [ 59.699790477752686, 59.93924617767334, 59.79425287246704,]
