best-result = 110.29103827476501
warmup-time = 136.97817301750183
all-measurements = [ 110.66299986839294, 110.29103827476501, 110.91857242584229,]
