best-result = 761.7271971702576
warmup-time = 828.5013661384583
all-measurements = [ 784.3454170227051, 767.1374542713165, 761.7271971702576,]
