best-result = 34.29449963569641
warmup-time = 42.835620164871216
all-measurements = [ 34.54312467575073, 34.29449963569641, 34.709285259246826,]
