best-result = 55.692275047302246
warmup-time = 72.20666527748108
all-measurements = [ 55.93338704109192, 55.817368030548096, 55.692275047302246,]
