best-result = 1412.5992496013641
warmup-time = 2587.3792428970337
all-measurements = [ 1412.5992496013641, 1796.7391710281372, 1500.8593208789825,]
