best-result = 49.509052753448486
warmup-time = 70.3995590209961
all-measurements = [ 49.509052753448486, 49.78214764595032, 49.6834020614624,]
