best-result = 81.87904858589172
warmup-time = 99.97357273101807
all-measurements = [ 82.285489320755, 82.59244751930237, 81.87904858589172,]
