best-result = 93.07171630859375
warmup-time = 116.00059533119202
all-measurements = [ 93.30682563781738, 93.07171630859375, 93.59514236450195,]
