best-result = 37.79782724380493
warmup-time = 46.15405869483948
all-measurements = [ 38.1157021522522, 37.79782724380493, 37.98717713356018,]
