best-result = 313.9790425300598
warmup-time = 455.59581685066223
all-measurements = [ 332.6386504173279, 315.5019426345825, 313.9790425300598,]
