best-result = 60.07017278671265
warmup-time = 60.723148345947266
all-measurements = [ 60.15432953834534, 60.07017278671265, 60.49559712409973,]
