best-result = 22.49262833595276
warmup-time = 23.208933115005493
all-measurements = [ 22.49262833595276, 22.53658890724182, 22.861039638519287,]
