best-result = 46.367755651474
warmup-time = 63.28934955596924
all-measurements = [ 49.245665311813354, 46.367755651474, 46.94332790374756,]
