best-result = 45.843642711639404
warmup-time = 58.14079761505127
all-measurements = [ 45.843642711639404, 46.29740619659424, 46.12248635292053,]
