best-result = 915.3971936702728
warmup-time = 1120.654854774475
all-measurements = [ 915.3971936702728, 922.452446937561, 943.2596740722656,]
