best-result = 85.01242089271545
warmup-time = 100.10663795471191
all-measurements = [ 85.36349892616272, 85.01242089271545, 85.09663605690002,]
