best-result = 980.2698109149933
warmup-time = 1011.3740000724792
all-measurements = [ 980.2698109149933, 988.2494986057281, 982.8849341869354,]
