best-result = 81.75614762306213
warmup-time = 104.06018948554993
all-measurements = [ 82.57943797111511, 81.75614762306213, 82.57755827903748,]
