best-result = 69.24152421951294
warmup-time = 91.43757247924805
all-measurements = [ 69.91796612739563, 70.10053515434265, 69.24152421951294,]
