best-result = 90.90187740325928
warmup-time = 104.63423871994019
all-measurements = [ 91.02886724472046, 90.90187740325928, 91.45266652107239,]
