best-result = 63.08199191093445
warmup-time = 78.85251641273499
all-measurements = [ 63.08199191093445, 63.75686240196228, 63.22232747077942,]
