best-result = 210.39596104621887
warmup-time = 360.4500677585602
all-measurements = [ 212.33686327934265, 213.04641151428223, 210.39596104621887,]
