best-result = 425.24155163764954
warmup-time = 872.7859098911285
all-measurements = [ 433.9381754398346, 425.24155163764954, 426.33572578430176,]
