best-result = 61.56276726722717
warmup-time = 78.44797492027283
all-measurements = [ 61.56276726722717, 62.31779170036316, 62.48498821258545,]
