best-result = 39.64748525619507
warmup-time = 47.666874170303345
all-measurements = [ 39.66878962516785, 39.86061382293701, 39.64748525619507,]
