best-result = 139.31258630752563
warmup-time = 172.32253670692444
all-measurements = [ 139.80713629722595, 140.19082164764404, 139.31258630752563,]
