best-result = 903.4769170284271
warmup-time = 939.4217386245728
all-measurements = [ 903.4769170284271, 905.4270875453949, 905.2371180057526,]
