best-result = 27.318499088287354
warmup-time = 35.32646584510803
all-measurements = [ 27.318499088287354, 27.743160724639893, 27.46010708808899,]
