best-result = 58.244179248809814
warmup-time = 69.70365643501282
all-measurements = [ 58.747565031051636, 58.244179248809814, 58.47628450393677,]
