best-result = 59.23862838745117
warmup-time = 72.9853208065033
all-measurements = [ 60.19458055496216, 59.88238549232483, 59.23862838745117,]
