best-result = 111.04067039489746
warmup-time = 138.98667740821838
all-measurements = [ 111.73756217956543, 111.0613477230072, 111.04067039489746,]
