best-result = 783.491378068924
warmup-time = 851.489639043808
all-measurements = [ 783.491378068924, 784.0950508117676, 786.317978143692,]
