best-result = 33.77350950241089
warmup-time = 42.54687690734863
all-measurements = [ 34.0294554233551, 33.86730170249939, 33.77350950241089,]
