best-result = 54.98869204521179
warmup-time = 70.53964400291443
all-measurements = [ 55.11866998672485, 54.994163513183594, 54.98869204521179,]
