best-result = 1935.161389350891
warmup-time = 1404.152390241623
all-measurements = [ 1978.3010268211365, 2279.54034781456, 1935.161389350891,]
