best-result = 49.193694829940796
warmup-time = 71.31414556503296
all-measurements = [ 49.55432939529419, 49.449134826660156, 49.193694829940796,]
