best-result = 78.71307229995728
warmup-time = 97.63774561882019
all-measurements = [ 79.13038992881775, 78.71307229995728, 79.85879898071289,]
