best-result = 36.61669874191284
warmup-time = 46.90731334686279
all-measurements = [ 36.91996169090271, 36.76814007759094, 36.61669874191284,]
