best-result = 346.3153147697449
warmup-time = 486.4318196773529
all-measurements = [ 347.8222978115082, 346.3153147697449, 347.67529463768005,]
