best-result = 58.900355100631714
warmup-time = 59.409502267837524
all-measurements = [ 59.07985067367554, 58.900355100631714, 59.41432213783264,]
