best-result = 25.78660535812378
warmup-time = 26.147342681884766
all-measurements = [ 25.8276150226593, 25.78660535812378, 26.349911212921143,]
