best-result = 37.24338507652283
warmup-time = 39.25527286529541
all-measurements = [ 37.24338507652283, 37.280067443847656, 38.104801654815674,]
