best-result = 30.536782264709473
warmup-time = 31.023168087005615
all-measurements = [ 30.821507215499878, 30.60754632949829, 30.536782264709473,]
