best-result = 266.8117926120758
warmup-time = 271.8252911567688
all-measurements = [ 268.08984303474426, 267.9806785583496, 266.8117926120758,]
