best-result = 36.408103704452515
warmup-time = 37.10325360298157
all-measurements = [ 37.07098078727722, 37.60482597351074, 36.408103704452515,]
