best-result = 39.76047945022583
warmup-time = 40.69081163406372
all-measurements = [ 41.523210525512695, 41.948230028152466, 39.76047945022583,]
