best-result = 48.574180364608765
warmup-time = 50.122952699661255
all-measurements = [ 49.723100423812866, 50.823476791381836, 48.574180364608765,]
