best-result = 33.63810181617737
warmup-time = 32.60608744621277
all-measurements = [ 34.69188833236694, 34.49498915672302, 33.63810181617737,]
