best-result = 36.09920001029968
warmup-time = 37.67103314399719
all-measurements = [ 36.09920001029968, 38.17613697052002, 36.194562911987305,]
