best-result = 61.7564332485199
warmup-time = 62.00017189979553
all-measurements = [ 61.7564332485199, 66.33605790138245, 64.18282747268677,]
