best-result = 226.10617399215698
warmup-time = 230.3300085067749
all-measurements = [ 228.5443720817566, 226.10617399215698, 229.38992261886597,]
