best-result = 522.0226395130157
warmup-time = 530.034866809845
all-measurements = [ 526.0279130935669, 526.9208853244781, 522.0226395130157,]
