best-result = 35.81026768684387
warmup-time = 37.48518419265747
all-measurements = [ 36.53805375099182, 35.81026768684387, 36.60675835609436,]
