best-result = 77.83671355247498
warmup-time = 87.27928018569946
all-measurements = [ 77.83671355247498, 78.79441547393799, 81.16625595092773,]
