best-result = 62.20641613006592
warmup-time = 62.300660133361816
all-measurements = [ 62.20641613006592, 62.616761207580566, 62.40066719055176,]
