best-result = 27.589361429214478
warmup-time = 27.94295382499695
all-measurements = [ 27.589361429214478, 28.21129298210144, 28.35108995437622,]
