best-result = 35.17196726799011
warmup-time = 32.97403383255005
all-measurements = [ 35.79718589782715, 35.17196726799011, 36.03646659851074,]
