best-result = 33.27769446372986
warmup-time = 33.76970076560974
all-measurements = [ 34.226216316223145, 33.27769446372986, 33.54562854766846,]
