best-result = 42.70796751976013
warmup-time = 43.05376100540161
all-measurements = [ 42.70796751976013, 43.11196804046631, 43.44407820701599,]
