best-result = 95.18504595756531
warmup-time = 96.97893977165222
all-measurements = [ 95.18504595756531, 96.29512977600098, 97.65966892242432,]
