best-result = 27.93437886238098
warmup-time = 27.494719743728638
all-measurements = [ 27.93437886238098, 28.454630136489868, 29.176105260849,]
