best-result = 33.781766176223755
warmup-time = 34.869117975234985
all-measurements = [ 34.02194309234619, 33.781766176223755, 34.144484519958496,]
