best-result = 89.56824970245361
warmup-time = 87.66829466819763
all-measurements = [ 97.10528135299683, 89.56824970245361, 89.95983290672302,]
