best-result = 38.909523010253906
warmup-time = 38.584511041641235
all-measurements = [ 39.66481113433838, 38.909523010253906, 40.0307240486145,]
