best-result = 42.55311322212219
warmup-time = 44.66614818572998
all-measurements = [ 43.504924297332764, 43.72414994239807, 42.55311322212219,]
