best-result = 27.64208436012268
warmup-time = 28.46783995628357
all-measurements = [ 27.64208436012268, 28.791751623153687, 28.837512731552124,]
