best-result = 696.1140167713165
warmup-time = 723.0021140575409
all-measurements = [ 696.1140167713165, 710.0706071853638, 703.3755388259888,]
