best-result = 176.7231903076172
warmup-time = 177.05493021011353
all-measurements = [ 178.84826350212097, 178.41517806053162, 176.7231903076172,]
