best-result = 59.32790565490723
warmup-time = 70.60963034629822
all-measurements = [ 67.40897989273071, 59.32790565490723, 68.35633850097656,]
