best-result = 22.363407850265503
warmup-time = 22.708110809326172
all-measurements = [ 22.363407850265503, 22.571152448654175, 23.285335063934326,]
