best-result = 46.7927463054657
warmup-time = 62.93967413902283
all-measurements = [ 46.7927463054657, 46.91787791252136, 47.13373827934265,]
