best-result = 46.5263729095459
warmup-time = 59.018413066864014
all-measurements = [ 47.020535707473755, 46.5263729095459, 46.56827425956726,]
