best-result = 934.9641561508179
warmup-time = 1141.3568513393402
all-measurements = [ 955.3495433330536, 956.2707629203796, 934.9641561508179,]
