best-result = 85.0725610256195
warmup-time = 100.08764100074768
all-measurements = [ 85.0725610256195, 85.34723806381226, 85.76488447189331,]
