best-result = 81.82215857505798
warmup-time = 103.61407089233398
all-measurements = [ 81.82215857505798, 81.84460520744324, 82.43309617042542,]
