best-result = 70.54038047790527
warmup-time = 91.60777258872986
all-measurements = [ 71.35548830032349, 70.54038047790527, 70.78411674499512,]
