best-result = 91.4521963596344
warmup-time = 104.46858644485474
all-measurements = [ 91.4521963596344, 91.67186665534973, 91.78667259216309,]
