best-result = 635.6519179344177
warmup-time = 655.0839982032776
all-measurements = [ 638.8126685619354, 637.0371522903442, 635.6519179344177,]
