best-result = 63.80626654624939
warmup-time = 82.35959720611572
all-measurements = [ 63.80626654624939, 64.9137647151947, 64.91574764251709,]
