best-result = 221.48656105995178
warmup-time = 375.4280707836151
all-measurements = [ 224.09659624099731, 221.48656105995178, 224.37385249137878,]
