best-result = 439.2865695953369
warmup-time = 875.8963413238525
all-measurements = [ 441.0453395843506, 444.11797976493835, 439.2865695953369,]
