best-result = 61.97053098678589
warmup-time = 79.45680212974548
all-measurements = [ 61.97053098678589, 62.05235290527344, 62.809288024902344,]
