best-result = 143.21334743499756
warmup-time = 169.13194847106934
all-measurements = [ 144.6877682209015, 144.38305711746216, 143.21334743499756,]
