best-result = 884.8179039955139
warmup-time = 917.0432314872742
all-measurements = [ 885.1776125431061, 884.8179039955139, 885.6451370716095,]
