best-result = 27.380330801010132
warmup-time = 35.81940531730652
all-measurements = [ 27.596554040908813, 27.380330801010132, 27.503851175308228,]
