best-result = 58.45475625991821
warmup-time = 72.16973924636841
all-measurements = [ 58.58972764015198, 58.45475625991821, 58.60889387130737,]
