best-result = 61.0883355140686
warmup-time = 73.01311898231506
all-measurements = [ 72.72003388404846, 68.51306962966919, 61.0883355140686,]
