best-result = 111.11957573890686
warmup-time = 140.7111849784851
all-measurements = [ 111.11957573890686, 111.66033458709717, 112.13853073120117,]
