best-result = 787.8579289913177
warmup-time = 858.6746389865875
all-measurements = [ 787.8579289913177, 792.4667656421661, 789.6064276695251,]
