best-result = 33.482189416885376
warmup-time = 41.78752541542053
all-measurements = [ 33.52602005004883, 33.482189416885376, 33.717968463897705,]
