best-result = 55.042015075683594
warmup-time = 70.66969418525696
all-measurements = [ 55.32163906097412, 55.042015075683594, 55.48832702636719,]
