best-result = 2424.767378091812
warmup-time = 2942.688275575638
all-measurements = [ 2424.767378091812, 2903.4141113758087, 2473.5962195396423,]
