best-result = 49.15938997268677
warmup-time = 70.97296214103699
all-measurements = [ 49.54763650894165, 49.24949860572815, 49.15938997268677,]
