best-result = 77.33289313316345
warmup-time = 98.66687679290771
all-measurements = [ 77.33289313316345, 78.04989075660706, 78.03230667114258,]
