best-result = 36.72497582435608
warmup-time = 46.43851017951965
all-measurements = [ 36.95563721656799, 36.72497582435608, 36.7811176776886,]
