best-result = 358.3149240016937
warmup-time = 483.3583948612213
all-measurements = [ 358.3149240016937, 359.33338928222656, 358.3716871738434,]
