best-result = 59.25908613204956
warmup-time = 60.02871823310852
all-measurements = [ 59.389716148376465, 59.25908613204956, 60.303749561309814,]
