best-result = 25.783678770065308
warmup-time = 26.577516317367554
all-measurements = [ 26.174576997756958, 26.19309163093567, 25.783678770065308,]
