best-result = 36.98380470275879
warmup-time = 37.81029224395752
all-measurements = [ 38.26075291633606, 36.98380470275879, 37.85429334640503,]
