best-result = 29.890480041503906
warmup-time = 31.485551357269287
all-measurements = [ 31.513953924179077, 30.894118309020996, 29.890480041503906,]
