best-result = 259.2236120700836
warmup-time = 268.3772213459015
all-measurements = [ 262.6646807193756, 259.2236120700836, 266.29126739501953,]
