best-result = 35.71879434585571
warmup-time = 37.051265239715576
all-measurements = [ 35.71879434585571, 36.92090964317322, 36.17158126831055,]
