best-result = 111.46296787261963
warmup-time = 114.59869956970215
all-measurements = [ 112.71903252601624, 111.46296787261963, 111.74796652793884,]
