best-result = 40.99362349510193
warmup-time = 41.29852747917175
all-measurements = [ 41.2306911945343, 41.494632959365845, 40.99362349510193,]
