best-result = 47.00745749473572
warmup-time = 49.05526924133301
all-measurements = [ 47.45116209983826, 47.94500732421875, 47.00745749473572,]
