best-result = 32.68679881095886
warmup-time = 34.51523423194885
all-measurements = [ 34.413066148757935, 32.68679881095886, 33.49325776100159,]
