best-result = 36.35715103149414
warmup-time = 36.82104253768921
all-measurements = [ 36.98599576950073, 36.35715103149414, 37.4564528465271,]
