best-result = 59.68476939201355
warmup-time = 58.313364028930664
all-measurements = [ 63.31455445289612, 60.19253182411194, 59.68476939201355,]
