best-result = 224.31790018081665
warmup-time = 224.48110389709473
all-measurements = [ 224.39530301094055, 224.31790018081665, 225.9057695865631,]
