best-result = 514.6073243618011
warmup-time = 517.7283117771149
all-measurements = [ 519.4944877624512, 516.0842690467834, 514.6073243618011,]
