best-result = 35.9414701461792
warmup-time = 35.68437600135803
all-measurements = [ 35.9414701461792, 38.27060389518738, 37.07487225532532,]
