best-result = 28.56750464439392
warmup-time = 28.52957010269165
all-measurements = [ 28.725815534591675, 28.56750464439392, 29.34110736846924,]
