best-result = 68.32042455673218
warmup-time = 79.39304828643799
all-measurements = [ 78.65800619125366, 68.32042455673218, 76.07510900497437,]
