best-result = 60.7327618598938
warmup-time = 62.237343311309814
all-measurements = [ 60.7327618598938, 62.568341970443726, 61.92390847206116,]
