best-result = 27.660393953323364
warmup-time = 28.60768151283264
all-measurements = [ 27.857200860977173, 28.728748321533203, 27.660393953323364,]
