best-result = 34.41649007797241
warmup-time = 32.42106604576111
all-measurements = [ 34.41649007797241, 35.02271246910095, 34.97525596618652,]
