best-result = 33.52533769607544
warmup-time = 33.94685339927673
all-measurements = [ 34.89967942237854, 33.52533769607544, 34.36144304275513,]
