best-result = 41.64124274253845
warmup-time = 43.42349934577942
all-measurements = [ 42.47171425819397, 44.317081451416016, 41.64124274253845,]
