best-result = 97.54850101470947
warmup-time = 97.01140403747559
all-measurements = [ 97.54850101470947, 110.73261427879333, 101.10594820976257,]
