best-result = 29.132385730743408
warmup-time = 29.52933645248413
all-measurements = [ 29.141688585281372, 29.132385730743408, 29.479267835617065,]
