best-result = 33.7002809047699
warmup-time = 34.03707003593445
all-measurements = [ 35.07733654975891, 33.7002809047699, 34.768386363983154,]
