best-result = 86.61093020439148
warmup-time = 94.74849796295166
all-measurements = [ 90.48151135444641, 86.61093020439148, 92.53475379943848,]
