best-result = 38.33992004394531
warmup-time = 39.16643476486206
all-measurements = [ 38.33992004394531, 38.911133766174316, 38.527944803237915,]
