best-result = 44.31135416030884
warmup-time = 45.60667443275452
all-measurements = [ 46.27221202850342, 44.31135416030884, 45.886837005615234,]
