best-result = 27.762254238128662
warmup-time = 28.407476902008057
all-measurements = [ 27.762254238128662, 28.051661729812622, 28.91938591003418,]
