best-result = 635.5939648151398
warmup-time = 676.2777981758118
all-measurements = [ 642.0212919712067, 635.5939648151398, 636.8805947303772,]
