best-result = 172.1059558391571
warmup-time = 172.82767295837402
all-measurements = [ 175.988187789917, 172.1059558391571, 173.26828026771545,]
