best-result = 56.93616843223572
warmup-time = 60.52279019355774
all-measurements = [ 56.93616843223572, 67.68366837501526, 67.65429139137268,]
