best-result = 22.981818199157715
warmup-time = 22.64406681060791
all-measurements = [ 23.43322205543518, 22.981818199157715, 23.115333557128906,]
