best-result = 46.376341104507446
warmup-time = 64.2082130908966
all-measurements = [ 46.376341104507446, 46.88551950454712, 46.890037536621094,]
