best-result = 46.24647307395935
warmup-time = 57.67710471153259
all-measurements = [ 46.24647307395935, 47.21277856826782, 46.267736196517944,]
