best-result = 935.3706078529358
warmup-time = 1131.1296911239624
all-measurements = [ 952.3594551086426, 940.8697307109833, 935.3706078529358,]
