best-result = 84.565744638443
warmup-time = 98.2003071308136
all-measurements = [ 85.60761618614197, 84.565744638443, 85.24241900444031,]
