best-result = 81.47095942497253
warmup-time = 103.9106330871582
all-measurements = [ 81.47095942497253, 83.01977300643921, 82.55424666404724,]
