best-result = 69.38269519805908
warmup-time = 90.68840193748474
all-measurements = [ 69.98559260368347, 69.89911484718323, 69.38269519805908,]
