best-result = 91.62082290649414
warmup-time = 103.09909749031067
all-measurements = [ 91.71143579483032, 91.62082290649414, 91.62300205230713,]
