best-result = 644.2916798591614
warmup-time = 676.8473517894745
all-measurements = [ 644.2916798591614, 644.8199243545532, 645.0797741413116,]
