best-result = 65.72119426727295
warmup-time = 80.59216690063477
all-measurements = [ 65.94340658187866, 65.72119426727295, 66.11381220817566,]
