best-result = 219.12876105308533
warmup-time = 368.5143253803253
all-measurements = [ 219.12876105308533, 222.07649683952332, 221.4226291179657,]
