best-result = 436.0812108516693
warmup-time = 875.1678042411804
all-measurements = [ 436.0812108516693, 437.192590713501, 442.12855553627014,]
