best-result = 61.82362675666809
warmup-time = 77.4871244430542
all-measurements = [ 61.82362675666809, 61.83922362327576, 61.85277700424194,]
