best-result = 143.14962673187256
warmup-time = 169.78649854660034
all-measurements = [ 143.14962673187256, 143.7842447757721, 144.62021780014038,]
