best-result = 902.4628880023956
warmup-time = 932.2865509986877
all-measurements = [ 902.4628880023956, 903.1984429359436, 907.914026260376,]
