best-result = 27.092751264572144
warmup-time = 35.908148765563965
all-measurements = [ 27.092751264572144, 28.172849655151367, 27.439984798431396,]
