best-result = 58.476988554000854
warmup-time = 71.883784532547
all-measurements = [ 58.8680477142334, 58.68720006942749, 58.476988554000854,]
