best-result = 59.56189012527466
warmup-time = 74.04948210716248
all-measurements = [ 59.56189012527466, 59.88750386238098, 59.86648988723755,]
