best-result = 111.30267810821533
warmup-time = 138.04816794395447
all-measurements = [ 111.89085054397583, 111.30267810821533, 111.56129860877991,]
