best-result = 784.969642162323
warmup-time = 858.8217985630035
all-measurements = [ 784.969642162323, 790.2665009498596, 789.3338088989258,]
