best-result = 33.73114848136902
warmup-time = 41.43308234214783
all-measurements = [ 33.73114848136902, 34.24626588821411, 34.34481430053711,]
