best-result = 55.20039463043213
warmup-time = 69.842777967453
all-measurements = [ 55.361029863357544, 55.20039463043213, 55.547383069992065,]
