best-result = 2234.7548072338104
warmup-time = 1929.4606890678406
all-measurements = [ 2234.7548072338104, 2650.7004911899567, 2451.5481522083282,]
