best-result = 49.25438690185547
warmup-time = 71.14044833183289
all-measurements = [ 49.62293744087219, 49.55877757072449, 49.25438690185547,]
