best-result = 77.69562602043152
warmup-time = 97.34488248825073
all-measurements = [ 78.61761236190796, 77.69562602043152, 78.10853719711304,]
