best-result = 36.86869406700134
warmup-time = 45.73498058319092
all-measurements = [ 36.927523374557495, 36.86869406700134, 36.98203229904175,]
