best-result = 342.0847589969635
warmup-time = 483.4615275859833
all-measurements = [ 342.0847589969635, 345.3920068740845, 349.30955815315247,]
