best-result = 59.97086191177368
warmup-time = 67.76681852340698
all-measurements = [ 73.8415322303772, 70.34335470199585, 59.97086191177368,]
