best-result = 23.782095670700073
warmup-time = 23.6077082157135
all-measurements = [ 23.782095670700073, 23.84505558013916, 23.880948781967163,]
