best-result = 47.43393898010254
warmup-time = 63.87868809700012
all-measurements = [ 47.629786252975464, 47.43393898010254, 47.79018759727478,]
