best-result = 47.21364188194275
warmup-time = 59.34068965911865
all-measurements = [ 47.392810106277466, 47.21364188194275, 47.34466910362244,]
