best-result = 902.2604656219482
warmup-time = 1090.5255143642426
all-measurements = [ 902.2604656219482, 907.8187651634216, 907.0548958778381,]
