best-result = 87.94511198997498
warmup-time = 103.11940670013428
all-measurements = [ 88.27975988388062, 87.94511198997498, 88.18147826194763,]
