best-result = 1056.018619298935
warmup-time = 1080.9112887382507
all-measurements = [ 1056.018619298935, 1057.4872801303864, 1056.0781168937683,]
