best-result = 67.86447215080261
warmup-time = 82.52732491493225
all-measurements = [ 74.27637910842896, 67.86447215080261, 68.17131209373474,]
