best-result = 85.50818800926208
warmup-time = 106.61287808418274
all-measurements = [ 85.50818800926208, 85.52027463912964, 86.01164031028748,]
