best-result = 69.14298129081726
warmup-time = 90.1549060344696
all-measurements = [ 70.38143873214722, 69.57465100288391, 69.14298129081726,]
