best-result = 94.61108422279358
warmup-time = 108.33052325248718
all-measurements = [ 94.6387631893158, 94.61108422279358, 95.20631241798401,]
