best-result = 662.8178355693817
warmup-time = 676.2305617332458
all-measurements = [ 662.8178355693817, 662.8826067447662, 667.7207992076874,]
