best-result = 63.91515111923218
warmup-time = 73.80715322494507
all-measurements = [ 64.98436617851257, 63.91515111923218, 64.04905343055725,]
