best-result = 191.66075539588928
warmup-time = 345.75808477401733
all-measurements = [ 191.66075539588928, 192.4879949092865, 197.30356359481812,]
