best-result = 392.08166241645813
warmup-time = 846.2469718456268
all-measurements = [ 393.4104371070862, 393.37829875946045, 392.08166241645813,]
