best-result = 63.155598402023315
warmup-time = 81.14496803283691
all-measurements = [ 63.99845576286316, 63.85859441757202, 63.155598402023315,]
