best-result = 41.007978200912476
warmup-time = 49.02713394165039
all-measurements = [ 41.156238317489624, 41.18419003486633, 41.007978200912476,]
