best-result = 137.01962041854858
warmup-time = 164.19642424583435
all-measurements = [ 138.29479885101318, 137.05491709709167, 137.01962041854858,]
