best-result = 959.9855914115906
warmup-time = 982.332170009613
all-measurements = [ 959.9855914115906, 984.6761417388916, 961.5865209102631,]
