best-result = 28.327178955078125
warmup-time = 36.93621015548706
all-measurements = [ 28.73705768585205, 28.802350521087646, 28.327178955078125,]
