best-result = 59.90220856666565
warmup-time = 73.10596704483032
all-measurements = [ 61.065727949142456, 59.90220856666565, 60.53192687034607,]
