best-result = 62.19378113746643
warmup-time = 76.57570838928223
all-measurements = [ 62.83060836791992, 62.19378113746643, 63.31863784790039,]
