best-result = 111.7968692779541
warmup-time = 139.9474000930786
all-measurements = [ 112.86838388442993, 111.94077801704407, 111.7968692779541,]
