best-result = 783.0666060447693
warmup-time = 847.8463926315308
all-measurements = [ 783.0666060447693, 786.0497095584869, 793.8510224819183,]
