best-result = 34.84883499145508
warmup-time = 43.13469123840332
all-measurements = [ 35.32840275764465, 34.84883499145508, 35.05933713912964,]
