best-result = 56.478522300720215
warmup-time = 70.75130367279053
all-measurements = [ 56.478522300720215, 57.131187200546265, 56.792792558670044,]
