best-result = 2098.5243306159973
warmup-time = 2245.653297185898
all-measurements = [ 2701.10179066658, 2491.2080681324005, 2098.5243306159973,]
