best-result = 49.63625240325928
warmup-time = 69.82952690124512
all-measurements = [ 50.51759195327759, 50.35599637031555, 49.63625240325928,]
