best-result = 85.42025709152222
warmup-time = 104.05893516540527
all-measurements = [ 85.42025709152222, 86.1119589805603, 85.47214603424072,]
