best-result = 95.5246033668518
warmup-time = 117.6256673336029
all-measurements = [ 96.06733393669128, 96.50979661941528, 95.5246033668518,]
