best-result = 38.30541396141052
warmup-time = 46.914772748947144
all-measurements = [ 38.55471420288086, 38.30541396141052, 38.73773169517517,]
