best-result = 314.64303946495056
warmup-time = 450.04537558555603
all-measurements = [ 314.64303946495056, 319.3115255832672, 316.8632814884186,]
