best-result = 61.39772391319275
warmup-time = 61.533940076828
all-measurements = [ 62.09071063995361, 61.42305088043213, 61.39772391319275,]
