best-result = 25.869733333587646
warmup-time = 26.6272451877594
all-measurements = [ 26.211634635925293, 26.02829933166504, 25.869733333587646,]
