best-result = 37.786128282547
warmup-time = 36.89856243133545
all-measurements = [ 38.03430509567261, 37.786128282547, 37.8184859752655,]
