best-result = 30.567506074905396
warmup-time = 30.319204807281494
all-measurements = [ 31.491827487945557, 31.72608184814453, 30.567506074905396,]
