best-result = 230.84499764442444
warmup-time = 237.4305784702301
all-measurements = [ 233.2058777809143, 230.84499764442444, 231.26202583312988,]
