best-result = 36.59158420562744
warmup-time = 37.26518797874451
all-measurements = [ 36.59158420562744, 37.841655015945435, 36.861571311950684,]
