best-result = 111.67873978614807
warmup-time = 114.43428587913513
all-measurements = [ 111.67873978614807, 112.59248661994934, 114.43082189559937,]
