best-result = 34.40742897987366
warmup-time = 34.3174684047699
all-measurements = [ 35.78604221343994, 36.00664687156677, 34.40742897987366,]
