best-result = 40.30030798912048
warmup-time = 41.41942501068115
all-measurements = [ 41.65360617637634, 40.55120849609375, 40.30030798912048,]
