best-result = 48.153623819351196
warmup-time = 49.78899526596069
all-measurements = [ 48.457524061203, 48.153623819351196, 48.65824484825134,]
