best-result = 33.225311279296875
warmup-time = 34.678086280822754
all-measurements = [ 34.191802978515625, 33.225311279296875, 33.71759510040283,]
