best-result = 35.692511796951294
warmup-time = 38.28273415565491
all-measurements = [ 36.79043531417847, 35.692511796951294, 36.885111808776855,]
