best-result = 59.71622085571289
warmup-time = 62.98600149154663
all-measurements = [ 60.07145690917969, 59.71622085571289, 64.49792671203613,]
