best-result = 218.9624674320221
warmup-time = 224.98304772377014
all-measurements = [ 218.9624674320221, 219.91841912269592, 221.68438744544983,]
