best-result = 504.10827827453613
warmup-time = 506.30126428604126
all-measurements = [ 504.3713116645813, 504.10827827453613, 506.17616868019104,]
