best-result = 34.937169790267944
warmup-time = 35.48690056800842
all-measurements = [ 37.09151220321655, 34.937169790267944, 37.89921164512634,]
