best-result = 28.866885662078857
warmup-time = 29.28341794013977
all-measurements = [ 29.14552116394043, 28.866885662078857, 29.074909210205078,]
