best-result = 75.76459169387817
warmup-time = 75.51351237297058
all-measurements = [ 80.76966691017151, 75.76459169387817, 79.16698241233826,]
