best-result = 61.800554037094116
warmup-time = 61.22098207473755
all-measurements = [ 63.06421899795532, 61.800554037094116, 62.917771100997925,]
