best-result = 28.044306755065918
warmup-time = 28.64621615409851
all-measurements = [ 28.233691215515137, 28.044306755065918, 28.14325189590454,]
