best-result = 34.81134295463562
warmup-time = 35.86342525482178
all-measurements = [ 35.77394652366638, 35.38781213760376, 34.81134295463562,]
