best-result = 32.37571930885315
warmup-time = 34.71498131752014
all-measurements = [ 33.94928026199341, 33.65216541290283, 32.37571930885315,]
