best-result = 41.293161153793335
warmup-time = 43.45133352279663
all-measurements = [ 42.27500343322754, 41.293161153793335, 44.11653447151184,]
