best-result = 94.25950193405151
warmup-time = 96.42655324935913
all-measurements = [ 95.5446240901947, 94.25950193405151, 97.5139467716217,]
