best-result = 27.839405298233032
warmup-time = 30.974008560180664
all-measurements = [ 28.06587862968445, 28.698826789855957, 27.839405298233032,]
