best-result = 34.218446254730225
warmup-time = 34.52505159378052
all-measurements = [ 34.467864990234375, 35.63804268836975, 34.218446254730225,]
