best-result = 87.7124297618866
warmup-time = 88.23066782951355
all-measurements = [ 87.73631429672241, 87.7124297618866, 88.36059951782227,]
