best-result = 38.14702248573303
warmup-time = 39.79708504676819
all-measurements = [ 39.49552536010742, 39.33954572677612, 38.14702248573303,]
