best-result = 43.97072744369507
warmup-time = 45.674731731414795
all-measurements = [ 45.304065227508545, 46.07093024253845, 43.97072744369507,]
