best-result = 50.54838299751282
warmup-time = 51.360846519470215
all-measurements = [ 50.54838299751282, 50.71022582054138, 50.61168813705444,]
