best-result = 28.181174278259277
warmup-time = 28.525201320648193
all-measurements = [ 28.181174278259277, 28.805680751800537, 28.222310543060303,]
