best-result = 621.7197835445404
warmup-time = 686.3862793445587
all-measurements = [ 621.7197835445404, 633.6033132076263, 632.8795251846313,]
