best-result = 166.85459566116333
warmup-time = 169.02959370613098
all-measurements = [ 172.7565896511078, 169.59081029891968, 166.85459566116333,]
