best-result = 56.375592947006226
warmup-time = 59.103009939193726
all-measurements = [ 69.37402367591858, 56.375592947006226, 65.74252009391785,]
