best-result = 22.651951551437378
warmup-time = 22.96417999267578
all-measurements = [ 22.651951551437378, 22.82056450843811, 22.946120738983154,]
