best-result = 47.899983644485474
warmup-time = 65.98507356643677
all-measurements = [ 47.899983644485474, 48.12007284164429, 47.95528507232666,]
