best-result = 46.33227491378784
warmup-time = 59.2798388004303
all-measurements = [ 46.399635791778564, 46.33227491378784, 46.69130778312683,]
