best-result = 978.0756649971008
warmup-time = 1214.9659249782562
all-measurements = [ 1003.2992799282074, 978.0756649971008, 1002.7810349464417,]
