best-result = 85.03791427612305
warmup-time = 100.91240048408508
all-measurements = [ 85.49047994613647, 85.60507941246033, 85.03791427612305,]
