best-result = 990.4896204471588
warmup-time = 1021.7922871112823
all-measurements = [ 990.4896204471588, 996.2470831871033, 993.8699159622192,]
