best-result = 82.55674862861633
warmup-time = 104.65803694725037
all-measurements = [ 82.55674862861633, 83.64436745643616, 82.64543175697327,]
