best-result = 69.68926095962524
warmup-time = 95.51634931564331
all-measurements = [ 71.49815583229065, 69.68926095962524, 70.15332961082458,]
