best-result = 91.20568919181824
warmup-time = 107.10933518409729
all-measurements = [ 91.91142272949219, 91.20568919181824, 91.42792320251465,]
