best-result = 64.02101850509644
warmup-time = 77.22251534461975
all-measurements = [ 64.02101850509644, 64.19661402702332, 64.24115896224976,]
