best-result = 222.1762969493866
warmup-time = 389.97052097320557
all-measurements = [ 223.35127639770508, 222.53957271575928, 222.1762969493866,]
