best-result = 431.2745192050934
warmup-time = 904.2652931213379
all-measurements = [ 431.2745192050934, 431.5788094997406, 434.67749524116516,]
