best-result = 62.431119203567505
warmup-time = 78.5372416973114
all-measurements = [ 62.914379835128784, 62.431119203567505, 62.69772911071777,]
