best-result = 39.711602210998535
warmup-time = 48.45017457008362
all-measurements = [ 39.711602210998535, 39.7375602722168, 39.788623571395874,]
