best-result = 139.8141360282898
warmup-time = 163.18013978004456
all-measurements = [ 141.59233784675598, 140.45899415016174, 139.8141360282898,]
