best-result = 910.630717754364
warmup-time = 945.2212386131287
all-measurements = [ 912.2658512592316, 914.1088652610779, 910.630717754364,]
