best-result = 27.57490062713623
warmup-time = 36.21166276931763
all-measurements = [ 27.656237602233887, 27.64975643157959, 27.57490062713623,]
