best-result = 58.94224238395691
warmup-time = 68.95697379112244
all-measurements = [ 59.47359609603882, 59.484764099121094, 58.94224238395691,]
