best-result = 60.13317561149597
warmup-time = 75.04746603965759
all-measurements = [ 60.13317561149597, 60.31355810165405, 60.28119874000549,]
