best-result = 111.12171983718872
warmup-time = 141.4176049232483
all-measurements = [ 112.73653864860535, 112.23555707931519, 111.12171983718872,]
