best-result = 800.642008304596
warmup-time = 878.7365870475769
all-measurements = [ 800.642008304596, 806.7104933261871, 807.6893000602722,]
