best-result = 33.68671464920044
warmup-time = 42.46460843086243
all-measurements = [ 34.37869143486023, 33.68671464920044, 34.39917588233948,]
