best-result = 55.42802977561951
warmup-time = 71.97908473014832
all-measurements = [ 55.42802977561951, 56.443535804748535, 55.94137930870056,]
