best-result = 1537.0451023578644
warmup-time = 1448.6607129573822
all-measurements = [ 2810.082337617874, 1537.0451023578644, 2214.8752937316895,]
