best-result = 50.1446168422699
warmup-time = 72.60994029045105
all-measurements = [ 50.1446168422699, 50.25951337814331, 50.726404666900635,]
