best-result = 79.10726547241211
warmup-time = 98.533034324646
all-measurements = [ 79.1863305568695, 79.10726547241211, 79.60566759109497,]
