best-result = 37.03376388549805
warmup-time = 46.623051166534424
all-measurements = [ 37.03376388549805, 37.201884746551514, 37.27316641807556,]
