best-result = 376.1515951156616
warmup-time = 513.7297692298889
all-measurements = [ 376.1515951156616, 376.43100142478943, 380.4944996833801,]
