best-result = 59.565155029296875
warmup-time = 59.71623134613037
all-measurements = [ 59.565155029296875, 59.57154321670532, 59.82960343360901,]
