best-result = 25.828872203826904
warmup-time = 26.311707973480225
all-measurements = [ 25.865936279296875, 26.112630128860474, 25.828872203826904,]
