best-result = 37.577001094818115
warmup-time = 36.84409809112549
all-measurements = [ 37.918479442596436, 38.09133982658386, 37.577001094818115,]
