best-result = 31.425472736358643
warmup-time = 30.953380346298218
all-measurements = [ 32.055152893066406, 31.425472736358643, 31.59373641014099,]
