best-result = 254.06159043312073
warmup-time = 259.7296905517578
all-measurements = [ 257.3651909828186, 254.06159043312073, 255.3416028022766,]
