best-result = 35.838356018066406
warmup-time = 36.45666432380676
all-measurements = [ 35.838356018066406, 36.371535778045654, 36.47822284698486,]
