best-result = 111.41755414009094
warmup-time = 114.7917320728302
all-measurements = [ 114.14152407646179, 115.20125436782837, 111.41755414009094,]
