best-result = 39.61801528930664
warmup-time = 41.141162633895874
all-measurements = [ 40.88600730895996, 39.61801528930664, 41.3389675617218,]
