best-result = 47.28947353363037
warmup-time = 48.36884689331055
all-measurements = [ 47.59774565696716, 49.10164165496826, 47.28947353363037,]
