best-result = 34.03090715408325
warmup-time = 33.11908483505249
all-measurements = [ 34.66071033477783, 34.13630986213684, 34.03090715408325,]
