best-result = 36.6408314704895
warmup-time = 36.990875482559204
all-measurements = [ 37.383947134017944, 36.6408314704895, 37.307342767715454,]
