best-result = 59.35910439491272
warmup-time = 61.45305609703064
all-measurements = [ 60.30986142158508, 59.35910439491272, 62.84993267059326,]
