best-result = 222.66990280151367
warmup-time = 226.01636481285095
all-measurements = [ 225.85905122756958, 222.68935418128967, 222.66990280151367,]
