best-result = 509.6367220878601
warmup-time = 513.1312198638916
all-measurements = [ 513.4276614189148, 509.6367220878601, 511.59089946746826,]
