best-result = 37.45176887512207
warmup-time = 39.0822319984436
all-measurements = [ 37.61027193069458, 37.53781604766846, 37.45176887512207,]
