best-result = 28.53499436378479
warmup-time = 29.421565532684326
all-measurements = [ 28.70427942276001, 28.53499436378479, 29.206284284591675,]
