best-result = 76.37399649620056
warmup-time = 72.03634572029114
all-measurements = [ 78.89657020568848, 76.37399649620056, 83.38450980186462,]
