best-result = 61.33524823188782
warmup-time = 62.17515182495117
all-measurements = [ 61.95278286933899, 62.98717284202576, 61.33524823188782,]
