best-result = 28.542364597320557
warmup-time = 28.737470149993896
all-measurements = [ 29.040802001953125, 28.542364597320557, 29.28116774559021,]
