best-result = 34.937299489974976
warmup-time = 32.34971308708191
all-measurements = [ 34.937299489974976, 34.94242739677429, 35.08787441253662,]
