best-result = 32.44030165672302
warmup-time = 33.13206434249878
all-measurements = [ 32.44030165672302, 34.43003225326538, 32.728137731552124,]
