best-result = 43.12241291999817
warmup-time = 42.88238310813904
all-measurements = [ 43.37363004684448, 43.12241291999817, 43.384167432785034,]
