best-result = 93.65315580368042
warmup-time = 96.17254090309143
all-measurements = [ 95.37673950195312, 96.66486024856567, 93.65315580368042,]
