best-result = 29.11617350578308
warmup-time = 29.11880087852478
all-measurements = [ 29.540355682373047, 29.314232349395752, 29.11617350578308,]
