best-result = 34.122509241104126
warmup-time = 35.517417430877686
all-measurements = [ 35.06478571891785, 34.122509241104126, 35.879483461380005,]
