best-result = 89.49365472793579
warmup-time = 88.96822786331177
all-measurements = [ 91.60563778877258, 91.29169511795044, 89.49365472793579,]
