best-result = 38.120002031326294
warmup-time = 37.716036796569824
all-measurements = [ 38.120002031326294, 38.5129120349884, 39.41120529174805,]
