best-result = 43.37479019165039
warmup-time = 45.51329469680786
all-measurements = [ 44.661452770233154, 43.37479019165039, 44.039366722106934,]
