best-result = 29.082502603530884
warmup-time = 28.527608394622803
all-measurements = [ 29.17134928703308, 29.082502603530884, 29.147184133529663,]
