best-result = 622.8212914466858
warmup-time = 664.8347086906433
all-measurements = [ 635.4656140804291, 626.7860088348389, 622.8212914466858,]
