best-result = 169.20916509628296
warmup-time = 169.75499272346497
all-measurements = [ 169.20916509628296, 171.28636813163757, 170.9588394165039,]
