best-result = 54.388572692871094
warmup-time = 64.14878368377686
all-measurements = [ 54.388572692871094, 67.10817217826843, 66.21175336837769,]
