best-result = 22.70475125312805
warmup-time = 22.63427758216858
all-measurements = [ 22.80294394493103, 22.715869665145874, 22.70475125312805,]
