best-result = 46.80305218696594
warmup-time = 62.61645245552063
all-measurements = [ 46.96951961517334, 46.80305218696594, 47.09724831581116,]
