best-result = 46.41133213043213
warmup-time = 57.87506723403931
all-measurements = [ 46.59472131729126, 46.41133213043213, 46.996448040008545,]
