best-result = 948.5053462982178
warmup-time = 1124.7598912715912
all-measurements = [ 948.5053462982178, 956.0506229400635, 962.8430781364441,]
