best-result = 85.20205855369568
warmup-time = 99.81273555755615
all-measurements = [ 85.63200831413269, 85.34159731864929, 85.20205855369568,]
