best-result = 81.59593653678894
warmup-time = 101.01230263710022
all-measurements = [ 81.59593653678894, 81.77483797073364, 81.65084600448608,]
