best-result = 70.02105140686035
warmup-time = 91.17728114128113
all-measurements = [ 70.02105140686035, 70.03140568733215, 70.6859667301178,]
