best-result = 92.01076364517212
warmup-time = 105.64510703086853
all-measurements = [ 92.14861583709717, 92.17861080169678, 92.01076364517212,]
