best-result = 643.3281710147858
warmup-time = 655.506799697876
all-measurements = [ 645.5502445697784, 643.5265061855316, 643.3281710147858,]
