best-result = 64.19076228141785
warmup-time = 79.36697340011597
all-measurements = [ 64.83888792991638, 65.29979181289673, 64.19076228141785,]
