best-result = 219.6334252357483
warmup-time = 373.5575201511383
all-measurements = [ 221.5101146697998, 220.20320415496826, 219.6334252357483,]
