best-result = 449.53538751602173
warmup-time = 890.7715628147125
all-measurements = [ 449.53538751602173, 450.0445969104767, 451.67349195480347,]
