best-result = 61.17601728439331
warmup-time = 77.54550671577454
all-measurements = [ 62.21131110191345, 61.45180702209473, 61.17601728439331,]
