best-result = 141.81718373298645
warmup-time = 195.85745191574097
all-measurements = [ 142.90238285064697, 141.81718373298645, 142.81250262260437,]
