best-result = 871.5527701377869
warmup-time = 911.2978115081787
all-measurements = [ 883.7258496284485, 871.5527701377869, 872.1336443424225,]
