best-result = 27.467766046524048
warmup-time = 34.51310443878174
all-measurements = [ 27.467766046524048, 27.958516359329224, 27.520564079284668,]
