best-result = 57.114640951156616
warmup-time = 66.80849981307983
all-measurements = [ 57.85294246673584, 57.114640951156616, 57.98068165779114,]
