best-result = 58.510448694229126
warmup-time = 73.21017622947693
all-measurements = [ 58.833701610565186, 58.510448694229126, 59.450995683670044,]
