best-result = 109.78543829917908
warmup-time = 137.61672067642212
all-measurements = [ 111.01279520988464, 109.78543829917908, 111.09719896316528,]
