best-result = 789.4567179679871
warmup-time = 851.498594045639
all-measurements = [ 789.4567179679871, 790.4757177829742, 789.781368970871,]
