best-result = 33.83158564567566
warmup-time = 41.94250822067261
all-measurements = [ 33.83158564567566, 33.91841387748718, 34.0258104801178,]
