best-result = 54.13679313659668
warmup-time = 70.2116026878357
all-measurements = [ 54.545777320861816, 54.52197480201721, 54.13679313659668,]
