best-result = 1742.5643994808197
warmup-time = 2140.806463241577
all-measurements = [ 1742.5643994808197, 1832.460729598999, 2508.8808732032776,]
