best-result = 49.10473680496216
warmup-time = 70.42195272445679
all-measurements = [ 49.32123064994812, 49.4898955821991, 49.10473680496216,]
