best-result = 79.0002338886261
warmup-time = 98.56421375274658
all-measurements = [ 79.73503494262695, 79.0002338886261, 79.67208981513977,]
