best-result = 36.35716462135315
warmup-time = 45.79685187339783
all-measurements = [ 36.81574320793152, 36.35716462135315, 36.39991784095764,]
