best-result = 345.9401683807373
warmup-time = 483.29564237594604
all-measurements = [ 345.9401683807373, 349.58081102371216, 353.17366433143616,]
