best-result = 104.78170418739319
warmup-time = 126.84183716773987
all-measurements = [ 105.02080512046814, 105.41462445259094, 104.78170418739319,]
