best-result = 59.20520782470703
warmup-time = 59.386707067489624
all-measurements = [ 59.53425097465515, 60.131322145462036, 59.20520782470703,]
