best-result = 23.596272706985474
warmup-time = 24.166943311691284
all-measurements = [ 24.108325958251953, 23.596272706985474, 23.77323007583618,]
