best-result = 47.50639581680298
warmup-time = 64.84126496315002
all-measurements = [ 47.60777306556702, 47.50639581680298, 48.039660692214966,]
