best-result = 47.3389675617218
warmup-time = 58.51537561416626
all-measurements = [ 47.66408395767212, 47.53445053100586, 47.3389675617218,]
