best-result = 907.8754518032074
warmup-time = 1067.433476448059
all-measurements = [ 921.6784820556641, 929.7647585868835, 907.8754518032074,]
