best-result = 85.18710565567017
warmup-time = 100.97073554992676
all-measurements = [ 85.18710565567017, 85.62493467330933, 85.72529315948486,]
