best-result = 879.3362581729889
warmup-time = 908.5968682765961
all-measurements = [ 882.3435225486755, 879.3362581729889, 882.687596321106,]
