best-result = 67.47156739234924
warmup-time = 81.22436118125916
all-measurements = [ 67.57634329795837, 67.47156739234924, 67.6872546672821,]
