best-result = 86.01674914360046
warmup-time = 104.46330785751343
all-measurements = [ 86.26746225357056, 86.01674914360046, 86.78087782859802,]
