best-result = 69.25715780258179
warmup-time = 88.71021366119385
all-measurements = [ 69.72357892990112, 70.09233784675598, 69.25715780258179,]
