best-result = 88.31992530822754
warmup-time = 102.02208685874939
all-measurements = [ 88.31992530822754, 88.60313391685486, 88.570072889328,]
