best-result = 656.9444947242737
warmup-time = 690.3948781490326
all-measurements = [ 658.8709306716919, 660.8758194446564, 656.9444947242737,]
