best-result = 64.22039842605591
warmup-time = 77.27509093284607
all-measurements = [ 64.98274350166321, 64.22039842605591, 64.50813055038452,]
