best-result = 191.77639317512512
warmup-time = 345.1964728832245
all-measurements = [ 193.7058207988739, 192.21098971366882, 191.77639317512512,]
