best-result = 395.7483286857605
warmup-time = 823.2590208053589
all-measurements = [ 395.7483286857605, 397.022075176239, 396.2774934768677,]
