best-result = 64.24428367614746
warmup-time = 81.33857440948486
all-measurements = [ 64.6069028377533, 64.24428367614746, 64.84839081764221,]
