best-result = 41.34034752845764
warmup-time = 49.71961331367493
all-measurements = [ 41.34034752845764, 42.156694412231445, 41.5540874004364,]
