best-result = 137.21101593971252
warmup-time = 160.93556571006775
all-measurements = [ 137.44412875175476, 137.21101593971252, 138.23317408561707,]
