best-result = 956.0188629627228
warmup-time = 981.4308459758759
all-measurements = [ 959.9373714923859, 956.0188629627228, 965.7920722961426,]
