best-result = 28.54733157157898
warmup-time = 36.007476568222046
all-measurements = [ 28.638882875442505, 28.54733157157898, 28.71076989173889,]
