best-result = 60.17463493347168
warmup-time = 69.9787368774414
all-measurements = [ 60.17463493347168, 60.44135499000549, 60.80302858352661,]
