best-result = 60.83483028411865
warmup-time = 73.48211312294006
all-measurements = [ 60.920825242996216, 60.83483028411865, 61.45381450653076,]
