best-result = 110.6560685634613
warmup-time = 139.29529213905334
all-measurements = [ 111.28173422813416, 110.7182674407959, 110.6560685634613,]
