best-result = 780.444004535675
warmup-time = 847.3587164878845
all-measurements = [ 780.444004535675, 784.1607487201691, 786.1052949428558,]
