best-result = 34.84300374984741
warmup-time = 43.51638102531433
all-measurements = [ 34.84300374984741, 35.03408455848694, 35.263668060302734,]
