best-result = 57.04106116294861
warmup-time = 71.06580686569214
all-measurements = [ 57.04106116294861, 57.180248975753784, 57.10969591140747,]
