best-result = 2613.1256306171417
warmup-time = 4013.771903038025
all-measurements = [ 2948.9059290885925, 2654.3264451026917, 2613.1256306171417,]
