best-result = 50.30194973945618
warmup-time = 70.77045488357544
all-measurements = [ 50.30194973945618, 50.57399916648865, 51.17047357559204,]
