best-result = 83.64109110832214
warmup-time = 100.99601578712463
all-measurements = [ 83.64109110832214, 83.71834111213684, 83.84123253822327,]
