best-result = 94.23164415359497
warmup-time = 116.52441954612732
all-measurements = [ 94.23164415359497, 94.39678168296814, 95.78851342201233,]
