best-result = 38.450443506240845
warmup-time = 47.53925824165344
all-measurements = [ 38.815515995025635, 38.809526205062866, 38.450443506240845,]
