best-result = 317.23365473747253
warmup-time = 471.11189794540405
all-measurements = [ 333.673020362854, 329.46670508384705, 317.23365473747253,]
