best-result = 61.138381004333496
warmup-time = 61.71110272407532
all-measurements = [ 61.9669075012207, 61.22886514663696, 61.138381004333496,]
