best-result = 22.833441495895386
warmup-time = 22.57466959953308
all-measurements = [ 22.833441495895386, 23.053271293640137, 23.1402268409729,]
