best-result = 46.48352527618408
warmup-time = 62.34676671028137
all-measurements = [ 46.48352527618408, 46.580326080322266, 46.662474155426025,]
