best-result = 46.443572759628296
warmup-time = 57.53657817840576
all-measurements = [ 46.748648166656494, 46.61658525466919, 46.443572759628296,]
