best-result = 919.8273780345917
warmup-time = 1129.1525962352753
all-measurements = [ 930.5825548171997, 919.8273780345917, 921.7271122932434,]
