best-result = 84.75195145606995
warmup-time = 99.0742609500885
all-measurements = [ 84.75195145606995, 86.3026351928711, 84.78426265716553,]
