best-result = 983.6030690670013
warmup-time = 1012.55655169487
all-measurements = [ 989.2429239749908, 991.8366527557373, 983.6030690670013,]
