best-result = 82.13550782203674
warmup-time = 104.03106570243835
all-measurements = [ 82.97171401977539, 83.74547481536865, 82.13550782203674,]
