best-result = 68.04445624351501
warmup-time = 89.11734223365784
all-measurements = [ 68.04445624351501, 68.2164146900177, 68.6163067817688,]
