best-result = 90.52896547317505
warmup-time = 105.95735144615173
all-measurements = [ 91.7853376865387, 90.93114233016968, 90.52896547317505,]
