best-result = 63.64700937271118
warmup-time = 78.0006194114685
all-measurements = [ 64.29962682723999, 63.64700937271118, 64.05901789665222,]
