best-result = 207.69933319091797
warmup-time = 364.42414593696594
all-measurements = [ 208.75529551506042, 207.69933319091797, 211.0666434764862,]
