best-result = 426.45499205589294
warmup-time = 881.0508370399475
all-measurements = [ 427.766316652298, 431.8773412704468, 426.45499205589294,]
