best-result = 62.28128218650818
warmup-time = 79.7084002494812
all-measurements = [ 62.48334860801697, 62.28128218650818, 62.533875942230225,]
