best-result = 39.72811269760132
warmup-time = 48.015363454818726
all-measurements = [ 39.72811269760132, 40.273749589920044, 39.90757942199707,]
