best-result = 138.04362654685974
warmup-time = 164.4103708267212
all-measurements = [ 138.04362654685974, 139.288569688797, 138.5815680027008,]
