best-result = 904.3960635662079
warmup-time = 933.533533334732
all-measurements = [ 912.953991651535, 907.1502139568329, 904.3960635662079,]
