best-result = 27.34423065185547
warmup-time = 35.4685161113739
all-measurements = [ 27.34423065185547, 28.0627703666687, 27.595885276794434,]
