best-result = 57.75658369064331
warmup-time = 71.89902853965759
all-measurements = [ 57.873401403427124, 58.15198850631714, 57.75658369064331,]
