best-result = 59.2312707901001
warmup-time = 74.81343269348145
all-measurements = [ 59.489096879959106, 60.280887842178345, 59.2312707901001,]
