best-result = 111.40791273117065
warmup-time = 138.41642355918884
all-measurements = [ 111.53310418128967, 111.40791273117065, 111.81791925430298,]
