best-result = 787.5965871810913
warmup-time = 858.0334703922272
all-measurements = [ 794.3481628894806, 787.5965871810913, 790.6508383750916,]
