best-result = 33.58591055870056
warmup-time = 43.073503494262695
all-measurements = [ 33.58591055870056, 33.88826012611389, 33.641809701919556,]
