best-result = 55.77589178085327
warmup-time = 71.6522011756897
all-measurements = [ 55.77589178085327, 55.83812952041626, 56.08465051651001,]
