best-result = 1582.2095999717712
warmup-time = 1619.7361969947815
all-measurements = [ 2274.510914325714, 1582.2095999717712, 1902.5747706890106,]
