best-result = 48.862996101379395
warmup-time = 71.31497263908386
all-measurements = [ 49.083367586135864, 48.862996101379395, 49.1262149810791,]
