best-result = 77.78685140609741
warmup-time = 95.74321436882019
all-measurements = [ 77.87903833389282, 77.96592926979065, 77.78685140609741,]
