best-result = 36.51957154273987
warmup-time = 46.65963101387024
all-measurements = [ 37.00710105895996, 36.745352268218994, 36.51957154273987,]
