best-result = 353.07547783851624
warmup-time = 497.9332363605499
all-measurements = [ 353.32803106307983, 353.07547783851624, 353.2243072986603,]
