best-result = 58.88044190406799
warmup-time = 60.00797939300537
all-measurements = [ 59.03607201576233, 59.71296954154968, 58.88044190406799,]
