best-result = 25.09929370880127
warmup-time = 25.4142062664032
all-measurements = [ 25.344433307647705, 25.389153480529785, 25.09929370880127,]
