best-result = 37.01627469062805
warmup-time = 38.80600190162659
all-measurements = [ 38.68780541419983, 37.527920961380005, 37.01627469062805,]
