best-result = 31.381640672683716
warmup-time = 32.52349638938904
all-measurements = [ 32.87873315811157, 31.381640672683716, 31.719696760177612,]
