best-result = 264.28328919410706
warmup-time = 267.8042137622833
all-measurements = [ 269.88633155822754, 264.28328919410706, 270.8827769756317,]
