best-result = 35.78400468826294
warmup-time = 37.03210973739624
all-measurements = [ 36.05807542800903, 37.94753170013428, 35.78400468826294,]
