best-result = 40.71888828277588
warmup-time = 40.41090416908264
all-measurements = [ 42.557072162628174, 41.24410128593445, 40.71888828277588,]
