best-result = 49.92427897453308
warmup-time = 52.352877378463745
all-measurements = [ 49.92427897453308, 50.60176372528076, 50.073803186416626,]
