best-result = 33.612130641937256
warmup-time = 34.8963406085968
all-measurements = [ 33.962733030319214, 33.612130641937256, 34.57600283622742,]
