best-result = 38.525421142578125
warmup-time = 36.92685842514038
all-measurements = [ 38.525421142578125, 38.76579999923706, 39.129982471466064,]
