best-result = 59.43518328666687
warmup-time = 61.48755860328674
all-measurements = [ 60.09798192977905, 59.43518328666687, 63.024179458618164,]
