best-result = 230.87726998329163
warmup-time = 231.41038990020752
all-measurements = [ 232.08599066734314, 234.06324672698975, 230.87726998329163,]
