best-result = 524.6399426460266
warmup-time = 530.003110408783
all-measurements = [ 525.6115245819092, 526.7263388633728, 524.6399426460266,]
