best-result = 36.12557506561279
warmup-time = 36.28935122489929
all-measurements = [ 40.16161775588989, 37.222763776779175, 36.12557506561279,]
