best-result = 63.05806565284729
warmup-time = 64.44387936592102
all-measurements = [ 63.05806565284729, 63.3784921169281, 64.14676237106323,]
