best-result = 27.96438455581665
warmup-time = 27.54943037033081
all-measurements = [ 27.96438455581665, 28.296751976013184, 28.30882167816162,]
