best-result = 36.10709524154663
warmup-time = 33.86482524871826
all-measurements = [ 36.49374580383301, 36.10709524154663, 36.18020534515381,]
