best-result = 33.12727499008179
warmup-time = 33.70942759513855
all-measurements = [ 33.89956259727478, 33.97418975830078, 33.12727499008179,]
