best-result = 43.25635313987732
warmup-time = 44.2222375869751
all-measurements = [ 43.25635313987732, 44.59937405586243, 43.58822584152222,]
