best-result = 97.67499494552612
warmup-time = 99.97594547271729
all-measurements = [ 99.74759793281555, 97.67499494552612, 100.58176684379578,]
