best-result = 26.864916801452637
warmup-time = 29.186965227127075
all-measurements = [ 28.216008186340332, 28.715221643447876, 26.864916801452637,]
