best-result = 33.90234994888306
warmup-time = 34.51561999320984
all-measurements = [ 34.372297525405884, 33.90234994888306, 35.544005393981934,]
