best-result = 38.66937613487244
warmup-time = 40.10331916809082
all-measurements = [ 38.66937613487244, 39.39889621734619, 39.08914589881897,]
