best-result = 44.22955870628357
warmup-time = 44.57885384559631
all-measurements = [ 44.85241484642029, 44.22955870628357, 44.42726182937622,]
