best-result = 27.573908805847168
warmup-time = 27.54601240158081
all-measurements = [ 27.85306453704834, 27.573908805847168, 28.10166597366333,]
