best-result = 695.9835865497589
warmup-time = 718.5994396209717
all-measurements = [ 695.9835865497589, 713.2958445549011, 701.3907880783081,]
