best-result = 178.2287220954895
warmup-time = 178.75713515281677
all-measurements = [ 178.6385817527771, 179.64829421043396, 178.2287220954895,]
