best-result = 42.55918860435486
warmup-time = 43.935495138168335
all-measurements = [ 42.55918860435486, 43.53122019767761, 44.94736385345459,]
