best-result = 23.37553596496582
warmup-time = 23.438627243041992
all-measurements = [ 23.593674898147583, 23.571344137191772, 23.37553596496582,]
