best-result = 46.99471616744995
warmup-time = 64.41439867019653
all-measurements = [ 48.07649302482605, 46.99471616744995, 47.23278069496155,]
