best-result = 47.59012985229492
warmup-time = 58.65885782241821
all-measurements = [ 47.59012985229492, 47.8562171459198, 47.712955474853516,]
