best-result = 905.0217535495758
warmup-time = 1067.5360214710236
all-measurements = [ 905.0217535495758, 909.5833127498627, 907.4850628376007,]
