best-result = 85.32811832427979
warmup-time = 98.90482115745544
all-measurements = [ 86.31624388694763, 85.32811832427979, 85.57164430618286,]
