best-result = 883.2160415649414
warmup-time = 909.2952508926392
all-measurements = [ 890.9396171569824, 883.2160415649414, 884.8405048847198,]
