best-result = 66.93024015426636
warmup-time = 80.48400926589966
all-measurements = [ 67.15928196907043, 67.67434477806091, 66.93024015426636,]
