best-result = 84.55046200752258
warmup-time = 105.2208001613617
all-measurements = [ 86.2538845539093, 84.9230854511261, 84.55046200752258,]
