best-result = 69.60815525054932
warmup-time = 89.24100589752197
all-measurements = [ 69.60815525054932, 69.75094366073608, 69.94694757461548,]
