best-result = 88.09480905532837
warmup-time = 102.20269465446472
all-measurements = [ 88.09480905532837, 88.44454383850098, 88.14724564552307,]
