best-result = 656.505690574646
warmup-time = 673.0419225692749
all-measurements = [ 656.505690574646, 671.2306876182556, 660.3605284690857,]
