best-result = 63.74042749404907
warmup-time = 73.58949208259583
all-measurements = [ 64.3220443725586, 63.74042749404907, 63.899590492248535,]
