best-result = 191.82966351509094
warmup-time = 344.72514963150024
all-measurements = [ 193.86159682273865, 192.7801148891449, 191.82966351509094,]
