best-result = 390.72377014160156
warmup-time = 824.4070007801056
all-measurements = [ 393.783287525177, 390.72377014160156, 398.2317349910736,]
