best-result = 63.5837619304657
warmup-time = 79.2529125213623
all-measurements = [ 63.69797992706299, 64.08145022392273, 63.5837619304657,]
