best-result = 41.15464377403259
warmup-time = 48.46154189109802
all-measurements = [ 41.15464377403259, 41.24455165863037, 41.399375438690186,]
