best-result = 134.96135234832764
warmup-time = 157.96529459953308
all-measurements = [ 136.8704319000244, 137.6488618850708, 134.96135234832764,]
