best-result = 934.5330996513367
warmup-time = 969.1284523010254
all-measurements = [ 945.394579410553, 934.5330996513367, 942.4833166599274,]
