best-result = 28.090156316757202
warmup-time = 36.711920499801636
all-measurements = [ 28.3736252784729, 28.550161123275757, 28.090156316757202,]
