best-result = 60.16379904747009
warmup-time = 73.4190719127655
all-measurements = [ 60.36829996109009, 60.16379904747009, 60.30094647407532,]
