best-result = 59.89778447151184
warmup-time = 74.50716137886047
all-measurements = [ 60.61005878448486, 59.89778447151184, 60.36225199699402,]
