best-result = 110.081307888031
warmup-time = 138.49167656898499
all-measurements = [ 110.66283631324768, 110.081307888031, 111.10987114906311,]
