best-result = 778.6482257843018
warmup-time = 846.3680152893066
all-measurements = [ 778.6482257843018, 779.3313419818878, 782.3080866336823,]
