best-result = 34.847119092941284
warmup-time = 43.66257047653198
all-measurements = [ 35.06563711166382, 34.97267746925354, 34.847119092941284,]
