best-result = 56.101572036743164
warmup-time = 73.32791233062744
all-measurements = [ 56.98750329017639, 56.101572036743164, 57.0632758140564,]
