best-result = 2048.4750204086304
warmup-time = 2305.4372341632843
all-measurements = [ 2048.4750204086304, 2934.316557407379, 2440.72501373291,]
