best-result = 49.87726306915283
warmup-time = 71.11605834960938
all-measurements = [ 49.87726306915283, 50.4954948425293, 50.06920886039734,]
