best-result = 82.29950547218323
warmup-time = 101.68613076210022
all-measurements = [ 82.49479866027832, 82.29950547218323, 82.92832708358765,]
