best-result = 92.18619632720947
warmup-time = 116.14488482475281
all-measurements = [ 93.92957162857056, 92.18619632720947, 93.96123600006104,]
