best-result = 38.59117293357849
warmup-time = 47.732933044433594
all-measurements = [ 38.59117293357849, 38.78222703933716, 38.81192183494568,]
