best-result = 316.2090275287628
warmup-time = 457.5202281475067
all-measurements = [ 326.115549325943, 321.2839357852936, 316.2090275287628,]
