best-result = 61.02913045883179
warmup-time = 61.60285782814026
all-measurements = [ 61.02913045883179, 62.43410396575928, 61.45589804649353,]
