best-result = 22.158605813980103
warmup-time = 23.429863452911377
all-measurements = [ 22.785503387451172, 22.158605813980103, 23.099747896194458,]
