best-result = 46.27354550361633
warmup-time = 63.737406730651855
all-measurements = [ 46.27354550361633, 46.372690200805664, 46.453203439712524,]
