best-result = 45.85164761543274
warmup-time = 57.08186650276184
all-measurements = [ 46.13253664970398, 46.34912371635437, 45.85164761543274,]
