best-result = 916.2882976531982
warmup-time = 1138.0495371818542
all-measurements = [ 942.7343180179596, 916.2882976531982, 936.2172725200653,]
