best-result = 84.10968589782715
warmup-time = 98.44308257102966
all-measurements = [ 84.6240234375, 85.06305503845215, 84.10968589782715,]
