best-result = 981.9463679790497
warmup-time = 1012.0430533885956
all-measurements = [ 981.9463679790497, 982.7327094078064, 983.977251291275,]
