best-result = 81.79516839981079
warmup-time = 104.3330671787262
all-measurements = [ 82.94365763664246, 81.79516839981079, 82.92684173583984,]
