best-result = 69.91736221313477
warmup-time = 90.58573031425476
all-measurements = [ 69.91736221313477, 70.2447988986969, 70.2339346408844,]
