best-result = 90.52637314796448
warmup-time = 106.14287042617798
all-measurements = [ 90.52637314796448, 91.70564246177673, 90.57654738426208,]
