best-result = 63.37121820449829
warmup-time = 81.9841091632843
all-measurements = [ 63.37121820449829, 63.71212410926819, 63.972111225128174,]
