best-result = 207.99884223937988
warmup-time = 364.7243151664734
all-measurements = [ 207.99884223937988, 208.10175561904907, 208.32647943496704,]
