best-result = 428.13164925575256
warmup-time = 872.8058304786682
all-measurements = [ 428.13164925575256, 429.1072452068329, 428.4419832229614,]
