best-result = 61.609068632125854
warmup-time = 77.61950254440308
all-measurements = [ 62.59749960899353, 61.609068632125854, 62.11111092567444,]
