best-result = 39.30634689331055
warmup-time = 49.151662826538086
all-measurements = [ 39.30634689331055, 39.84007477760315, 39.99935603141785,]
