best-result = 139.064311504364
warmup-time = 170.65213418006897
all-measurements = [ 139.70113325119019, 139.500342130661, 139.064311504364,]
