best-result = 900.1515672206879
warmup-time = 936.4422192573547
all-measurements = [ 900.1515672206879, 909.9422628879547, 900.4111256599426,]
