best-result = 27.360949993133545
warmup-time = 36.2046422958374
all-measurements = [ 27.748130798339844, 27.495091915130615, 27.360949993133545,]
