best-result = 58.49594759941101
warmup-time = 69.12993812561035
all-measurements = [ 58.63659143447876, 58.49594759941101, 58.6186249256134,]
