best-result = 59.19106841087341
warmup-time = 73.64052319526672
all-measurements = [ 59.19106841087341, 59.97725558280945, 59.3263144493103,]
