best-result = 110.5477945804596
warmup-time = 139.0946033000946
all-measurements = [ 110.74578738212585, 111.7740569114685, 110.5477945804596,]
