best-result = 782.174643278122
warmup-time = 853.4194016456604
all-measurements = [ 786.7663152217865, 782.174643278122, 788.4925081729889,]
