best-result = 33.62315249443054
warmup-time = 40.23468780517578
all-measurements = [ 33.62315249443054, 34.25782299041748, 34.08855938911438,]
