best-result = 54.820552110672
warmup-time = 71.20318913459778
all-measurements = [ 55.18370509147644, 54.96903729438782, 54.820552110672,]
