best-result = 1426.5715024471283
warmup-time = 1532.856883764267
all-measurements = [ 1864.4553604125977, 1426.5715024471283, 1832.1244142055511,]
