best-result = 49.3412389755249
warmup-time = 71.12612509727478
all-measurements = [ 49.563847064971924, 49.801032304763794, 49.3412389755249,]
