best-result = 77.98334908485413
warmup-time = 97.84758019447327
all-measurements = [ 78.0824658870697, 77.98334908485413, 79.02085971832275,]
