best-result = 36.82573866844177
warmup-time = 45.19139313697815
all-measurements = [ 36.82573866844177, 37.366559982299805, 37.214630365371704,]
