best-result = 352.3186786174774
warmup-time = 488.79542326927185
all-measurements = [ 352.3186786174774, 358.2447063922882, 354.8593792915344,]
