best-result = 58.972200870513916
warmup-time = 59.40880012512207
all-measurements = [ 59.115761518478394, 58.972200870513916, 59.28685784339905,]
