best-result = 22.662868976593018
warmup-time = 23.09878706932068
all-measurements = [ 23.250696659088135, 22.662868976593018, 23.13428282737732,]
