best-result = 46.33501887321472
warmup-time = 62.35317301750183
all-measurements = [ 46.7807137966156, 46.33501887321472, 46.404600381851196,]
