best-result = 45.988078594207764
warmup-time = 58.66654562950134
all-measurements = [ 45.988078594207764, 46.348649978637695, 46.80431127548218,]
