best-result = 894.6352934837341
warmup-time = 1104.934475660324
all-measurements = [ 901.7946231365204, 897.9984500408173, 894.6352934837341,]
