best-result = 85.45303916931152
warmup-time = 99.26280212402344
all-measurements = [ 85.45303916931152, 86.00992894172668, 86.68286943435669,]
