best-result = 984.161342382431
warmup-time = 1012.779228925705
all-measurements = [ 985.6227972507477, 990.7225122451782, 984.161342382431,]
