best-result = 82.3571515083313
warmup-time = 102.66149091720581
all-measurements = [ 82.36384725570679, 82.785959482193, 82.3571515083313,]
