best-result = 67.12212061882019
warmup-time = 88.33445644378662
all-measurements = [ 67.68117332458496, 67.12212061882019, 67.59145903587341,]
