best-result = 91.0884804725647
warmup-time = 104.97577285766602
all-measurements = [ 91.4397668838501, 92.07556796073914, 91.0884804725647,]
