best-result = 647.3596963882446
warmup-time = 660.5932657718658
all-measurements = [ 652.3487524986267, 650.0954117774963, 647.3596963882446,]
