best-result = 61.7704176902771
warmup-time = 72.74832081794739
all-measurements = [ 61.7704176902771, 61.78994822502136, 62.0928897857666,]
