best-result = 204.6860909461975
warmup-time = 359.5854182243347
all-measurements = [ 206.23021411895752, 207.07048153877258, 204.6860909461975,]
