best-result = 424.0583288669586
warmup-time = 862.3736999034882
all-measurements = [ 424.0583288669586, 425.58133029937744, 430.58689618110657,]
