best-result = 62.24514174461365
warmup-time = 78.87876224517822
all-measurements = [ 62.24514174461365, 62.71203136444092, 62.373233795166016,]
