best-result = 39.631094217300415
warmup-time = 47.58676838874817
all-measurements = [ 39.93608856201172, 39.631094217300415, 40.15201377868652,]
