best-result = 134.4627959728241
warmup-time = 160.39875531196594
all-measurements = [ 135.39476108551025, 134.4627959728241, 135.5005486011505,]
