best-result = 911.064249753952
warmup-time = 942.0130250453949
all-measurements = [ 917.9979588985443, 916.5665395259857, 911.064249753952,]
