best-result = 27.50771713256836
warmup-time = 35.350181102752686
all-measurements = [ 28.18176794052124, 27.50771713256836, 28.108906030654907,]
