best-result = 56.79375195503235
warmup-time = 70.53303360939026
all-measurements = [ 56.79375195503235, 57.17317342758179, 57.25556683540344,]
