best-result = 59.76077699661255
warmup-time = 74.81639122962952
all-measurements = [ 59.76077699661255, 60.3970627784729, 60.546040058135986,]
