best-result = 109.30559730529785
warmup-time = 138.21926474571228
all-measurements = [ 110.17714786529541, 110.60425019264221, 109.30559730529785,]
