best-result = 777.5101931095123
warmup-time = 871.8796472549438
all-measurements = [ 779.4173645973206, 777.5101931095123, 787.2059721946716,]
