best-result = 33.95781326293945
warmup-time = 51.48324465751648
all-measurements = [ 36.837366580963135, 34.41987633705139, 33.95781326293945,]
