best-result = 55.292736768722534
warmup-time = 70.79195404052734
all-measurements = [ 55.292736768722534, 55.619786500930786, 55.63500094413757,]
