best-result = 1286.8693497180939
warmup-time = 1499.0478060245514
all-measurements = [ 1286.8693497180939, 2279.5353417396545, 1851.6431202888489,]
