best-result = 48.23913216590881
warmup-time = 69.03471350669861
all-measurements = [ 48.23913216590881, 48.72906756401062, 48.51198053359985,]
