best-result = 78.19500207901001
warmup-time = 97.01335954666138
all-measurements = [ 78.19500207901001, 78.32576394081116, 78.58099055290222,]
