best-result = 37.03579521179199
warmup-time = 46.91017270088196
all-measurements = [ 37.210174322128296, 37.4604914188385, 37.03579521179199,]
