best-result = 333.94653511047363
warmup-time = 484.11406326293945
all-measurements = [ 337.04186487197876, 336.11727356910706, 333.94653511047363,]
