best-result = 58.53074026107788
warmup-time = 59.31502914428711
all-measurements = [ 58.997519731521606, 58.740118980407715, 58.53074026107788,]
