best-result = 25.36324119567871
warmup-time = 25.774046897888184
all-measurements = [ 25.36324119567871, 25.906625270843506, 26.008889198303223,]
