best-result = 37.17434740066528
warmup-time = 36.33827018737793
all-measurements = [ 37.322641372680664, 37.387447357177734, 37.17434740066528,]
