best-result = 30.3359637260437
warmup-time = 31.49978494644165
all-measurements = [ 30.3359637260437, 30.55030846595764, 31.266746044158936,]
