best-result = 263.6082203388214
warmup-time = 267.8050653934479
all-measurements = [ 263.6082203388214, 266.02204966545105, 266.7021391391754,]
