best-result = 35.69964265823364
warmup-time = 36.7265260219574
all-measurements = [ 36.55684161186218, 35.69964265823364, 37.09079551696777,]
