best-result = 40.51695442199707
warmup-time = 42.222930669784546
all-measurements = [ 41.833571910858154, 40.51695442199707, 41.8289475440979,]
