best-result = 49.42305040359497
warmup-time = 50.636247396469116
all-measurements = [ 49.43893790245056, 49.42305040359497, 49.90893197059631,]
