best-result = 33.10723328590393
warmup-time = 33.78168845176697
all-measurements = [ 33.3312292098999, 33.10723328590393, 33.24563813209534,]
