best-result = 36.64939022064209
warmup-time = 36.77812457084656
all-measurements = [ 36.64939022064209, 37.37769651412964, 37.56192111968994,]
