best-result = 62.11335062980652
warmup-time = 62.94035029411316
all-measurements = [ 63.471115827560425, 64.1175594329834, 62.11335062980652,]
