best-result = 226.53916454315186
warmup-time = 229.2133469581604
all-measurements = [ 226.53916454315186, 228.57120752334595, 227.51696515083313,]
