best-result = 517.42520570755
warmup-time = 525.8462331295013
all-measurements = [ 517.42520570755, 534.4575998783112, 521.4121973514557,]
