best-result = 35.81928038597107
warmup-time = 37.80746364593506
all-measurements = [ 37.78348088264465, 35.81928038597107, 37.382272243499756,]
