best-result = 27.996163845062256
warmup-time = 28.931788206100464
all-measurements = [ 28.39518141746521, 27.996163845062256, 29.752947330474854,]
