best-result = 77.14995050430298
warmup-time = 77.18449020385742
all-measurements = [ 79.21815919876099, 77.14995050430298, 78.93195819854736,]
