best-result = 60.84238839149475
warmup-time = 61.778220891952515
all-measurements = [ 62.18725037574768, 60.84238839149475, 62.83638525009155,]
