best-result = 26.57724618911743
warmup-time = 27.81225824356079
all-measurements = [ 26.57724618911743, 27.89957308769226, 28.328194856643677,]
