best-result = 31.47308850288391
warmup-time = 35.07832741737366
all-measurements = [ 31.789294004440308, 34.755412101745605, 31.47308850288391,]
