best-result = 33.10452485084534
warmup-time = 33.97325277328491
all-measurements = [ 33.17988443374634, 35.071584701538086, 33.10452485084534,]
