best-result = 40.365806102752686
warmup-time = 43.83179330825806
all-measurements = [ 43.58441686630249, 40.365806102752686, 41.65539264678955,]
