best-result = 96.96005249023438
warmup-time = 97.94949269294739
all-measurements = [ 97.44958090782166, 96.96005249023438, 97.17173933982849,]
