best-result = 27.780122995376587
warmup-time = 28.610680103302002
all-measurements = [ 27.780122995376587, 28.45407462120056, 28.388811826705933,]
