best-result = 32.92642331123352
warmup-time = 34.63408637046814
all-measurements = [ 32.92642331123352, 34.11808705329895, 34.11248445510864,]
