best-result = 86.53821516036987
warmup-time = 98.57763671875
all-measurements = [ 86.53821516036987, 86.8602933883667, 87.23413014411926,]
