best-result = 37.7076256275177
warmup-time = 38.874326944351196
all-measurements = [ 37.7076256275177, 38.137529373168945, 38.69752097129822,]
