best-result = 44.3416314125061
warmup-time = 44.127790451049805
all-measurements = [ 44.502782583236694, 45.14817786216736, 44.3416314125061,]
