best-result = 27.902804136276245
warmup-time = 28.4833824634552
all-measurements = [ 28.636950254440308, 27.902804136276245, 28.206265211105347,]
