best-result = 692.2523653507233
warmup-time = 736.0679924488068
all-measurements = [ 694.1093394756317, 692.2523653507233, 696.5065367221832,]
