best-result = 170.68222045898438
warmup-time = 172.60167956352234
all-measurements = [ 170.68222045898438, 172.7696807384491, 177.3330295085907,]
