best-result = 62.98266911506653
warmup-time = 68.12188410758972
all-measurements = [ 69.82157731056213, 69.45416045188904, 62.98266911506653,]
