best-result = 22.78963279724121
warmup-time = 22.751253128051758
all-measurements = [ 23.202292680740356, 22.8668053150177, 22.78963279724121,]
