best-result = 46.81823229789734
warmup-time = 64.7478256225586
all-measurements = [ 46.81823229789734, 46.98898530006409, 46.973106384277344,]
