best-result = 46.50968956947327
warmup-time = 58.77354097366333
all-measurements = [ 46.50968956947327, 47.21570611000061, 46.85231804847717,]
