best-result = 918.2232537269592
warmup-time = 1150.4231827259064
all-measurements = [ 924.2769219875336, 919.1305730342865, 918.2232537269592,]
