best-result = 85.49632120132446
warmup-time = 99.67824625968933
all-measurements = [ 86.78987193107605, 85.49632120132446, 85.5568311214447,]
