best-result = 994.1702888011932
warmup-time = 1024.7876133918762
all-measurements = [ 1000.2321083545685, 994.1702888011932, 998.1950688362122,]
