best-result = 82.19062948226929
warmup-time = 104.24543571472168
all-measurements = [ 83.37294602394104, 83.15900897979736, 82.19062948226929,]
