best-result = 68.30362176895142
warmup-time = 88.08992743492126
all-measurements = [ 68.30362176895142, 68.32260155677795, 68.40299916267395,]
