best-result = 92.32046580314636
warmup-time = 106.06456112861633
all-measurements = [ 92.39568161964417, 92.61522102355957, 92.32046580314636,]
