best-result = 649.5367751121521
warmup-time = 667.9979975223541
all-measurements = [ 650.9563829898834, 651.2176375389099, 649.5367751121521,]
