best-result = 63.24250364303589
warmup-time = 78.86587643623352
all-measurements = [ 64.11976337432861, 64.4893445968628, 63.24250364303589,]
