best-result = 211.2713713645935
warmup-time = 367.58783292770386
all-measurements = [ 211.4239525794983, 211.2713713645935, 211.53246068954468,]
