best-result = 425.3966450691223
warmup-time = 881.1760935783386
all-measurements = [ 443.9568576812744, 429.7607214450836, 425.3966450691223,]
