best-result = 62.226096391677856
warmup-time = 79.81535696983337
all-measurements = [ 62.75846743583679, 62.33392643928528, 62.226096391677856,]
