best-result = 39.590195417404175
warmup-time = 48.20314168930054
all-measurements = [ 39.590195417404175, 39.966636419296265, 39.820475578308105,]
