best-result = 138.93205547332764
warmup-time = 167.45835614204407
all-measurements = [ 139.7981357574463, 138.93205547332764, 139.40511393547058,]
