best-result = 914.0313432216644
warmup-time = 939.4340786933899
all-measurements = [ 916.5023989677429, 916.2211503982544, 914.0313432216644,]
