best-result = 27.694591283798218
warmup-time = 35.553614139556885
all-measurements = [ 27.864399909973145, 27.694591283798218, 27.822990894317627,]
