best-result = 57.883288860321045
warmup-time = 71.95623755455017
all-measurements = [ 57.931692123413086, 57.883288860321045, 58.848954916000366,]
