best-result = 59.634127140045166
warmup-time = 74.17570900917053
all-measurements = [ 60.83606314659119, 60.00213813781738, 59.634127140045166,]
