best-result = 111.22405505180359
warmup-time = 138.8312213420868
all-measurements = [ 113.05920243263245, 111.22405505180359, 111.53659558296204,]
