best-result = 787.1400742530823
warmup-time = 852.7942626476288
all-measurements = [ 787.1400742530823, 788.0361924171448, 789.5730650424957,]
