best-result = 33.69445824623108
warmup-time = 41.27697539329529
all-measurements = [ 34.0501024723053, 34.17669200897217, 33.69445824623108,]
