best-result = 55.545958518981934
warmup-time = 71.87782597541809
all-measurements = [ 55.545958518981934, 55.58809232711792, 55.996992349624634,]
