best-result = 1519.92720413208
warmup-time = 1504.9808278083801
all-measurements = [ 2109.5503430366516, 1865.9736630916595, 1519.92720413208,]
