best-result = 48.863423585891724
warmup-time = 69.42648959159851
all-measurements = [ 48.9872407913208, 49.51560091972351, 48.863423585891724,]
