best-result = 78.86468291282654
warmup-time = 98.6563127040863
all-measurements = [ 78.86468291282654, 79.41798162460327, 79.29191470146179,]
