best-result = 36.79876947402954
warmup-time = 45.78998064994812
all-measurements = [ 36.838059425354004, 37.20977234840393, 36.79876947402954,]
