best-result = 349.59232330322266
warmup-time = 521.2492485046387
all-measurements = [ 351.7414126396179, 349.59232330322266, 352.5111606121063,]
