best-result = 58.60325217247009
warmup-time = 59.79651474952698
all-measurements = [ 59.85669541358948, 58.60325217247009, 59.24707865715027,]
