best-result = 25.233246088027954
warmup-time = 25.250547409057617
all-measurements = [ 25.239924669265747, 25.233246088027954, 25.2545804977417,]
