best-result = 35.82491445541382
warmup-time = 38.035677433013916
all-measurements = [ 36.671191692352295, 35.82491445541382, 38.96930503845215,]
