best-result = 32.76383638381958
warmup-time = 31.77964949607849
all-measurements = [ 32.76383638381958, 32.79695200920105, 33.005672454833984,]
