best-result = 271.6728138923645
warmup-time = 282.0596532821655
all-measurements = [ 278.4140057563782, 275.7048966884613, 271.6728138923645,]
