best-result = 34.42814302444458
warmup-time = 35.10460662841797
all-measurements = [ 34.42814302444458, 36.00912833213806, 36.155497312545776,]
