best-result = 41.31767725944519
warmup-time = 40.59162998199463
all-measurements = [ 41.31767725944519, 42.24819612503052, 41.62771034240723,]
