best-result = 50.318439245224
warmup-time = 49.726462602615356
all-measurements = [ 50.66057109832764, 50.3320426940918, 50.318439245224,]
