best-result = 34.237717151641846
warmup-time = 34.26525950431824
all-measurements = [ 34.237717151641846, 34.28431725502014, 34.54035973548889,]
