best-result = 37.50191617012024
warmup-time = 37.4406533241272
all-measurements = [ 38.04879069328308, 37.50191617012024, 37.51128673553467,]
