best-result = 60.03476643562317
warmup-time = 58.442867279052734
all-measurements = [ 60.03476643562317, 62.523879528045654, 61.20291471481323,]
