best-result = 240.09954714775085
warmup-time = 242.40849351882935
all-measurements = [ 240.09954714775085, 240.2357475757599, 240.77470564842224,]
