best-result = 544.6580965518951
warmup-time = 545.8365919589996
all-measurements = [ 545.2121770381927, 544.9622039794922, 544.6580965518951,]
