best-result = 35.21009564399719
warmup-time = 37.14884543418884
all-measurements = [ 36.88575291633606, 35.21009564399719, 36.74007225036621,]
