best-result = 64.2840461730957
warmup-time = 67.20309209823608
all-measurements = [ 66.0654456615448, 66.81766486167908, 64.2840461730957,]
