best-result = 27.217453956604004
warmup-time = 27.007245302200317
all-measurements = [ 27.49826455116272, 27.652936458587646, 27.217453956604004,]
