best-result = 35.993252754211426
warmup-time = 36.82121133804321
all-measurements = [ 36.3945529460907, 35.993252754211426, 36.88184070587158,]
