best-result = 31.141613960266113
warmup-time = 33.23103332519531
all-measurements = [ 31.725783824920654, 31.141613960266113, 32.522401094436646,]
