best-result = 43.577622175216675
warmup-time = 43.29368448257446
all-measurements = [ 43.577622175216675, 43.6951105594635, 44.360405921936035,]
