best-result = 97.74329376220703
warmup-time = 102.90434527397156
all-measurements = [ 98.25527620315552, 97.74329376220703, 98.11625695228577,]
