best-result = 27.24471640586853
warmup-time = 29.615808248519897
all-measurements = [ 28.60160183906555, 27.24471640586853, 28.809595584869385,]
