best-result = 33.74580764770508
warmup-time = 33.2808792591095
all-measurements = [ 34.83867120742798, 35.28186774253845, 33.74580764770508,]
