best-result = 39.7059543132782
warmup-time = 40.32029056549072
all-measurements = [ 40.24010753631592, 40.170883893966675, 39.7059543132782,]
