best-result = 41.76116919517517
warmup-time = 45.38407874107361
all-measurements = [ 41.76116919517517, 44.60990071296692, 43.63333582878113,]
