best-result = 27.236679792404175
warmup-time = 28.69855570793152
all-measurements = [ 28.632718801498413, 28.290307760238647, 27.236679792404175,]
