best-result = 704.1552319526672
warmup-time = 721.2449412345886
all-measurements = [ 707.2762005329132, 704.1552319526672, 706.8193368911743,]
