best-result = 179.1986379623413
warmup-time = 180.01573657989502
all-measurements = [ 181.46488285064697, 179.1986379623413, 182.86464524269104,]
