best-result = 42.18864846229553
warmup-time = 43.88341498374939
all-measurements = [ 42.18864846229553, 42.789066553115845, 42.798283100128174,]
