best-result = 23.105983018875122
warmup-time = 23.569028615951538
all-measurements = [ 23.394852876663208, 23.105983018875122, 23.39999294281006,]
