best-result = 47.210185289382935
warmup-time = 64.60936546325684
all-measurements = [ 47.29007172584534, 47.210185289382935, 47.55152416229248,]
