best-result = 47.25700235366821
warmup-time = 58.600529193878174
all-measurements = [ 47.435786485672, 47.38540053367615, 47.25700235366821,]
