best-result = 906.1279075145721
warmup-time = 1079.1261513233185
all-measurements = [ 906.9925465583801, 906.1279075145721, 908.5163671970367,]
