best-result = 84.92231249809265
warmup-time = 97.4275438785553
all-measurements = [ 85.28037023544312, 84.92231249809265, 85.38998603820801,]
