best-result = 879.1424806118011
warmup-time = 910.5818390846252
all-measurements = [ 881.5302345752716, 879.1424806118011, 886.6710941791534,]
