best-result = 66.79114699363708
warmup-time = 81.73629856109619
all-measurements = [ 67.55308485031128, 67.47199249267578, 66.79114699363708,]
