best-result = 85.01934695243835
warmup-time = 105.38613772392273
all-measurements = [ 85.14510488510132, 85.21626305580139, 85.01934695243835,]
