best-result = 68.92275047302246
warmup-time = 88.34826993942261
all-measurements = [ 70.08559513092041, 68.92275047302246, 69.41153049468994,]
