best-result = 88.52757358551025
warmup-time = 102.78057527542114
all-measurements = [ 88.52757358551025, 89.32731699943542, 88.60087156295776,]
