best-result = 653.7003245353699
warmup-time = 668.1439290046692
all-measurements = [ 654.4386355876923, 680.8750905990601, 653.7003245353699,]
