best-result = 63.91636896133423
warmup-time = 76.41986560821533
all-measurements = [ 64.14246964454651, 64.46492767333984, 63.91636896133423,]
