best-result = 192.0717146396637
warmup-time = 345.9847364425659
all-measurements = [ 193.64725732803345, 192.0717146396637, 193.87574291229248,]
