best-result = 396.3444781303406
warmup-time = 820.7241270542145
all-measurements = [ 396.3444781303406, 397.60542345046997, 396.6830277442932,]
