best-result = 63.68322277069092
warmup-time = 80.1494836807251
all-measurements = [ 64.09666013717651, 63.704086780548096, 63.68322277069092,]
