best-result = 41.284623861312866
warmup-time = 49.334733963012695
all-measurements = [ 41.63158440589905, 41.44590759277344, 41.284623861312866,]
