best-result = 135.3259196281433
warmup-time = 157.2585711479187
all-measurements = [ 136.95575189590454, 136.9907250404358, 135.3259196281433,]
