best-result = 938.639598608017
warmup-time = 962.8558194637299
all-measurements = [ 938.639598608017, 952.2483043670654, 945.4714820384979,]
