best-result = 28.06840467453003
warmup-time = 36.880767822265625
all-measurements = [ 28.359047651290894, 28.300610065460205, 28.06840467453003,]
