best-result = 59.86445212364197
warmup-time = 73.28404307365417
all-measurements = [ 61.2256543636322, 59.86445212364197, 60.830113887786865,]
