best-result = 60.4475953578949
warmup-time = 74.41508388519287
all-measurements = [ 60.4475953578949, 61.44812488555908, 61.0499107837677,]
