best-result = 110.12904810905457
warmup-time = 139.41183805465698
all-measurements = [ 110.12904810905457, 111.43923234939575, 110.58777165412903,]
