best-result = 778.3220901489258
warmup-time = 837.4573533535004
all-measurements = [ 785.9092936515808, 778.3220901489258, 780.2615702152252,]
