best-result = 34.528823137283325
warmup-time = 41.77514028549194
all-measurements = [ 34.87107706069946, 34.528823137283325, 34.6785352230072,]
