best-result = 56.665244817733765
warmup-time = 71.53481268882751
all-measurements = [ 56.98739719390869, 56.665244817733765, 57.139305114746094,]
