best-result = 1903.16179728508
warmup-time = 1885.1387481689453
all-measurements = [ 2697.154308319092, 1903.16179728508, 2692.19304227829,]
