best-result = 50.37006378173828
warmup-time = 71.30190420150757
all-measurements = [ 50.432178258895874, 50.615416288375854, 50.37006378173828,]
