best-result = 84.25192070007324
warmup-time = 101.24834656715393
all-measurements = [ 84.9304256439209, 84.46204209327698, 84.25192070007324,]
