best-result = 93.67978549003601
warmup-time = 116.49583053588867
all-measurements = [ 94.06112718582153, 93.6805853843689, 93.67978549003601,]
