best-result = 38.31335234642029
warmup-time = 47.86629009246826
all-measurements = [ 38.31335234642029, 38.65054249763489, 39.33478307723999,]
