best-result = 318.81742787361145
warmup-time = 453.5653405189514
all-measurements = [ 318.81742787361145, 325.00654101371765, 326.8562915325165,]
