best-result = 60.82956671714783
warmup-time = 61.2864408493042
all-measurements = [ 61.93706250190735, 60.82956671714783, 60.83772659301758,]
