best-result = 26.479302406311035
warmup-time = 27.076441526412964
all-measurements = [ 26.479302406311035, 26.742939472198486, 26.651235580444336,]
