best-result = 35.57533097267151
warmup-time = 36.8302276134491
all-measurements = [ 37.16908121109009, 38.49515223503113, 35.57533097267151,]
