best-result = 31.152461290359497
warmup-time = 31.533554315567017
all-measurements = [ 31.878458499908447, 31.92743730545044, 31.152461290359497,]
