best-result = 230.4999816417694
warmup-time = 237.8788275718689
all-measurements = [ 233.26348090171814, 232.22292160987854, 230.4999816417694,]
