best-result = 36.62325859069824
warmup-time = 36.66026210784912
all-measurements = [ 38.052915811538696, 36.62325859069824, 37.52568244934082,]
