best-result = 112.04692077636719
warmup-time = 116.61001515388489
all-measurements = [ 113.5402410030365, 112.04692077636719, 113.91994380950928,]
