best-result = 35.03295159339905
warmup-time = 36.8019323348999
all-measurements = [ 36.348596811294556, 37.06296229362488, 35.03295159339905,]
