best-result = 41.93501162528992
warmup-time = 42.19070243835449
all-measurements = [ 42.4638774394989, 41.93501162528992, 42.56823015213013,]
