best-result = 47.75189232826233
warmup-time = 49.724321603775024
all-measurements = [ 50.62375831604004, 48.857337951660156, 47.75189232826233,]
