best-result = 34.55955266952515
warmup-time = 34.20660138130188
all-measurements = [ 34.82662487030029, 34.64635491371155, 34.55955266952515,]
