best-result = 36.90379810333252
warmup-time = 36.91022276878357
all-measurements = [ 38.24669289588928, 36.90379810333252, 37.1692852973938,]
