best-result = 63.25548219680786
warmup-time = 67.20473456382751
all-measurements = [ 65.49141812324524, 63.25548219680786, 64.65370583534241,]
