best-result = 219.81159210205078
warmup-time = 225.30908203125
all-measurements = [ 222.28618574142456, 223.29155492782593, 219.81159210205078,]
