best-result = 503.1633150577545
warmup-time = 508.98348927497864
all-measurements = [ 503.20697116851807, 503.93465518951416, 503.1633150577545,]
