best-result = 36.96735191345215
warmup-time = 38.8577880859375
all-measurements = [ 37.4187445640564, 37.54823303222656, 36.96735191345215,]
