best-result = 29.44716763496399
warmup-time = 29.682365894317627
all-measurements = [ 29.501121520996094, 29.885680437088013, 29.44716763496399,]
