best-result = 71.07845497131348
warmup-time = 79.23661684989929
all-measurements = [ 72.77219414710999, 71.07845497131348, 76.27912998199463,]
