best-result = 61.24797463417053
warmup-time = 63.427278995513916
all-measurements = [ 63.932555198669434, 61.24797463417053, 61.57829761505127,]
