best-result = 28.625597715377808
warmup-time = 29.760276556015015
all-measurements = [ 29.622426986694336, 28.92606210708618, 28.625597715377808,]
