best-result = 35.61017727851868
warmup-time = 33.40020513534546
all-measurements = [ 36.25499176979065, 35.61017727851868, 35.87481927871704,]
