best-result = 33.29279804229736
warmup-time = 34.033878564834595
all-measurements = [ 34.48966312408447, 34.1639289855957, 33.29279804229736,]
