best-result = 43.785552978515625
warmup-time = 42.86128354072571
all-measurements = [ 44.00627565383911, 44.904011726379395, 43.785552978515625,]
