best-result = 95.77670860290527
warmup-time = 96.61668348312378
all-measurements = [ 98.42145347595215, 95.77670860290527, 99.712233543396,]
