best-result = 28.359357595443726
warmup-time = 28.517781496047974
all-measurements = [ 28.6677565574646, 28.56743550300598, 28.359357595443726,]
