best-result = 34.4542293548584
warmup-time = 36.2308292388916
all-measurements = [ 34.76136803627014, 34.51875972747803, 34.4542293548584,]
