best-result = 86.88043284416199
warmup-time = 92.65971827507019
all-measurements = [ 86.88043284416199, 87.62146210670471, 96.54482078552246,]
