best-result = 38.11086177825928
warmup-time = 39.09132122993469
all-measurements = [ 38.491108894348145, 38.11086177825928, 40.28729248046875,]
