best-result = 43.903528451919556
warmup-time = 46.257251262664795
all-measurements = [ 45.17934560775757, 45.145392417907715, 43.903528451919556,]
