best-result = 50.76532769203186
warmup-time = 51.43989300727844
all-measurements = [ 51.93975305557251, 50.83278965950012, 50.76532769203186,]
