best-result = 29.462259531021118
warmup-time = 28.675611972808838
all-measurements = [ 29.6296067237854, 29.732327699661255, 29.462259531021118,]
