best-result = 654.3935775756836
warmup-time = 715.8489544391632
all-measurements = [ 658.1468453407288, 654.3935775756836, 660.6993350982666,]
