best-result = 167.05976819992065
warmup-time = 170.25331687927246
all-measurements = [ 167.05976819992065, 168.072265625, 170.10250449180603,]
