best-result = 58.33040714263916
warmup-time = 66.23400926589966
all-measurements = [ 66.0870578289032, 58.33040714263916, 70.87156581878662,]
