best-result = 25.663075923919678
warmup-time = 26.084795475006104
all-measurements = [ 26.13104772567749, 25.663075923919678, 25.999040842056274,]
