best-result = 37.746060371398926
warmup-time = 38.155004262924194
all-measurements = [ 38.025171518325806, 37.746060371398926, 37.8552942276001,]
