best-result = 31.481614112854004
warmup-time = 31.95935320854187
all-measurements = [ 31.481614112854004, 32.264281034469604, 31.547643423080444,]
