best-result = 265.9257974624634
warmup-time = 269.5128381252289
all-measurements = [ 268.03987669944763, 265.9257974624634, 267.6796624660492,]
