best-result = 35.93477463722229
warmup-time = 36.91173052787781
all-measurements = [ 35.93477463722229, 37.12572145462036, 36.100398540496826,]
