best-result = 40.53954100608826
warmup-time = 42.24657130241394
all-measurements = [ 40.6270215511322, 40.71313428878784, 40.53954100608826,]
