best-result = 48.969255208969116
warmup-time = 50.31211042404175
all-measurements = [ 50.73632764816284, 49.52244853973389, 48.969255208969116,]
