best-result = 33.065123319625854
warmup-time = 34.72675108909607
all-measurements = [ 34.853492736816406, 34.4790780544281, 33.065123319625854,]
