best-result = 36.006059885025024
warmup-time = 37.64556550979614
all-measurements = [ 36.006059885025024, 37.3016140460968, 36.91560387611389,]
