best-result = 62.04802370071411
warmup-time = 67.39697980880737
all-measurements = [ 65.82708382606506, 62.04802370071411, 66.65495371818542,]
