best-result = 226.17392230033875
warmup-time = 230.9344470500946
all-measurements = [ 229.67098832130432, 226.17392230033875, 230.44749069213867,]
