best-result = 521.4582378864288
warmup-time = 524.8926606178284
all-measurements = [ 526.4955484867096, 521.8881547451019, 521.4582378864288,]
