best-result = 35.76572275161743
warmup-time = 37.80181527137756
all-measurements = [ 35.76572275161743, 37.00414037704468, 36.456254959106445,]
