best-result = 74.90558171272278
warmup-time = 91.71359515190125
all-measurements = [ 74.90558171272278, 89.14194059371948, 75.8909523487091,]
