best-result = 62.857158184051514
warmup-time = 64.959801197052
all-measurements = [ 62.857158184051514, 64.60626769065857, 63.11822724342346,]
