best-result = 27.129971742630005
warmup-time = 28.34834575653076
all-measurements = [ 27.129971742630005, 28.63330078125, 28.432451248168945,]
