best-result = 32.69138264656067
warmup-time = 35.34588289260864
all-measurements = [ 35.213702917099, 32.90948414802551, 32.69138264656067,]
