best-result = 33.092447996139526
warmup-time = 33.454769134521484
all-measurements = [ 33.55839490890503, 33.092447996139526, 33.71028137207031,]
