best-result = 41.98416042327881
warmup-time = 42.158182859420776
all-measurements = [ 42.38944363594055, 41.98416042327881, 43.00965237617493,]
