best-result = 98.20612382888794
warmup-time = 98.47400069236755
all-measurements = [ 98.49190378189087, 98.4901556968689, 98.20612382888794,]
