best-result = 29.085530042648315
warmup-time = 29.630978107452393
all-measurements = [ 29.217602014541626, 29.085530042648315, 29.162525177001953,]
