best-result = 34.39025592803955
warmup-time = 34.30033349990845
all-measurements = [ 35.576414585113525, 34.8218150138855, 34.39025592803955,]
