best-result = 87.82089805603027
warmup-time = 95.791823387146
all-measurements = [ 95.24709630012512, 95.24507260322571, 87.82089805603027,]
