best-result = 39.05693006515503
warmup-time = 40.475563287734985
all-measurements = [ 40.079455852508545, 39.05693006515503, 39.525867223739624,]
