best-result = 44.96649098396301
warmup-time = 45.08124113082886
all-measurements = [ 46.265867948532104, 44.96649098396301, 46.26397776603699,]
