best-result = 28.54627227783203
warmup-time = 29.15266752243042
all-measurements = [ 28.744905948638916, 29.061815977096558, 28.54627227783203,]
