best-result = 694.6518924236298
warmup-time = 735.7316710948944
all-measurements = [ 701.7443609237671, 708.6675581932068, 694.6518924236298,]
