best-result = 175.19905066490173
warmup-time = 175.07606315612793
all-measurements = [ 175.88780403137207, 178.62768697738647, 175.19905066490173,]
