best-result = 66.03428721427917
warmup-time = 68.62545704841614
all-measurements = [ 66.03428721427917, 68.86557006835938, 68.45175647735596,]
