best-result = 23.30949354171753
warmup-time = 23.429138660430908
all-measurements = [ 23.457406759262085, 23.38650918006897, 23.30949354171753,]
