best-result = 46.763750314712524
warmup-time = 63.10944223403931
all-measurements = [ 46.763750314712524, 46.86638402938843, 46.99326515197754,]
