best-result = 46.87672400474548
warmup-time = 58.18218946456909
all-measurements = [ 46.87672400474548, 47.217732429504395, 47.820647954940796,]
