best-result = 880.5565979480743
warmup-time = 1061.4060833454132
all-measurements = [ 893.9321584701538, 884.8467831611633, 880.5565979480743,]
