best-result = 85.31478381156921
warmup-time = 98.28184676170349
all-measurements = [ 86.05449104309082, 85.31478381156921, 85.32091522216797,]
