best-result = 980.6717965602875
warmup-time = 1009.5046391487122
all-measurements = [ 983.9013755321503, 985.0244433879852, 980.6717965602875,]
