best-result = 66.78748345375061
warmup-time = 79.44138169288635
all-measurements = [ 67.20405602455139, 66.86703896522522, 66.78748345375061,]
