best-result = 83.08351540565491
warmup-time = 103.4808669090271
all-measurements = [ 83.25938105583191, 84.56385254859924, 83.08351540565491,]
