best-result = 68.54567193984985
warmup-time = 87.9802258014679
all-measurements = [ 68.55512142181396, 68.54567193984985, 69.03667759895325,]
