best-result = 90.92797064781189
warmup-time = 105.64582419395447
all-measurements = [ 90.92797064781189, 91.33431458473206, 91.00714659690857,]
