best-result = 637.293707370758
warmup-time = 651.3053076267242
all-measurements = [ 638.5754499435425, 637.293707370758, 638.7204077243805,]
