best-result = 62.62846231460571
warmup-time = 79.05410552024841
all-measurements = [ 63.05467176437378, 62.62846231460571, 63.40997123718262,]
