best-result = 194.49360966682434
warmup-time = 341.2978081703186
all-measurements = [ 196.91937804222107, 194.49360966682434, 195.00308060646057,]
