best-result = 386.54912662506104
warmup-time = 832.354752779007
all-measurements = [ 388.0892186164856, 386.8672876358032, 386.54912662506104,]
