best-result = 62.697067975997925
warmup-time = 78.94278645515442
all-measurements = [ 62.92242956161499, 63.214728593826294, 62.697067975997925,]
