best-result = 39.91413950920105
warmup-time = 48.68524622917175
all-measurements = [ 41.358410120010376, 40.39025020599365, 39.91413950920105,]
