best-result = 134.65521216392517
warmup-time = 168.7550082206726
all-measurements = [ 135.03410267829895, 134.65521216392517, 134.87817406654358,]
