best-result = 921.7709560394287
warmup-time = 942.7871026992798
all-measurements = [ 931.6757595539093, 921.7709560394287, 925.5301332473755,]
