best-result = 28.220279932022095
warmup-time = 35.67450022697449
all-measurements = [ 28.26916742324829, 28.585229635238647, 28.220279932022095,]
