best-result = 58.79470491409302
warmup-time = 71.50930500030518
all-measurements = [ 59.88000011444092, 59.79889130592346, 58.79470491409302,]
