best-result = 60.36144542694092
warmup-time = 73.91512274742126
all-measurements = [ 60.36144542694092, 60.50681805610657, 60.72960805892944,]
