best-result = 109.92827010154724
warmup-time = 139.50969576835632
all-measurements = [ 111.14487600326538, 110.45031929016113, 109.92827010154724,]
