best-result = 764.9032492637634
warmup-time = 829.7445659637451
all-measurements = [ 767.04385638237, 764.9032492637634, 766.9109308719635,]
