best-result = 34.45142221450806
warmup-time = 42.67335104942322
all-measurements = [ 34.90501928329468, 34.45142221450806, 34.58084273338318,]
