best-result = 55.779667139053345
warmup-time = 70.66015124320984
all-measurements = [ 56.442840814590454, 56.354018449783325, 55.779667139053345,]
