best-result = 1557.0098621845245
warmup-time = 2484.9684693813324
all-measurements = [ 1557.0098621845245, 1785.2484209537506, 1840.8331022262573,]
