best-result = 49.2754065990448
warmup-time = 71.27517461776733
all-measurements = [ 49.2754065990448, 49.771058320999146, 50.242573261260986,]
