best-result = 82.0712218284607
warmup-time = 101.55046892166138
all-measurements = [ 82.0712218284607, 82.33398509025574, 82.07426857948303,]
