best-result = 93.04504466056824
warmup-time = 116.17113518714905
all-measurements = [ 93.66064095497131, 93.81911301612854, 93.04504466056824,]
