best-result = 37.8718159198761
warmup-time = 46.98594784736633
all-measurements = [ 38.72820568084717, 37.8718159198761, 38.214699506759644,]
