best-result = 305.94053530693054
warmup-time = 452.73560523986816
all-measurements = [ 309.8455398082733, 313.096310377121, 305.94053530693054,]
