best-result = 60.393049240112305
warmup-time = 61.01222801208496
all-measurements = [ 60.393049240112305, 60.5688796043396, 60.89438080787659,]
