best-result = 25.239372730255127
warmup-time = 26.242852210998535
all-measurements = [ 25.597366333007812, 25.239372730255127, 25.527152061462402,]
