best-result = 37.024362564086914
warmup-time = 36.43342423439026
all-measurements = [ 38.32039499282837, 37.77215552330017, 37.024362564086914,]
