best-result = 31.119112968444824
warmup-time = 31.656038999557495
all-measurements = [ 31.119112968444824, 31.359759092330933, 31.50542688369751,]
