best-result = 263.0517489910126
warmup-time = 267.1617865562439
all-measurements = [ 263.6946861743927, 263.0517489910126, 263.6864535808563,]
