best-result = 35.34108853340149
warmup-time = 36.56991147994995
all-measurements = [ 37.12267327308655, 36.24028754234314, 35.34108853340149,]
