best-result = 40.39166522026062
warmup-time = 40.746896266937256
all-measurements = [ 40.39166522026062, 40.976505279541016, 41.035765647888184,]
