best-result = 49.03854537010193
warmup-time = 49.67420411109924
all-measurements = [ 49.03854537010193, 49.59979510307312, 49.37478566169739,]
