best-result = 33.94114589691162
warmup-time = 33.13945817947388
all-measurements = [ 33.94114589691162, 34.31070280075073, 34.295392990112305,]
