best-result = 35.736003160476685
warmup-time = 37.90229082107544
all-measurements = [ 37.15278220176697, 35.736003160476685, 36.484256744384766,]
