best-result = 60.753137826919556
warmup-time = 64.94779467582703
all-measurements = [ 62.32247304916382, 67.01616978645325, 60.753137826919556,]
