best-result = 223.28935480117798
warmup-time = 227.96841645240784
all-measurements = [ 223.28935480117798, 225.34907150268555, 223.49900484085083,]
