best-result = 518.6325123310089
warmup-time = 524.1939775943756
all-measurements = [ 518.841814994812, 522.8522851467133, 518.6325123310089,]
