best-result = 36.70161485671997
warmup-time = 37.537312746047974
all-measurements = [ 37.38860249519348, 36.70161485671997, 38.03464603424072,]
