best-result = 75.01647758483887
warmup-time = 81.34503769874573
all-measurements = [ 75.19474482536316, 78.72474884986877, 75.01647758483887,]
