best-result = 62.987223863601685
warmup-time = 62.5917432308197
all-measurements = [ 63.079071044921875, 62.987223863601685, 63.10343313217163,]
