best-result = 26.938474893569946
warmup-time = 28.115208387374878
all-measurements = [ 26.938474893569946, 27.06470012664795, 28.29545831680298,]
