best-result = 34.684216022491455
warmup-time = 36.054312229156494
all-measurements = [ 35.10946321487427, 35.42308974266052, 34.684216022491455,]
