best-result = 33.41297268867493
warmup-time = 34.11083173751831
all-measurements = [ 33.41297268867493, 34.041661977767944, 34.86953377723694,]
