best-result = 42.87486457824707
warmup-time = 43.5632119178772
all-measurements = [ 44.518354177474976, 42.91723585128784, 42.87486457824707,]
