best-result = 96.58974266052246
warmup-time = 98.60160255432129
all-measurements = [ 96.58974266052246, 98.43598461151123, 98.34755849838257,]
