best-result = 27.26908278465271
warmup-time = 29.66731905937195
all-measurements = [ 29.199437618255615, 27.26908278465271, 27.59449338912964,]
