best-result = 34.463091135025024
warmup-time = 35.30548167228699
all-measurements = [ 35.04957461357117, 34.463091135025024, 35.496432065963745,]
