best-result = 85.68289852142334
warmup-time = 88.75790858268738
all-measurements = [ 85.68289852142334, 87.74252104759216, 88.95730352401733,]
