best-result = 39.66334891319275
warmup-time = 40.50635075569153
all-measurements = [ 39.98872137069702, 39.90173697471619, 39.66334891319275,]
