best-result = 44.19147348403931
warmup-time = 45.7434618473053
all-measurements = [ 44.93395256996155, 44.19147348403931, 45.94972538948059,]
