best-result = 27.182667016983032
warmup-time = 28.75913143157959
all-measurements = [ 29.169480800628662, 29.06951880455017, 27.182667016983032,]
