best-result = 701.3571243286133
warmup-time = 729.1317512989044
all-measurements = [ 704.1778140068054, 701.3571243286133, 702.2835276126862,]
