best-result = 172.5124237537384
warmup-time = 176.8813967704773
all-measurements = [ 172.5124237537384, 173.0908238887787, 176.39592599868774,]
