best-result = 59.77597498893738
warmup-time = 58.553677797317505
all-measurements = [ 68.56283354759216, 59.77597498893738, 69.70172953605652,]
