best-result = 22.182897329330444
warmup-time = 22.54083490371704
all-measurements = [ 23.300198316574097, 22.525424480438232, 22.182897329330444,]
