best-result = 46.48584699630737
warmup-time = 64.42890858650208
all-measurements = [ 46.48584699630737, 46.769875049591064, 46.776190996170044,]
