best-result = 46.19551134109497
warmup-time = 58.19765853881836
all-measurements = [ 46.26540970802307, 46.4220986366272, 46.19551134109497,]
