best-result = 934.5555391311646
warmup-time = 1128.1987807750702
all-measurements = [ 934.5555391311646, 957.5420215129852, 958.2905552387238,]
