best-result = 84.90572094917297
warmup-time = 100.12179374694824
all-measurements = [ 85.21036982536316, 84.90572094917297, 84.95548129081726,]
