best-result = 81.29094791412354
warmup-time = 103.2446117401123
all-measurements = [ 81.29094791412354, 81.59613394737244, 81.70735430717468,]
