best-result = 70.2347764968872
warmup-time = 90.11398935317993
all-measurements = [ 70.2347764968872, 70.27832508087158, 71.52430009841919,]
