best-result = 90.92532968521118
warmup-time = 103.794264793396
all-measurements = [ 90.92532968521118, 91.1820592880249, 91.6961579322815,]
