best-result = 650.1728389263153
warmup-time = 678.4361937046051
all-measurements = [ 653.2151565551758, 650.1728389263153, 651.0339868068695,]
