best-result = 64.09737539291382
warmup-time = 77.94125485420227
all-measurements = [ 64.75758147239685, 64.09737539291382, 64.45613241195679,]
