best-result = 219.5266842842102
warmup-time = 369.6066610813141
all-measurements = [ 219.6781678199768, 219.5266842842102, 223.8274052143097,]
