best-result = 435.853396654129
warmup-time = 877.0286521911621
all-measurements = [ 438.3854339122772, 439.07926082611084, 435.853396654129,]
