best-result = 61.2650146484375
warmup-time = 77.8294677734375
all-measurements = [ 61.97665476799011, 62.47632884979248, 61.2650146484375,]
