best-result = 140.4165358543396
warmup-time = 172.94785332679749
all-measurements = [ 141.06271958351135, 140.51299357414246, 140.4165358543396,]
