best-result = 872.9839725494385
warmup-time = 907.8501009941101
all-measurements = [ 872.9901158809662, 875.9761772155762, 872.9839725494385,]
