best-result = 27.32106637954712
warmup-time = 35.038641691207886
all-measurements = [ 27.32106637954712, 27.461522102355957, 27.490437507629395,]
