best-result = 56.70732283592224
warmup-time = 69.81069493293762
all-measurements = [ 56.70732283592224, 56.79219079017639, 56.808051109313965,]
