best-result = 59.133145809173584
warmup-time = 73.23932409286499
all-measurements = [ 59.133145809173584, 59.16032409667969, 59.54918718338013,]
