best-result = 110.75924253463745
warmup-time = 136.34466004371643
all-measurements = [ 111.57573556900024, 110.75924253463745, 111.79812169075012,]
