best-result = 786.3427658081055
warmup-time = 852.492029428482
all-measurements = [ 786.3427658081055, 788.4269022941589, 788.0174372196198,]
