best-result = 33.821311712265015
warmup-time = 42.56453800201416
all-measurements = [ 34.072016954422, 33.97346043586731, 33.821311712265015,]
