best-result = 55.009230613708496
warmup-time = 71.22500014305115
all-measurements = [ 55.080302238464355, 55.009230613708496, 55.343666553497314,]
