best-result = 1864.6232552528381
warmup-time = 2246.714854478836
all-measurements = [ 1864.6232552528381, 2022.5839457511902, 1898.4509737491608,]
