best-result = 48.911160469055176
warmup-time = 70.4875156879425
all-measurements = [ 48.911160469055176, 49.36162567138672, 48.98665928840637,]
