best-result = 78.37996697425842
warmup-time = 94.06935262680054
all-measurements = [ 79.13535261154175, 78.37996697425842, 79.40525817871094,]
