best-result = 36.288076877593994
warmup-time = 45.534793853759766
all-measurements = [ 36.678486347198486, 36.39924907684326, 36.288076877593994,]
