best-result = 345.4916515350342
warmup-time = 474.75997257232666
all-measurements = [ 347.19434094429016, 347.38544821739197, 345.4916515350342,]
