best-result = 58.944329023361206
warmup-time = 59.911611795425415
all-measurements = [ 58.959094285964966, 59.229713916778564, 58.944329023361206,]
