best-result = 22.52308750152588
warmup-time = 22.602044343948364
all-measurements = [ 22.85023260116577, 22.57158923149109, 22.52308750152588,]
