best-result = 46.76856350898743
warmup-time = 65.06129932403564
all-measurements = [ 46.91291522979736, 46.94182634353638, 46.76856350898743,]
