best-result = 46.29457902908325
warmup-time = 57.192994594573975
all-measurements = [ 46.55165457725525, 46.29457902908325, 46.44587755203247,]
