best-result = 919.2857344150543
warmup-time = 1139.735957622528
all-measurements = [ 919.2857344150543, 922.3707706928253, 921.0988428592682,]
