best-result = 84.95418000221252
warmup-time = 98.48138952255249
all-measurements = [ 85.69451642036438, 85.52805018424988, 84.95418000221252,]
