best-result = 987.1261892318726
warmup-time = 1011.6477513313293
all-measurements = [ 988.1640565395355, 987.1261892318726, 989.2811686992645,]
