best-result = 82.38612627983093
warmup-time = 103.37095975875854
all-measurements = [ 82.76183676719666, 82.38612627983093, 84.81869626045227,]
