best-result = 68.49930334091187
warmup-time = 89.18528318405151
all-measurements = [ 69.05961847305298, 68.83133339881897, 68.49930334091187,]
