best-result = 90.90187478065491
warmup-time = 105.83152794837952
all-measurements = [ 92.60132265090942, 92.1053717136383, 90.90187478065491,]
