best-result = 647.6944804191589
warmup-time = 665.7689831256866
all-measurements = [ 653.8007678985596, 647.6944804191589, 651.1748642921448,]
