best-result = 62.89337706565857
warmup-time = 80.1305136680603
all-measurements = [ 62.89337706565857, 63.090636253356934, 63.849318504333496,]
