best-result = 210.00923490524292
warmup-time = 371.9259786605835
all-measurements = [ 212.143550157547, 210.40408658981323, 210.00923490524292,]
