best-result = 429.5928807258606
warmup-time = 882.7093949317932
all-measurements = [ 429.5928807258606, 430.7908298969269, 435.30712819099426,]
