best-result = 62.08208394050598
warmup-time = 79.42954778671265
all-measurements = [ 62.17336297035217, 62.35453462600708, 62.08208394050598,]
