best-result = 39.36698603630066
warmup-time = 48.439746141433716
all-measurements = [ 39.36698603630066, 39.67972254753113, 39.704586029052734,]
