best-result = 138.68159532546997
warmup-time = 168.3781795501709
all-measurements = [ 138.68159532546997, 138.6910171508789, 138.82080149650574,]
