best-result = 901.3973197937012
warmup-time = 959.8088836669922
all-measurements = [ 909.4575316905975, 901.3973197937012, 908.082551240921,]
