best-result = 27.456766605377197
warmup-time = 35.822200775146484
all-measurements = [ 27.456766605377197, 27.704367637634277, 27.69209575653076,]
