best-result = 57.4738609790802
warmup-time = 72.81651639938354
all-measurements = [ 58.07378625869751, 57.4738609790802, 58.60496711730957,]
