best-result = 58.88902258872986
warmup-time = 74.63816952705383
all-measurements = [ 59.96538805961609, 59.835200786590576, 58.88902258872986,]
