best-result = 110.9380567073822
warmup-time = 137.73013877868652
all-measurements = [ 111.40746450424194, 111.4641501903534, 110.9380567073822,]
