best-result = 785.5224323272705
warmup-time = 853.3131029605865
all-measurements = [ 787.3780901432037, 785.5224323272705, 786.4075028896332,]
