best-result = 33.92105197906494
warmup-time = 43.11963987350464
all-measurements = [ 33.92105197906494, 34.30231022834778, 34.34849262237549,]
