best-result = 55.096944093704224
warmup-time = 71.86602878570557
all-measurements = [ 55.614426136016846, 56.10855317115784, 55.096944093704224,]
