best-result = 1397.4589614868164
warmup-time = 2360.017726659775
all-measurements = [ 2691.2184734344482, 1397.4589614868164, 2284.5931012630463,]
