best-result = 48.34122967720032
warmup-time = 71.28207635879517
all-measurements = [ 48.427531719207764, 48.65352129936218, 48.34122967720032,]
