best-result = 78.32576608657837
warmup-time = 97.83534717559814
all-measurements = [ 79.23003196716309, 78.46276593208313, 78.32576608657837,]
