best-result = 36.42731046676636
warmup-time = 47.02995824813843
all-measurements = [ 36.818113565444946, 36.42731046676636, 37.03328084945679,]
