best-result = 348.0302143096924
warmup-time = 497.9354839324951
all-measurements = [ 349.4843192100525, 348.0302143096924, 350.7560963630676,]
