best-result = 59.44321036338806
warmup-time = 59.80978989601135
all-measurements = [ 59.645992279052734, 59.44321036338806, 59.65697360038757,]
