best-result = 25.92415690422058
warmup-time = 26.33013367652893
all-measurements = [ 25.92415690422058, 26.259297847747803, 26.074769735336304,]
