best-result = 36.66905951499939
warmup-time = 36.82321047782898
all-measurements = [ 36.66905951499939, 37.13731908798218, 37.17463421821594,]
