best-result = 31.49815273284912
warmup-time = 31.66528868675232
all-measurements = [ 31.50337505340576, 31.56565022468567, 31.49815273284912,]
