best-result = 254.56399273872375
warmup-time = 262.66507720947266
all-measurements = [ 256.26591062545776, 254.56399273872375, 257.0994710922241,]
