best-result = 36.7499566078186
warmup-time = 36.9408016204834
all-measurements = [ 36.7499566078186, 36.7525908946991, 36.75883102416992,]
