best-result = 112.7461621761322
warmup-time = 114.37826609611511
all-measurements = [ 112.91160011291504, 114.05131959915161, 112.7461621761322,]
