best-result = 40.08386564254761
warmup-time = 42.3066291809082
all-measurements = [ 40.911778688430786, 40.81416320800781, 40.08386564254761,]
