best-result = 47.48959994316101
warmup-time = 48.45823264122009
all-measurements = [ 47.48959994316101, 47.83543086051941, 47.62313985824585,]
