best-result = 31.673416137695312
warmup-time = 32.81723666191101
all-measurements = [ 31.673416137695312, 33.83212685585022, 33.87233877182007,]
