best-result = 35.878875494003296
warmup-time = 37.60038900375366
all-measurements = [ 36.75529170036316, 35.878875494003296, 37.333829164505005,]
