best-result = 60.01017475128174
warmup-time = 58.03524136543274
all-measurements = [ 62.73883318901062, 63.30267691612244, 60.01017475128174,]
