best-result = 222.1952838897705
warmup-time = 225.41035985946655
all-measurements = [ 222.1952838897705, 226.87380695343018, 227.7281289100647,]
