best-result = 513.7432103157043
warmup-time = 523.3752732276917
all-measurements = [ 514.8997263908386, 513.7432103157043, 517.7084910869598,]
