best-result = 35.788174629211426
warmup-time = 36.38689398765564
all-measurements = [ 37.03513741493225, 35.788174629211426, 35.97741389274597,]
