best-result = 28.810101985931396
warmup-time = 28.871079206466675
all-measurements = [ 28.810101985931396, 29.33884358406067, 29.25893998146057,]
