best-result = 74.18831825256348
warmup-time = 79.76873016357422
all-measurements = [ 78.03272891044617, 74.18831825256348, 78.17954611778259,]
