best-result = 61.704121351242065
warmup-time = 61.77946662902832
all-measurements = [ 62.92050528526306, 64.94034814834595, 61.704121351242065,]
