best-result = 27.632807731628418
warmup-time = 29.01512384414673
all-measurements = [ 29.3088538646698, 27.632807731628418, 28.2862446308136,]
