best-result = 31.846447467803955
warmup-time = 35.285205125808716
all-measurements = [ 35.43013644218445, 35.596378326416016, 31.846447467803955,]
