best-result = 33.37228465080261
warmup-time = 32.970948934555054
all-measurements = [ 34.510613679885864, 33.37228465080261, 34.07536029815674,]
