best-result = 41.7681667804718
warmup-time = 44.15023422241211
all-measurements = [ 43.209070920944214, 43.84355974197388, 41.7681667804718,]
