best-result = 96.82557153701782
warmup-time = 95.85194134712219
all-measurements = [ 97.19015645980835, 98.26118326187134, 96.82557153701782,]
