best-result = 29.160709142684937
warmup-time = 29.3917555809021
all-measurements = [ 29.336525201797485, 29.160709142684937, 29.33302116394043,]
