best-result = 32.93560242652893
warmup-time = 35.28478956222534
all-measurements = [ 32.93560242652893, 34.627166748046875, 35.50299835205078,]
