best-result = 89.2074682712555
warmup-time = 92.96479201316833
all-measurements = [ 89.2074682712555, 91.5059597492218, 96.87421011924744,]
