best-result = 38.334460496902466
warmup-time = 40.29206871986389
all-measurements = [ 38.9178307056427, 38.334460496902466, 39.68575930595398,]
