best-result = 42.967533826828
warmup-time = 44.3261616230011
all-measurements = [ 45.776320695877075, 45.38454341888428, 42.967533826828,]
