best-result = 27.778660774230957
warmup-time = 29.067289113998413
all-measurements = [ 28.37698984146118, 27.778660774230957, 28.463446617126465,]
