best-result = 634.6893351078033
warmup-time = 673.6080901622772
all-measurements = [ 636.4229261875153, 634.6893351078033, 640.6076157093048,]
