best-result = 170.2507083415985
warmup-time = 173.44340825080872
all-measurements = [ 174.32451605796814, 170.2507083415985, 174.19638514518738,]
