best-result = 55.1499183177948
warmup-time = 69.60541677474976
all-measurements = [ 55.1499183177948, 66.29406309127808, 65.52433395385742,]
