best-result = 22.31540012359619
warmup-time = 22.687505960464478
all-measurements = [ 22.588455200195312, 23.12779211997986, 22.31540012359619,]
