best-result = 46.33670616149902
warmup-time = 64.563640832901
all-measurements = [ 46.69882321357727, 46.33670616149902, 46.38560509681702,]
