best-result = 46.31942081451416
warmup-time = 58.503504514694214
all-measurements = [ 46.92457365989685, 46.31942081451416, 46.57851195335388,]
