best-result = 950.9319987297058
warmup-time = 1137.6180238723755
all-measurements = [ 950.9319987297058, 961.8795208930969, 954.3114280700684,]
