best-result = 84.8663740158081
warmup-time = 99.63006258010864
all-measurements = [ 84.8663740158081, 84.98613667488098, 85.24249219894409,]
