best-result = 81.77632141113281
warmup-time = 102.50049638748169
all-measurements = [ 82.76161098480225, 81.88431191444397, 81.77632141113281,]
