best-result = 69.80535435676575
warmup-time = 91.50346088409424
all-measurements = [ 69.80535435676575, 69.85703253746033, 70.14148116111755,]
