best-result = 91.16341018676758
warmup-time = 104.58149862289429
all-measurements = [ 91.16341018676758, 92.10089755058289, 91.69560432434082,]
