best-result = 633.3564014434814
warmup-time = 649.155567407608
all-measurements = [ 639.5138213634491, 633.3564014434814, 638.3082482814789,]
