best-result = 64.39665174484253
warmup-time = 83.68726301193237
all-measurements = [ 65.29076313972473, 64.9092435836792, 64.39665174484253,]
