best-result = 220.8163664340973
warmup-time = 374.72457671165466
all-measurements = [ 223.0816843509674, 223.59638476371765, 220.8163664340973,]
