best-result = 442.3341221809387
warmup-time = 884.2841019630432
all-measurements = [ 442.3341221809387, 445.26861333847046, 445.00233268737793,]
