best-result = 61.66481828689575
warmup-time = 79.49208450317383
all-measurements = [ 62.865681171417236, 61.91646647453308, 61.66481828689575,]
