best-result = 142.57255220413208
warmup-time = 168.9867091178894
all-measurements = [ 143.06524920463562, 142.57255220413208, 144.66145014762878,]
