best-result = 887.1417663097382
warmup-time = 914.2403585910797
all-measurements = [ 892.8786079883575, 894.8110406398773, 887.1417663097382,]
