best-result = 27.126211643218994
warmup-time = 36.4705855846405
all-measurements = [ 27.126211643218994, 27.464782238006592, 27.677931547164917,]
