best-result = 58.77506375312805
warmup-time = 72.21168684959412
all-measurements = [ 58.77506375312805, 58.87068200111389, 58.9516875743866,]
