best-result = 58.745267391204834
warmup-time = 73.79571104049683
all-measurements = [ 58.985931158065796, 59.040618658065796, 58.745267391204834,]
