best-result = 110.85702705383301
warmup-time = 139.44603943824768
all-measurements = [ 111.68727922439575, 111.51478576660156, 110.85702705383301,]
