best-result = 789.9405694007874
warmup-time = 862.19043135643
all-measurements = [ 817.8643107414246, 789.9405694007874, 790.8663098812103,]
