best-result = 33.48347234725952
warmup-time = 42.371275424957275
all-measurements = [ 33.48347234725952, 33.695366859436035, 33.719395875930786,]
