best-result = 55.06048941612244
warmup-time = 71.60779476165771
all-measurements = [ 55.2294499874115, 55.192702293395996, 55.06048941612244,]
