best-result = 2179.1258549690247
warmup-time = 4192.968523979187
all-measurements = [ 2619.237006664276, 2179.1258549690247, 2219.4656252861023,]
