best-result = 49.0655300617218
warmup-time = 69.94771456718445
all-measurements = [ 49.0655300617218, 49.362452268600464, 49.92839741706848,]
