best-result = 78.46257829666138
warmup-time = 98.05532693862915
all-measurements = [ 78.46257829666138, 78.87282228469849, 78.94533181190491,]
