best-result = 36.55878162384033
warmup-time = 46.084909200668335
all-measurements = [ 36.55878162384033, 37.395808935165405, 37.1282434463501,]
