best-result = 354.81515884399414
warmup-time = 497.3155515193939
all-measurements = [ 356.06217908859253, 354.81515884399414, 367.4177839756012,]
