best-result = 59.51670575141907
warmup-time = 60.28670954704285
all-measurements = [ 59.67561221122742, 59.96117329597473, 59.51670575141907,]
