best-result = 23.619394540786743
warmup-time = 23.854016065597534
all-measurements = [ 23.619394540786743, 23.664052724838257, 23.763868808746338,]
