best-result = 47.193156480789185
warmup-time = 64.30216908454895
all-measurements = [ 47.290889739990234, 47.38042449951172, 47.193156480789185,]
