best-result = 46.779937505722046
warmup-time = 58.57118844985962
all-measurements = [ 47.36673378944397, 47.27269411087036, 46.779937505722046,]
