best-result = 905.6059556007385
warmup-time = 1065.1459698677063
all-measurements = [ 909.5501205921173, 909.6267216205597, 905.6059556007385,]
