best-result = 85.18459558486938
warmup-time = 98.54454946517944
all-measurements = [ 85.99722385406494, 85.18459558486938, 85.86312580108643,]
