best-result = 874.0923254489899
warmup-time = 907.8643753528595
all-measurements = [ 885.7603280544281, 874.0923254489899, 889.3521575927734,]
