best-result = 66.61859345436096
warmup-time = 82.05914306640625
all-measurements = [ 66.61859345436096, 67.89807987213135, 67.90855050086975,]
