best-result = 84.57910680770874
warmup-time = 106.66913056373596
all-measurements = [ 84.57910680770874, 86.29576325416565, 84.77623629570007,]
