best-result = 69.37059116363525
warmup-time = 88.24885702133179
all-measurements = [ 69.55167031288147, 69.37059116363525, 69.60044264793396,]
