best-result = 88.2312867641449
warmup-time = 101.75354814529419
all-measurements = [ 89.45231103897095, 88.2312867641449, 88.76343536376953,]
