best-result = 655.2429032325745
warmup-time = 687.3506269454956
all-measurements = [ 658.6720833778381, 655.2429032325745, 657.5096826553345,]
