best-result = 63.87979531288147
warmup-time = 80.02668261528015
all-measurements = [ 64.28913187980652, 64.21197700500488, 63.87979531288147,]
