best-result = 193.34700965881348
warmup-time = 343.20544958114624
all-measurements = [ 196.10435438156128, 193.34700965881348, 194.06336975097656,]
