best-result = 393.35449719429016
warmup-time = 823.1653790473938
all-measurements = [ 393.35449719429016, 397.23914527893066, 396.52092814445496,]
