best-result = 63.692965269088745
warmup-time = 79.89024591445923
all-measurements = [ 64.64969778060913, 63.75991868972778, 63.692965269088745,]
