best-result = 41.10222911834717
warmup-time = 48.866132974624634
all-measurements = [ 41.10222911834717, 41.37862491607666, 41.5220205783844,]
