best-result = 134.72282004356384
warmup-time = 169.09179878234863
all-measurements = [ 137.66932201385498, 134.72282004356384, 136.76268339157104,]
