best-result = 938.2676532268524
warmup-time = 967.6356196403503
all-measurements = [ 941.5685892105103, 938.2676532268524, 940.0992958545685,]
