best-result = 28.282711505889893
warmup-time = 36.83062291145325
all-measurements = [ 28.7525532245636, 28.717650175094604, 28.282711505889893,]
