best-result = 60.475260734558105
warmup-time = 69.23294472694397
all-measurements = [ 60.640307903289795, 60.475260734558105, 60.532268047332764,]
