best-result = 60.172574281692505
warmup-time = 73.5850260257721
all-measurements = [ 61.07913374900818, 60.9376699924469, 60.172574281692505,]
