best-result = 109.52023339271545
warmup-time = 137.47450375556946
all-measurements = [ 110.5752158164978, 110.38609671592712, 109.52023339271545,]
