best-result = 779.2471690177917
warmup-time = 845.0080559253693
all-measurements = [ 779.6898875236511, 779.2471690177917, 781.6766545772552,]
