best-result = 34.6122465133667
warmup-time = 41.82751274108887
all-measurements = [ 35.071547508239746, 34.767624616622925, 34.6122465133667,]
