best-result = 56.81240653991699
warmup-time = 72.90670490264893
all-measurements = [ 56.81240653991699, 56.94667601585388, 56.89102101325989,]
