best-result = 2192.310840368271
warmup-time = 2645.1346786022186
all-measurements = [ 2192.310840368271, 2528.9272589683533, 2366.190679550171,]
