best-result = 50.0407874584198
warmup-time = 70.33725833892822
all-measurements = [ 50.06116557121277, 50.0407874584198, 50.37709617614746,]
