best-result = 83.19926810264587
warmup-time = 99.73187732696533
all-measurements = [ 83.51477766036987, 83.19926810264587, 83.42928194999695,]
