best-result = 93.5834436416626
warmup-time = 116.27959299087524
all-measurements = [ 94.22002482414246, 93.5834436416626, 94.17303586006165,]
