best-result = 39.07255578041077
warmup-time = 46.65500473976135
all-measurements = [ 39.07255578041077, 39.18033719062805, 39.33537435531616,]
