best-result = 313.95672369003296
warmup-time = 462.45834732055664
all-measurements = [ 316.49257040023804, 315.9058940410614, 313.95672369003296,]
