best-result = 61.67259359359741
warmup-time = 61.89344358444214
all-measurements = [ 61.90592336654663, 61.67259359359741, 61.695305824279785,]
