best-result = 22.547578811645508
warmup-time = 22.638640880584717
all-measurements = [ 23.156970977783203, 23.143484115600586, 22.547578811645508,]
