best-result = 46.375065326690674
warmup-time = 64.67374324798584
all-measurements = [ 46.375065326690674, 46.85222911834717, 46.686301708221436,]
