best-result = 46.432297468185425
warmup-time = 59.50417995452881
all-measurements = [ 46.432297468185425, 46.48880743980408, 46.677525997161865,]
