best-result = 932.7289295196533
warmup-time = 1126.757544517517
all-measurements = [ 947.1083452701569, 937.4607701301575, 932.7289295196533,]
