best-result = 85.06804585456848
warmup-time = 100.51474118232727
all-measurements = [ 85.30633568763733, 85.61838221549988, 85.06804585456848,]
