best-result = 81.79123735427856
warmup-time = 104.73106074333191
all-measurements = [ 81.79123735427856, 83.20454263687134, 82.45803880691528,]
