best-result = 69.77435278892517
warmup-time = 92.02640867233276
all-measurements = [ 69.77435278892517, 70.03046226501465, 69.9599232673645,]
