best-result = 90.96163988113403
warmup-time = 106.80388641357422
all-measurements = [ 90.96163988113403, 91.42944359779358, 91.28081703186035,]
