best-result = 642.8889901638031
warmup-time = 658.2274880409241
all-measurements = [ 649.7764880657196, 646.1745090484619, 642.8889901638031,]
