best-result = 63.97633361816406
warmup-time = 78.08396744728088
all-measurements = [ 64.4923210144043, 63.97633361816406, 63.98871302604675,]
