best-result = 210.42778134346008
warmup-time = 361.1917712688446
all-measurements = [ 212.72098112106323, 210.42778134346008, 211.31978464126587,]
