best-result = 431.17151379585266
warmup-time = 881.670788526535
all-measurements = [ 439.932945728302, 441.2754690647125, 431.17151379585266,]
