best-result = 62.045326471328735
warmup-time = 80.82759761810303
all-measurements = [ 62.85660147666931, 62.812659740448, 62.045326471328735,]
