best-result = 140.892813205719
warmup-time = 176.87208700180054
all-measurements = [ 141.29062795639038, 140.892813205719, 141.02419137954712,]
