best-result = 886.3530178070068
warmup-time = 913.5750753879547
all-measurements = [ 886.3530178070068, 886.8788363933563, 889.2065041065216,]
