best-result = 27.33931064605713
warmup-time = 36.07061266899109
all-measurements = [ 27.33931064605713, 27.942776203155518, 27.426166772842407,]
