best-result = 58.54732918739319
warmup-time = 72.03804302215576
all-measurements = [ 58.54732918739319, 58.85394525527954, 58.84441828727722,]
