best-result = 59.739914417266846
warmup-time = 72.61972427368164
all-measurements = [ 59.79445695877075, 59.739914417266846, 60.81834077835083,]
