best-result = 110.6874041557312
warmup-time = 138.67125272750854
all-measurements = [ 111.46866536140442, 111.8033881187439, 110.6874041557312,]
