best-result = 789.0337028503418
warmup-time = 878.8754332065582
all-measurements = [ 790.8778417110443, 793.0222437381744, 789.0337028503418,]
