best-result = 33.12878727912903
warmup-time = 42.96558666229248
all-measurements = [ 33.60445761680603, 34.20777940750122, 33.12878727912903,]
