best-result = 54.89278793334961
warmup-time = 70.78486514091492
all-measurements = [ 55.16085648536682, 54.992995738983154, 54.89278793334961,]
