best-result = 3091.9055213928223
warmup-time = 2864.295167207718
all-measurements = [ 3974.314473390579, 3091.9055213928223, 3371.0746483802795,]
