best-result = 49.38975214958191
warmup-time = 72.08551526069641
all-measurements = [ 49.38975214958191, 49.555097341537476, 49.55213236808777,]
