best-result = 78.20933890342712
warmup-time = 99.2329511642456
all-measurements = [ 78.67253851890564, 78.20933890342712, 78.51255416870117,]
