best-result = 36.611804723739624
warmup-time = 47.178022384643555
all-measurements = [ 36.90516543388367, 36.611804723739624, 36.733920097351074,]
