best-result = 352.2649550437927
warmup-time = 494.70106410980225
all-measurements = [ 352.2649550437927, 356.7007215023041, 359.0938262939453,]
