best-result = 58.71729755401611
warmup-time = 60.19503951072693
all-measurements = [ 58.71729755401611, 60.22272849082947, 60.64770531654358,]
