best-result = 23.30604577064514
warmup-time = 23.625746965408325
all-measurements = [ 23.909992218017578, 23.720389127731323, 23.30604577064514,]
