best-result = 46.80394768714905
warmup-time = 62.98638606071472
all-measurements = [ 47.257460832595825, 47.1032555103302, 46.80394768714905,]
