best-result = 47.29793691635132
warmup-time = 58.421852827072144
all-measurements = [ 47.55398774147034, 47.63790535926819, 47.29793691635132,]
