best-result = 875.7164714336395
warmup-time = 1060.4385719299316
all-measurements = [ 875.7164714336395, 880.0288896560669, 879.0715825557709,]
