best-result = 85.77617883682251
warmup-time = 98.63781523704529
all-measurements = [ 85.77617883682251, 86.96211457252502, 85.86506223678589,]
