best-result = 975.6582369804382
warmup-time = 990.0508115291595
all-measurements = [ 986.6675572395325, 975.6582369804382, 988.223610162735,]
