best-result = 65.58035111427307
warmup-time = 79.5159010887146
all-measurements = [ 65.58035111427307, 67.14019441604614, 67.6311583518982,]
