best-result = 83.14528393745422
warmup-time = 104.29085183143616
all-measurements = [ 83.14528393745422, 84.51967668533325, 84.53725361824036,]
