best-result = 68.40467548370361
warmup-time = 87.9657826423645
all-measurements = [ 69.22764658927917, 68.98332262039185, 68.40467548370361,]
