best-result = 90.08557319641113
warmup-time = 105.14229202270508
all-measurements = [ 91.32124376296997, 90.08557319641113, 91.28818130493164,]
