best-result = 638.805722951889
warmup-time = 651.5013294219971
all-measurements = [ 638.805722951889, 640.8184278011322, 642.7696158885956,]
