best-result = 62.25980091094971
warmup-time = 77.80127096176147
all-measurements = [ 62.67109251022339, 63.03717541694641, 62.25980091094971,]
