best-result = 191.7366394996643
warmup-time = 346.3155851364136
all-measurements = [ 191.7366394996643, 193.65447330474854, 194.68188190460205,]
