best-result = 385.9731583595276
warmup-time = 826.3510167598724
all-measurements = [ 385.9731583595276, 395.7812674045563, 389.5761294364929,]
