best-result = 62.69737267494202
warmup-time = 77.29238033294678
all-measurements = [ 63.09576058387756, 62.69737267494202, 63.71278977394104,]
