best-result = 40.544254779815674
warmup-time = 48.27738881111145
all-measurements = [ 41.336740255355835, 41.4257709980011, 40.544254779815674,]
