best-result = 134.35894441604614
warmup-time = 167.69668793678284
all-measurements = [ 135.19280433654785, 134.96815609931946, 134.35894441604614,]
