best-result = 910.9093809127808
warmup-time = 945.3152849674225
all-measurements = [ 911.5245339870453, 910.9093809127808, 917.4973721504211,]
