best-result = 28.36623978614807
warmup-time = 36.84640979766846
all-measurements = [ 28.36623978614807, 28.61020040512085, 28.629464387893677,]
