best-result = 59.755131483078
warmup-time = 68.75458121299744
all-measurements = [ 60.271621227264404, 59.755131483078, 60.00829219818115,]
