best-result = 59.98259353637695
warmup-time = 74.65487599372864
all-measurements = [ 59.98259353637695, 60.23073744773865, 60.79769158363342,]
