best-result = 110.0136947631836
warmup-time = 136.83807396888733
all-measurements = [ 110.16863632202148, 110.0136947631836, 110.72029995918274,]
