best-result = 764.8048593997955
warmup-time = 831.6500554084778
all-measurements = [ 766.4329431056976, 764.8048593997955, 771.115562915802,]
