best-result = 34.47978138923645
warmup-time = 42.15633511543274
all-measurements = [ 34.47978138923645, 35.14067482948303, 34.6422221660614,]
