best-result = 55.67115139961243
warmup-time = 70.1458671092987
all-measurements = [ 56.3892924785614, 55.67115139961243, 56.23538517951965,]
