best-result = 1458.8017082214355
warmup-time = 1908.8641757965088
all-measurements = [ 1736.8503148555756, 1867.4716114997864, 1458.8017082214355,]
