best-result = 49.61706471443176
warmup-time = 69.64301300048828
all-measurements = [ 49.802735805511475, 49.74367880821228, 49.61706471443176,]
