best-result = 82.25676655769348
warmup-time = 99.90443348884583
all-measurements = [ 82.65006494522095, 82.25676655769348, 83.22048735618591,]
