best-result = 93.06964254379272
warmup-time = 116.1954619884491
all-measurements = [ 93.61324048042297, 93.06964254379272, 93.51343584060669,]
