best-result = 38.00887584686279
warmup-time = 47.23363924026489
all-measurements = [ 38.00887584686279, 38.93077349662781, 38.22470664978027,]
