best-result = 312.55276679992676
warmup-time = 440.7899525165558
all-measurements = [ 317.491003036499, 323.57554268836975, 312.55276679992676,]
