best-result = 60.555826902389526
warmup-time = 60.54176640510559
all-measurements = [ 61.302478075027466, 61.56464743614197, 60.555826902389526,]
