best-result = 25.564629554748535
warmup-time = 26.542097806930542
all-measurements = [ 25.564629554748535, 25.81996989250183, 25.970396041870117,]
