best-result = 36.37595200538635
warmup-time = 37.48970866203308
all-measurements = [ 38.28617715835571, 36.37595200538635, 36.966805934906006,]
