best-result = 30.065218210220337
warmup-time = 32.89738917350769
all-measurements = [ 31.64199924468994, 30.065218210220337, 31.963831663131714,]
