best-result = 277.38560461997986
warmup-time = 280.7513086795807
all-measurements = [ 279.0856955051422, 277.38560461997986, 281.90380811691284,]
