best-result = 36.44974875450134
warmup-time = 37.593639612197876
all-measurements = [ 36.49956297874451, 36.44974875450134, 38.04461073875427,]
