best-result = 113.74710059165955
warmup-time = 117.28224873542786
all-measurements = [ 113.97480988502502, 114.98683261871338, 113.74710059165955,]
