best-result = 40.48343205451965
warmup-time = 42.10357451438904
all-measurements = [ 40.48343205451965, 41.65454363822937, 41.64652681350708,]
