best-result = 48.94361662864685
warmup-time = 50.91324853897095
all-measurements = [ 50.061307191848755, 48.94361662864685, 50.007187604904175,]
