best-result = 33.6923291683197
warmup-time = 33.25181698799133
all-measurements = [ 34.183481216430664, 34.1002140045166, 33.6923291683197,]
