best-result = 61.50313949584961
warmup-time = 64.55283308029175
all-measurements = [ 61.50313949584961, 61.88571262359619, 65.8172492980957,]
