best-result = 239.68369245529175
warmup-time = 243.40626740455627
all-measurements = [ 242.70663619041443, 242.36947393417358, 239.68369245529175,]
