best-result = 543.0859501361847
warmup-time = 548.8347616195679
all-measurements = [ 545.7700915336609, 543.3236565589905, 543.0859501361847,]
