best-result = 34.6610324382782
warmup-time = 36.47568464279175
all-measurements = [ 34.6610324382782, 38.902911901474, 36.591084003448486,]
