best-result = 28.33834934234619
warmup-time = 29.183764457702637
all-measurements = [ 28.888880252838135, 28.847046375274658, 28.33834934234619,]
