best-result = 73.41919708251953
warmup-time = 72.88210320472717
all-measurements = [ 76.69973492622375, 79.54797005653381, 73.41919708251953,]
