best-result = 61.88464403152466
warmup-time = 63.43495583534241
all-measurements = [ 61.88464403152466, 64.97005605697632, 63.94693851470947,]
