best-result = 27.881031274795532
warmup-time = 27.247589111328125
all-measurements = [ 27.881031274795532, 28.85194182395935, 28.26765751838684,]
