best-result = 35.648679971694946
warmup-time = 35.73276472091675
all-measurements = [ 35.65945315361023, 35.715811014175415, 35.648679971694946,]
