best-result = 33.07411980628967
warmup-time = 33.860334634780884
all-measurements = [ 35.18445682525635, 33.07411980628967, 33.68221688270569,]
