best-result = 41.78185248374939
warmup-time = 42.56200671195984
all-measurements = [ 43.583362340927124, 42.41016483306885, 41.78185248374939,]
