best-result = 98.90260124206543
warmup-time = 100.84566497802734
all-measurements = [ 98.90260124206543, 99.73791718482971, 99.50948929786682,]
