best-result = 28.054262399673462
warmup-time = 29.662587881088257
all-measurements = [ 30.27582573890686, 28.054262399673462, 28.256807804107666,]
