best-result = 34.51195526123047
warmup-time = 36.475791931152344
all-measurements = [ 35.34767532348633, 34.51195526123047, 36.27221322059631,]
