best-result = 89.2484679222107
warmup-time = 89.89379286766052
all-measurements = [ 89.2484679222107, 99.51166939735413, 91.37687849998474,]
