best-result = 39.403603076934814
warmup-time = 39.14307403564453
all-measurements = [ 39.707380533218384, 40.13774394989014, 39.403603076934814,]
