best-result = 43.543482542037964
warmup-time = 45.68714475631714
all-measurements = [ 43.543482542037964, 45.178335428237915, 45.87319231033325,]
