best-result = 28.275146961212158
warmup-time = 28.580415964126587
all-measurements = [ 28.275146961212158, 28.986974477767944, 28.815650701522827,]
