best-result = 715.1848349571228
warmup-time = 758.3714354038239
all-measurements = [ 724.191422700882, 719.3982620239258, 715.1848349571228,]
