best-result = 182.06254982948303
warmup-time = 186.0379593372345
all-measurements = [ 183.3222999572754, 182.06254982948303, 184.67429637908936,]
