best-result = 66.60021328926086
warmup-time = 52.492114543914795
all-measurements = [ 70.00662469863892, 66.81749320030212, 66.60021328926086,]
