best-result = 22.235469341278076
warmup-time = 22.25047254562378
all-measurements = [ 22.867605686187744, 22.447599411010742, 22.235469341278076,]
