best-result = 47.5657172203064
warmup-time = 65.94573879241943
all-measurements = [ 47.5657172203064, 47.905516386032104, 48.411566734313965,]
