best-result = 47.37744140625
warmup-time = 60.57514500617981
all-measurements = [ 47.70574116706848, 47.37744140625, 47.390199184417725,]
