best-result = 1002.5912084579468
warmup-time = 1221.3362154960632
all-measurements = [ 1002.5912084579468, 1005.5707309246063, 1002.8711950778961,]
