best-result = 82.97092652320862
warmup-time = 100.41900110244751
all-measurements = [ 83.18019533157349, 83.17607402801514, 82.97092652320862,]
