best-result = 80.78291296958923
warmup-time = 103.7503182888031
all-measurements = [ 80.78291296958923, 81.14572143554688, 80.79874920845032,]
