best-result = 68.9642436504364
warmup-time = 94.9043800830841
all-measurements = [ 70.00566053390503, 70.5054841041565, 68.9642436504364,]
