best-result = 85.85094833374023
warmup-time = 101.32387852668762
all-measurements = [ 86.63524317741394, 86.07332301139832, 85.85094833374023,]
