best-result = 599.3811728954315
warmup-time = 615.7544515132904
all-measurements = [ 600.140025138855, 599.3811728954315, 600.3766732215881,]
