best-result = 63.60749316215515
warmup-time = 79.51494526863098
all-measurements = [ 65.5507185459137, 64.40061593055725, 63.60749316215515,]
