best-result = 236.28260159492493
warmup-time = 414.26259875297546
all-measurements = [ 236.28260159492493, 236.8006443977356, 237.27438306808472,]
