best-result = 441.96561884880066
warmup-time = 964.8092603683472
all-measurements = [ 444.28710293769836, 441.96561884880066, 444.64005851745605,]
