best-result = 61.3199405670166
warmup-time = 80.85219430923462
all-measurements = [ 62.00196886062622, 61.95744276046753, 61.3199405670166,]
