best-result = 885.6210188865662
warmup-time = 919.0796811580658
all-measurements = [ 885.6210188865662, 888.4233610630035, 891.7118527889252,]
