best-result = 27.850167989730835
warmup-time = 35.788973808288574
all-measurements = [ 28.170382261276245, 27.926928997039795, 27.850167989730835,]
