best-result = 56.548245668411255
warmup-time = 69.72866129875183
all-measurements = [ 57.13143539428711, 56.548245668411255, 56.99653911590576,]
