best-result = 110.68084073066711
warmup-time = 142.2305235862732
all-measurements = [ 111.30725646018982, 110.68084073066711, 112.60291171073914,]
