best-result = 776.9127740859985
warmup-time = 859.8174695968628
all-measurements = [ 789.1856527328491, 781.391598701477, 776.9127740859985,]
