best-result = 53.847044944763184
warmup-time = 71.54411721229553
all-measurements = [ 53.847044944763184, 54.24351406097412, 55.15385031700134,]
