best-result = 50.3026864528656
warmup-time = 70.34928321838379
all-measurements = [ 50.666534423828125, 50.3026864528656, 50.84486937522888,]
