best-result = 80.66153764724731
warmup-time = 101.05613708496094
all-measurements = [ 81.78213548660278, 80.66153764724731, 81.96081852912903,]
