best-result = 35.57383728027344
warmup-time = 45.245909214019775
all-measurements = [ 36.79184675216675, 36.1330406665802, 35.57383728027344,]
