best-result = 356.75241899490356
warmup-time = 510.3637492656708
all-measurements = [ 364.9010844230652, 358.1057925224304, 356.75241899490356,]
