best-result = 104.27349305152893
warmup-time = 104.1163318157196
all-measurements = [ 105.0578715801239, 105.56718945503235, 104.27349305152893,]
