best-result = 21.32071042060852
warmup-time = 21.48355793952942
all-measurements = [ 21.733137607574463, 21.32071042060852, 21.67120885848999,]
