best-result = 47.18852424621582
warmup-time = 64.22435283660889
all-measurements = [ 47.18852424621582, 47.761372327804565, 47.52167010307312,]
