best-result = 46.62587761878967
warmup-time = 59.273661851882935
all-measurements = [ 47.080211877822876, 47.163110971450806, 46.62587761878967,]
