best-result = 983.5253148078918
warmup-time = 1187.0239841938019
all-measurements = [ 994.5090291500092, 998.0875895023346, 983.5253148078918,]
