best-result = 81.46796774864197
warmup-time = 95.37248063087463
all-measurements = [ 82.10634183883667, 81.86531519889832, 81.46796774864197,]
