best-result = 78.38159465789795
warmup-time = 98.91888928413391
all-measurements = [ 78.6554012298584, 79.06999349594116, 78.38159465789795,]
