best-result = 68.19318962097168
warmup-time = 91.21479964256287
all-measurements = [ 68.19318962097168, 70.12270474433899, 69.42298460006714,]
