best-result = 83.74811959266663
warmup-time = 99.18962264060974
all-measurements = [ 83.94795989990234, 84.20434212684631, 83.74811959266663,]
