best-result = 593.2784390449524
warmup-time = 631.7461562156677
all-measurements = [ 593.2798502445221, 595.2561383247375, 593.2784390449524,]
