best-result = 61.585608959198
warmup-time = 76.06175827980042
all-measurements = [ 62.76656985282898, 62.622722148895264, 61.585608959198,]
