best-result = 229.411465883255
warmup-time = 393.05316162109375
all-measurements = [ 229.411465883255, 229.87974905967712, 230.2492642402649,]
