best-result = 439.10549569129944
warmup-time = 907.1156659126282
all-measurements = [ 449.54587483406067, 439.25550293922424, 439.10549569129944,]
