best-result = 59.91307997703552
warmup-time = 75.86379766464233
all-measurements = [ 59.91307997703552, 60.34623718261719, 59.93982791900635,]
