best-result = 853.216677904129
warmup-time = 892.7242367267609
all-measurements = [ 862.9981913566589, 853.216677904129, 856.2176218032837,]
