best-result = 27.23315691947937
warmup-time = 36.330244064331055
all-measurements = [ 27.252788066864014, 27.788291692733765, 27.23315691947937,]
