best-result = 58.0937180519104
warmup-time = 72.22607922554016
all-measurements = [ 58.604435443878174, 58.0937180519104, 59.85978126525879,]
