best-result = 55.09533715248108
warmup-time = 69.11188435554504
all-measurements = [ 55.09533715248108, 55.85693907737732, 55.89981532096863,]
