best-result = 108.94009780883789
warmup-time = 139.02666854858398
all-measurements = [ 110.71606588363647, 108.94009780883789, 109.41355490684509,]
