best-result = 770.5831744670868
warmup-time = 839.1474997997284
all-measurements = [ 776.5569365024567, 770.5831744670868, 773.5885286331177,]
