best-result = 33.70056653022766
warmup-time = 41.90404558181763
all-measurements = [ 33.77135419845581, 34.00046706199646, 33.70056653022766,]
