best-result = 53.51018238067627
warmup-time = 67.78204369544983
all-measurements = [ 53.78619432449341, 53.51018238067627, 53.683045387268066,]
