best-result = 49.88089919090271
warmup-time = 69.9828929901123
all-measurements = [ 49.88089919090271, 50.04797554016113, 49.93354511260986,]
