best-result = 78.65254855155945
warmup-time = 98.16537570953369
all-measurements = [ 78.65254855155945, 78.80327820777893, 78.76663756370544,]
