best-result = 36.009543895721436
warmup-time = 43.808284759521484
all-measurements = [ 36.08414554595947, 36.292560338974, 36.009543895721436,]
