best-result = 346.73376297950745
warmup-time = 498.8478493690491
all-measurements = [ 349.5791072845459, 347.51320910453796, 346.73376297950745,]
