best-result = 102.55422043800354
warmup-time = 102.98117065429688
all-measurements = [ 103.80578207969666, 102.55422043800354, 103.74374461174011,]
