best-result = 23.59945297241211
warmup-time = 23.476154565811157
all-measurements = [ 23.64740753173828, 24.142266273498535, 23.59945297241211,]
