best-result = 46.951765298843384
warmup-time = 63.07633590698242
all-measurements = [ 47.3848979473114, 48.0191113948822, 46.951765298843384,]
