best-result = 47.71388530731201
warmup-time = 59.53489279747009
all-measurements = [ 47.8849515914917, 48.03680467605591, 47.71388530731201,]
