best-result = 903.545051574707
warmup-time = 1059.2831237316132
all-measurements = [ 908.3398132324219, 908.1155815124512, 903.545051574707,]
