best-result = 84.85874962806702
warmup-time = 99.17580318450928
all-measurements = [ 86.97196221351624, 84.97476744651794, 84.85874962806702,]
