best-result = 874.4398539066315
warmup-time = 904.0727071762085
all-measurements = [ 874.4398539066315, 874.9226438999176, 877.5402500629425,]
