best-result = 66.90472960472107
warmup-time = 81.73520469665527
all-measurements = [ 66.90472960472107, 66.94760131835938, 67.12939286231995,]
