best-result = 84.47971153259277
warmup-time = 105.48450207710266
all-measurements = [ 84.47971153259277, 84.95437264442444, 84.78132772445679,]
