best-result = 69.40864253044128
warmup-time = 88.43409752845764
all-measurements = [ 69.40864253044128, 69.71977210044861, 69.5602593421936,]
