best-result = 88.1411623954773
warmup-time = 102.54331827163696
all-measurements = [ 88.74621391296387, 88.1411623954773, 88.19722151756287,]
