best-result = 652.7583892345428
warmup-time = 668.3183691501617
all-measurements = [ 673.5764851570129, 652.7583892345428, 652.7641127109528,]
