best-result = 63.9762659072876
warmup-time = 77.02630138397217
all-measurements = [ 64.11432409286499, 64.08274126052856, 63.9762659072876,]
