best-result = 192.71266531944275
warmup-time = 343.73172783851624
all-measurements = [ 194.54674863815308, 193.73612093925476, 192.71266531944275,]
