best-result = 391.5407075881958
warmup-time = 822.7420890331268
all-measurements = [ 391.5407075881958, 394.25082659721375, 391.6715450286865,]
