best-result = 63.13908934593201
warmup-time = 79.62377405166626
all-measurements = [ 63.598787784576416, 63.13908934593201, 64.45248603820801,]
