best-result = 41.00624346733093
warmup-time = 48.91441321372986
all-measurements = [ 42.592474699020386, 41.31427478790283, 41.00624346733093,]
