best-result = 136.25325441360474
warmup-time = 160.226957321167
all-measurements = [ 136.25325441360474, 137.83984971046448, 136.276433467865,]
