best-result = 932.1503212451935
warmup-time = 960.2367768287659
all-measurements = [ 936.214325428009, 932.1503212451935, 934.1602113246918,]
