best-result = 28.16789197921753
warmup-time = 36.817463874816895
all-measurements = [ 28.767366886138916, 28.16789197921753, 28.399839162826538,]
