best-result = 60.31620907783508
warmup-time = 72.57000279426575
all-measurements = [ 60.31620907783508, 60.94884014129639, 60.35406422615051,]
