best-result = 60.427576780319214
warmup-time = 76.0531997680664
all-measurements = [ 60.67978501319885, 60.427576780319214, 61.0004448890686,]
