best-result = 110.41180849075317
warmup-time = 139.7712299823761
all-measurements = [ 110.55978441238403, 110.41180849075317, 111.28477025032043,]
