best-result = 775.2539255619049
warmup-time = 849.0376698970795
all-measurements = [ 775.2539255619049, 782.5009684562683, 782.5878236293793,]
