best-result = 34.950172901153564
warmup-time = 43.46429634094238
all-measurements = [ 34.950172901153564, 34.99694871902466, 35.00743055343628,]
