best-result = 56.705888748168945
warmup-time = 72.32796859741211
all-measurements = [ 56.97252082824707, 57.095141649246216, 56.705888748168945,]
