best-result = 2286.950213909149
warmup-time = 3754.7216880321503
all-measurements = [ 2286.950213909149, 2375.4197516441345, 3785.5317673683167,]
