best-result = 50.11011028289795
warmup-time = 70.53079652786255
all-measurements = [ 50.11011028289795, 50.12625336647034, 50.21121048927307,]
