best-result = 82.66932201385498
warmup-time = 101.59177494049072
all-measurements = [ 82.89900374412537, 82.66932201385498, 83.20747470855713,]
