best-result = 93.08098530769348
warmup-time = 116.69460773468018
all-measurements = [ 93.08098530769348, 93.43797636032104, 93.86112427711487,]
