best-result = 38.642600297927856
warmup-time = 48.15756344795227
all-measurements = [ 38.642600297927856, 38.75019192695618, 38.66878008842468,]
