best-result = 318.78820514678955
warmup-time = 461.4982488155365
all-measurements = [ 324.26991605758667, 318.78820514678955, 338.96222281455994,]
