best-result = 61.938040018081665
warmup-time = 62.085283041000366
all-measurements = [ 61.938040018081665, 62.27039837837219, 62.10448217391968,]
