best-result = 22.487339735031128
warmup-time = 22.48438048362732
all-measurements = [ 22.489714860916138, 22.487339735031128, 22.65384268760681,]
