best-result = 46.27210021018982
warmup-time = 61.956321001052856
all-measurements = [ 46.887858152389526, 46.27210021018982, 46.41035199165344,]
