best-result = 45.79030632972717
warmup-time = 57.940911293029785
all-measurements = [ 45.82999539375305, 45.95408368110657, 45.79030632972717,]
