best-result = 918.8181774616241
warmup-time = 1120.817994594574
all-measurements = [ 938.9792830944061, 918.8181774616241, 923.2098460197449,]
