best-result = 85.11684823036194
warmup-time = 101.2625801563263
all-measurements = [ 85.11684823036194, 85.43883633613586, 85.35986065864563,]
