best-result = 81.64115905761719
warmup-time = 102.68054437637329
all-measurements = [ 81.64115905761719, 82.28228402137756, 81.76172208786011,]
