best-result = 69.630868434906
warmup-time = 90.62315344810486
all-measurements = [ 69.77276492118835, 69.630868434906, 71.02539348602295,]
