best-result = 90.95820641517639
warmup-time = 104.20140957832336
all-measurements = [ 91.4231128692627, 90.95820641517639, 91.6260154247284,]
