best-result = 643.0429418087006
warmup-time = 653.5196309089661
all-measurements = [ 643.0429418087006, 644.3592846393585, 648.5461268424988,]
