best-result = 63.16757082939148
warmup-time = 79.74785280227661
all-measurements = [ 63.732343912124634, 63.16757082939148, 64.0040979385376,]
