best-result = 209.04390048980713
warmup-time = 371.95899510383606
all-measurements = [ 209.0616433620453, 209.9061062335968, 209.04390048980713,]
