best-result = 425.0588517189026
warmup-time = 872.835606098175
all-measurements = [ 428.47186160087585, 425.0588517189026, 428.73168325424194,]
