best-result = 61.24005675315857
warmup-time = 77.93401765823364
all-measurements = [ 61.962788105010986, 61.24005675315857, 61.8735146522522,]
