best-result = 39.0082905292511
warmup-time = 46.70579123497009
all-measurements = [ 39.0082905292511, 40.27124238014221, 39.89171099662781,]
