best-result = 139.73085165023804
warmup-time = 174.94781756401062
all-measurements = [ 139.8172082901001, 140.31644368171692, 139.73085165023804,]
