best-result = 903.2274940013885
warmup-time = 932.4999861717224
all-measurements = [ 903.2274940013885, 903.9626727104187, 905.9726948738098,]
