best-result = 26.952632427215576
warmup-time = 36.122793674468994
all-measurements = [ 27.745742797851562, 27.089314699172974, 26.952632427215576,]
