best-result = 57.98835301399231
warmup-time = 72.21507668495178
all-measurements = [ 57.98835301399231, 58.935999631881714, 58.75335216522217,]
