best-result = 59.29475784301758
warmup-time = 73.92247080802917
all-measurements = [ 59.42511057853699, 59.811928272247314, 59.29475784301758,]
