best-result = 110.85941195487976
warmup-time = 139.286705493927
all-measurements = [ 110.85941195487976, 111.08294224739075, 111.2304515838623,]
