best-result = 784.9029026031494
warmup-time = 856.5626058578491
all-measurements = [ 786.9622552394867, 786.2999310493469, 784.9029026031494,]
