best-result = 33.66599988937378
warmup-time = 41.764042139053345
all-measurements = [ 33.72682571411133, 33.66599988937378, 34.02947688102722,]
