best-result = 54.47508430480957
warmup-time = 70.82628798484802
all-measurements = [ 54.47508430480957, 55.644455671310425, 54.95306587219238,]
