best-result = 1308.2111830711365
warmup-time = 1432.3766024112701
all-measurements = [ 1308.2111830711365, 1712.2704060077667, 1385.7053830623627,]
