best-result = 49.50667858123779
warmup-time = 70.73328113555908
all-measurements = [ 49.50667858123779, 49.72239923477173, 49.55858612060547,]
