best-result = 78.55477595329285
warmup-time = 98.00440526008606
all-measurements = [ 78.64465403556824, 79.42869853973389, 78.55477595329285,]
