best-result = 36.30013346672058
warmup-time = 46.99443578720093
all-measurements = [ 37.25259256362915, 37.08062696456909, 36.30013346672058,]
