best-result = 350.06537771224976
warmup-time = 478.3555066585541
all-measurements = [ 350.06537771224976, 351.4197061061859, 360.03273248672485,]
