best-result = 58.7465443611145
warmup-time = 59.035685777664185
all-measurements = [ 60.06376576423645, 58.7465443611145, 59.663907289505005,]
