best-result = 23.480584859848022
warmup-time = 23.48366928100586
all-measurements = [ 23.758302688598633, 23.480584859848022, 23.897209882736206,]
