best-result = 47.04281949996948
warmup-time = 63.68700551986694
all-measurements = [ 47.04281949996948, 47.47976636886597, 47.3314950466156,]
