best-result = 46.95820879936218
warmup-time = 58.3584930896759
all-measurements = [ 47.406641721725464, 46.95820879936218, 47.182631731033325,]
