best-result = 906.9747123718262
warmup-time = 1080.5757129192352
all-measurements = [ 914.3390741348267, 906.9747123718262, 909.3171977996826,]
