best-result = 86.44669818878174
warmup-time = 99.28155446052551
all-measurements = [ 86.84834051132202, 86.44669818878174, 86.90064835548401,]
