best-result = 990.2243642807007
warmup-time = 1020.1192419528961
all-measurements = [ 991.430849313736, 995.1571917533875, 990.2243642807007,]
