best-result = 66.136479139328
warmup-time = 80.2231092453003
all-measurements = [ 67.22262501716614, 66.25191068649292, 66.136479139328,]
