best-result = 83.93983507156372
warmup-time = 105.6894600391388
all-measurements = [ 84.65746879577637, 83.93983507156372, 84.81159281730652,]
