best-result = 68.60082817077637
warmup-time = 88.5630431175232
all-measurements = [ 69.17487120628357, 68.75533413887024, 68.60082817077637,]
