best-result = 91.80594873428345
warmup-time = 105.90266561508179
all-measurements = [ 91.80594873428345, 92.1962149143219, 92.5880765914917,]
