best-result = 641.3013889789581
warmup-time = 656.9943792819977
all-measurements = [ 641.6733260154724, 641.3013889789581, 644.590423822403,]
