best-result = 62.99770140647888
warmup-time = 74.0375714302063
all-measurements = [ 63.36366653442383, 62.99770140647888, 63.36685538291931,]
