best-result = 191.03849840164185
warmup-time = 344.8309369087219
all-measurements = [ 191.94349932670593, 191.30589604377747, 191.03849840164185,]
