best-result = 383.8890447616577
warmup-time = 830.7414326667786
all-measurements = [ 383.8890447616577, 387.6050021648407, 384.31293416023254,]
