best-result = 62.709221839904785
warmup-time = 80.25068855285645
all-measurements = [ 62.98928189277649, 62.709221839904785, 62.95679974555969,]
