best-result = 40.61390972137451
warmup-time = 49.430092573165894
all-measurements = [ 40.61390972137451, 41.328580379486084, 40.94930052757263,]
