best-result = 135.45808267593384
warmup-time = 155.4760880470276
all-measurements = [ 135.92130255699158, 135.45808267593384, 136.2468056678772,]
