best-result = 928.7139058113098
warmup-time = 958.0424418449402
all-measurements = [ 932.664608001709, 928.7139058113098, 929.2239739894867,]
