best-result = 28.376025915145874
warmup-time = 37.203489542007446
all-measurements = [ 28.376025915145874, 28.44020366668701, 28.69270920753479,]
