best-result = 60.03367066383362
warmup-time = 69.60777544975281
all-measurements = [ 60.03367066383362, 60.066343545913696, 60.2928729057312,]
