best-result = 60.40792155265808
warmup-time = 73.66627359390259
all-measurements = [ 60.709190368652344, 61.538981914520264, 60.40792155265808,]
