best-result = 110.99823188781738
warmup-time = 137.56475257873535
all-measurements = [ 110.99823188781738, 111.47273015975952, 112.12297058105469,]
