best-result = 769.8558270931244
warmup-time = 839.1445710659027
all-measurements = [ 774.4954078197479, 769.8558270931244, 773.9817972183228,]
