best-result = 34.645951986312866
warmup-time = 43.03012013435364
all-measurements = [ 34.645951986312866, 35.451608657836914, 34.88284778594971,]
