best-result = 56.041088819503784
warmup-time = 71.25032329559326
all-measurements = [ 56.041088819503784, 56.335402965545654, 56.43755602836609,]
