best-result = 1924.1963572502136
warmup-time = 2335.6113340854645
all-measurements = [ 2104.747708082199, 1924.1963572502136, 2625.7220146656036,]
