best-result = 49.53116178512573
warmup-time = 71.42427849769592
all-measurements = [ 50.44167399406433, 49.88934683799744, 49.53116178512573,]
