best-result = 84.02183794975281
warmup-time = 100.63808488845825
all-measurements = [ 84.30697536468506, 84.02183794975281, 84.40933394432068,]
