best-result = 94.11200714111328
warmup-time = 115.27202844619751
all-measurements = [ 94.475839138031, 94.11200714111328, 94.60127186775208,]
