best-result = 37.96138548851013
warmup-time = 47.16620087623596
all-measurements = [ 38.45984721183777, 38.991190671920776, 37.96138548851013,]
