best-result = 319.1410644054413
warmup-time = 488.13574600219727
all-measurements = [ 324.38157868385315, 319.1410644054413, 324.5928702354431,]
