best-result = 60.32304644584656
warmup-time = 61.33356046676636
all-measurements = [ 60.32304644584656, 60.371602296829224, 60.87755298614502,]
