best-result = 22.742586135864258
warmup-time = 22.81726861000061
all-measurements = [ 23.070270776748657, 23.028698444366455, 22.742586135864258,]
