best-result = 46.80933475494385
warmup-time = 63.89631223678589
all-measurements = [ 47.44027590751648, 46.80933475494385, 47.24026799201965,]
