best-result = 46.49022841453552
warmup-time = 58.589152097702026
all-measurements = [ 46.49022841453552, 46.81644105911255, 46.57512331008911,]
