best-result = 922.9448733329773
warmup-time = 1142.426838874817
all-measurements = [ 947.7258861064911, 922.9448733329773, 950.7874097824097,]
