best-result = 85.35419368743896
warmup-time = 99.17654585838318
all-measurements = [ 85.50376868247986, 85.35419368743896, 86.198077917099,]
