best-result = 983.0463032722473
warmup-time = 1009.9395241737366
all-measurements = [ 985.5646119117737, 986.8924605846405, 983.0463032722473,]
