best-result = 82.67175507545471
warmup-time = 103.95104551315308
all-measurements = [ 82.67175507545471, 83.82640409469604, 82.8947343826294,]
