best-result = 68.05890822410583
warmup-time = 90.29399132728577
all-measurements = [ 68.05890822410583, 68.17067432403564, 69.35908913612366,]
