best-result = 91.07079362869263
warmup-time = 105.53567481040955
all-measurements = [ 92.49412822723389, 91.64749932289124, 91.07079362869263,]
