best-result = 648.0426440238953
warmup-time = 670.7590048313141
all-measurements = [ 648.9717402458191, 650.5807330608368, 648.0426440238953,]
