best-result = 63.27663254737854
warmup-time = 78.8855938911438
all-measurements = [ 63.48322415351868, 63.343608379364014, 63.27663254737854,]
