best-result = 211.1719467639923
warmup-time = 368.93634581565857
all-measurements = [ 211.1719467639923, 211.764062166214, 211.61092281341553,]
