best-result = 426.7990963459015
warmup-time = 879.7455549240112
all-measurements = [ 426.7990963459015, 428.72959899902344, 429.76226329803467,]
