best-result = 62.52879881858826
warmup-time = 80.7736222743988
all-measurements = [ 62.52879881858826, 62.61039447784424, 63.03481984138489,]
