best-result = 39.80250954627991
warmup-time = 48.3428475856781
all-measurements = [ 39.94681668281555, 39.80250954627991, 40.11806654930115,]
