best-result = 138.6688370704651
warmup-time = 164.6064600944519
all-measurements = [ 138.9774158000946, 138.6688370704651, 138.72962260246277,]
