best-result = 909.0114817619324
warmup-time = 936.4973402023315
all-measurements = [ 940.4780728816986, 914.6478443145752, 909.0114817619324,]
