best-result = 27.360111474990845
warmup-time = 36.1003053188324
all-measurements = [ 27.360111474990845, 27.651716709136963, 27.58718729019165,]
