best-result = 57.63288760185242
warmup-time = 71.96904063224792
all-measurements = [ 57.684077978134155, 57.823320627212524, 57.63288760185242,]
