best-result = 59.344372034072876
warmup-time = 73.4482638835907
all-measurements = [ 59.344372034072876, 59.825273513793945, 59.74885845184326,]
