best-result = 111.01845383644104
warmup-time = 139.3795440196991
all-measurements = [ 111.38796544075012, 111.01845383644104, 111.2680675983429,]
