best-result = 784.7526466846466
warmup-time = 857.660617351532
all-measurements = [ 785.700217962265, 789.1997303962708, 784.7526466846466,]
