best-result = 33.51628375053406
warmup-time = 42.38163948059082
all-measurements = [ 34.21934509277344, 33.94950222969055, 33.51628375053406,]
