best-result = 55.38586783409119
warmup-time = 71.14775323867798
all-measurements = [ 55.607717752456665, 55.5240797996521, 55.38586783409119,]
