best-result = 1193.715964794159
warmup-time = 1228.0302538871765
all-measurements = [ 1528.5800578594208, 1193.715964794159, 1548.868228673935,]
