best-result = 48.65965008735657
warmup-time = 70.99079465866089
all-measurements = [ 48.65965008735657, 48.723639488220215, 49.062479972839355,]
