best-result = 78.34673953056335
warmup-time = 99.55890607833862
all-measurements = [ 78.49906921386719, 78.34673953056335, 79.17179751396179,]
