best-result = 36.89117980003357
warmup-time = 46.715224742889404
all-measurements = [ 37.18294048309326, 36.89117980003357, 37.21951389312744,]
