best-result = 354.9979441165924
warmup-time = 494.85943627357483
all-measurements = [ 357.33647775650024, 357.15239429473877, 354.9979441165924,]
