best-result = 58.83733797073364
warmup-time = 59.29893112182617
all-measurements = [ 59.29880237579346, 58.83733797073364, 59.077444076538086,]
