best-result = 22.859053373336792
warmup-time = 23.224984884262085
all-measurements = [ 23.02339267730713, 23.083199501037598, 22.859053373336792,]
