best-result = 45.96382927894592
warmup-time = 60.90898013114929
all-measurements = [ 46.4145872592926, 46.098942279815674, 45.96382927894592,]
