best-result = 45.97296857833862
warmup-time = 57.753403663635254
all-measurements = [ 46.41127824783325, 46.16207146644592, 45.97296857833862,]
