best-result = 893.0632607936859
warmup-time = 1108.4374401569366
all-measurements = [ 893.0632607936859, 896.1339852809906, 896.9777410030365,]
