best-result = 84.65191698074341
warmup-time = 100.91153120994568
all-measurements = [ 85.2254626750946, 85.42024397850037, 84.65191698074341,]
