best-result = 978.2190773487091
warmup-time = 1020.0393438339233
all-measurements = [ 978.9311184883118, 984.3073310852051, 978.2190773487091,]
