best-result = 81.89675807952881
warmup-time = 102.81920099258423
all-measurements = [ 82.07380247116089, 81.89675807952881, 82.91717386245728,]
