best-result = 67.22420978546143
warmup-time = 86.49488258361816
all-measurements = [ 67.22420978546143, 67.34174823760986, 68.30799913406372,]
