best-result = 90.77442216873169
warmup-time = 104.53117966651917
all-measurements = [ 91.31035041809082, 92.04334592819214, 90.77442216873169,]
