best-result = 643.819415807724
warmup-time = 657.8288555145264
all-measurements = [ 643.819415807724, 644.486175775528, 645.2819385528564,]
