best-result = 61.097715616226196
warmup-time = 76.59636163711548
all-measurements = [ 62.163753032684326, 61.2119836807251, 61.097715616226196,]
