best-result = 205.7273621559143
warmup-time = 359.0604200363159
all-measurements = [ 205.7273621559143, 206.48497986793518, 206.31558871269226,]
