best-result = 420.64706587791443
warmup-time = 860.204728603363
all-measurements = [ 420.64706587791443, 424.23934030532837, 422.52906227111816,]
