best-result = 62.41066861152649
warmup-time = 79.28041529655457
all-measurements = [ 62.41066861152649, 62.85728669166565, 62.739320039749146,]
