best-result = 39.85178756713867
warmup-time = 48.2972252368927
all-measurements = [ 39.85178756713867, 39.94433641433716, 40.927114486694336,]
