best-result = 134.66353726387024
warmup-time = 163.41184449195862
all-measurements = [ 134.87673902511597, 134.66353726387024, 135.028959274292,]
