best-result = 898.7154927253723
warmup-time = 930.4792926311493
all-measurements = [ 901.3545627593994, 901.0151193141937, 898.7154927253723,]
