best-result = 27.608587741851807
warmup-time = 36.37678074836731
all-measurements = [ 27.608587741851807, 27.804836750030518, 28.168396472930908,]
