best-result = 56.954875230789185
warmup-time = 70.39492893218994
all-measurements = [ 56.954875230789185, 57.64526343345642, 57.32043147087097,]
