best-result = 59.37755298614502
warmup-time = 74.95126605033875
all-measurements = [ 60.70310568809509, 59.74578237533569, 59.37755298614502,]
