best-result = 109.33478927612305
warmup-time = 138.65847659111023
all-measurements = [ 109.7076325416565, 109.33478927612305, 127.11391472816467,]
