best-result = 772.4454073905945
warmup-time = 852.7119374275208
all-measurements = [ 772.4454073905945, 776.1761288642883, 775.0223939418793,]
