best-result = 33.77283763885498
warmup-time = 42.81477665901184
all-measurements = [ 33.77283763885498, 34.74972867965698, 34.44532775878906,]
