best-result = 54.78680944442749
warmup-time = 71.02664232254028
all-measurements = [ 54.78680944442749, 55.73579120635986, 55.42783570289612,]
