best-result = 1389.1888961791992
warmup-time = 2465.3999977111816
all-measurements = [ 1500.355984210968, 1389.1888961791992, 2221.2777121067047,]
