best-result = 47.56023359298706
warmup-time = 68.8426787853241
all-measurements = [ 47.56023359298706, 48.209774017333984, 47.86407661437988,]
