best-result = 77.63466668128967
warmup-time = 97.38717985153198
all-measurements = [ 77.72433805465698, 79.01354885101318, 77.63466668128967,]
