best-result = 36.362820625305176
warmup-time = 46.45942807197571
all-measurements = [ 37.11203622817993, 36.788339614868164, 36.362820625305176,]
