best-result = 336.6065089702606
warmup-time = 475.52541160583496
all-measurements = [ 339.76725244522095, 337.9510383605957, 336.6065089702606,]
