best-result = 58.2577178478241
warmup-time = 59.305416107177734
all-measurements = [ 58.2577178478241, 58.747660875320435, 58.649863481521606,]
