best-result = 26.817848443984985
warmup-time = 27.026562452316284
all-measurements = [ 26.817848443984985, 26.85189723968506, 26.998324155807495,]
