best-result = 39.15502381324768
warmup-time = 40.78085947036743
all-measurements = [ 39.15502381324768, 40.53248715400696, 40.52454972267151,]
