best-result = 33.80485486984253
warmup-time = 34.54135203361511
all-measurements = [ 33.80485486984253, 34.307398557662964, 33.92902684211731,]
