best-result = 282.2145698070526
warmup-time = 288.4117510318756
all-measurements = [ 282.2145698070526, 289.34790563583374, 284.67562222480774,]
