best-result = 37.14535140991211
warmup-time = 37.68866539001465
all-measurements = [ 37.14535140991211, 38.0606575012207, 37.72452259063721,]
