best-result = 46.637733459472656
warmup-time = 49.01512837409973
all-measurements = [ 48.055016040802, 46.637733459472656, 49.34678816795349,]
