best-result = 53.39951825141907
warmup-time = 53.96668028831482
all-measurements = [ 54.38290596008301, 55.573304176330566, 53.39951825141907,]
