best-result = 35.80334663391113
warmup-time = 34.821075201034546
all-measurements = [ 38.015355348587036, 35.80334663391113, 36.88840842247009,]
