best-result = 39.797603607177734
warmup-time = 41.7430944442749
all-measurements = [ 40.855695724487305, 41.17184495925903, 39.797603607177734,]
