best-result = 62.07143497467041
warmup-time = 63.766058683395386
all-measurements = [ 64.45415997505188, 64.61826276779175, 62.07143497467041,]
