best-result = 253.97019743919373
warmup-time = 258.64549016952515
all-measurements = [ 258.0820186138153, 253.97019743919373, 255.08335185050964,]
