best-result = 594.6799240112305
warmup-time = 602.782655954361
all-measurements = [ 601.856826543808, 594.6799240112305, 597.7222054004669,]
