best-result = 37.899827003479004
warmup-time = 39.81293964385986
all-measurements = [ 37.899827003479004, 39.86601781845093, 40.55778098106384,]
