best-result = 68.69529724121094
warmup-time = 69.10223746299744
all-measurements = [ 71.76084280014038, 69.07270216941833, 68.69529724121094,]
