best-result = 28.32048010826111
warmup-time = 29.704121589660645
all-measurements = [ 29.457858085632324, 29.186636924743652, 28.32048010826111,]
