best-result = 33.35433292388916
warmup-time = 35.997477293014526
all-measurements = [ 35.5389769077301, 34.6237006187439, 33.35433292388916,]
