best-result = 44.71672296524048
warmup-time = 45.820072889328
all-measurements = [ 46.12340307235718, 44.71672296524048, 48.34968280792236,]
