best-result = 106.19126296043396
warmup-time = 105.0259301662445
all-measurements = [ 107.01778173446655, 106.19126296043396, 108.54256272315979,]
