best-result = 36.42002487182617
warmup-time = 37.6127233505249
all-measurements = [ 36.926615715026855, 36.42002487182617, 36.68010926246643,]
