best-result = 41.63649320602417
warmup-time = 43.75731372833252
all-measurements = [ 42.244914531707764, 41.63649320602417, 43.00054311752319,]
