best-result = 46.13879585266113
warmup-time = 48.53990888595581
all-measurements = [ 46.13879585266113, 46.72171998023987, 47.10654973983765,]
