best-result = 29.711129903793335
warmup-time = 29.406911849975586
all-measurements = [ 29.711129903793335, 29.821728229522705, 31.16500473022461,]
