best-result = 734.5393013954163
warmup-time = 736.4629564285278
all-measurements = [ 734.5393013954163, 750.2440328598022, 735.9009358882904,]
