best-result = 195.61389422416687
warmup-time = 193.71003651618958
all-measurements = [ 195.61389422416687, 197.1224479675293, 199.27511525154114,]
