best-result = 45.65762424468994
warmup-time = 49.74234080314636
all-measurements = [ 46.59782934188843, 45.65762424468994, 48.51135540008545,]
