best-result = 26.059460639953613
warmup-time = 26.380924940109253
all-measurements = [ 26.559032201766968, 26.059460639953613, 26.111841678619385,]
