best-result = 35.82688903808594
warmup-time = 38.649595737457275
all-measurements = [ 36.87266254425049, 35.82688903808594, 36.45817184448242,]
