best-result = 30.900209188461304
warmup-time = 31.79242181777954
all-measurements = [ 31.076935529708862, 31.45667815208435, 30.900209188461304,]
