best-result = 254.0745906829834
warmup-time = 260.66237330436707
all-measurements = [ 256.5839252471924, 258.85349440574646, 254.0745906829834,]
