best-result = 36.1312472820282
warmup-time = 36.78071093559265
all-measurements = [ 36.50626468658447, 36.1312472820282, 36.8919792175293,]
