best-result = 112.02356386184692
warmup-time = 115.40131545066833
all-measurements = [ 113.14484071731567, 112.02356386184692, 115.34563755989075,]
