best-result = 35.264668703079224
warmup-time = 35.093754529953
all-measurements = [ 35.62013053894043, 36.118232011795044, 35.264668703079224,]
