best-result = 39.88285708427429
warmup-time = 40.6492178440094
all-measurements = [ 39.88285708427429, 41.452372789382935, 41.16494679450989,]
