best-result = 47.28191828727722
warmup-time = 46.754666328430176
all-measurements = [ 47.92432951927185, 47.28191828727722, 47.80615592002869,]
