best-result = 32.10084533691406
warmup-time = 33.3962345123291
all-measurements = [ 33.324206590652466, 33.62973380088806, 32.10084533691406,]
