best-result = 37.63141322135925
warmup-time = 37.76349067687988
all-measurements = [ 37.74588322639465, 37.63141322135925, 37.9848997592926,]
