best-result = 59.67375612258911
warmup-time = 64.22788047790527
all-measurements = [ 64.04447340965271, 60.559179067611694, 59.67375612258911,]
