best-result = 222.23841953277588
warmup-time = 224.07610607147217
all-measurements = [ 222.8931863307953, 222.23841953277588, 223.15908336639404,]
