best-result = 514.075083732605
warmup-time = 512.8618452548981
all-measurements = [ 515.6526238918304, 514.075083732605, 532.2763121128082,]
