best-result = 35.056215047836304
warmup-time = 38.00568628311157
all-measurements = [ 35.056215047836304, 36.664860248565674, 37.29726505279541,]
