best-result = 29.399274826049805
warmup-time = 29.392010927200317
all-measurements = [ 29.675772666931152, 29.399274826049805, 29.402361631393433,]
