best-result = 68.06035351753235
warmup-time = 78.01849317550659
all-measurements = [ 76.19506335258484, 77.91039371490479, 68.06035351753235,]
