best-result = 61.50812387466431
warmup-time = 64.59307980537415
all-measurements = [ 65.18482184410095, 64.07710194587708, 61.50812387466431,]
