best-result = 27.648123264312744
warmup-time = 29.75433039665222
all-measurements = [ 28.664351224899292, 27.648123264312744, 28.352301120758057,]
