best-result = 32.9219183921814
warmup-time = 35.640703439712524
all-measurements = [ 35.82988500595093, 35.39612936973572, 32.9219183921814,]
