best-result = 33.60452890396118
warmup-time = 33.75103688240051
all-measurements = [ 34.17007327079773, 33.60452890396118, 33.63182830810547,]
