best-result = 41.49238181114197
warmup-time = 43.922197103500366
all-measurements = [ 41.49238181114197, 42.47078347206116, 42.81898045539856,]
