best-result = 94.28492093086243
warmup-time = 97.82475280761719
all-measurements = [ 95.55041003227234, 94.28492093086243, 96.18006253242493,]
