best-result = 28.09578537940979
warmup-time = 27.536120891571045
all-measurements = [ 28.700687885284424, 28.09578537940979, 29.87839961051941,]
