best-result = 34.48988938331604
warmup-time = 33.856428384780884
all-measurements = [ 34.576823234558105, 34.984370708465576, 34.48988938331604,]
