best-result = 88.74750232696533
warmup-time = 86.31573128700256
all-measurements = [ 95.67588329315186, 88.74750232696533, 97.84309554100037,]
