best-result = 38.07145142555237
warmup-time = 39.4575400352478
all-measurements = [ 39.47050333023071, 39.755878925323486, 38.07145142555237,]
