best-result = 43.28804111480713
warmup-time = 45.424673318862915
all-measurements = [ 43.28804111480713, 43.671547651290894, 43.79185605049133,]
