best-result = 50.04908204078674
warmup-time = 50.39409947395325
all-measurements = [ 50.61940407752991, 51.32163166999817, 50.04908204078674,]
