best-result = 28.72182869911194
warmup-time = 29.8574161529541
all-measurements = [ 29.265732049942017, 28.72182869911194, 28.918983459472656,]
