best-result = 663.1576681137085
warmup-time = 737.7634046077728
all-measurements = [ 663.1576681137085, 684.3058259487152, 668.408358335495,]
