best-result = 168.2797372341156
warmup-time = 172.42294263839722
all-measurements = [ 168.2797372341156, 169.8851420879364, 168.86381840705872,]
