best-result = 64.31481885910034
warmup-time = 70.26292371749878
all-measurements = [ 68.05358648300171, 64.31481885910034, 67.06617069244385,]
