best-result = 23.454509973526
warmup-time = 23.82925248146057
all-measurements = [ 23.63010334968567, 23.945719003677368, 23.454509973526,]
