best-result = 46.73067092895508
warmup-time = 63.355193853378296
all-measurements = [ 46.934109687805176, 46.73067092895508, 47.29503130912781,]
