best-result = 46.82309150695801
warmup-time = 57.2257878780365
all-measurements = [ 47.26639437675476, 46.82309150695801, 46.93579959869385,]
