best-result = 893.5726518630981
warmup-time = 1116.9932417869568
all-measurements = [ 898.1891670227051, 893.5726518630981, 898.5415017604828,]
