best-result = 85.7685194015503
warmup-time = 97.71508502960205
all-measurements = [ 86.13465785980225, 85.7685194015503, 85.92016410827637,]
