best-result = 988.3576982021332
warmup-time = 1021.7667467594147
all-measurements = [ 988.3576982021332, 989.2087352275848, 988.744056224823,]
