best-result = 81.80844163894653
warmup-time = 102.91317939758301
all-measurements = [ 82.44881272315979, 81.80844163894653, 82.4271137714386,]
