best-result = 68.05639672279358
warmup-time = 88.37205195426941
all-measurements = [ 68.84356355667114, 68.05639672279358, 69.05607342720032,]
