best-result = 91.37425112724304
warmup-time = 107.19674706459045
all-measurements = [ 92.72837805747986, 91.37425112724304, 91.94138479232788,]
