best-result = 648.1069579124451
warmup-time = 662.8509726524353
all-measurements = [ 649.811713218689, 648.1069579124451, 651.5429859161377,]
