best-result = 62.64243292808533
warmup-time = 79.00703072547913
all-measurements = [ 63.56885504722595, 62.9319281578064, 62.64243292808533,]
