best-result = 206.85980558395386
warmup-time = 365.840208530426
all-measurements = [ 207.11429905891418, 206.85980558395386, 207.60751104354858,]
