best-result = 384.5238435268402
warmup-time = 824.3486468791962
all-measurements = [ 386.63406467437744, 384.5238435268402, 387.5041539669037,]
