best-result = 63.0786190032959
warmup-time = 78.7915678024292
all-measurements = [ 63.255096435546875, 63.0786190032959, 63.322352170944214,]
