best-result = 40.45751333236694
warmup-time = 48.534000396728516
all-measurements = [ 40.45751333236694, 40.765629529953, 41.04399609565735,]
