best-result = 135.1556613445282
warmup-time = 159.45182466506958
all-measurements = [ 135.1556613445282, 135.6489028930664, 136.10251092910767,]
