best-result = 920.6136898994446
warmup-time = 953.8681306838989
all-measurements = [ 950.2000076770782, 920.6136898994446, 922.2680373191833,]
