best-result = 27.984614372253418
warmup-time = 38.265676498413086
all-measurements = [ 28.400001049041748, 27.984614372253418, 28.518299102783203,]
