best-result = 57.88764476776123
warmup-time = 70.3529269695282
all-measurements = [ 58.455641746520996, 58.530274629592896, 57.88764476776123,]
