best-result = 60.31882667541504
warmup-time = 77.21423816680908
all-measurements = [ 61.25598931312561, 61.38854908943176, 60.31882667541504,]
