best-result = 110.40599966049194
warmup-time = 139.11875176429749
all-measurements = [ 110.40599966049194, 110.99107789993286, 110.60643863677979,]
