best-result = 771.4458520412445
warmup-time = 839.9305849075317
all-measurements = [ 771.4458520412445, 774.6439960002899, 776.9125616550446,]
