best-result = 34.40174388885498
warmup-time = 43.40484404563904
all-measurements = [ 34.40174388885498, 34.925944089889526, 34.79332995414734,]
