best-result = 56.03093194961548
warmup-time = 72.60893607139587
all-measurements = [ 56.13209939002991, 56.104602098464966, 56.03093194961548,]
