best-result = 1937.6389906406403
warmup-time = 1859.0485908985138
all-measurements = [ 1937.6389906406403, 2248.137122154236, 2792.847856760025,]
