best-result = 48.6396381855011
warmup-time = 71.23858332633972
all-measurements = [ 48.6396381855011, 48.74744439125061, 48.868321895599365,]
