best-result = 81.54532837867737
warmup-time = 99.79731917381287
all-measurements = [ 82.1850094795227, 81.7576847076416, 81.54532837867737,]
