best-result = 37.3797869682312
warmup-time = 46.03616786003113
all-measurements = [ 38.13942360877991, 37.3797869682312, 37.51891207695007,]
