best-result = 333.6452124118805
warmup-time = 470.79790568351746
all-measurements = [ 333.89692091941833, 336.4528908729553, 333.6452124118805,]
