best-result = 59.35482668876648
warmup-time = 60.09314489364624
all-measurements = [ 59.72387504577637, 59.46338987350464, 59.35482668876648,]
