best-result = 25.622546911239624
warmup-time = 26.209577322006226
all-measurements = [ 25.622546911239624, 26.14614248275757, 25.91378378868103,]
