best-result = 36.820932388305664
warmup-time = 38.66218066215515
all-measurements = [ 38.06242609024048, 38.10620045661926, 36.820932388305664,]
