best-result = 31.164459705352783
warmup-time = 32.05774712562561
all-measurements = [ 32.10460305213928, 32.83578372001648, 31.164459705352783,]
