best-result = 264.4327471256256
warmup-time = 271.6940727233887
all-measurements = [ 270.6223576068878, 268.47462272644043, 264.4327471256256,]
