best-result = 36.839521169662476
warmup-time = 37.35609316825867
all-measurements = [ 36.839521169662476, 37.84587359428406, 37.3887574672699,]
