best-result = 40.73265314102173
warmup-time = 43.04783797264099
all-measurements = [ 40.73265314102173, 44.1059787273407, 41.492892026901245,]
