best-result = 50.69981527328491
warmup-time = 52.9039363861084
all-measurements = [ 50.69981527328491, 50.87681317329407, 50.70550036430359,]
