best-result = 34.4381308555603
warmup-time = 35.36868643760681
all-measurements = [ 34.897918462753296, 35.02921104431152, 34.4381308555603,]
