best-result = 37.698862075805664
warmup-time = 38.86047053337097
all-measurements = [ 38.56637907028198, 38.63019871711731, 37.698862075805664,]
