best-result = 62.56073999404907
warmup-time = 65.88754320144653
all-measurements = [ 66.62625122070312, 62.56073999404907, 65.46422457695007,]
