best-result = 229.77298498153687
warmup-time = 234.0752694606781
all-measurements = [ 230.33730840682983, 229.77298498153687, 231.08564519882202,]
