best-result = 522.9796769618988
warmup-time = 526.329726934433
all-measurements = [ 526.950136423111, 528.1292083263397, 522.9796769618988,]
