best-result = 35.72598433494568
warmup-time = 38.66877484321594
all-measurements = [ 38.21063208580017, 37.26990842819214, 35.72598433494568,]
