best-result = 63.46951150894165
warmup-time = 65.20305156707764
all-measurements = [ 63.46951150894165, 64.30612063407898, 65.67453050613403,]
