best-result = 27.63520312309265
warmup-time = 28.4545156955719
all-measurements = [ 27.63520312309265, 27.767925262451172, 27.73855948448181,]
