best-result = 33.755784034729004
warmup-time = 36.588245153427124
all-measurements = [ 36.059208393096924, 33.755784034729004, 36.400933265686035,]
