best-result = 32.26695394515991
warmup-time = 34.39937949180603
all-measurements = [ 32.26695394515991, 34.3671236038208, 33.914987564086914,]
