best-result = 43.70319056510925
warmup-time = 43.6680109500885
all-measurements = [ 44.464797019958496, 44.42855882644653, 43.70319056510925,]
