best-result = 96.65107560157776
warmup-time = 98.7034330368042
all-measurements = [ 99.05548024177551, 98.91514706611633, 96.65107560157776,]
