best-result = 27.39306139945984
warmup-time = 27.952253818511963
all-measurements = [ 29.145886182785034, 27.39306139945984, 28.775168895721436,]
