best-result = 34.861307859420776
warmup-time = 34.6189329624176
all-measurements = [ 34.861307859420776, 34.940946102142334, 35.09290409088135,]
