best-result = 86.44040560722351
warmup-time = 95.3051586151123
all-measurements = [ 89.17287087440491, 88.63775396347046, 86.44040560722351,]
