best-result = 40.51456546783447
warmup-time = 41.94629526138306
all-measurements = [ 41.524022579193115, 41.02407431602478, 40.51456546783447,]
