best-result = 41.632182121276855
warmup-time = 43.00779747962952
all-measurements = [ 41.632182121276855, 44.41296076774597, 43.41105127334595,]
