best-result = 27.34632420539856
warmup-time = 29.49473524093628
all-measurements = [ 29.055717945098877, 28.714389085769653, 27.34632420539856,]
