best-result = 689.1854703426361
warmup-time = 720.9858305454254
all-measurements = [ 689.1854703426361, 691.2172493934631, 690.4424896240234,]
