best-result = 173.60660028457642
warmup-time = 178.8373839855194
all-measurements = [ 173.60660028457642, 179.20671725273132, 176.5849769115448,]
