best-result = 43.30394649505615
warmup-time = 43.85625696182251
all-measurements = [ 43.30394649505615, 44.803444147109985, 43.67596673965454,]
