best-result = 22.92680287361145
warmup-time = 24.855947494506836
all-measurements = [ 22.990813732147217, 22.955907583236694, 22.92680287361145,]
memory-traffic = 276
