best-result = 46.3859589099884
warmup-time = 64.60049724578857
all-measurements = [ 46.3859589099884, 47.22952699661255, 46.39223122596741,]
memory-traffic = 3709
