best-result = 46.310174226760864
warmup-time = 60.260539531707764
all-measurements = [ 46.80156326293945, 46.32904386520386, 46.310174226760864,]
memory-traffic = 3365
