best-result = 936.6375963687897
warmup-time = 1144.8209099769592
all-measurements = [ 963.1463696956635, 936.7164905071259, 936.6375963687897,]
