best-result = 82.79669880867004
warmup-time = 97.76645064353943
all-measurements = [ 82.83336853981018, 82.79669880867004, 83.7133264541626,]
memory-traffic = 7327
