best-result = 78.57582569122314
warmup-time = 102.22843623161316
all-measurements = [ 79.82247757911682, 78.74112153053284, 78.57582569122314,]
