best-result = 68.53345823287964
warmup-time = 94.1448872089386
all-measurements = [ 68.72120785713196, 68.53345823287964, 68.72914910316467,]
memory-traffic = 6010
