best-result = 86.7553551197052
warmup-time = 102.47278833389282
all-measurements = [ 86.93784165382385, 86.7553551197052, 88.34847474098206,]
memory-traffic = 7703
