best-result = 595.3313047885895
warmup-time = 610.3315804004669
all-measurements = [ 597.9044854640961, 595.3313047885895, 597.0507481098175,]
memory-traffic = 56432
