best-result = 61.54437875747681
warmup-time = 78.99883580207825
all-measurements = [ 62.56393098831177, 61.54437875747681, 62.0414674282074,]
memory-traffic = 3654
