best-result = 222.32869410514832
warmup-time = 380.7829990386963
all-measurements = [ 222.3682198524475, 224.05588626861572, 222.32869410514832,]
memory-traffic = 17331
