best-result = 440.83066272735596
warmup-time = 907.5379681587219
all-measurements = [ 466.2793068885803, 441.0931568145752, 440.83066272735596,]
memory-traffic = 26324
