best-result = 60.27212691307068
warmup-time = 77.12225389480591
all-measurements = [ 60.51499915122986, 60.27923011779785, 60.27212691307068,]
memory-traffic = 3714
