best-result = 869.5782804489136
warmup-time = 902.166366815567
all-measurements = [ 869.5782804489136, 872.5880017280579, 878.853019952774,]
memory-traffic = 101409
