best-result = 26.555723428726196
warmup-time = 36.73669981956482
all-measurements = [ 27.37933897972107, 26.555723428726196, 26.65601134300232,]
memory-traffic = 799
