best-result = 56.831835985183716
warmup-time = 73.05890345573425
all-measurements = [ 57.150787353515625, 57.239498138427734, 56.831835985183716,]
memory-traffic = 4013
