best-result = 56.52313446998596
warmup-time = 73.76590037345886
all-measurements = [ 56.52313446998596, 57.11170244216919, 56.8928759098053,]
memory-traffic = 3251
