best-result = 108.8633222579956
warmup-time = 138.44258761405945
all-measurements = [ 109.08765268325806, 109.52208518981934, 108.8633222579956,]
memory-traffic = 10481
