best-result = 765.2140784263611
warmup-time = 834.1780896186829
all-measurements = [ 765.2140784263611, 768.1864626407623, 765.7713687419891,]
memory-traffic = 68981
