best-result = 33.3281888961792
warmup-time = 44.43423056602478
all-measurements = [ 33.68661284446716, 33.38868021965027, 33.3281888961792,]
memory-traffic = 1310
