best-result = 53.314297676086426
warmup-time = 70.43191719055176
all-measurements = [ 53.52009963989258, 53.314297676086426, 53.603150367736816,]
memory-traffic = 3776
