best-result = 1288.0001134872437
warmup-time = 1899.6316583156586
all-measurements = [ 1288.0001134872437, 1464.835303068161, 1431.6169912815094,]
