best-result = 48.699586629867554
warmup-time = 71.02919840812683
all-measurements = [ 48.699586629867554, 48.71227502822876, 48.967591524124146,]
memory-traffic = 3715
