best-result = 78.68345713615417
warmup-time = 99.71403956413269
all-measurements = [ 78.68345713615417, 79.44887638092041, 79.80447793006897,]
memory-traffic = 6652
