best-result = 35.83501672744751
warmup-time = 47.206610441207886
all-measurements = [ 35.90218472480774, 35.83501672744751, 36.564125537872314,]
memory-traffic = 1791
