best-result = 340.28987669944763
warmup-time = 476.53592109680176
all-measurements = [ 345.1975300312042, 340.28987669944763, 346.776159286499,]
memory-traffic = 34718
