best-result = 124.09610605239868
warmup-time = 130.19042801856995
all-measurements = [ 124.09610605239868, 124.55030727386475, 124.32616472244263,]
memory-traffic = 9266
