best-result = 25.06355929374695
warmup-time = 25.402705669403076
all-measurements = [ 25.06355929374695, 25.249854803085327, 25.19092082977295,]
