best-result = 36.11298584938049
warmup-time = 39.06410765647888
all-measurements = [ 37.36782360076904, 36.11298584938049, 37.162434339523315,]
