best-result = 31.03688097000122
warmup-time = 32.57994365692139
all-measurements = [ 32.907588720321655, 31.03688097000122, 31.83987832069397,]
