best-result = 275.302485704422
warmup-time = 276.3789572715759
all-measurements = [ 277.03303956985474, 275.302485704422, 276.7417712211609,]
