best-result = 35.58334708213806
warmup-time = 35.29691457748413
all-measurements = [ 35.95703315734863, 35.698917388916016, 35.58334708213806,]
