best-result = 40.549768686294556
warmup-time = 42.42198467254639
all-measurements = [ 41.91766977310181, 41.98319458961487, 40.549768686294556,]
