best-result = 50.163535833358765
warmup-time = 50.23239350318909
all-measurements = [ 50.41428065299988, 50.163535833358765, 51.18583607673645,]
