best-result = 34.2088303565979
warmup-time = 33.62382483482361
all-measurements = [ 34.854315996170044, 34.2088303565979, 36.1390597820282,]
