best-result = 36.704395055770874
warmup-time = 37.48254203796387
all-measurements = [ 36.704395055770874, 36.84433102607727, 38.13164401054382,]
