best-result = 61.43576431274414
warmup-time = 60.05662250518799
all-measurements = [ 62.697057008743286, 62.80625605583191, 61.43576431274414,]
