best-result = 240.00568056106567
warmup-time = 243.50643849372864
all-measurements = [ 241.36528372764587, 241.00245308876038, 240.00568056106567,]
