best-result = 543.5029509067535
warmup-time = 549.110310792923
all-measurements = [ 549.0364053249359, 544.1177747249603, 543.5029509067535,]
