best-result = 35.56786489486694
warmup-time = 36.360005140304565
all-measurements = [ 36.77019119262695, 36.83070468902588, 35.56786489486694,]
