best-result = 64.79577994346619
warmup-time = 65.0760018825531
all-measurements = [ 64.79577994346619, 66.49411702156067, 66.45833778381348,]
