best-result = 26.298699140548706
warmup-time = 26.919481992721558
all-measurements = [ 27.404935359954834, 26.298699140548706, 27.380740880966187,]
