best-result = 35.789318799972534
warmup-time = 36.087042570114136
all-measurements = [ 35.789318799972534, 37.05044865608215, 36.740737199783325,]
