best-result = 32.62688899040222
warmup-time = 32.43595790863037
all-measurements = [ 32.62688899040222, 33.015196323394775, 33.01239585876465,]
