best-result = 41.58395075798035
warmup-time = 42.918463468551636
all-measurements = [ 43.5449652671814, 41.9943790435791, 41.58395075798035,]
