best-result = 100.0548460483551
warmup-time = 97.84276008605957
all-measurements = [ 100.29564237594604, 100.91373038291931, 100.0548460483551,]
