best-result = 27.25618600845337
warmup-time = 28.70383644104004
all-measurements = [ 27.25618600845337, 27.494356155395508, 27.773330450057983,]
