best-result = 33.28750777244568
warmup-time = 34.075175285339355
all-measurements = [ 33.28750777244568, 34.93336534500122, 34.48371648788452,]
