best-result = 39.93836975097656
warmup-time = 40.06956386566162
all-measurements = [ 39.93836975097656, 40.66937756538391, 40.08688807487488,]
