best-result = 43.53890681266785
warmup-time = 42.55157399177551
all-measurements = [ 44.18154811859131, 44.88571333885193, 43.53890681266785,]
