best-result = 27.044325828552246
warmup-time = 27.89677929878235
all-measurements = [ 27.470342874526978, 28.15262007713318, 27.044325828552246,]
