best-result = 697.6770045757294
warmup-time = 707.877078294754
all-measurements = [ 715.1797389984131, 708.6793072223663, 697.6770045757294,]
