best-result = 181.17472910881042
warmup-time = 180.89424467086792
all-measurements = [ 182.78879308700562, 181.17472910881042, 182.42693257331848,]
