best-result = 41.81086277961731
warmup-time = 43.57917237281799
all-measurements = [ 41.81086277961731, 43.86752963066101, 43.78802156448364,]
