best-result = 23.190511465072632
warmup-time = 23.178967475891113
all-measurements = [ 23.959089756011963, 23.190511465072632, 23.452583074569702,]
