best-result = 46.97999429702759
warmup-time = 65.58899545669556
all-measurements = [ 47.401336908340454, 46.97999429702759, 47.25498843193054,]
