best-result = 46.99299335479736
warmup-time = 58.81735062599182
all-measurements = [ 47.45272493362427, 46.99299335479736, 47.21443033218384,]
