best-result = 894.6432399749756
warmup-time = 1101.765435218811
all-measurements = [ 896.6362872123718, 899.9488813877106, 894.6432399749756,]
