best-result = 85.4326102733612
warmup-time = 100.93792915344238
all-measurements = [ 86.30863380432129, 85.4326102733612, 86.29332256317139,]
