best-result = 990.7304601669312
warmup-time = 1020.7464482784271
all-measurements = [ 990.7304601669312, 994.6294951438904, 996.1655797958374,]
