best-result = 84.05661702156067
warmup-time = 104.4591076374054
all-measurements = [ 84.05661702156067, 84.27174520492554, 84.40061831474304,]
