best-result = 68.22213625907898
warmup-time = 88.9622414112091
all-measurements = [ 68.83622765541077, 68.22213625907898, 68.7412462234497,]
