best-result = 91.9573245048523
warmup-time = 104.78715205192566
all-measurements = [ 92.97893023490906, 91.9573245048523, 92.63793683052063,]
