best-result = 645.793123960495
warmup-time = 660.848021030426
all-measurements = [ 645.793123960495, 647.8603315353394, 650.7893702983856,]
