best-result = 62.68672966957092
warmup-time = 78.57872104644775
all-measurements = [ 62.68672966957092, 63.32536554336548, 63.377562284469604,]
