best-result = 205.5302700996399
warmup-time = 358.181823015213
all-measurements = [ 205.5302700996399, 206.66367197036743, 205.7467646598816,]
