best-result = 385.20477771759033
warmup-time = 830.1703867912292
all-measurements = [ 389.71105098724365, 385.20477771759033, 390.8024389743805,]
