best-result = 63.1715726852417
warmup-time = 77.32219552993774
all-measurements = [ 63.1715726852417, 63.28605556488037, 63.214134216308594,]
