best-result = 40.23067903518677
warmup-time = 48.7977511882782
all-measurements = [ 40.74055480957031, 40.23067903518677, 40.45954990386963,]
