best-result = 135.09613347053528
warmup-time = 158.20924282073975
all-measurements = [ 135.6932487487793, 135.09613347053528, 135.8765585422516,]
