best-result = 918.3755955696106
warmup-time = 946.6140730381012
all-measurements = [ 923.2985112667084, 918.3755955696106, 918.7725162506104,]
