best-result = 28.018263578414917
warmup-time = 39.01340699195862
all-measurements = [ 28.997029781341553, 28.018263578414917, 28.39434790611267,]
