best-result = 57.83494520187378
warmup-time = 70.7968156337738
all-measurements = [ 57.87312293052673, 57.83494520187378, 57.848631381988525,]
