best-result = 60.67201042175293
warmup-time = 76.81953477859497
all-measurements = [ 61.459184408187866, 60.93955993652344, 60.67201042175293,]
