best-result = 110.15794539451599
warmup-time = 139.97320294380188
all-measurements = [ 110.15794539451599, 110.39178991317749, 110.17229008674622,]
