best-result = 774.9466478824615
warmup-time = 847.9507029056549
all-measurements = [ 800.9999341964722, 774.9466478824615, 799.6967673301697,]
