best-result = 34.174670696258545
warmup-time = 43.57737636566162
all-measurements = [ 34.317607164382935, 34.92476725578308, 34.174670696258545,]
