best-result = 55.746856689453125
warmup-time = 72.22021245956421
all-measurements = [ 55.746856689453125, 56.331910371780396, 56.16225814819336,]
