best-result = 1498.2449283599854
warmup-time = 2448.992440700531
all-measurements = [ 1498.2449283599854, 1931.4746508598328, 1711.2252588272095,]
