best-result = 48.880295276641846
warmup-time = 69.45662450790405
all-measurements = [ 48.93453645706177, 48.880295276641846, 49.28249764442444,]
