best-result = 81.82933282852173
warmup-time = 101.90419101715088
all-measurements = [ 82.19591403007507, 81.88911628723145, 81.82933282852173,]
