best-result = 37.96769094467163
warmup-time = 47.18671202659607
all-measurements = [ 38.182719469070435, 38.2968385219574, 37.96769094467163,]
