best-result = 331.2143008708954
warmup-time = 473.9314308166504
all-measurements = [ 331.2143008708954, 332.70566391944885, 334.8761169910431,]
