best-result = 59.426363706588745
warmup-time = 59.81300926208496
all-measurements = [ 59.426363706588745, 59.65647292137146, 59.48194980621338,]
