best-result = 25.98616075515747
warmup-time = 26.33995223045349
all-measurements = [ 26.21441912651062, 25.98616075515747, 26.218268871307373,]
