best-result = 37.79288959503174
warmup-time = 39.43222618103027
all-measurements = [ 38.0872004032135, 38.33078980445862, 37.79288959503174,]
