best-result = 30.855364084243774
warmup-time = 31.655542612075806
all-measurements = [ 30.855364084243774, 31.04575490951538, 31.604318141937256,]
