best-result = 264.5544693470001
warmup-time = 267.87798976898193
all-measurements = [ 264.5544693470001, 266.6804475784302, 268.2922611236572,]
