best-result = 36.157999753952026
warmup-time = 37.424692153930664
all-measurements = [ 37.645588397979736, 36.157999753952026, 36.94706726074219,]
