best-result = 41.597813844680786
warmup-time = 41.496309757232666
all-measurements = [ 42.399195432662964, 43.207764863967896, 41.597813844680786,]
