best-result = 48.998135805130005
warmup-time = 49.983893632888794
all-measurements = [ 50.06000804901123, 51.42222237586975, 48.998135805130005,]
