best-result = 33.762272119522095
warmup-time = 33.9681122303009
all-measurements = [ 34.58821725845337, 34.18365550041199, 33.762272119522095,]
