best-result = 36.9378182888031
warmup-time = 37.716822147369385
all-measurements = [ 36.9378182888031, 37.496034145355225, 37.60693860054016,]
