best-result = 62.62939238548279
warmup-time = 62.62689280509949
all-measurements = [ 64.78213095664978, 63.028976917266846, 62.62939238548279,]
