best-result = 227.33876180648804
warmup-time = 230.65919971466064
all-measurements = [ 228.39556550979614, 227.33876180648804, 229.33108282089233,]
