best-result = 522.2234954833984
warmup-time = 527.5531327724457
all-measurements = [ 522.7777643203735, 522.2234954833984, 523.2298512458801,]
