best-result = 36.10843849182129
warmup-time = 37.370670557022095
all-measurements = [ 36.67693519592285, 36.10843849182129, 37.70078444480896,]
