best-result = 78.7587821483612
warmup-time = 73.74129152297974
all-measurements = [ 78.7587821483612, 82.22516083717346, 83.00712418556213,]
