best-result = 61.16728949546814
warmup-time = 64.52490401268005
all-measurements = [ 61.16728949546814, 61.709304094314575, 61.853418827056885,]
