best-result = 26.987204551696777
warmup-time = 27.485919713974
all-measurements = [ 27.499643325805664, 26.987204551696777, 27.844473600387573,]
