best-result = 32.65529918670654
warmup-time = 35.760968923568726
all-measurements = [ 32.65529918670654, 36.192513942718506, 35.5280647277832,]
