best-result = 33.502819299697876
warmup-time = 34.950559854507446
all-measurements = [ 33.502819299697876, 34.74249005317688, 34.09910535812378,]
