best-result = 41.93690729141235
warmup-time = 44.03095269203186
all-measurements = [ 44.92369294166565, 41.93690729141235, 42.44013261795044,]
