best-result = 96.38131427764893
warmup-time = 99.34533405303955
all-measurements = [ 96.70857381820679, 98.13076376914978, 96.38131427764893,]
