best-result = 28.04795503616333
warmup-time = 29.705248594284058
all-measurements = [ 28.9888699054718, 29.260807991027832, 28.04795503616333,]
