best-result = 34.83100366592407
warmup-time = 36.495232343673706
all-measurements = [ 35.08906626701355, 36.031505823135376, 34.83100366592407,]
