best-result = 86.78474545478821
warmup-time = 90.4360659122467
all-measurements = [ 86.78474545478821, 95.78145408630371, 94.5235857963562,]
