best-result = 39.63917565345764
warmup-time = 38.76807236671448
all-measurements = [ 39.63917565345764, 39.81849026679993, 40.59147930145264,]
