best-result = 44.39931678771973
warmup-time = 45.58895516395569
all-measurements = [ 44.836631298065186, 44.39931678771973, 45.773263692855835,]
