best-result = 27.938511848449707
warmup-time = 29.177551746368408
all-measurements = [ 27.938511848449707, 29.00965714454651, 29.709752321243286,]
