best-result = 712.7815623283386
warmup-time = 745.4769403934479
all-measurements = [ 712.7815623283386, 720.2595529556274, 717.0334167480469,]
