best-result = 174.92144656181335
warmup-time = 173.6397774219513
all-measurements = [ 174.92144656181335, 175.96331906318665, 175.64947533607483,]
