best-result = 56.42157292366028
warmup-time = 58.920438051223755
all-measurements = [ 68.04065561294556, 56.42157292366028, 70.26958990097046,]
