best-result = 26.07874369621277
warmup-time = 26.52520728111267
all-measurements = [ 26.406338930130005, 26.586451292037964, 26.07874369621277,]
