best-result = 37.6484808921814
warmup-time = 37.994596004486084
all-measurements = [ 38.16422629356384, 37.6484808921814, 37.74305033683777,]
