best-result = 29.78040599822998
warmup-time = 30.14595127105713
all-measurements = [ 29.78040599822998, 30.877021551132202, 31.55052614212036,]
