best-result = 257.018426656723
warmup-time = 265.665625333786
all-measurements = [ 257.018426656723, 263.70776891708374, 259.5324773788452,]
