best-result = 36.16608166694641
warmup-time = 37.41464567184448
all-measurements = [ 36.21331477165222, 36.76985478401184, 36.16608166694641,]
