best-result = 110.74145531654358
warmup-time = 116.18002128601074
all-measurements = [ 111.075679063797, 113.78503322601318, 110.74145531654358,]
