best-result = 40.850383043289185
warmup-time = 40.714112520217896
all-measurements = [ 42.23902201652527, 40.850383043289185, 40.9033739566803,]
