best-result = 47.54075050354004
warmup-time = 47.98640275001526
all-measurements = [ 47.6078827381134, 47.54075050354004, 48.103811502456665,]
