best-result = 32.921661138534546
warmup-time = 34.28595757484436
all-measurements = [ 33.98347473144531, 32.921661138534546, 33.57347106933594,]
