best-result = 36.79356908798218
warmup-time = 37.914165019989014
all-measurements = [ 36.95303535461426, 37.73340392112732, 36.79356908798218,]
