best-result = 58.91363191604614
warmup-time = 59.958916664123535
all-measurements = [ 58.91363191604614, 61.606778383255005, 60.203521728515625,]
