best-result = 222.26648545265198
warmup-time = 224.1889579296112
all-measurements = [ 222.39805245399475, 222.26648545265198, 227.52763199806213,]
