best-result = 512.380234003067
warmup-time = 519.2156562805176
all-measurements = [ 516.9777970314026, 512.7075910568237, 512.380234003067,]
