best-result = 34.294928550720215
warmup-time = 39.41231679916382
all-measurements = [ 38.21383833885193, 36.25897192955017, 34.294928550720215,]
