best-result = 28.535547256469727
warmup-time = 29.29969024658203
all-measurements = [ 29.212496757507324, 29.0718936920166, 28.535547256469727,]
