best-result = 75.2890317440033
warmup-time = 68.81605100631714
all-measurements = [ 75.2890317440033, 76.33839392662048, 75.79670429229736,]
