best-result = 60.67455315589905
warmup-time = 62.593860387802124
all-measurements = [ 61.6931586265564, 62.219722270965576, 60.67455315589905,]
