best-result = 27.91739821434021
warmup-time = 27.474050998687744
all-measurements = [ 27.91739821434021, 27.96046471595764, 27.94088387489319,]
