best-result = 34.87953567504883
warmup-time = 35.39063286781311
all-measurements = [ 35.38092017173767, 34.87953567504883, 35.51651191711426,]
