best-result = 32.370102405548096
warmup-time = 34.935898542404175
all-measurements = [ 32.370102405548096, 36.60237455368042, 39.85301232337952,]
