best-result = 42.08435368537903
warmup-time = 46.950339555740356
all-measurements = [ 43.9968364238739, 43.91704440116882, 42.08435368537903,]
