best-result = 94.3417010307312
warmup-time = 96.60783338546753
all-measurements = [ 94.3417010307312, 95.8654932975769, 98.02609825134277,]
