best-result = 27.448445558547974
warmup-time = 29.004149436950684
all-measurements = [ 27.448445558547974, 29.360286951065063, 28.419511318206787,]
