best-result = 34.33848810195923
warmup-time = 35.09272265434265
all-measurements = [ 35.22256326675415, 35.186604738235474, 34.33848810195923,]
