best-result = 95.59276151657104
warmup-time = 86.6143536567688
all-measurements = [ 95.59276151657104, 97.84935331344604, 95.65227055549622,]
