best-result = 39.21989417076111
warmup-time = 37.39828896522522
all-measurements = [ 39.69507575035095, 39.21989417076111, 39.76242470741272,]
