best-result = 43.373764991760254
warmup-time = 45.14793920516968
all-measurements = [ 43.4089515209198, 43.373764991760254, 44.12418580055237,]
