best-result = 28.074117183685303
warmup-time = 27.854154109954834
all-measurements = [ 28.866451263427734, 28.074117183685303, 28.92785143852234,]
