best-result = 636.6693542003632
warmup-time = 685.217217206955
all-measurements = [ 639.4879937171936, 641.3765931129456, 636.6693542003632,]
