best-result = 171.75165009498596
warmup-time = 171.46908044815063
all-measurements = [ 171.75165009498596, 172.69596338272095, 174.11028003692627,]
