best-result = 52.88631558418274
warmup-time = 66.57797574996948
all-measurements = [ 68.12961506843567, 52.88631558418274, 65.48692464828491,]
