best-result = 25.526135444641113
warmup-time = 26.42517066001892
all-measurements = [ 25.770894289016724, 25.954777002334595, 25.526135444641113,]
