best-result = 36.105961084365845
warmup-time = 38.189494609832764
all-measurements = [ 37.375009298324585, 38.232897996902466, 36.105961084365845,]
