best-result = 32.1493136882782
warmup-time = 31.960795164108276
all-measurements = [ 32.1493136882782, 32.468788862228394, 32.38357877731323,]
