best-result = 260.8628408908844
warmup-time = 272.984747171402
all-measurements = [ 265.16473722457886, 265.339586019516, 260.8628408908844,]
