best-result = 36.237247943878174
warmup-time = 37.14099359512329
all-measurements = [ 36.553993701934814, 37.419225215911865, 36.237247943878174,]
