best-result = 42.238431215286255
warmup-time = 41.611093282699585
all-measurements = [ 42.23899817466736, 42.238431215286255, 42.624515771865845,]
