best-result = 50.22878956794739
warmup-time = 50.83414554595947
all-measurements = [ 50.22878956794739, 50.84441256523132, 50.687477827072144,]
