best-result = 34.25801205635071
warmup-time = 35.93963646888733
all-measurements = [ 34.25801205635071, 34.79070544242859, 34.77595520019531,]
