best-result = 37.363288164138794
warmup-time = 39.307708978652954
all-measurements = [ 38.49644184112549, 38.698282957077026, 37.363288164138794,]
