best-result = 59.61467409133911
warmup-time = 62.32100486755371
all-measurements = [ 61.920427083969116, 59.61467409133911, 66.31116604804993,]
