best-result = 228.34592509269714
warmup-time = 234.09444665908813
all-measurements = [ 230.03710317611694, 229.7872130870819, 228.34592509269714,]
