best-result = 525.5081958770752
warmup-time = 528.8873822689056
all-measurements = [ 526.4448597431183, 525.5081958770752, 526.0159304141998,]
