best-result = 39.26727652549744
warmup-time = 36.95850229263306
all-measurements = [ 39.26727652549744, 45.34729862213135, 43.29647445678711,]
