best-result = 62.74206805229187
warmup-time = 65.98215103149414
all-measurements = [ 67.10409498214722, 64.76656818389893, 62.74206805229187,]
