best-result = 27.651253700256348
warmup-time = 27.998581171035767
all-measurements = [ 27.651253700256348, 28.26961612701416, 27.962558269500732,]
