best-result = 33.98714542388916
warmup-time = 33.656890630722046
all-measurements = [ 33.98714542388916, 37.02996277809143, 36.872695207595825,]
