best-result = 32.03527617454529
warmup-time = 34.44630193710327
all-measurements = [ 33.83808660507202, 32.03527617454529, 33.47715520858765,]
