best-result = 42.661550760269165
warmup-time = 44.3123722076416
all-measurements = [ 42.661550760269165, 44.93266224861145, 44.278385639190674,]
