best-result = 95.02270841598511
warmup-time = 97.53530526161194
all-measurements = [ 97.82126927375793, 95.02270841598511, 100.9265034198761,]
