best-result = 28.814125299453735
warmup-time = 29.31374764442444
all-measurements = [ 28.814125299453735, 29.45101523399353, 29.31888175010681,]
