best-result = 34.262810945510864
warmup-time = 34.8934371471405
all-measurements = [ 34.87196445465088, 34.262810945510864, 34.47543692588806,]
