best-result = 89.44170808792114
warmup-time = 87.64672327041626
all-measurements = [ 97.01582264900208, 94.58213210105896, 89.44170808792114,]
