best-result = 40.32148456573486
warmup-time = 41.1338369846344
all-measurements = [ 40.50617265701294, 40.32148456573486, 41.42155718803406,]
