best-result = 42.531041383743286
warmup-time = 44.57072401046753
all-measurements = [ 47.620418548583984, 42.531041383743286, 45.39193868637085,]
