best-result = 27.663622856140137
warmup-time = 29.059622764587402
all-measurements = [ 27.663622856140137, 29.24339771270752, 28.973039865493774,]
