best-result = 688.1618585586548
warmup-time = 729.1660075187683
all-measurements = [ 688.1618585586548, 694.5800647735596, 694.6628861427307,]
