best-result = 174.5093915462494
warmup-time = 179.66739869117737
all-measurements = [ 176.3864550590515, 174.5093915462494, 178.14769315719604,]
