best-result = 43.9432156085968
warmup-time = 44.659794092178345
all-measurements = [ 43.9432156085968, 45.27797245979309, 44.77231788635254,]
