best-result = 65.8953001499176
warmup-time = 67.25695562362671
all-measurements = [ 66.42658424377441, 67.59037733078003, 65.8953001499176,]
