best-result = 22.471121072769165
warmup-time = 22.699710607528687
all-measurements = [ 22.471121072769165, 23.10028600692749, 22.557274103164673,]
