best-result = 46.56729292869568
warmup-time = 62.17793011665344
all-measurements = [ 47.166590452194214, 46.56729292869568, 46.85901069641113,]
