best-result = 45.810925006866455
warmup-time = 58.03176188468933
all-measurements = [ 45.810925006866455, 45.991169691085815, 46.177794456481934,]
