best-result = 932.8707737922668
warmup-time = 1112.4160981178284
all-measurements = [ 944.2459244728088, 953.672000169754, 932.8707737922668,]
