best-result = 84.66394257545471
warmup-time = 99.7070198059082
all-measurements = [ 85.42002439498901, 84.66394257545471, 84.68281602859497,]
