best-result = 80.42757439613342
warmup-time = 100.85418367385864
all-measurements = [ 80.42757439613342, 81.55601358413696, 90.33259868621826,]
