best-result = 69.37366652488708
warmup-time = 97.71819758415222
all-measurements = [ 69.37366652488708, 70.27305364608765, 70.23417520523071,]
