best-result = 91.12554550170898
warmup-time = 105.1842691898346
all-measurements = [ 91.31784963607788, 91.12554550170898, 92.15403580665588,]
