best-result = 635.026947259903
warmup-time = 657.0392091274261
all-measurements = [ 635.026947259903, 638.908439874649, 640.0722818374634,]
