best-result = 64.64505743980408
warmup-time = 75.78594875335693
all-measurements = [ 64.80078554153442, 64.82619762420654, 64.64505743980408,]
