best-result = 219.45114731788635
warmup-time = 366.8576066493988
all-measurements = [ 219.45114731788635, 219.5369155406952, 222.68717241287231,]
