best-result = 435.58364629745483
warmup-time = 871.1221017837524
all-measurements = [ 437.03743410110474, 437.01907563209534, 435.58364629745483,]
