best-result = 61.11917042732239
warmup-time = 77.50866436958313
all-measurements = [ 61.11917042732239, 61.85248684883118, 61.71762657165527,]
