best-result = 140.35077810287476
warmup-time = 176.40905380249023
all-measurements = [ 142.2839117050171, 140.35077810287476, 141.08863353729248,]
