best-result = 866.7891247272491
warmup-time = 904.9455888271332
all-measurements = [ 868.952264547348, 866.7891247272491, 871.4339101314545,]
