best-result = 27.154314041137695
warmup-time = 36.015538930892944
all-measurements = [ 27.154314041137695, 27.5217182636261, 27.696301460266113,]
