best-result = 56.91699457168579
warmup-time = 69.85350298881531
all-measurements = [ 57.689825773239136, 56.91699457168579, 57.028093576431274,]
