best-result = 59.26468229293823
warmup-time = 72.94004273414612
all-measurements = [ 59.2936224937439, 59.26468229293823, 59.26981830596924,]
