best-result = 108.71743035316467
warmup-time = 136.53238773345947
all-measurements = [ 113.35030317306519, 128.7595615386963, 108.71743035316467,]
