best-result = 776.9484839439392
warmup-time = 842.4677538871765
all-measurements = [ 776.9484839439392, 780.9144473075867, 780.997763633728,]
