best-result = 33.739686012268066
warmup-time = 42.51431322097778
all-measurements = [ 33.956400632858276, 33.75679349899292, 33.739686012268066,]
