best-result = 53.70621871948242
warmup-time = 70.0320315361023
all-measurements = [ 53.70621871948242, 54.127469301223755, 53.93437194824219,]
