best-result = 1591.9657306671143
warmup-time = 1943.2427985668182
all-measurements = [ 2098.321752548218, 1865.9260733127594, 1591.9657306671143,]
