best-result = 48.717527866363525
warmup-time = 71.40346050262451
all-measurements = [ 49.3873507976532, 49.7855544090271, 48.717527866363525,]
