best-result = 78.24097156524658
warmup-time = 97.69112467765808
all-measurements = [ 78.62154483795166, 78.24097156524658, 78.47408509254456,]
