best-result = 36.19974637031555
warmup-time = 45.543551445007324
all-measurements = [ 36.38158059120178, 36.19974637031555, 36.40075755119324,]
