best-result = 341.37555050849915
warmup-time = 476.439692735672
all-measurements = [ 342.96813583374023, 341.37555050849915, 346.63920617103577,]
