best-result = 103.42550659179688
warmup-time = 128.5722725391388
all-measurements = [ 103.55790042877197, 104.4409670829773, 103.42550659179688,]
