best-result = 58.96132230758667
warmup-time = 60.358649492263794
all-measurements = [ 59.44722104072571, 58.96132230758667, 59.72514820098877,]
