best-result = 22.84699273109436
warmup-time = 24.052425861358643
all-measurements = [ 23.1012282371521, 23.19117569923401, 22.84699273109436,]
