best-result = 47.00970125198364
warmup-time = 64.63920426368713
all-measurements = [ 47.1096453666687, 47.43255639076233, 47.00970125198364,]
