best-result = 46.662503242492676
warmup-time = 58.60824155807495
all-measurements = [ 46.662503242492676, 47.01541519165039, 46.72359776496887,]
