best-result = 935.885745048523
warmup-time = 1133.9374437332153
all-measurements = [ 935.885745048523, 944.4871850013733, 939.333958864212,]
