best-result = 85.36601138114929
warmup-time = 99.90291404724121
all-measurements = [ 85.36601138114929, 85.99145340919495, 85.55039668083191,]
