best-result = 82.28699707984924
warmup-time = 102.47934603691101
all-measurements = [ 82.28699707984924, 82.50765371322632, 82.84812688827515,]
