best-result = 70.29474759101868
warmup-time = 91.41139912605286
all-measurements = [ 70.3144805431366, 70.70485949516296, 70.29474759101868,]
