best-result = 90.93021941184998
warmup-time = 105.55649709701538
all-measurements = [ 90.93021941184998, 92.35099697113037, 91.98000192642212,]
