best-result = 634.2779774665833
warmup-time = 654.2054643630981
all-measurements = [ 635.6273279190063, 634.2779774665833, 636.196840763092,]
