best-result = 64.76182818412781
warmup-time = 79.71964597702026
all-measurements = [ 64.89871454238892, 64.76182818412781, 65.47736144065857,]
