best-result = 222.313720703125
warmup-time = 370.41784381866455
all-measurements = [ 222.34962224960327, 223.2273678779602, 222.313720703125,]
