best-result = 440.09013199806213
warmup-time = 878.7197105884552
all-measurements = [ 440.09013199806213, 440.41535806655884, 440.9578914642334,]
