best-result = 62.31785178184509
warmup-time = 78.38584089279175
all-measurements = [ 62.31785178184509, 62.69331383705139, 62.5883469581604,]
