best-result = 142.57459115982056
warmup-time = 171.92663979530334
all-measurements = [ 142.57459115982056, 143.72373700141907, 143.33951544761658,]
