best-result = 885.1503908634186
warmup-time = 918.6161062717438
all-measurements = [ 885.1503908634186, 896.5128519535065, 896.095826625824,]
