best-result = 27.327534914016724
warmup-time = 37.327064990997314
all-measurements = [ 27.809462070465088, 27.327534914016724, 27.485488891601562,]
