best-result = 58.68917751312256
warmup-time = 71.8062789440155
all-measurements = [ 58.821330547332764, 58.68917751312256, 60.032209157943726,]
