best-result = 59.01665186882019
warmup-time = 74.7799665927887
all-measurements = [ 60.04912757873535, 59.40142488479614, 59.01665186882019,]
