best-result = 111.7267963886261
warmup-time = 137.11697697639465
all-measurements = [ 111.88842463493347, 111.76397490501404, 111.7267963886261,]
