best-result = 786.3907647132874
warmup-time = 860.9560463428497
all-measurements = [ 815.7647325992584, 787.0434730052948, 786.3907647132874,]
