best-result = 33.66912484169006
warmup-time = 41.160147190093994
all-measurements = [ 33.70436644554138, 34.52490520477295, 33.66912484169006,]
