best-result = 55.11997580528259
warmup-time = 70.49250888824463
all-measurements = [ 55.11997580528259, 55.201343297958374, 55.2680606842041,]
