best-result = 1668.7307260036469
warmup-time = 2901.8329606056213
all-measurements = [ 3364.725122690201, 1668.7307260036469, 3314.08948636055,]
