best-result = 49.47102665901184
warmup-time = 73.18453645706177
all-measurements = [ 49.47102665901184, 49.92908954620361, 51.09802603721619,]
