best-result = 79.16246056556702
warmup-time = 97.76728296279907
all-measurements = [ 79.48520493507385, 79.19511485099792, 79.16246056556702,]
