best-result = 36.95895338058472
warmup-time = 46.389400243759155
all-measurements = [ 37.143871545791626, 37.0927197933197, 36.95895338058472,]
