best-result = 359.0372953414917
warmup-time = 493.78202199935913
all-measurements = [ 359.0372953414917, 365.1217565536499, 360.72221875190735,]
