best-result = 58.89904284477234
warmup-time = 59.59202194213867
all-measurements = [ 58.89904284477234, 59.2362642288208, 59.563504219055176,]
