best-result = 25.74472975730896
warmup-time = 26.857491493225098
all-measurements = [ 25.74472975730896, 27.098142385482788, 25.947911500930786,]
