best-result = 35.980193853378296
warmup-time = 38.8773934841156
all-measurements = [ 37.60310769081116, 35.980193853378296, 37.78869128227234,]
