best-result = 31.127793788909912
warmup-time = 31.8871111869812
all-measurements = [ 32.081270933151245, 31.127793788909912, 31.941805601119995,]
