best-result = 264.28133845329285
warmup-time = 265.2378902435303
all-measurements = [ 267.1287624835968, 264.28133845329285, 268.93508100509644,]
