best-result = 37.07401752471924
warmup-time = 36.847580432891846
all-measurements = [ 37.07401752471924, 37.28269290924072, 37.74263334274292,]
