best-result = 40.453805685043335
warmup-time = 42.07747983932495
all-measurements = [ 41.16792631149292, 42.48590612411499, 40.453805685043335,]
