best-result = 48.71384954452515
warmup-time = 51.18117141723633
all-measurements = [ 48.71384954452515, 51.507845878601074, 49.422009229660034,]
