best-result = 31.819430351257324
warmup-time = 34.403016328811646
all-measurements = [ 33.902177810668945, 34.201587200164795, 31.819430351257324,]
