best-result = 36.02247333526611
warmup-time = 38.57376503944397
all-measurements = [ 36.02247333526611, 37.618993282318115, 37.943121910095215,]
