best-result = 62.52766680717468
warmup-time = 68.13174867630005
all-measurements = [ 64.22757291793823, 65.95330286026001, 62.52766680717468,]
