best-result = 225.69842863082886
warmup-time = 229.06362342834473
all-measurements = [ 227.5916748046875, 225.69842863082886, 228.43801760673523,]
