best-result = 519.9456405639648
warmup-time = 529.0338699817657
all-measurements = [ 519.9456405639648, 521.9887158870697, 524.3530201911926,]
