best-result = 36.51588582992554
warmup-time = 37.99506163597107
all-measurements = [ 37.64962148666382, 36.51588582992554, 37.53218960762024,]
