best-result = 69.80236148834229
warmup-time = 82.53787994384766
all-measurements = [ 69.80236148834229, 70.91397452354431, 82.09652280807495,]
