best-result = 62.01502060890198
warmup-time = 61.94961452484131
all-measurements = [ 62.85647130012512, 62.01502060890198, 63.76839303970337,]
