best-result = 28.379650592803955
warmup-time = 27.995054721832275
all-measurements = [ 29.50994563102722, 28.379650592803955, 28.93665623664856,]
