best-result = 32.90257692337036
warmup-time = 36.34664535522461
all-measurements = [ 32.90257692337036, 35.71093821525574, 33.81056070327759,]
