best-result = 33.329362869262695
warmup-time = 34.54840850830078
all-measurements = [ 34.15862274169922, 33.56316804885864, 33.329362869262695,]
