best-result = 43.237072229385376
warmup-time = 44.247844219207764
all-measurements = [ 44.43891620635986, 43.237072229385376, 45.233909130096436,]
