best-result = 96.43518280982971
warmup-time = 97.5738525390625
all-measurements = [ 96.44655442237854, 98.52873349189758, 96.43518280982971,]
