best-result = 27.767062664031982
warmup-time = 29.890467405319214
all-measurements = [ 29.500632286071777, 29.466936826705933, 27.767062664031982,]
