best-result = 34.59745526313782
warmup-time = 34.7016704082489
all-measurements = [ 36.57424783706665, 35.62193727493286, 34.59745526313782,]
