best-result = 91.51234865188599
warmup-time = 89.63212609291077
all-measurements = [ 91.51234865188599, 92.79321932792664, 94.21449208259583,]
