best-result = 39.00151538848877
warmup-time = 39.87202191352844
all-measurements = [ 40.251765727996826, 39.00151538848877, 40.084367990493774,]
