best-result = 44.19528651237488
warmup-time = 45.790852785110474
all-measurements = [ 45.84873127937317, 44.19528651237488, 45.526442527770996,]
