best-result = 27.977202653884888
warmup-time = 28.49375319480896
all-measurements = [ 27.977202653884888, 28.65633511543274, 28.966562747955322,]
