best-result = 718.2763850688934
warmup-time = 741.3372714519501
all-measurements = [ 724.6723897457123, 718.2763850688934, 719.4894118309021,]
