best-result = 173.49374890327454
warmup-time = 176.87557888031006
all-measurements = [ 173.49374890327454, 174.79367017745972, 174.3011453151703,]
