best-result = 57.68869614601135
warmup-time = 71.43730020523071
all-measurements = [ 67.27618646621704, 70.11460161209106, 57.68869614601135,]
