best-result = 22.42486548423767
warmup-time = 22.59136176109314
all-measurements = [ 23.122745752334595, 22.42486548423767, 22.9327654838562,]
