best-result = 46.61603546142578
warmup-time = 63.63825988769531
all-measurements = [ 47.8393440246582, 46.86776304244995, 46.61603546142578,]
