best-result = 46.22131943702698
warmup-time = 58.10553765296936
all-measurements = [ 48.155723094940186, 46.22131943702698, 46.4630663394928,]
