best-result = 946.7755446434021
warmup-time = 1170.2281486988068
all-measurements = [ 965.7066159248352, 950.0177757740021, 946.7755446434021,]
