best-result = 83.49621963500977
warmup-time = 97.93056201934814
all-measurements = [ 85.13235521316528, 83.49621963500977, 84.8802375793457,]
