best-result = 80.06623697280884
warmup-time = 103.45141100883484
all-measurements = [ 80.06623697280884, 80.43130731582642, 80.34506583213806,]
