best-result = 69.81495499610901
warmup-time = 92.35511994361877
all-measurements = [ 70.04486584663391, 69.81495499610901, 70.19487071037292,]
