best-result = 90.58864998817444
warmup-time = 105.25860834121704
all-measurements = [ 90.79577708244324, 90.58864998817444, 90.71711373329163,]
