best-result = 618.7670519351959
warmup-time = 630.1668140888214
all-measurements = [ 618.7670519351959, 619.048764705658, 624.0998213291168,]
