best-result = 64.17685103416443
warmup-time = 76.87382078170776
all-measurements = [ 64.8741238117218, 64.17685103416443, 64.36573719978333,]
