best-result = 222.54020428657532
warmup-time = 375.7338101863861
all-measurements = [ 226.07723093032837, 222.54020428657532, 223.5172517299652,]
