best-result = 443.89379501342773
warmup-time = 893.0836019515991
all-measurements = [ 449.4500458240509, 443.89379501342773, 446.33726382255554,]
