best-result = 61.050273418426514
warmup-time = 78.3698878288269
all-measurements = [ 62.199275970458984, 61.050273418426514, 61.47546124458313,]
