best-result = 141.4163100719452
warmup-time = 170.6952793598175
all-measurements = [ 141.4163100719452, 142.08276772499084, 142.00216460227966,]
