best-result = 865.5723233222961
warmup-time = 903.2309010028839
all-measurements = [ 865.5723233222961, 868.8081815242767, 868.786972284317,]
