best-result = 27.310532331466675
warmup-time = 34.71263098716736
all-measurements = [ 27.310532331466675, 27.889929056167603, 27.418144464492798,]
