best-result = 57.23086357116699
warmup-time = 69.1941351890564
all-measurements = [ 57.585660457611084, 57.23086357116699, 58.02829575538635,]
