best-result = 57.609487771987915
warmup-time = 72.33626413345337
all-measurements = [ 58.692038774490356, 57.609487771987915, 58.67974233627319,]
