best-result = 109.11759924888611
warmup-time = 137.09469604492188
all-measurements = [ 110.50191187858582, 109.58934807777405, 109.11759924888611,]
