best-result = 776.5472390651703
warmup-time = 840.5145280361176
all-measurements = [ 779.3509721755981, 779.4385635852814, 776.5472390651703,]
