best-result = 33.265541315078735
warmup-time = 41.72183871269226
all-measurements = [ 34.37827706336975, 33.265541315078735, 33.683592796325684,]
