best-result = 53.347145557403564
warmup-time = 70.02271747589111
all-measurements = [ 54.08090853691101, 53.347145557403564, 53.667431116104126,]
