best-result = 1456.8266870975494
warmup-time = 1637.1046397686005
all-measurements = [ 1456.8266870975494, 1512.2014486789703, 1780.0901811122894,]
