best-result = 48.870113372802734
warmup-time = 71.44432497024536
all-measurements = [ 49.637041330337524, 48.870113372802734, 49.11435055732727,]
