best-result = 78.31774926185608
warmup-time = 98.91611289978027
all-measurements = [ 78.47209906578064, 78.31774926185608, 78.42328333854675,]
