best-result = 36.260509729385376
warmup-time = 44.47462177276611
all-measurements = [ 36.651668310165405, 36.28954720497131, 36.260509729385376,]
