best-result = 339.18858528137207
warmup-time = 487.5221791267395
all-measurements = [ 342.6433815956116, 339.18858528137207, 342.02245688438416,]
