best-result = 103.96904850006104
warmup-time = 127.0530333518982
all-measurements = [ 103.96904850006104, 104.30231738090515, 104.2084481716156,]
