best-result = 58.394270181655884
warmup-time = 58.74222421646118
all-measurements = [ 58.394270181655884, 59.259281396865845, 58.568604946136475,]
