best-result = 22.279826641082764
warmup-time = 22.616324186325073
all-measurements = [ 22.435163974761963, 22.745319843292236, 22.279826641082764,]
