best-result = 46.25846862792969
warmup-time = 60.378920793533325
all-measurements = [ 46.25846862792969, 46.6704204082489, 47.156309366226196,]
