best-result = 45.972408056259155
warmup-time = 57.591628313064575
all-measurements = [ 46.24417996406555, 45.972408056259155, 46.19704747200012,]
