best-result = 935.3571856021881
warmup-time = 1122.8601171970367
all-measurements = [ 935.3571856021881, 937.8762934207916, 938.1345248222351,]
