best-result = 84.19329333305359
warmup-time = 98.88886046409607
all-measurements = [ 85.12515020370483, 84.19329333305359, 84.64312291145325,]
