best-result = 81.62171411514282
warmup-time = 103.00579190254211
all-measurements = [ 81.73950505256653, 81.62171411514282, 82.061678647995,]
