best-result = 69.44104862213135
warmup-time = 91.4221818447113
all-measurements = [ 70.07116150856018, 69.44104862213135, 69.88471460342407,]
