best-result = 90.75372672080994
warmup-time = 105.7750952243805
all-measurements = [ 90.75372672080994, 91.67197275161743, 91.20912480354309,]
