best-result = 645.1168792247772
warmup-time = 657.7101008892059
all-measurements = [ 645.1168792247772, 646.3130333423615, 647.3475387096405,]
