best-result = 63.88765001296997
warmup-time = 78.72847390174866
all-measurements = [ 63.91925835609436, 63.88765001296997, 63.978694677352905,]
