best-result = 208.37802171707153
warmup-time = 368.5661211013794
all-measurements = [ 209.50317573547363, 208.37802171707153, 210.3941831588745,]
