best-result = 427.1140515804291
warmup-time = 877.0506317615509
all-measurements = [ 431.91765880584717, 434.5470960140228, 427.1140515804291,]
