best-result = 62.036566734313965
warmup-time = 77.74144744873047
all-measurements = [ 62.036566734313965, 62.045876264572144, 62.12593865394592,]
