best-result = 38.96326041221619
warmup-time = 47.750163316726685
all-measurements = [ 40.561718225479126, 38.96326041221619, 39.750041007995605,]
