best-result = 139.38179802894592
warmup-time = 161.4783639907837
all-measurements = [ 139.38179802894592, 139.52777457237244, 140.23390889167786,]
