best-result = 898.9001383781433
warmup-time = 934.3730142116547
all-measurements = [ 900.7044160366058, 898.9001383781433, 906.6613976955414,]
