best-result = 27.052001476287842
warmup-time = 34.967875480651855
all-measurements = [ 27.69147777557373, 27.29371953010559, 27.052001476287842,]
