best-result = 57.932679891586304
warmup-time = 71.56643605232239
all-measurements = [ 58.390501499176025, 57.932679891586304, 58.81279468536377,]
