best-result = 59.127997398376465
warmup-time = 73.41953492164612
all-measurements = [ 59.223602056503296, 59.127997398376465, 59.51279664039612,]
