best-result = 110.37485337257385
warmup-time = 137.55466055870056
all-measurements = [ 111.46878004074097, 110.37485337257385, 110.91865587234497,]
