best-result = 782.3392946720123
warmup-time = 858.1202220916748
all-measurements = [ 782.3392946720123, 785.1528556346893, 789.5591790676117,]
