best-result = 33.35804104804993
warmup-time = 40.46375107765198
all-measurements = [ 33.35804104804993, 33.90872836112976, 33.874295711517334,]
