best-result = 54.8268187046051
warmup-time = 70.21870136260986
all-measurements = [ 54.92045331001282, 54.87966012954712, 54.8268187046051,]
