best-result = 1341.011890888214
warmup-time = 2026.0679776668549
all-measurements = [ 1855.12277841568, 1341.011890888214, 1915.7984535694122,]
