best-result = 48.83001136779785
warmup-time = 71.24112796783447
all-measurements = [ 49.28620529174805, 49.4031035900116, 48.83001136779785,]
