best-result = 78.92652320861816
warmup-time = 98.17078518867493
all-measurements = [ 79.88189339637756, 79.67241215705872, 78.92652320861816,]
