best-result = 39.62489056587219
warmup-time = 46.929086446762085
all-measurements = [ 39.62489056587219, 40.73667311668396, 41.48036789894104,]
