best-result = 345.9683618545532
warmup-time = 494.79321813583374
all-measurements = [ 347.0396239757538, 345.9683618545532, 352.216472864151,]
