best-result = 58.92906069755554
warmup-time = 59.56973671913147
all-measurements = [ 59.2492458820343, 59.35936975479126, 58.92906069755554,]
