best-result = 22.723103046417236
warmup-time = 22.678704738616943
all-measurements = [ 22.723103046417236, 23.03314757347107, 22.87198281288147,]
