best-result = 46.71315383911133
warmup-time = 64.9166088104248
all-measurements = [ 46.91312074661255, 46.71315383911133, 47.302549839019775,]
