best-result = 46.3397536277771
warmup-time = 59.49037432670593
all-measurements = [ 46.81871294975281, 46.3397536277771, 46.62763214111328,]
