best-result = 928.2308745384216
warmup-time = 1145.3089003562927
all-measurements = [ 928.2308745384216, 942.4396793842316, 932.8565142154694,]
