best-result = 85.47394919395447
warmup-time = 99.7097659111023
all-measurements = [ 85.47394919395447, 86.3549222946167, 85.8872447013855,]
