best-result = 985.0253341197968
warmup-time = 1015.559428691864
all-measurements = [ 988.120768070221, 998.427078962326, 985.0253341197968,]
