best-result = 82.68470478057861
warmup-time = 104.6060905456543
all-measurements = [ 83.51078844070435, 82.68845891952515, 82.68470478057861,]
