best-result = 68.00116467475891
warmup-time = 88.26881194114685
all-measurements = [ 68.6574559211731, 68.00116467475891, 68.61153769493103,]
