best-result = 91.10483813285828
warmup-time = 105.0930426120758
all-measurements = [ 91.7015495300293, 91.10483813285828, 91.34515190124512,]
