best-result = 63.72212100028992
warmup-time = 80.07720422744751
all-measurements = [ 63.877973556518555, 63.72212100028992, 63.86267709732056,]
