best-result = 209.09578466415405
warmup-time = 367.2921726703644
all-measurements = [ 210.30167746543884, 209.28779077529907, 209.09578466415405,]
