best-result = 428.5746965408325
warmup-time = 882.2229781150818
all-measurements = [ 428.5746965408325, 432.4615592956543, 429.8164894580841,]
