best-result = 62.35820555686951
warmup-time = 79.12225389480591
all-measurements = [ 62.517329454422, 62.35820555686951, 62.934879779815674,]
