best-result = 39.54108262062073
warmup-time = 47.76194977760315
all-measurements = [ 40.09728145599365, 40.148863792419434, 39.54108262062073,]
