best-result = 138.30459451675415
warmup-time = 164.894371509552
all-measurements = [ 139.3808217048645, 139.5516049861908, 138.30459451675415,]
