best-result = 904.7561292648315
warmup-time = 937.8108329772949
all-measurements = [ 906.0093443393707, 906.921614408493, 904.7561292648315,]
