best-result = 27.340714931488037
warmup-time = 35.611342430114746
all-measurements = [ 27.921711921691895, 27.340714931488037, 28.05304527282715,]
