best-result = 57.24172377586365
warmup-time = 68.50114345550537
all-measurements = [ 57.96305060386658, 58.29654884338379, 57.24172377586365,]
