best-result = 59.750322103500366
warmup-time = 74.9819483757019
all-measurements = [ 60.302998065948486, 59.915003299713135, 59.750322103500366,]
