best-result = 111.34437870979309
warmup-time = 138.12857270240784
all-measurements = [ 111.83652877807617, 112.15236735343933, 111.34437870979309,]
