best-result = 787.9193320274353
warmup-time = 860.6301960945129
all-measurements = [ 787.9256310462952, 787.9193320274353, 788.6085765361786,]
