best-result = 33.55172061920166
warmup-time = 42.74272155761719
all-measurements = [ 33.55172061920166, 34.51057744026184, 33.95009160041809,]
