best-result = 55.50757384300232
warmup-time = 72.31599020957947
all-measurements = [ 56.002421140670776, 55.50757384300232, 55.908326387405396,]
