best-result = 1444.3553721904755
warmup-time = 2215.2189571857452
all-measurements = [ 1444.3553721904755, 1483.4944546222687, 1715.6177351474762,]
