best-result = 48.83089089393616
warmup-time = 70.24791860580444
all-measurements = [ 48.850934743881226, 49.201964139938354, 48.83089089393616,]
