best-result = 77.94178938865662
warmup-time = 97.11122345924377
all-measurements = [ 79.10832667350769, 78.51996183395386, 77.94178938865662,]
