best-result = 36.93963599205017
warmup-time = 45.12539005279541
all-measurements = [ 37.160757541656494, 36.93963599205017, 37.515141010284424,]
