best-result = 353.23721528053284
warmup-time = 492.6529657840729
all-measurements = [ 353.23721528053284, 361.5643515586853, 353.93205642700195,]
