best-result = 58.9438042640686
warmup-time = 60.09906482696533
all-measurements = [ 59.2677743434906, 59.217456340789795, 58.9438042640686,]
