best-result = 23.71195387840271
warmup-time = 24.125215530395508
all-measurements = [ 24.016026973724365, 23.991700410842896, 23.71195387840271,]
