best-result = 47.70979452133179
warmup-time = 66.57737731933594
all-measurements = [ 48.5184588432312, 47.70979452133179, 48.03658676147461,]
