best-result = 47.62972402572632
warmup-time = 60.29219722747803
all-measurements = [ 47.62972402572632, 47.729613304138184, 47.800456285476685,]
