best-result = 922.1225073337555
warmup-time = 1137.9638345241547
all-measurements = [ 923.2410960197449, 922.1225073337555, 923.503378868103,]
