best-result = 88.42587733268738
warmup-time = 103.23726081848145
all-measurements = [ 88.42587733268738, 88.63316440582275, 89.0013780593872,]
