best-result = 1018.3307657241821
warmup-time = 1046.7913978099823
all-measurements = [ 1018.3307657241821, 1019.0459561347961, 1024.185349702835,]
