best-result = 84.65549540519714
warmup-time = 107.50874638557434
all-measurements = [ 85.3976719379425, 85.12933373451233, 84.65549540519714,]
