best-result = 69.72654056549072
warmup-time = 91.58091521263123
all-measurements = [ 70.80546760559082, 70.06785225868225, 69.72654056549072,]
