best-result = 94.7718939781189
warmup-time = 109.61459159851074
all-measurements = [ 95.03420734405518, 95.41181969642639, 94.7718939781189,]
