best-result = 662.6323208808899
warmup-time = 686.4903583526611
all-measurements = [ 669.3577084541321, 662.6323208808899, 669.4725542068481,]
