best-result = 64.61202764511108
warmup-time = 83.13038206100464
all-measurements = [ 64.65099692344666, 64.61202764511108, 64.6790406703949,]
