best-result = 211.2077865600586
warmup-time = 372.87869358062744
all-measurements = [ 211.2077865600586, 212.40270590782166, 213.55778527259827,]
