best-result = 444.5430920124054
warmup-time = 898.1611857414246
all-measurements = [ 444.5430920124054, 449.9846827983856, 448.54723596572876,]
