best-result = 65.1823091506958
warmup-time = 82.32684469223022
all-measurements = [ 65.1823091506958, 65.6976523399353, 65.77340912818909,]
