best-result = 41.28070950508118
warmup-time = 50.138612031936646
all-measurements = [ 41.855576276779175, 41.617202281951904, 41.28070950508118,]
