best-result = 140.45707154273987
warmup-time = 167.0463089942932
all-measurements = [ 140.969624042511, 140.45707154273987, 140.6761598587036,]
