best-result = 953.1042187213898
warmup-time = 983.6040344238281
all-measurements = [ 989.9818563461304, 953.1042187213898, 956.2453286647797,]
