best-result = 28.65155577659607
warmup-time = 38.68909215927124
all-measurements = [ 28.765105724334717, 28.65155577659607, 29.067647218704224,]
