best-result = 59.20655608177185
warmup-time = 72.76597690582275
all-measurements = [ 59.87214970588684, 59.244784116744995, 59.20655608177185,]
