best-result = 62.064453125
warmup-time = 77.43522691726685
all-measurements = [ 62.55438804626465, 62.064453125, 62.17657923698425,]
