best-result = 113.40229368209839
warmup-time = 142.47396111488342
all-measurements = [ 113.40229368209839, 113.96073818206787, 128.38313913345337,]
