best-result = 887.4945442676544
warmup-time = 1018.2908091545105
all-measurements = [ 918.7532432079315, 918.3687133789062, 887.4945442676544,]
