best-result = 34.924131631851196
warmup-time = 43.86390805244446
all-measurements = [ 35.30565690994263, 34.924131631851196, 35.83974552154541,]
