best-result = 57.26719403266907
warmup-time = 75.3505449295044
all-measurements = [ 57.46449947357178, 57.26719403266907, 57.47910284996033,]
