best-result = 1477.2416095733643
warmup-time = 1510.0047087669373
all-measurements = [ 1509.2043054103851, 2144.3124494552612, 1477.2416095733643,]
