best-result = 49.78924822807312
warmup-time = 70.88949060440063
all-measurements = [ 49.8697395324707, 50.14562201499939, 49.78924822807312,]
