best-result = 81.2235918045044
warmup-time = 99.17983508110046
all-measurements = [ 81.51085138320923, 81.2235918045044, 81.41760611534119,]
