best-result = 38.516122341156006
warmup-time = 47.23363757133484
all-measurements = [ 38.516122341156006, 38.70657515525818, 39.17110466957092,]
