best-result = 341.9948310852051
warmup-time = 492.72027921676636
all-measurements = [ 341.9948310852051, 344.3306186199188, 350.58145546913147,]
