best-result = 61.24565124511719
warmup-time = 61.41751408576965
all-measurements = [ 61.40601682662964, 61.24565124511719, 61.473793745040894,]
