best-result = 23.364686727523804
warmup-time = 23.602405309677124
all-measurements = [ 23.39344072341919, 23.392650842666626, 23.364686727523804,]
