best-result = 46.900277614593506
warmup-time = 63.83060669898987
all-measurements = [ 47.33348059654236, 47.1783709526062, 46.900277614593506,]
