best-result = 47.12806749343872
warmup-time = 58.2894127368927
all-measurements = [ 47.12806749343872, 47.36010551452637, 47.31782078742981,]
