best-result = 902.35915184021
warmup-time = 1085.1365990638733
all-measurements = [ 902.35915184021, 904.7557389736176, 903.5197780132294,]
