best-result = 85.6049211025238
warmup-time = 98.17938899993896
all-measurements = [ 86.69371509552002, 85.6049211025238, 86.06281614303589,]
