best-result = 985.1690685749054
warmup-time = 1021.8298993110657
all-measurements = [ 990.3370542526245, 993.055356502533, 985.1690685749054,]
