best-result = 66.44863533973694
warmup-time = 81.23914170265198
all-measurements = [ 66.44863533973694, 67.17278122901917, 66.84342694282532,]
