best-result = 84.02905225753784
warmup-time = 104.36620688438416
all-measurements = [ 84.02905225753784, 84.82260918617249, 85.18971872329712,]
