best-result = 68.86067509651184
warmup-time = 89.04342031478882
all-measurements = [ 68.86067509651184, 68.95797157287598, 68.8918993473053,]
