best-result = 92.1609275341034
warmup-time = 105.30559968948364
all-measurements = [ 92.1609275341034, 92.16777276992798, 92.51076054573059,]
