best-result = 642.7002444267273
warmup-time = 661.0929634571075
all-measurements = [ 642.7002444267273, 642.9972150325775, 644.5221951007843,]
