best-result = 62.95850992202759
warmup-time = 72.25276517868042
all-measurements = [ 62.95850992202759, 63.170897245407104, 63.502065896987915,]
