best-result = 192.04452633857727
warmup-time = 346.4277718067169
all-measurements = [ 194.0799400806427, 192.04452633857727, 193.45069098472595,]
