best-result = 382.7063777446747
warmup-time = 823.1378982067108
all-measurements = [ 385.744188785553, 385.89044666290283, 382.7063777446747,]
