best-result = 62.51061511039734
warmup-time = 79.12450098991394
all-measurements = [ 63.44100379943848, 62.59016942977905, 62.51061511039734,]
