best-result = 40.95167398452759
warmup-time = 48.63100266456604
all-measurements = [ 41.17948937416077, 40.95167398452759, 41.58631706237793,]
