best-result = 135.19114661216736
warmup-time = 166.7856090068817
all-measurements = [ 136.26650428771973, 136.20840096473694, 135.19114661216736,]
