best-result = 925.0040152072906
warmup-time = 969.8348002433777
all-measurements = [ 936.1917819976807, 928.8608582019806, 925.0040152072906,]
