best-result = 28.33575201034546
warmup-time = 37.774855613708496
all-measurements = [ 28.33575201034546, 28.455376625061035, 28.743188619613647,]
