best-result = 59.22347974777222
warmup-time = 73.19294667243958
all-measurements = [ 59.51741313934326, 60.312769174575806, 59.22347974777222,]
