best-result = 61.176350593566895
warmup-time = 74.57182335853577
all-measurements = [ 61.176350593566895, 61.25958013534546, 61.413386821746826,]
