best-result = 109.25723791122437
warmup-time = 138.271333694458
all-measurements = [ 111.17363142967224, 109.25723791122437, 111.33570051193237,]
