best-result = 773.1618695259094
warmup-time = 839.2217073440552
all-measurements = [ 773.1618695259094, 776.2625794410706, 774.554548740387,]
