best-result = 34.95828318595886
warmup-time = 43.04570460319519
all-measurements = [ 35.0395712852478, 34.95828318595886, 35.03649854660034,]
