best-result = 55.72691774368286
warmup-time = 71.24044895172119
all-measurements = [ 56.192055225372314, 55.72691774368286, 55.8642520904541,]
