best-result = 1885.3322410583496
warmup-time = 2045.1814064979553
all-measurements = [ 2376.454134464264, 2663.5453736782074, 1885.3322410583496,]
