best-result = 49.723119497299194
warmup-time = 70.16026091575623
all-measurements = [ 49.99391150474548, 50.17220377922058, 49.723119497299194,]
