best-result = 83.20808553695679
warmup-time = 100.81030440330505
all-measurements = [ 83.24795269966125, 83.20808553695679, 83.72899723052979,]
