best-result = 94.42430305480957
warmup-time = 115.94230246543884
all-measurements = [ 94.42430305480957, 94.65893721580505, 95.02029323577881,]
