best-result = 38.11646842956543
warmup-time = 47.65934991836548
all-measurements = [ 38.11646842956543, 38.57656931877136, 38.402530908584595,]
