best-result = 316.35401916503906
warmup-time = 447.4497377872467
all-measurements = [ 317.52540373802185, 333.651287317276, 316.35401916503906,]
