best-result = 60.66142821311951
warmup-time = 60.9901556968689
all-measurements = [ 60.8420946598053, 60.66142821311951, 60.88399577140808,]
