best-result = 25.05266571044922
warmup-time = 25.305105447769165
all-measurements = [ 25.05266571044922, 25.17492413520813, 25.240383625030518,]
