best-result = 34.259297132492065
warmup-time = 37.43007802963257
all-measurements = [ 36.426839113235474, 37.98216390609741, 34.259297132492065,]
