best-result = 30.171008586883545
warmup-time = 31.733608961105347
all-measurements = [ 30.171008586883545, 31.72809362411499, 31.679296016693115,]
