best-result = 263.6654212474823
warmup-time = 271.7165882587433
all-measurements = [ 268.1102602481842, 263.6654212474823, 268.4254891872406,]
