best-result = 36.61016511917114
warmup-time = 36.28151035308838
all-measurements = [ 36.61016511917114, 36.736998081207275, 37.061405181884766,]
