best-result = 41.52660536766052
warmup-time = 42.44263577461243
all-measurements = [ 41.57152533531189, 41.52660536766052, 42.00751781463623,]
