best-result = 50.385679483413696
warmup-time = 50.21619987487793
all-measurements = [ 50.540371894836426, 50.385679483413696, 51.081019163131714,]
