best-result = 34.06394028663635
warmup-time = 35.24579048156738
all-measurements = [ 34.2229642868042, 34.166743516922, 34.06394028663635,]
