best-result = 36.83332061767578
warmup-time = 38.09139823913574
all-measurements = [ 37.70504808425903, 38.10878276824951, 36.83332061767578,]
