best-result = 58.9298529624939
warmup-time = 62.46250033378601
all-measurements = [ 61.7453236579895, 59.514455795288086, 58.9298529624939,]
