best-result = 231.19356417655945
warmup-time = 230.8055453300476
all-measurements = [ 231.6858880519867, 232.87277936935425, 231.19356417655945,]
