best-result = 522.7739157676697
warmup-time = 525.9951705932617
all-measurements = [ 524.9991767406464, 527.3183796405792, 522.7739157676697,]
