best-result = 35.29409623146057
warmup-time = 36.90102291107178
all-measurements = [ 35.29409623146057, 35.47303247451782, 37.769253730773926,]
