best-result = 62.594531297683716
warmup-time = 63.76013469696045
all-measurements = [ 62.594531297683716, 63.08088278770447, 64.53333902359009,]
