best-result = 27.23187518119812
warmup-time = 27.400572061538696
all-measurements = [ 28.394221782684326, 28.21722388267517, 27.23187518119812,]
