best-result = 35.327433347702026
warmup-time = 35.99075961112976
all-measurements = [ 36.18408179283142, 35.327433347702026, 36.325275897979736,]
