best-result = 32.3193416595459
warmup-time = 33.761826276779175
all-measurements = [ 33.58214068412781, 32.35629200935364, 32.3193416595459,]
