best-result = 41.61695075035095
warmup-time = 43.1118369102478
all-measurements = [ 44.170071601867676, 43.648213148117065, 41.61695075035095,]
