best-result = 96.84014225006104
warmup-time = 98.61693263053894
all-measurements = [ 99.21868944168091, 96.84014225006104, 97.99952578544617,]
