best-result = 27.23862314224243
warmup-time = 27.15867781639099
all-measurements = [ 28.703245878219604, 29.388800382614136, 27.23862314224243,]
