best-result = 34.110379219055176
warmup-time = 33.428691148757935
all-measurements = [ 34.110379219055176, 35.03146743774414, 34.22649097442627,]
