best-result = 88.78436732292175
warmup-time = 98.35998344421387
all-measurements = [ 98.24920845031738, 88.78436732292175, 96.71690368652344,]
