best-result = 38.68965458869934
warmup-time = 40.30139970779419
all-measurements = [ 39.44811820983887, 38.68965458869934, 39.17718052864075,]
