best-result = 43.7369019985199
warmup-time = 45.116939067840576
all-measurements = [ 43.7369019985199, 44.60054612159729, 44.97237777709961,]
