best-result = 27.971914529800415
warmup-time = 28.166640996932983
all-measurements = [ 28.35498833656311, 27.971914529800415, 28.429874181747437,]
