best-result = 673.0718433856964
warmup-time = 704.2194738388062
all-measurements = [ 673.0718433856964, 679.5162789821625, 682.8097183704376,]
