best-result = 175.27464199066162
warmup-time = 179.6074502468109
all-measurements = [ 177.08978247642517, 178.93665170669556, 175.27464199066162,]
