best-result = 42.40471863746643
warmup-time = 43.20408821105957
all-measurements = [ 45.42483162879944, 44.92417120933533, 42.40471863746643,]
