best-result = 22.686285257339478
warmup-time = 23.210343837738037
all-measurements = [ 22.99615168571472, 22.686285257339478, 23.044644832611084,]
