best-result = 46.25428318977356
warmup-time = 60.924678802490234
all-measurements = [ 46.25428318977356, 47.09780669212341, 46.31642937660217,]
