best-result = 45.732603549957275
warmup-time = 58.163238286972046
all-measurements = [ 45.732603549957275, 47.22817087173462, 46.11819386482239,]
