best-result = 898.0132255554199
warmup-time = 1077.6081652641296
all-measurements = [ 901.1000890731812, 898.0132255554199, 916.1197283267975,]
