best-result = 84.37402868270874
warmup-time = 98.52898073196411
all-measurements = [ 84.37402868270874, 85.1861093044281, 85.25175857543945,]
