best-result = 982.2514350414276
warmup-time = 1012.5779182910919
all-measurements = [ 988.0476467609406, 982.2514350414276, 986.1002953052521,]
