best-result = 81.7547128200531
warmup-time = 101.49360346794128
all-measurements = [ 82.88277792930603, 82.00550961494446, 81.7547128200531,]
