best-result = 67.24530029296875
warmup-time = 87.09917545318604
all-measurements = [ 67.24530029296875, 68.13536548614502, 67.56744074821472,]
