best-result = 90.60762476921082
warmup-time = 105.45208024978638
all-measurements = [ 91.99371910095215, 91.14540767669678, 90.60762476921082,]
