best-result = 642.8277068138123
warmup-time = 658.4797649383545
all-measurements = [ 646.9689645767212, 646.2951333522797, 642.8277068138123,]
