best-result = 61.4850287437439
warmup-time = 74.42950820922852
all-measurements = [ 61.4850287437439, 61.83034157752991, 61.969870805740356,]
