best-result = 206.2830355167389
warmup-time = 361.32453966140747
all-measurements = [ 206.2830355167389, 207.41672134399414, 206.4772219657898,]
