best-result = 423.00635838508606
warmup-time = 861.977388381958
all-measurements = [ 423.6892759799957, 427.50940203666687, 423.00635838508606,]
