best-result = 61.50347304344177
warmup-time = 77.65839838981628
all-measurements = [ 61.999608755111694, 61.50347304344177, 62.273802518844604,]
