best-result = 39.6601722240448
warmup-time = 48.59128141403198
all-measurements = [ 40.02877378463745, 39.70584535598755, 39.6601722240448,]
