best-result = 134.31784844398499
warmup-time = 156.2582266330719
all-measurements = [ 134.85115933418274, 134.69451665878296, 134.31784844398499,]
