best-result = 898.8837516307831
warmup-time = 934.1037759780884
all-measurements = [ 908.115217924118, 921.6131870746613, 898.8837516307831,]
