best-result = 27.764223337173462
warmup-time = 36.342753171920776
all-measurements = [ 27.86775016784668, 27.764223337173462, 28.13142418861389,]
