best-result = 57.13160848617554
warmup-time = 70.93718886375427
all-measurements = [ 57.13160848617554, 57.19693970680237, 58.19834780693054,]
