best-result = 59.41814637184143
warmup-time = 75.48953127861023
all-measurements = [ 59.70655035972595, 59.41814637184143, 59.89783024787903,]
