best-result = 108.9768340587616
warmup-time = 139.46498322486877
all-measurements = [ 109.37278985977173, 109.58901023864746, 108.9768340587616,]
