best-result = 771.3358745574951
warmup-time = 843.3039104938507
all-measurements = [ 771.3358745574951, 772.5308673381805, 775.777509689331,]
