best-result = 33.81568741798401
warmup-time = 42.093690395355225
all-measurements = [ 33.81568741798401, 33.87394905090332, 34.018556118011475,]
