best-result = 55.36992835998535
warmup-time = 71.27873969078064
all-measurements = [ 56.29066348075867, 55.48739290237427, 55.36992835998535,]
