best-result = 1633.7420935630798
warmup-time = 2218.2513892650604
all-measurements = [ 1716.3224608898163, 1633.7420935630798, 2174.9313950538635,]
