best-result = 47.78532648086548
warmup-time = 69.60689520835876
all-measurements = [ 47.78532648086548, 47.85955810546875, 48.14491033554077,]
