best-result = 77.41766428947449
warmup-time = 98.07018446922302
all-measurements = [ 78.55085182189941, 77.59246563911438, 77.41766428947449,]
