best-result = 36.92990756034851
warmup-time = 46.21259307861328
all-measurements = [ 36.92990756034851, 37.32484269142151, 37.04101014137268,]
