best-result = 334.24323534965515
warmup-time = 478.25308203697205
all-measurements = [ 334.24323534965515, 338.0870575904846, 335.25946712493896,]
