best-result = 58.53303122520447
warmup-time = 58.855836629867554
all-measurements = [ 59.61784076690674, 58.53303122520447, 58.609683990478516,]
