best-result = 25.822508573532104
warmup-time = 25.98251485824585
all-measurements = [ 25.822508573532104, 26.699592113494873, 26.258089780807495,]
