best-result = 36.42556667327881
warmup-time = 38.435641050338745
all-measurements = [ 37.99359750747681, 36.56010580062866, 36.42556667327881,]
