best-result = 31.0314199924469
warmup-time = 31.763107538223267
all-measurements = [ 31.0314199924469, 31.192527532577515, 31.66074275970459,]
