best-result = 264.655935049057
warmup-time = 269.4804105758667
all-measurements = [ 264.936541557312, 265.4395728111267, 264.655935049057,]
