best-result = 36.40985822677612
warmup-time = 37.45513343811035
all-measurements = [ 36.40985822677612, 36.75123882293701, 36.787514448165894,]
