best-result = 110.9407114982605
warmup-time = 112.85496020317078
all-measurements = [ 113.66914534568787, 111.76123523712158, 110.9407114982605,]
