best-result = 40.64098334312439
warmup-time = 41.627336740493774
all-measurements = [ 40.64098334312439, 40.68350386619568, 41.10761213302612,]
