best-result = 47.70110583305359
warmup-time = 48.671791791915894
all-measurements = [ 48.205190658569336, 48.05831861495972, 47.70110583305359,]
