best-result = 32.4495062828064
warmup-time = 33.73379588127136
all-measurements = [ 33.71348214149475, 33.564130544662476, 32.4495062828064,]
