best-result = 62.465577840805054
warmup-time = 61.34054207801819
all-measurements = [ 62.72036838531494, 62.465577840805054, 65.33640241622925,]
