best-result = 227.8092978000641
warmup-time = 231.927663564682
all-measurements = [ 228.3825786113739, 228.22644543647766, 227.8092978000641,]
