best-result = 522.6616940498352
warmup-time = 530.8005135059357
all-measurements = [ 524.3495054244995, 522.6616940498352, 527.3805527687073,]
