best-result = 37.39603066444397
warmup-time = 38.029831647872925
all-measurements = [ 38.79184532165527, 39.11864900588989, 37.39603066444397,]
