best-result = 28.4476478099823
warmup-time = 28.59436869621277
all-measurements = [ 28.4476478099823, 29.48647904396057, 28.964022874832153,]
