best-result = 73.80259585380554
warmup-time = 81.83234715461731
all-measurements = [ 76.06709098815918, 83.15165066719055, 73.80259585380554,]
