best-result = 61.41019248962402
warmup-time = 66.14531397819519
all-measurements = [ 61.41019248962402, 61.8132860660553, 63.631826877593994,]
