best-result = 27.056455373764038
warmup-time = 28.76401972770691
all-measurements = [ 28.407927751541138, 28.174209117889404, 27.056455373764038,]
