best-result = 35.31297993659973
warmup-time = 35.23163199424744
all-measurements = [ 35.31297993659973, 35.999672412872314, 35.61120080947876,]
