best-result = 32.834967851638794
warmup-time = 34.60053014755249
all-measurements = [ 33.61736297607422, 32.834967851638794, 33.56673550605774,]
