best-result = 41.56937289237976
warmup-time = 42.19809603691101
all-measurements = [ 41.74185490608215, 41.56937289237976, 43.11734676361084,]
