best-result = 97.09379720687866
warmup-time = 99.03468990325928
all-measurements = [ 97.09379720687866, 97.63440608978271, 101.23206782341003,]
