best-result = 27.574539184570312
warmup-time = 29.85215139389038
all-measurements = [ 28.36495280265808, 27.574539184570312, 29.287079095840454,]
