best-result = 34.13716530799866
warmup-time = 35.21090865135193
all-measurements = [ 37.11788535118103, 35.02013850212097, 34.13716530799866,]
