best-result = 87.3820481300354
warmup-time = 92.35361409187317
all-measurements = [ 87.3820481300354, 100.06493973731995, 91.2108702659607,]
