best-result = 37.65203237533569
warmup-time = 38.89400863647461
all-measurements = [ 39.81046938896179, 37.65203237533569, 38.162830114364624,]
