best-result = 44.62844753265381
warmup-time = 46.24284863471985
all-measurements = [ 45.3065345287323, 44.62844753265381, 45.94529628753662,]
