best-result = 28.727312564849854
warmup-time = 29.01462483406067
all-measurements = [ 29.038670539855957, 28.94888663291931, 28.727312564849854,]
