best-result = 694.9597215652466
warmup-time = 731.3658926486969
all-measurements = [ 698.6014790534973, 694.9597215652466, 697.300021648407,]
