best-result = 174.6590723991394
warmup-time = 178.4395215511322
all-measurements = [ 175.76758241653442, 174.6590723991394, 176.7707941532135,]
