best-result = 58.858264446258545
warmup-time = 60.04059648513794
all-measurements = [ 58.858264446258545, 71.06261277198792, 66.93069243431091,]
