best-result = 21.561949968338013
warmup-time = 21.67571210861206
all-measurements = [ 21.931674480438232, 21.561949968338013, 21.940980911254883,]
