best-result = 46.63295340538025
warmup-time = 65.88386011123657
all-measurements = [ 47.15748596191406, 46.63295340538025, 47.217772006988525,]
