best-result = 46.381253242492676
warmup-time = 59.39875817298889
all-measurements = [ 46.381253242492676, 46.40673899650574, 46.40983510017395,]
