best-result = 989.3965125083923
warmup-time = 1196.4628829956055
all-measurements = [ 994.1900949478149, 989.3965125083923, 990.5540459156036,]
