best-result = 81.64469909667969
warmup-time = 95.12926435470581
all-measurements = [ 81.70216941833496, 81.64469909667969, 82.47253751754761,]
