best-result = 78.0159957408905
warmup-time = 101.92835974693298
all-measurements = [ 79.07115530967712, 78.0159957408905, 78.10299468040466,]
