best-result = 68.95368599891663
warmup-time = 91.6491858959198
all-measurements = [ 69.59392404556274, 68.95368599891663, 69.74880075454712,]
