best-result = 84.51522970199585
warmup-time = 100.08696675300598
all-measurements = [ 84.7156298160553, 84.51522970199585, 84.66954636573792,]
