best-result = 595.5642716884613
warmup-time = 603.960123538971
all-measurements = [ 597.7751805782318, 596.3799142837524, 595.5642716884613,]
