best-result = 62.22306156158447
warmup-time = 78.45231199264526
all-measurements = [ 62.63309073448181, 62.55263423919678, 62.22306156158447,]
