best-result = 233.15044260025024
warmup-time = 413.09658193588257
all-measurements = [ 233.15044260025024, 234.62658715248108, 235.19303798675537,]
