best-result = 442.04101181030273
warmup-time = 937.1575741767883
all-measurements = [ 442.04101181030273, 442.2067458629608, 444.2214539051056,]
