best-result = 59.560118675231934
warmup-time = 75.78521275520325
all-measurements = [ 59.819376945495605, 59.560118675231934, 60.26844573020935,]
