best-result = 863.648294210434
warmup-time = 905.2657172679901
all-measurements = [ 863.648294210434, 871.5405504703522, 870.2391815185547,]
