best-result = 26.84938359260559
warmup-time = 34.79419207572937
all-measurements = [ 26.84938359260559, 27.239187955856323, 27.204895496368408,]
