best-result = 57.970574378967285
warmup-time = 69.95848965644836
all-measurements = [ 58.16600775718689, 57.970574378967285, 58.170637369155884,]
