best-result = 56.01661157608032
warmup-time = 82.62027359008789
all-measurements = [ 61.13727617263794, 56.89510202407837, 56.01661157608032,]
