best-result = 108.88912343978882
warmup-time = 137.85370087623596
all-measurements = [ 109.17369222640991, 108.88912343978882, 108.98256707191467,]
