best-result = 771.4752311706543
warmup-time = 843.2920625209808
all-measurements = [ 771.9357261657715, 772.6823077201843, 771.4752311706543,]
