best-result = 33.62436604499817
warmup-time = 42.5321900844574
all-measurements = [ 33.68982243537903, 33.62436604499817, 33.71459937095642,]
