best-result = 53.00921130180359
warmup-time = 68.88138127326965
all-measurements = [ 53.018314838409424, 53.218613386154175, 53.00921130180359,]
