best-result = 49.96008610725403
warmup-time = 68.86969876289368
all-measurements = [ 49.96008610725403, 50.2250337600708, 50.23052406311035,]
