best-result = 78.23207449913025
warmup-time = 100.68181991577148
all-measurements = [ 78.82510304450989, 78.23207449913025, 79.05912661552429,]
