best-result = 35.46222448348999
warmup-time = 45.007214069366455
all-measurements = [ 35.94149661064148, 35.92927551269531, 35.46222448348999,]
