best-result = 347.02143692970276
warmup-time = 511.7198386192322
all-measurements = [ 358.40525341033936, 349.6898329257965, 347.02143692970276,]
