best-result = 102.72635984420776
warmup-time = 103.73849058151245
all-measurements = [ 102.72635984420776, 103.12413668632507, 103.7053689956665,]
