best-result = 23.326212406158447
warmup-time = 23.180306673049927
all-measurements = [ 23.326212406158447, 23.687711477279663, 23.565083980560303,]
