best-result = 46.781745195388794
warmup-time = 66.33410596847534
all-measurements = [ 46.781745195388794, 47.679057121276855, 46.88213515281677,]
