best-result = 46.705697774887085
warmup-time = 58.603800773620605
all-measurements = [ 46.705697774887085, 47.0716655254364, 46.95469069480896,]
