best-result = 892.3509361743927
warmup-time = 1105.8090994358063
all-measurements = [ 892.3509361743927, 900.5606260299683, 894.2118744850159,]
