best-result = 86.14291763305664
warmup-time = 99.48046565055847
all-measurements = [ 87.21667289733887, 86.14291763305664, 86.23913526535034,]
