best-result = 985.0226902961731
warmup-time = 1019.9443440437317
all-measurements = [ 990.0645456314087, 987.6845319271088, 985.0226902961731,]
