best-result = 82.26887011528015
warmup-time = 103.16401791572571
all-measurements = [ 82.26887011528015, 82.84470438957214, 82.77489638328552,]
