best-result = 67.73615407943726
warmup-time = 88.08035945892334
all-measurements = [ 68.67533278465271, 68.3131422996521, 67.73615407943726,]
