best-result = 91.10488963127136
warmup-time = 107.46061301231384
all-measurements = [ 92.00812363624573, 91.10488963127136, 92.65872621536255,]
