best-result = 648.8060722351074
warmup-time = 661.0400621891022
all-measurements = [ 648.8060722351074, 649.9471001625061, 651.1658256053925,]
