best-result = 62.08145880699158
warmup-time = 78.50033068656921
all-measurements = [ 62.08145880699158, 62.783501863479614, 62.88615536689758,]
