best-result = 206.0536332130432
warmup-time = 363.7587261199951
all-measurements = [ 206.11567950248718, 208.40760254859924, 206.0536332130432,]
