best-result = 385.9190344810486
warmup-time = 830.8891801834106
all-measurements = [ 385.9190344810486, 386.6254575252533, 389.05700182914734,]
