best-result = 62.99973702430725
warmup-time = 79.81122326850891
all-measurements = [ 62.99973702430725, 63.55413508415222, 63.4668824672699,]
