best-result = 40.595364809036255
warmup-time = 49.36630916595459
all-measurements = [ 40.67006826400757, 40.595364809036255, 40.97433948516846,]
