best-result = 134.29060649871826
warmup-time = 166.4851574897766
all-measurements = [ 135.1572494506836, 134.29060649871826, 135.05594158172607,]
