best-result = 925.1817355155945
warmup-time = 949.7481324672699
all-measurements = [ 929.2289092540741, 933.9559910297394, 925.1817355155945,]
