best-result = 27.902201890945435
warmup-time = 36.4422070980072
all-measurements = [ 28.63867497444153, 28.145952463150024, 27.902201890945435,]
