best-result = 58.22365880012512
warmup-time = 77.32881569862366
all-measurements = [ 67.12239718437195, 66.17631316184998, 58.22365880012512,]
