best-result = 60.3091185092926
warmup-time = 78.05685544013977
all-measurements = [ 60.763723850250244, 60.62437868118286, 60.3091185092926,]
