best-result = 110.2009174823761
warmup-time = 139.10640597343445
all-measurements = [ 110.74157571792603, 110.52509951591492, 110.2009174823761,]
