best-result = 774.4219255447388
warmup-time = 842.546627998352
all-measurements = [ 797.5394353866577, 774.4219255447388, 774.547883272171,]
