best-result = 34.08396005630493
warmup-time = 42.73374581336975
all-measurements = [ 34.18221735954285, 34.69215178489685, 34.08396005630493,]
