best-result = 55.75991606712341
warmup-time = 71.76683712005615
all-measurements = [ 55.8474543094635, 55.75991606712341, 55.84872770309448,]
