best-result = 1615.9289746284485
warmup-time = 1680.5291934013367
all-measurements = [ 1757.919363975525, 1615.9289746284485, 1628.5122230052948,]
