best-result = 48.29554319381714
warmup-time = 71.1925733089447
all-measurements = [ 49.104504346847534, 49.451321840286255, 48.29554319381714,]
