best-result = 82.12006759643555
warmup-time = 100.3786690235138
all-measurements = [ 82.48171305656433, 82.94320487976074, 82.12006759643555,]
