best-result = 37.30129361152649
warmup-time = 47.00833988189697
all-measurements = [ 37.9672908782959, 37.30129361152649, 38.003918409347534,]
