best-result = 329.61311054229736
warmup-time = 475.29793787002563
all-measurements = [ 333.0909631252289, 332.42540764808655, 329.61311054229736,]
