best-result = 59.006367683410645
warmup-time = 60.055930376052856
all-measurements = [ 59.006367683410645, 59.31321144104004, 59.219613790512085,]
