best-result = 24.471057176589966
warmup-time = 25.069371700286865
all-measurements = [ 24.471057176589966, 24.644012451171875, 25.15369939804077,]
