best-result = 35.60838723182678
warmup-time = 38.3100950717926
all-measurements = [ 38.540998458862305, 35.60838723182678, 36.12466788291931,]
