best-result = 31.60569715499878
warmup-time = 31.785381317138672
all-measurements = [ 31.60569715499878, 31.84997534751892, 31.80444622039795,]
