best-result = 273.91327810287476
warmup-time = 275.2761113643646
all-measurements = [ 273.91327810287476, 274.4888937473297, 275.47085523605347,]
