best-result = 35.65598797798157
warmup-time = 35.39409875869751
all-measurements = [ 35.769914865493774, 35.82634520530701, 35.65598797798157,]
