best-result = 40.58398151397705
warmup-time = 40.95484447479248
all-measurements = [ 40.58398151397705, 41.10665726661682, 41.35316586494446,]
