best-result = 49.49311113357544
warmup-time = 51.20366644859314
all-measurements = [ 52.080138206481934, 50.271342515945435, 49.49311113357544,]
