best-result = 34.52944231033325
warmup-time = 33.786250591278076
all-measurements = [ 34.914955615997314, 34.52944231033325, 34.843430280685425,]
