best-result = 36.769962310791016
warmup-time = 37.648805141448975
all-measurements = [ 37.830891847610474, 38.019235372543335, 36.769962310791016,]
