best-result = 58.901455879211426
warmup-time = 60.27282190322876
all-measurements = [ 60.81316924095154, 61.92658972740173, 58.901455879211426,]
