best-result = 241.10482025146484
warmup-time = 243.10266947746277
all-measurements = [ 241.2727620601654, 241.10482025146484, 242.8305652141571,]
