best-result = 544.4891705513
warmup-time = 549.4109017848969
all-measurements = [ 546.6059830188751, 545.2793881893158, 544.4891705513,]
