best-result = 35.081337690353394
warmup-time = 36.05670928955078
all-measurements = [ 37.10855484008789, 35.081337690353394, 35.99727821350098,]
