best-result = 65.00422930717468
warmup-time = 65.53913903236389
all-measurements = [ 66.09948921203613, 65.48479104042053, 65.00422930717468,]
