best-result = 26.713497638702393
warmup-time = 26.305055379867554
all-measurements = [ 26.818726301193237, 26.713497638702393, 27.33098316192627,]
