best-result = 35.730010747909546
warmup-time = 35.856101751327515
all-measurements = [ 36.021849155426025, 36.310749769210815, 35.730010747909546,]
