best-result = 31.834618091583252
warmup-time = 33.309083700180054
all-measurements = [ 31.834618091583252, 33.69792556762695, 33.17308020591736,]
