best-result = 42.408525228500366
warmup-time = 42.32503914833069
all-measurements = [ 42.408525228500366, 43.037781953811646, 43.88902521133423,]
