best-result = 97.99312448501587
warmup-time = 99.32257437705994
all-measurements = [ 97.99312448501587, 100.14997243881226, 101.38568091392517,]
