best-result = 27.075400829315186
warmup-time = 26.653664112091064
all-measurements = [ 27.289793014526367, 27.075400829315186, 28.307512283325195,]
