best-result = 33.4029586315155
warmup-time = 34.364636182785034
all-measurements = [ 33.92981767654419, 33.57295870780945, 33.4029586315155,]
