best-result = 39.59783458709717
warmup-time = 39.97764801979065
all-measurements = [ 39.742955684661865, 40.917665243148804, 39.59783458709717,]
