best-result = 43.66172432899475
warmup-time = 44.7292206287384
all-measurements = [ 43.66172432899475, 44.28813624382019, 45.469284772872925,]
