best-result = 27.14808177947998
warmup-time = 28.080711603164673
all-measurements = [ 27.14808177947998, 28.296196460723877, 28.21180033683777,]
