best-result = 698.9353680610657
warmup-time = 708.6309356689453
all-measurements = [ 709.0762591362, 708.0918536186218, 698.9353680610657,]
