best-result = 179.59883952140808
warmup-time = 182.91873359680176
all-measurements = [ 181.08521270751953, 179.59883952140808, 180.0354402065277,]
