best-result = 43.38667559623718
warmup-time = 45.24700665473938
all-measurements = [ 44.190301179885864, 44.529141664505005, 43.38667559623718,]
