best-result = 26.108755826950073
warmup-time = 25.888304233551025
all-measurements = [ 26.26816701889038, 26.12006640434265, 26.108755826950073,]
