best-result = 36.465105056762695
warmup-time = 38.73134708404541
all-measurements = [ 37.23501253128052, 36.465105056762695, 37.85545635223389,]
