best-result = 31.08240532875061
warmup-time = 31.51206922531128
all-measurements = [ 31.1511652469635, 31.08240532875061, 31.397251844406128,]
