best-result = 264.5989511013031
warmup-time = 269.33935952186584
all-measurements = [ 265.53751516342163, 269.6456227302551, 264.5989511013031,]
