best-result = 36.881898403167725
warmup-time = 37.36617469787598
all-measurements = [ 37.45218777656555, 37.260112285614014, 36.881898403167725,]
