best-result = 40.55065131187439
warmup-time = 40.947314739227295
all-measurements = [ 40.55065131187439, 40.73180961608887, 42.51649451255798,]
