best-result = 49.05537748336792
warmup-time = 51.13775944709778
all-measurements = [ 49.05537748336792, 49.88420557975769, 49.609864950180054,]
