best-result = 34.15845203399658
warmup-time = 33.138269662857056
all-measurements = [ 34.333282232284546, 34.15845203399658, 34.408536195755005,]
