best-result = 35.94323396682739
warmup-time = 37.59165143966675
all-measurements = [ 37.255080223083496, 35.94323396682739, 37.28132653236389,]
