best-result = 61.64927697181702
warmup-time = 64.29918146133423
all-measurements = [ 64.09596490859985, 62.74652075767517, 61.64927697181702,]
