best-result = 226.90997195243835
warmup-time = 228.9873185157776
all-measurements = [ 226.90997195243835, 228.7867615222931, 228.20703673362732,]
