best-result = 519.9244334697723
warmup-time = 525.3621907234192
all-measurements = [ 519.9244334697723, 520.5868716239929, 521.4462628364563,]
