best-result = 37.22522854804993
warmup-time = 37.109602212905884
all-measurements = [ 38.21732187271118, 38.24818563461304, 37.22522854804993,]
