best-result = 77.69213795661926
warmup-time = 79.78766417503357
all-measurements = [ 82.99563312530518, 81.2241952419281, 77.69213795661926,]
