best-result = 62.03549575805664
warmup-time = 62.689735889434814
all-measurements = [ 62.03549575805664, 62.16625761985779, 64.17697811126709,]
