best-result = 28.20213484764099
warmup-time = 28.038886547088623
all-measurements = [ 28.243794679641724, 28.20213484764099, 28.461880207061768,]
