best-result = 35.3581702709198
warmup-time = 36.068787813186646
all-measurements = [ 35.92162823677063, 35.50346088409424, 35.3581702709198,]
