best-result = 34.16109490394592
warmup-time = 33.569225549697876
all-measurements = [ 34.18868803977966, 34.16109490394592, 34.31238031387329,]
