best-result = 41.77891254425049
warmup-time = 43.60118842124939
all-measurements = [ 43.95778155326843, 43.75688433647156, 41.77891254425049,]
