best-result = 95.90373373031616
warmup-time = 97.77147030830383
all-measurements = [ 98.5219497680664, 95.98759460449219, 95.90373373031616,]
