best-result = 27.591560125350952
warmup-time = 28.44864559173584
all-measurements = [ 29.344226121902466, 27.591560125350952, 29.439209938049316,]
