best-result = 34.40413808822632
warmup-time = 35.96510100364685
all-measurements = [ 35.96941947937012, 34.40413808822632, 34.4941086769104,]
