best-result = 88.09912776947021
warmup-time = 91.81180310249329
all-measurements = [ 88.09912776947021, 90.31686520576477, 97.14608716964722,]
