best-result = 38.95801758766174
warmup-time = 40.58919024467468
all-measurements = [ 38.95801758766174, 39.885385513305664, 40.147162199020386,]
