best-result = 45.18730711936951
warmup-time = 45.61777877807617
all-measurements = [ 45.18730711936951, 46.91405463218689, 47.135865688323975,]
