best-result = 28.420802354812622
warmup-time = 28.438926219940186
all-measurements = [ 28.420802354812622, 29.03733730316162, 29.108120441436768,]
