best-result = 693.9999327659607
warmup-time = 742.8965947628021
all-measurements = [ 699.7299077510834, 715.2439157962799, 693.9999327659607,]
