best-result = 173.81553196907043
warmup-time = 176.40798425674438
all-measurements = [ 178.25695896148682, 173.81553196907043, 174.61702156066895,]
