best-result = 65.79221200942993
warmup-time = 68.54489159584045
all-measurements = [ 67.8695855140686, 66.53722929954529, 65.79221200942993,]
