best-result = 24.789681434631348
warmup-time = 24.991564989089966
all-measurements = [ 24.89696455001831, 24.83181595802307, 24.789681434631348,]
