best-result = 36.7823760509491
warmup-time = 38.44913101196289
all-measurements = [ 36.90505003929138, 36.7823760509491, 37.226057052612305,]
