best-result = 31.520660638809204
warmup-time = 31.11181664466858
all-measurements = [ 31.520660638809204, 31.98677086830139, 31.560834646224976,]
