best-result = 273.3995041847229
warmup-time = 278.56270003318787
all-measurements = [ 281.3458352088928, 274.08828997612, 273.3995041847229,]
