best-result = 35.9318733215332
warmup-time = 36.41752362251282
all-measurements = [ 35.9318733215332, 36.06776833534241, 36.48904371261597,]
