best-result = 40.408047676086426
warmup-time = 40.304707050323486
all-measurements = [ 40.408047676086426, 41.095682859420776, 40.86109924316406,]
