best-result = 50.13463377952576
warmup-time = 49.95549011230469
all-measurements = [ 52.031959533691406, 50.69143295288086, 50.13463377952576,]
