best-result = 34.03529763221741
warmup-time = 34.07885384559631
all-measurements = [ 34.820271253585815, 34.781170129776, 34.03529763221741,]
