best-result = 35.99417519569397
warmup-time = 37.37937116622925
all-measurements = [ 35.99417519569397, 37.95509314537048, 37.23047614097595,]
