best-result = 58.745344400405884
warmup-time = 62.05960559844971
all-measurements = [ 62.42997121810913, 61.910714626312256, 58.745344400405884,]
