best-result = 240.38710713386536
warmup-time = 244.2895748615265
all-measurements = [ 243.17826747894287, 243.72912645339966, 240.38710713386536,]
