best-result = 545.9222252368927
warmup-time = 549.4906380176544
all-measurements = [ 547.1287930011749, 545.9222252368927, 568.4993617534637,]
