best-result = 35.977102279663086
warmup-time = 35.653298139572144
all-measurements = [ 35.977102279663086, 37.002113342285156, 36.50284194946289,]
