best-result = 64.49642038345337
warmup-time = 66.7565586566925
all-measurements = [ 64.49642038345337, 64.58330965042114, 64.61422777175903,]
