best-result = 26.610286712646484
warmup-time = 28.158181190490723
all-measurements = [ 27.3707172870636, 28.031221628189087, 26.610286712646484,]
