best-result = 35.997207164764404
warmup-time = 36.08655071258545
all-measurements = [ 36.66109919548035, 36.040666818618774, 35.997207164764404,]
