best-result = 32.60647797584534
warmup-time = 32.38361620903015
all-measurements = [ 33.84714651107788, 32.60647797584534, 32.61435890197754,]
