best-result = 42.2842903137207
warmup-time = 43.504239082336426
all-measurements = [ 42.81065320968628, 43.756367206573486, 42.2842903137207,]
