best-result = 98.71516633033752
warmup-time = 99.55409026145935
all-measurements = [ 98.71516633033752, 99.17208623886108, 99.59325337409973,]
