best-result = 26.838074922561646
warmup-time = 28.115474462509155
all-measurements = [ 28.78487753868103, 29.0411376953125, 26.838074922561646,]
