best-result = 33.38415598869324
warmup-time = 34.1787326335907
all-measurements = [ 33.38415598869324, 33.69108319282532, 33.41162395477295,]
