best-result = 38.55642652511597
warmup-time = 39.72500014305115
all-measurements = [ 38.982892990112305, 39.45924210548401, 38.55642652511597,]
