best-result = 43.2026264667511
warmup-time = 44.67721772193909
all-measurements = [ 43.2026264667511, 44.62306499481201, 45.68367862701416,]
