best-result = 26.590521335601807
warmup-time = 26.82180404663086
all-measurements = [ 27.63846230506897, 27.967564821243286, 26.590521335601807,]
