best-result = 698.6350541114807
warmup-time = 705.6493277549744
all-measurements = [ 698.6350541114807, 704.8469886779785, 706.4164099693298,]
