best-result = 178.8980255126953
warmup-time = 181.5083613395691
all-measurements = [ 181.2831883430481, 178.8980255126953, 179.74437355995178,]
