best-result = 42.50594735145569
warmup-time = 43.95268177986145
all-measurements = [ 43.81543684005737, 43.14638662338257, 42.50594735145569,]
