best-result = 26.04525136947632
warmup-time = 26.24231243133545
all-measurements = [ 26.07847023010254, 26.04525136947632, 26.56106996536255,]
