best-result = 36.750916719436646
warmup-time = 37.31887078285217
all-measurements = [ 38.623844146728516, 38.94531583786011, 36.750916719436646,]
