best-result = 30.16760563850403
warmup-time = 31.17783284187317
all-measurements = [ 30.16760563850403, 31.848431825637817, 30.26037573814392,]
