best-result = 265.2983875274658
warmup-time = 269.9566504955292
all-measurements = [ 267.343989610672, 269.5493104457855, 265.2983875274658,]
