best-result = 37.05968165397644
warmup-time = 37.08713340759277
all-measurements = [ 38.257365226745605, 37.44599628448486, 37.05968165397644,]
