best-result = 41.04644513130188
warmup-time = 40.56629729270935
all-measurements = [ 41.11909031867981, 41.04644513130188, 42.94966387748718,]
