best-result = 49.483519315719604
warmup-time = 50.35581398010254
all-measurements = [ 50.34092593193054, 50.72410845756531, 49.483519315719604,]
