best-result = 32.43278121948242
warmup-time = 34.921733140945435
all-measurements = [ 33.41971969604492, 33.68339824676514, 32.43278121948242,]
