best-result = 36.589359283447266
warmup-time = 38.28790354728699
all-measurements = [ 38.302741289138794, 36.589359283447266, 37.760488986968994,]
