best-result = 61.31329607963562
warmup-time = 63.408525228500366
all-measurements = [ 61.31329607963562, 62.2441508769989, 64.81597924232483,]
