best-result = 226.67030429840088
warmup-time = 232.00489139556885
all-measurements = [ 227.64879417419434, 226.67030429840088, 228.65279746055603,]
