best-result = 524.2512817382812
warmup-time = 529.1162638664246
all-measurements = [ 525.42813539505, 527.0159964561462, 524.2512817382812,]
