best-result = 35.464083671569824
warmup-time = 36.2882616519928
all-measurements = [ 35.464083671569824, 38.557902574539185, 38.94120907783508,]
