best-result = 74.30920362472534
warmup-time = 81.72486639022827
all-measurements = [ 74.30920362472534, 76.45790767669678, 81.3085503578186,]
