best-result = 62.732741594314575
warmup-time = 62.68461298942566
all-measurements = [ 64.29225301742554, 62.732741594314575, 63.30629205703735,]
