best-result = 27.837175846099854
warmup-time = 28.647632598876953
all-measurements = [ 28.700313091278076, 27.837175846099854, 27.913748264312744,]
