best-result = 34.89796757698059
warmup-time = 35.68694615364075
all-measurements = [ 35.23944926261902, 34.89796757698059, 35.533870220184326,]
