best-result = 34.51253819465637
warmup-time = 34.4398455619812
all-measurements = [ 34.59947347640991, 35.18817162513733, 34.51253819465637,]
