best-result = 41.9909393787384
warmup-time = 43.56107425689697
all-measurements = [ 42.58475065231323, 42.4338800907135, 41.9909393787384,]
