best-result = 96.01602697372437
warmup-time = 96.11084985733032
all-measurements = [ 97.5951476097107, 96.01602697372437, 97.80780458450317,]
