best-result = 27.234331607818604
warmup-time = 29.375138521194458
all-measurements = [ 27.234331607818604, 29.714686155319214, 27.875479221343994,]
