best-result = 34.389201402664185
warmup-time = 34.467336893081665
all-measurements = [ 34.389201402664185, 34.54493951797485, 35.04015350341797,]
