best-result = 89.06930756568909
warmup-time = 98.58139610290527
all-measurements = [ 97.22148871421814, 97.22316288948059, 89.06930756568909,]
