best-result = 38.683406352996826
warmup-time = 39.48767304420471
all-measurements = [ 40.18263483047485, 38.683406352996826, 39.47727155685425,]
