best-result = 43.82018184661865
warmup-time = 48.00063180923462
all-measurements = [ 46.4309298992157, 47.17855477333069, 43.82018184661865,]
