best-result = 28.579344987869263
warmup-time = 29.333253383636475
all-measurements = [ 28.579344987869263, 28.855641841888428, 29.27059841156006,]
