best-result = 699.6679239273071
warmup-time = 738.8605246543884
all-measurements = [ 699.6679239273071, 708.1865665912628, 700.7799634933472,]
