best-result = 174.7454812526703
warmup-time = 177.10981798171997
all-measurements = [ 174.7454812526703, 175.85149955749512, 176.5516152381897,]
