best-result = 58.90182113647461
warmup-time = 67.0986716747284
all-measurements = [ 58.90182113647461, 66.42507648468018, 66.25341510772705,]
