best-result = 25.536202430725098
warmup-time = 25.539199590682983
all-measurements = [ 25.947434902191162, 26.010319471359253, 25.536202430725098,]
