best-result = 35.651994943618774
warmup-time = 38.60126209259033
all-measurements = [ 37.25518989562988, 35.651994943618774, 37.67215323448181,]
