best-result = 32.38113069534302
warmup-time = 31.486009120941162
all-measurements = [ 32.82576370239258, 32.38113069534302, 32.91574239730835,]
