best-result = 264.24582266807556
warmup-time = 271.547908782959
all-measurements = [ 267.75179290771484, 264.24582266807556, 264.590957403183,]
