best-result = 35.6381356716156
warmup-time = 36.45010566711426
all-measurements = [ 36.56844401359558, 36.812536001205444, 35.6381356716156,]
