best-result = 41.98926281929016
warmup-time = 41.240400552749634
all-measurements = [ 41.98926281929016, 42.77480506896973, 42.70249366760254,]
