best-result = 50.09142255783081
warmup-time = 50.936636209487915
all-measurements = [ 50.51031994819641, 50.92709922790527, 50.09142255783081,]
