best-result = 32.377405881881714
warmup-time = 36.37731146812439
all-measurements = [ 35.52077507972717, 35.577420234680176, 32.377405881881714,]
