best-result = 38.33809280395508
warmup-time = 39.60288643836975
all-measurements = [ 38.77282452583313, 38.35538029670715, 38.33809280395508,]
