best-result = 61.17544174194336
warmup-time = 62.185120820999146
all-measurements = [ 61.17544174194336, 64.63192939758301, 64.6364996433258,]
