best-result = 226.39978981018066
warmup-time = 228.97177290916443
all-measurements = [ 226.39978981018066, 229.5144567489624, 229.98565769195557,]
