best-result = 527.5691606998444
warmup-time = 530.1057107448578
all-measurements = [ 528.2686641216278, 527.5691606998444, 530.0268266201019,]
