best-result = 35.06941747665405
warmup-time = 36.815673828125
all-measurements = [ 37.50130748748779, 37.83414101600647, 35.06941747665405,]
