best-result = 63.33938026428223
warmup-time = 65.26383256912231
all-measurements = [ 65.33059549331665, 63.33938026428223, 64.38881015777588,]
