best-result = 28.338382244110107
warmup-time = 28.193967580795288
all-measurements = [ 29.491622924804688, 28.458300352096558, 28.338382244110107,]
