best-result = 36.342087268829346
warmup-time = 34.36275100708008
all-measurements = [ 36.7972309589386, 36.63256096839905, 36.342087268829346,]
