best-result = 33.12331414222717
warmup-time = 34.042763471603394
all-measurements = [ 33.12331414222717, 34.63688325881958, 33.55815625190735,]
