best-result = 43.11625838279724
warmup-time = 44.47156071662903
all-measurements = [ 43.11625838279724, 44.702417850494385, 44.41780161857605,]
