best-result = 96.6076307296753
warmup-time = 98.48345160484314
all-measurements = [ 99.10143566131592, 100.1787519454956, 96.6076307296753,]
