best-result = 27.494380950927734
warmup-time = 29.94706416130066
all-measurements = [ 27.494380950927734, 28.062446117401123, 29.593958616256714,]
