best-result = 33.5078489780426
warmup-time = 34.91476845741272
all-measurements = [ 35.60898494720459, 34.752514123916626, 33.5078489780426,]
