best-result = 89.52834987640381
warmup-time = 97.24121308326721
all-measurements = [ 91.54408359527588, 98.38458824157715, 89.52834987640381,]
