best-result = 40.075626850128174
warmup-time = 40.704182147979736
all-measurements = [ 40.075626850128174, 40.8421573638916, 40.22386407852173,]
