best-result = 44.166635036468506
warmup-time = 44.30228400230408
all-measurements = [ 44.67643690109253, 44.73447227478027, 44.166635036468506,]
