best-result = 28.560006380081177
warmup-time = 28.57716417312622
all-measurements = [ 29.005954027175903, 29.16149616241455, 28.560006380081177,]
