best-result = 683.9133241176605
warmup-time = 711.2080078125
all-measurements = [ 683.9133241176605, 690.9457638263702, 691.5385887622833,]
