best-result = 175.8300280570984
warmup-time = 175.0113489627838
all-measurements = [ 175.8300280570984, 177.36563730239868, 176.3192322254181,]
