best-result = 43.70603704452515
warmup-time = 43.62474274635315
all-measurements = [ 44.96152663230896, 44.592617988586426, 43.70603704452515,]
