best-result = 25.88639998435974
warmup-time = 26.955255270004272
all-measurements = [ 26.341065645217896, 26.969094038009644, 25.88639998435974,]
