best-result = 36.18912625312805
warmup-time = 36.230581283569336
all-measurements = [ 37.588560581207275, 36.18912625312805, 37.92925405502319,]
