best-result = 31.221466064453125
warmup-time = 31.610984086990356
all-measurements = [ 31.221466064453125, 31.824929237365723, 31.389564037322998,]
