best-result = 256.2065660953522
warmup-time = 261.7148051261902
all-measurements = [ 257.4001615047455, 256.2065660953522, 258.64756417274475,]
