best-result = 36.272194623947144
warmup-time = 36.745847940444946
all-measurements = [ 36.272194623947144, 36.60610556602478, 36.94719481468201,]
