best-result = 112.20331382751465
warmup-time = 114.28280878067017
all-measurements = [ 112.29258108139038, 112.20331382751465, 113.94616413116455,]
