best-result = 34.243781328201294
warmup-time = 36.3049955368042
all-measurements = [ 35.54882574081421, 34.243781328201294, 34.686363697052,]
