best-result = 40.14333438873291
warmup-time = 43.05836224555969
all-measurements = [ 40.798139810562134, 41.59113693237305, 40.14333438873291,]
