best-result = 47.499025106430054
warmup-time = 48.762571811676025
all-measurements = [ 48.04695987701416, 48.17765736579895, 47.499025106430054,]
