best-result = 33.568071126937866
warmup-time = 33.731036901474
all-measurements = [ 33.796637535095215, 33.7847683429718, 33.568071126937866,]
