best-result = 37.1534059047699
warmup-time = 37.95246505737305
all-measurements = [ 37.4013557434082, 37.38879609107971, 37.1534059047699,]
