best-result = 60.88870286941528
warmup-time = 62.596649408340454
all-measurements = [ 62.62250518798828, 62.874656677246094, 60.88870286941528,]
