best-result = 223.60141563415527
warmup-time = 227.7067699432373
all-measurements = [ 227.21082997322083, 224.32504749298096, 223.60141563415527,]
