best-result = 517.2459664344788
warmup-time = 521.9098629951477
all-measurements = [ 519.7389385700226, 517.2459664344788, 518.2285168170929,]
