best-result = 36.73190140724182
warmup-time = 35.67107367515564
all-measurements = [ 36.73190140724182, 37.94694447517395, 36.99141478538513,]
