best-result = 29.250598430633545
warmup-time = 28.714904069900513
all-measurements = [ 29.250598430633545, 29.470632791519165, 29.768296003341675,]
