best-result = 75.41294050216675
warmup-time = 80.2150228023529
all-measurements = [ 82.78633260726929, 81.20707750320435, 75.41294050216675,]
