best-result = 62.87861728668213
warmup-time = 62.26440620422363
all-measurements = [ 62.87861728668213, 63.6153199672699, 63.00322389602661,]
