best-result = 28.01932954788208
warmup-time = 27.94655680656433
all-measurements = [ 28.01932954788208, 28.678253412246704, 28.936811447143555,]
