best-result = 35.20971441268921
warmup-time = 35.653953313827515
all-measurements = [ 35.20971441268921, 35.27416276931763, 35.637943744659424,]
