best-result = 36.74766707420349
warmup-time = 33.80537796020508
all-measurements = [ 40.747140407562256, 40.237380027770996, 36.74766707420349,]
