best-result = 42.938406467437744
warmup-time = 44.86943316459656
all-measurements = [ 42.938406467437744, 43.424604654312134, 44.3507022857666,]
