best-result = 95.33283877372742
warmup-time = 97.6178388595581
all-measurements = [ 98.87969207763672, 95.33283877372742, 97.00019812583923,]
