best-result = 27.752159357070923
warmup-time = 29.589681386947632
all-measurements = [ 27.752159357070923, 29.406466007232666, 28.424235105514526,]
