best-result = 33.73455572128296
warmup-time = 33.437944412231445
all-measurements = [ 33.73455572128296, 35.57431387901306, 34.039034843444824,]
