best-result = 86.73692870140076
warmup-time = 97.61683535575867
all-measurements = [ 86.73692870140076, 98.60392308235168, 97.91809344291687,]
