best-result = 38.35484719276428
warmup-time = 39.671119928359985
all-measurements = [ 38.35484719276428, 38.417141914367676, 38.73748707771301,]
