best-result = 43.187278509140015
warmup-time = 45.154863119125366
all-measurements = [ 43.187278509140015, 44.574387550354004, 47.85376524925232,]
