best-result = 50.1431360244751
warmup-time = 50.49637484550476
all-measurements = [ 50.372225761413574, 50.1431360244751, 50.35328769683838,]
