best-result = 29.103713989257812
warmup-time = 28.007741928100586
all-measurements = [ 29.63687491416931, 29.836060047149658, 29.103713989257812,]
