best-result = 640.7787120342255
warmup-time = 681.9180767536163
all-measurements = [ 647.0036520957947, 640.7787120342255, 652.532547712326,]
