best-result = 173.2186143398285
warmup-time = 171.8770091533661
all-measurements = [ 174.20368123054504, 173.81787300109863, 173.2186143398285,]
