best-result = 65.30287981033325
warmup-time = 65.11589074134827
all-measurements = [ 66.78161072731018, 65.30287981033325, 69.0282735824585,]
