best-result = 22.586535453796387
warmup-time = 22.046223878860474
all-measurements = [ 22.715149402618408, 22.586535453796387, 22.803101778030396,]
