best-result = 46.738133668899536
warmup-time = 62.988438844680786
all-measurements = [ 47.15598773956299, 46.738133668899536, 46.76806092262268,]
