best-result = 45.9848735332489
warmup-time = 59.51258063316345
all-measurements = [ 45.9848735332489, 46.03753304481506, 46.174152851104736,]
