best-result = 915.1127762794495
warmup-time = 1133.8139533996582
all-measurements = [ 938.4943029880524, 923.9381320476532, 915.1127762794495,]
