best-result = 84.68760800361633
warmup-time = 100.93722796440125
all-measurements = [ 84.83310222625732, 84.85782241821289, 84.68760800361633,]
