best-result = 81.99409794807434
warmup-time = 103.03250241279602
all-measurements = [ 82.10640263557434, 82.35508370399475, 81.99409794807434,]
