best-result = 69.86656856536865
warmup-time = 91.81962132453918
all-measurements = [ 69.86656856536865, 70.1521270275116, 70.46822714805603,]
