best-result = 90.58006834983826
warmup-time = 105.65293097496033
all-measurements = [ 90.58006834983826, 91.02435398101807, 90.8245005607605,]
