best-result = 643.8810005187988
warmup-time = 659.5806005001068
all-measurements = [ 643.8810005187988, 647.8953309059143, 645.9451856613159,]
