best-result = 63.27469825744629
warmup-time = 79.81909918785095
all-measurements = [ 63.27469825744629, 64.38123965263367, 64.47043538093567,]
