best-result = 209.7865653038025
warmup-time = 360.8294506072998
all-measurements = [ 210.35004043579102, 212.3487949371338, 209.7865653038025,]
