best-result = 428.6340298652649
warmup-time = 877.4242777824402
all-measurements = [ 430.88853120803833, 428.6340298652649, 434.8678810596466,]
