best-result = 61.677714824676514
warmup-time = 77.57262253761292
all-measurements = [ 61.995810985565186, 61.677714824676514, 62.31140899658203,]
