best-result = 140.06106877326965
warmup-time = 166.90161180496216
all-measurements = [ 140.39006519317627, 140.06106877326965, 140.42100286483765,]
