best-result = 886.5687162876129
warmup-time = 914.3619673252106
all-measurements = [ 886.5687162876129, 890.6916468143463, 887.2730557918549,]
