best-result = 27.166441440582275
warmup-time = 37.254576683044434
all-measurements = [ 27.166441440582275, 27.386446952819824, 27.546552181243896,]
