best-result = 58.16625499725342
warmup-time = 71.82569289207458
all-measurements = [ 58.16625499725342, 58.301125288009644, 58.181193113327026,]
