best-result = 59.39746046066284
warmup-time = 73.6291172504425
all-measurements = [ 60.33635592460632, 59.898290395736694, 59.39746046066284,]
