best-result = 110.63856244087219
warmup-time = 137.18781304359436
all-measurements = [ 111.50152659416199, 110.63856244087219, 110.73139691352844,]
