best-result = 783.2296977043152
warmup-time = 875.846378326416
all-measurements = [ 791.3114202022552, 785.0852959156036, 783.2296977043152,]
