best-result = 33.48471546173096
warmup-time = 40.90823936462402
all-measurements = [ 33.48471546173096, 34.23411583900452, 33.6968457698822,]
