best-result = 54.848806619644165
warmup-time = 70.34384179115295
all-measurements = [ 55.32096314430237, 55.264795541763306, 54.848806619644165,]
