best-result = 3202.9233145713806
warmup-time = 5649.193993330002
all-measurements = [ 3202.9233145713806, 3454.3660883903503, 3387.6813337802887,]
