best-result = 49.57530403137207
warmup-time = 71.27033066749573
all-measurements = [ 49.57530403137207, 50.61266589164734, 49.719874143600464,]
