best-result = 78.40410447120667
warmup-time = 96.91655111312866
all-measurements = [ 78.70608377456665, 78.5376181602478, 78.40410447120667,]
