best-result = 36.59037709236145
warmup-time = 46.57821822166443
all-measurements = [ 36.59037709236145, 37.026204347610474, 36.8260657787323,]
