best-result = 346.3349323272705
warmup-time = 491.391783952713
all-measurements = [ 353.07292461395264, 346.3349323272705, 346.5837950706482,]
