best-result = 58.72550415992737
warmup-time = 60.008188009262085
all-measurements = [ 59.58289575576782, 58.79387283325195, 58.72550415992737,]
