best-result = 26.078914403915405
warmup-time = 25.83579707145691
all-measurements = [ 26.150846481323242, 26.078914403915405, 26.311007022857666,]
