best-result = 36.43415904045105
warmup-time = 39.29683065414429
all-measurements = [ 40.29108810424805, 36.43415904045105, 37.4931378364563,]
