best-result = 30.503020763397217
warmup-time = 31.003082513809204
all-measurements = [ 30.818220615386963, 31.86321258544922, 30.503020763397217,]
