best-result = 257.1247010231018
warmup-time = 260.6882379055023
all-measurements = [ 258.1259112358093, 261.8016655445099, 257.1247010231018,]
