best-result = 36.52195930480957
warmup-time = 35.97861838340759
all-measurements = [ 37.0310435295105, 36.52195930480957, 36.559017181396484,]
