best-result = 119.38844037055969
warmup-time = 122.6543972492218
all-measurements = [ 119.39228749275208, 119.72630643844604, 119.38844037055969,]
