best-result = 41.03149652481079
warmup-time = 40.84749388694763
all-measurements = [ 41.03149652481079, 41.2497501373291, 41.41138768196106,]
