best-result = 47.7571439743042
warmup-time = 51.06202816963196
all-measurements = [ 47.7571439743042, 48.82161784172058, 48.09484338760376,]
