best-result = 33.2470908164978
warmup-time = 33.0291633605957
all-measurements = [ 33.3676016330719, 34.38713264465332, 33.2470908164978,]
