best-result = 37.04956603050232
warmup-time = 37.20174312591553
all-measurements = [ 37.04956603050232, 37.50053000450134, 37.359713315963745,]
