best-result = 58.401989221572876
warmup-time = 60.604684352874756
all-measurements = [ 58.401989221572876, 62.509660720825195, 63.80962586402893,]
