best-result = 226.5912103652954
warmup-time = 230.34911799430847
all-measurements = [ 226.70140194892883, 226.5912103652954, 230.74479961395264,]
