best-result = 511.5138912200928
warmup-time = 519.0820500850677
all-measurements = [ 516.0360128879547, 544.3893630504608, 511.5138912200928,]
