best-result = 35.82682251930237
warmup-time = 37.75048017501831
all-measurements = [ 36.24329328536987, 35.940797328948975, 35.82682251930237,]
