best-result = 28.75934410095215
warmup-time = 29.296260595321655
all-measurements = [ 28.75934410095215, 29.306071043014526, 29.02481698989868,]
