best-result = 67.12699246406555
warmup-time = 77.03623652458191
all-measurements = [ 76.62440752983093, 80.38234972953796, 67.12699246406555,]
