best-result = 60.640023708343506
warmup-time = 63.2984721660614
all-measurements = [ 62.888152837753296, 60.640023708343506, 63.873674392700195,]
