best-result = 28.86959481239319
warmup-time = 28.653679370880127
all-measurements = [ 28.86959481239319, 29.538178205490112, 29.999805688858032,]
