best-result = 35.4134624004364
warmup-time = 35.77742028236389
all-measurements = [ 35.4134624004364, 35.68415641784668, 35.67508244514465,]
