best-result = 34.85932445526123
warmup-time = 36.938411235809326
all-measurements = [ 37.438440799713135, 36.482651472091675, 34.85932445526123,]
