best-result = 40.63934874534607
warmup-time = 42.532787561416626
all-measurements = [ 42.428478956222534, 40.63934874534607, 43.93903708457947,]
