best-result = 95.57678556442261
warmup-time = 99.41054272651672
all-measurements = [ 95.57678556442261, 98.7281129360199, 96.01305389404297,]
