best-result = 27.85909867286682
warmup-time = 29.02551031112671
all-measurements = [ 28.18199348449707, 28.63290762901306, 27.85909867286682,]
