best-result = 35.237141370773315
warmup-time = 35.330851554870605
all-measurements = [ 36.1951379776001, 35.237141370773315, 35.45300769805908,]
