best-result = 88.77517342567444
warmup-time = 87.23960447311401
all-measurements = [ 98.34507441520691, 90.17342686653137, 88.77517342567444,]
