best-result = 40.402300119400024
warmup-time = 40.273749589920044
all-measurements = [ 40.402300119400024, 40.81965637207031, 40.46047115325928,]
