best-result = 43.90865135192871
warmup-time = 46.765650272369385
all-measurements = [ 43.90865135192871, 44.81607365608215, 45.650224924087524,]
