best-result = 28.225039958953857
warmup-time = 28.964637517929077
all-measurements = [ 29.40689468383789, 29.111299514770508, 28.225039958953857,]
