best-result = 652.8502814769745
warmup-time = 709.4194738864899
all-measurements = [ 652.8502814769745, 654.615136384964, 654.4731140136719,]
