best-result = 169.1866011619568
warmup-time = 171.61875247955322
all-measurements = [ 169.1866011619568, 172.93479013442993, 177.17051935195923,]
