best-result = 58.52711606025696
warmup-time = 67.18519043922424
all-measurements = [ 68.02008080482483, 58.52711606025696, 66.8395586013794,]
