best-result = 25.951533555984497
warmup-time = 26.890761852264404
all-measurements = [ 25.951533555984497, 26.08555555343628, 26.220932960510254,]
