best-result = 37.84644269943237
warmup-time = 37.857829093933105
all-measurements = [ 37.84644269943237, 39.10084390640259, 39.125887870788574,]
