best-result = 30.74877119064331
warmup-time = 30.849079132080078
all-measurements = [ 31.76149892807007, 30.74877119064331, 31.14685845375061,]
