best-result = 257.68751072883606
warmup-time = 262.4725387096405
all-measurements = [ 258.27743220329285, 257.68751072883606, 257.8972544670105,]
