best-result = 35.66999936103821
warmup-time = 36.99975562095642
all-measurements = [ 35.66999936103821, 35.75796461105347, 36.592607259750366,]
