best-result = 119.3539125919342
warmup-time = 119.87957096099854
all-measurements = [ 119.84421825408936, 121.4865460395813, 119.3539125919342,]
