best-result = 40.811452865600586
warmup-time = 41.29649567604065
all-measurements = [ 41.27904438972473, 42.3772497177124, 40.811452865600586,]
