best-result = 47.97273230552673
warmup-time = 48.62833833694458
all-measurements = [ 47.97273230552673, 49.67892670631409, 51.312687158584595,]
