best-result = 32.715187311172485
warmup-time = 34.29702615737915
all-measurements = [ 34.786078691482544, 34.085771322250366, 32.715187311172485,]
