best-result = 36.641438722610474
warmup-time = 37.78715991973877
all-measurements = [ 37.367799043655396, 36.641438722610474, 37.510387659072876,]
