best-result = 61.383116006851196
warmup-time = 59.80028295516968
all-measurements = [ 63.392826795578, 61.383116006851196, 63.60536980628967,]
