best-result = 227.01310849189758
warmup-time = 231.3543598651886
all-measurements = [ 229.8079903125763, 228.7653419971466, 227.01310849189758,]
