best-result = 516.2301948070526
warmup-time = 521.4459655284882
all-measurements = [ 528.4729363918304, 524.8298094272614, 516.2301948070526,]
