best-result = 35.45448708534241
warmup-time = 38.055360078811646
all-measurements = [ 36.73678636550903, 36.60239243507385, 35.45448708534241,]
