best-result = 29.13400626182556
warmup-time = 29.321667194366455
all-measurements = [ 29.8394718170166, 29.599167585372925, 29.13400626182556,]
