best-result = 75.38464713096619
warmup-time = 75.9949586391449
all-measurements = [ 75.38464713096619, 78.75083374977112, 80.10565543174744,]
