best-result = 61.79117012023926
warmup-time = 62.95186138153076
all-measurements = [ 62.30689072608948, 61.87428307533264, 61.79117012023926,]
