best-result = 28.290398120880127
warmup-time = 29.254845142364502
all-measurements = [ 29.006179332733154, 28.535152435302734, 28.290398120880127,]
