best-result = 35.518949031829834
warmup-time = 36.08451247215271
all-measurements = [ 36.448254346847534, 35.518949031829834, 35.81192684173584,]
