best-result = 34.47564196586609
warmup-time = 35.642802000045776
all-measurements = [ 34.47564196586609, 35.71501326560974, 36.06995129585266,]
