best-result = 43.69537138938904
warmup-time = 44.824307441711426
all-measurements = [ 43.69537138938904, 44.9228618144989, 45.18255972862244,]
