best-result = 95.49046230316162
warmup-time = 98.44695734977722
all-measurements = [ 96.71828579902649, 96.3098840713501, 95.49046230316162,]
