best-result = 29.250394105911255
warmup-time = 29.919527530670166
all-measurements = [ 29.795032024383545, 30.130495309829712, 29.250394105911255,]
