best-result = 35.18050408363342
warmup-time = 35.29700970649719
all-measurements = [ 35.78052043914795, 35.18050408363342, 35.323718786239624,]
