best-result = 88.4580352306366
warmup-time = 88.49211692810059
all-measurements = [ 88.4580352306366, 90.29346919059753, 91.02089476585388,]
