best-result = 39.23038840293884
warmup-time = 39.27605152130127
all-measurements = [ 40.437177658081055, 39.23038840293884, 39.53796052932739,]
