best-result = 43.69666314125061
warmup-time = 45.486899614334106
all-measurements = [ 45.77327013015747, 44.1226327419281, 43.69666314125061,]
