best-result = 27.39433479309082
warmup-time = 29.23629903793335
all-measurements = [ 27.83346724510193, 27.39433479309082, 29.204810857772827,]
