best-result = 651.0242059230804
warmup-time = 696.0439491271973
all-measurements = [ 664.8307888507843, 666.0165605545044, 651.0242059230804,]
