best-result = 170.63262844085693
warmup-time = 174.1104462146759
all-measurements = [ 171.88099646568298, 170.63262844085693, 172.1406946182251,]
