best-result = 61.28666615486145
warmup-time = 57.59097671508789
all-measurements = [ 61.28666615486145, 67.17175793647766, 67.2911012172699,]
