best-result = 22.68206238746643
warmup-time = 22.634474277496338
all-measurements = [ 23.536871433258057, 22.68206238746643, 23.15587854385376,]
