best-result = 46.43347644805908
warmup-time = 65.11703753471375
all-measurements = [ 46.43347644805908, 46.70536947250366, 47.09508228302002,]
