best-result = 45.89278554916382
warmup-time = 57.380067348480225
all-measurements = [ 46.64372777938843, 46.161457538604736, 45.89278554916382,]
