best-result = 895.5960631370544
warmup-time = 1110.620436668396
all-measurements = [ 895.5960631370544, 897.8547697067261, 899.833797454834,]
