best-result = 84.82408404350281
warmup-time = 99.12837076187134
all-measurements = [ 84.82408404350281, 85.10201692581177, 85.11846089363098,]
