best-result = 980.5086026191711
warmup-time = 1008.6565761566162
all-measurements = [ 984.7700002193451, 981.3084535598755, 980.5086026191711,]
