best-result = 81.82263040542603
warmup-time = 104.70088267326355
all-measurements = [ 82.86622524261475, 81.82263040542603, 83.15446758270264,]
