best-result = 67.57435846328735
warmup-time = 86.72399425506592
all-measurements = [ 67.57435846328735, 67.92748594284058, 67.88273072242737,]
