best-result = 90.84981632232666
warmup-time = 104.67874455451965
all-measurements = [ 90.84981632232666, 91.88894820213318, 91.46728181838989,]
