best-result = 642.3369226455688
warmup-time = 661.670923948288
all-measurements = [ 642.4953196048737, 642.3369226455688, 644.6731836795807,]
