best-result = 61.40684390068054
warmup-time = 75.15997362136841
all-measurements = [ 63.841370582580566, 68.7904303073883, 61.40684390068054,]
