best-result = 205.78588032722473
warmup-time = 357.4413447380066
all-measurements = [ 207.273699760437, 205.78588032722473,]
