best-result = 422.13098216056824
warmup-time = 859.8942663669586
all-measurements = [ 422.13098216056824, 423.0376443862915, 427.52100443840027,]
