best-result = 62.15893292427063
warmup-time = 80.41699528694153
all-measurements = [ 62.33823037147522, 62.15893292427063, 62.16046452522278,]
