best-result = 39.28217315673828
warmup-time = 48.31596064567566
all-measurements = [ 39.55638599395752, 39.28217315673828, 40.1488254070282,]
