best-result = 134.60751032829285
warmup-time = 162.80824494361877
all-measurements = [ 135.47460103034973, 134.75186920166016, 134.60751032829285,]
