best-result = 895.829238653183
warmup-time = 934.0219521522522
all-measurements = [ 895.829238653183, 904.5023446083069, 926.1161148548126,]
