best-result = 27.613306522369385
warmup-time = 35.434929847717285
all-measurements = [ 27.820600986480713, 27.778897523880005, 27.613306522369385,]
