best-result = 57.070311069488525
warmup-time = 67.62138104438782
all-measurements = [ 57.070311069488525, 57.09221839904785, 57.40209650993347,]
