best-result = 59.29046010971069
warmup-time = 75.10032820701599
all-measurements = [ 59.64439272880554, 59.29046010971069, 59.35512065887451,]
