best-result = 109.38386845588684
warmup-time = 133.737122297287
all-measurements = [ 109.45165872573853, 109.38386845588684, 110.3451817035675,]
