best-result = 774.0951361656189
warmup-time = 842.0541064739227
all-measurements = [ 774.3599057197571, 774.9146091938019, 774.0951361656189,]
