best-result = 33.83169102668762
warmup-time = 40.75538444519043
all-measurements = [ 33.83169102668762, 34.10207533836365, 34.46290969848633,]
