best-result = 55.60055184364319
warmup-time = 71.09335708618164
all-measurements = [ 55.60055184364319, 55.700265645980835, 55.60573863983154,]
