best-result = 1667.022153377533
warmup-time = 2266.2844870090485
all-measurements = [ 1667.022153377533, 2474.431891441345, 2119.280055999756,]
