best-result = 48.12767457962036
warmup-time = 69.93625974655151
all-measurements = [ 48.426162004470825, 48.22869658470154, 48.12767457962036,]
