best-result = 77.61765050888062
warmup-time = 97.2351565361023
all-measurements = [ 77.94478678703308, 78.36909055709839, 77.61765050888062,]
