best-result = 36.852519512176514
warmup-time = 46.99536466598511
all-measurements = [ 36.852519512176514, 37.808610916137695, 36.92996597290039,]
