best-result = 329.641672372818
warmup-time = 469.1056430339813
all-measurements = [ 329.641672372818, 336.7083580493927, 338.778742313385,]
