best-result = 58.373918533325195
warmup-time = 60.08974862098694
all-measurements = [ 58.854748249053955, 58.373918533325195, 58.53341579437256,]
