best-result = 23.296871423721313
warmup-time = 23.650034427642822
all-measurements = [ 23.296871423721313, 23.401524305343628, 24.03933596611023,]
