best-result = 47.19938373565674
warmup-time = 62.871978998184204
all-measurements = [ 47.19938373565674, 47.49425435066223, 47.425851821899414,]
