best-result = 47.29718208312988
warmup-time = 58.61637830734253
all-measurements = [ 47.673152685165405, 47.29718208312988, 47.40591049194336,]
