best-result = 901.8477714061737
warmup-time = 1090.2169995307922
all-measurements = [ 916.5838003158569, 902.1903069019318, 901.8477714061737,]
