best-result = 85.7836365699768
warmup-time = 98.50688433647156
all-measurements = [ 86.1300277709961, 85.7836365699768, 86.1577718257904,]
