best-result = 985.3198044300079
warmup-time = 1019.0724115371704
all-measurements = [ 997.2886519432068, 995.0010051727295, 985.3198044300079,]
