best-result = 65.72784948348999
warmup-time = 80.71089553833008
all-measurements = [ 67.32792258262634, 67.1071674823761, 65.72784948348999,]
