best-result = 84.30689120292664
warmup-time = 104.78055810928345
all-measurements = [ 84.30689120292664, 84.52460312843323, 85.0632221698761,]
