best-result = 68.61707353591919
warmup-time = 89.29763555526733
all-measurements = [ 69.4522955417633, 68.61707353591919, 68.97297072410583,]
