best-result = 91.83741593360901
warmup-time = 105.39648532867432
all-measurements = [ 91.83741593360901, 92.3086667060852, 91.98275375366211,]
