best-result = 644.134975194931
warmup-time = 655.552592754364
all-measurements = [ 644.952246427536, 645.6889939308167, 644.134975194931,]
