best-result = 62.58291244506836
warmup-time = 77.55221343040466
all-measurements = [ 62.58716869354248, 63.45070457458496, 62.58291244506836,]
