best-result = 191.8464789390564
warmup-time = 339.383181810379
all-measurements = [ 191.8464789390564, 192.74410843849182, 214.3325855731964,]
