best-result = 383.37338495254517
warmup-time = 828.6271052360535
all-measurements = [ 387.72482991218567, 383.37338495254517, 384.9064710140228,]
