best-result = 62.69180369377136
warmup-time = 78.5368161201477
all-measurements = [ 62.820608377456665, 62.69180369377136, 64.66700029373169,]
