best-result = 40.49284815788269
warmup-time = 48.42860198020935
all-measurements = [ 40.9936158657074, 40.49284815788269, 40.8295636177063,]
