best-result = 135.74187755584717
warmup-time = 164.00433659553528
all-measurements = [ 135.94398975372314, 136.09555506706238, 135.74187755584717,]
