best-result = 927.7790987491608
warmup-time = 958.2785687446594
all-measurements = [ 932.2474811077118, 927.7790987491608, 932.3721971511841,]
