best-result = 28.09411883354187
warmup-time = 36.61790704727173
all-measurements = [ 28.159245252609253, 28.19345498085022, 28.09411883354187,]
