best-result = 59.443931102752686
warmup-time = 73.21869659423828
all-measurements = [ 59.45266079902649, 59.443931102752686, 59.80712676048279,]
