best-result = 60.51914358139038
warmup-time = 74.44357824325562
all-measurements = [ 60.51914358139038, 61.143380880355835, 60.71792435646057,]
