best-result = 110.22643446922302
warmup-time = 137.57450103759766
all-measurements = [ 110.22643446922302, 110.9301323890686, 111.21086525917053,]
