best-result = 776.0008113384247
warmup-time = 840.715081691742
all-measurements = [ 779.2519335746765, 776.0008113384247, 798.881432056427,]
