best-result = 34.525688886642456
warmup-time = 42.82866883277893
all-measurements = [ 34.680078744888306, 34.571797609329224, 34.525688886642456,]
