best-result = 56.21963858604431
warmup-time = 71.85923433303833
all-measurements = [ 56.80675148963928, 56.30406451225281, 56.21963858604431,]
