best-result = 2196.631485939026
warmup-time = 2114.999256134033
all-measurements = [ 2744.514591693878, 2211.2536990642548, 2196.631485939026,]
