best-result = 49.91542673110962
warmup-time = 70.23792481422424
all-measurements = [ 49.96474361419678, 50.02998638153076, 49.91542673110962,]
