best-result = 83.4031023979187
warmup-time = 102.61158442497253
all-measurements = [ 83.588059425354, 83.4031023979187, 83.48735570907593,]
