best-result = 94.046147108078
warmup-time = 119.10109210014343
all-measurements = [ 94.6160340309143, 94.046147108078, 94.65302205085754,]
