best-result = 38.06468319892883
warmup-time = 47.107781410217285
all-measurements = [ 38.23881697654724, 38.37595343589783, 38.06468319892883,]
