best-result = 313.8438684940338
warmup-time = 450.7587101459503
all-measurements = [ 313.8438684940338, 330.2824420928955, 316.70313835144043,]
