best-result = 60.48030662536621
warmup-time = 61.66030430793762
all-measurements = [ 60.48030662536621, 60.697564363479614, 61.730350971221924,]
