best-result = 26.028449296951294
warmup-time = 25.942476987838745
all-measurements = [ 26.38252091407776, 26.412271738052368, 26.028449296951294,]
