best-result = 37.287726402282715
warmup-time = 39.26599311828613
all-measurements = [ 39.9120192527771, 37.287726402282715, 38.56020903587341,]
