best-result = 31.63921093940735
warmup-time = 31.32873225212097
all-measurements = [ 32.242687463760376, 32.06518530845642, 31.63921093940735,]
