best-result = 263.44856214523315
warmup-time = 275.11438155174255
all-measurements = [ 263.75020599365234, 263.9869191646576, 263.44856214523315,]
