best-result = 35.88005042076111
warmup-time = 36.91171717643738
all-measurements = [ 37.9673011302948, 36.324416637420654, 35.88005042076111,]
