best-result = 41.285566329956055
warmup-time = 41.79615020751953
all-measurements = [ 41.285566329956055, 42.21314525604248, 41.8247230052948,]
