best-result = 49.41070318222046
warmup-time = 49.712491035461426
all-measurements = [ 49.516897439956665, 50.472185134887695, 49.41070318222046,]
