best-result = 33.60925912857056
warmup-time = 34.49597907066345
all-measurements = [ 33.99811244010925, 33.60925912857056, 34.383819341659546,]
