best-result = 36.1040358543396
warmup-time = 36.39910173416138
all-measurements = [ 36.1040358543396, 37.84487533569336, 37.86666440963745,]
