best-result = 62.48081564903259
warmup-time = 62.900758028030396
all-measurements = [ 65.34555077552795, 62.48081564903259, 62.79893922805786,]
