best-result = 227.65684938430786
warmup-time = 227.85113716125488
all-measurements = [ 232.01530599594116, 229.05123353004456, 227.65684938430786,]
