best-result = 520.7539687156677
warmup-time = 529.2461133003235
all-measurements = [ 524.5854103565216, 522.772430896759, 520.7539687156677,]
