best-result = 37.60472393035889
warmup-time = 37.618324279785156
all-measurements = [ 37.60472393035889, 38.39433693885803, 37.91087222099304,]
