best-result = 74.41850852966309
warmup-time = 73.37136840820312
all-measurements = [ 78.60663509368896, 74.41850852966309, 77.42670631408691,]
