best-result = 61.68967318534851
warmup-time = 65.962890625
all-measurements = [ 61.68967318534851, 62.73969888687134, 62.3963840007782,]
