best-result = 28.079500675201416
warmup-time = 29.21525001525879
all-measurements = [ 28.079500675201416, 28.370822191238403, 29.157603979110718,]
