best-result = 32.615307092666626
warmup-time = 36.116724252700806
all-measurements = [ 36.020556688308716, 32.615307092666626, 35.30347561836243,]
