best-result = 33.72640943527222
warmup-time = 34.03849911689758
all-measurements = [ 34.07591199874878, 34.640177488327026, 33.72640943527222,]
