best-result = 42.51885962486267
warmup-time = 43.327744245529175
all-measurements = [ 42.51885962486267, 43.21608328819275, 44.06012558937073,]
