best-result = 97.17671465873718
warmup-time = 98.07427048683167
all-measurements = [ 98.0477385520935, 97.17671465873718, 98.06472969055176,]
