best-result = 28.221275568008423
warmup-time = 29.347479581832886
all-measurements = [ 28.221275568008423, 29.48633098602295, 29.14814591407776,]
