best-result = 34.53954744338989
warmup-time = 36.11610984802246
all-measurements = [ 35.604276180267334, 34.53954744338989, 35.59570097923279,]
