best-result = 90.14733839035034
warmup-time = 93.52045464515686
all-measurements = [ 90.14733839035034, 98.40042185783386, 92.77015471458435,]
