best-result = 39.996686935424805
warmup-time = 40.40489387512207
all-measurements = [ 39.996686935424805, 41.34690237045288, 40.901718616485596,]
