best-result = 45.05194926261902
warmup-time = 43.697869539260864
all-measurements = [ 46.325876235961914, 47.49759840965271, 45.05194926261902,]
