best-result = 28.2217755317688
warmup-time = 29.426830768585205
all-measurements = [ 30.091364860534668, 28.966883182525635, 28.2217755317688,]
