best-result = 717.2588930130005
warmup-time = 737.8780674934387
all-measurements = [ 722.4439737796783, 717.401460647583, 717.2588930130005,]
