best-result = 174.1230607032776
warmup-time = 174.34976887702942
all-measurements = [ 174.54176354408264, 174.1230607032776, 174.14199042320251,]
