best-result = 64.51560258865356
warmup-time = 56.7037889957428
all-measurements = [ 64.51560258865356, 67.63731026649475, 67.84411215782166,]
