best-result = 21.995927095413208
warmup-time = 24.276472091674805
all-measurements = [ 21.995927095413208, 22.332513570785522, 22.34263038635254,]
memory-traffic = 279
