best-result = 46.13401484489441
warmup-time = 64.2118980884552
all-measurements = [ 46.64373588562012, 46.726606130599976, 46.13401484489441,]
memory-traffic = 3671
