best-result = 45.37123966217041
warmup-time = 59.399235010147095
all-measurements = [ 45.543112993240356, 45.37123966217041, 45.88417601585388,]
memory-traffic = 3332
