best-result = 941.9542617797852
warmup-time = 1150.6669490337372
all-measurements = [ 954.4052391052246, 946.6181695461273, 941.9542617797852,]
memory-traffic = 94500
