best-result = 80.65117573738098
warmup-time = 97.35167407989502
all-measurements = [ 81.3062653541565, 80.65117573738098, 81.43353343009949,]
memory-traffic = 6776
