best-result = 77.54548954963684
warmup-time = 98.53849744796753
all-measurements = [ 77.54548954963684, 78.61659359931946, 78.03264832496643,]
