best-result = 67.68697500228882
warmup-time = 91.51660060882568
all-measurements = [ 68.88121819496155, 68.13978362083435, 67.68697500228882,]
memory-traffic = 5986
