best-result = 82.97093415260315
warmup-time = 100.00637865066528
all-measurements = [ 84.14210486412048, 83.54049015045166, 82.97093415260315,]
memory-traffic = 6818
