best-result = 592.5595614910126
warmup-time = 600.0889415740967
all-measurements = [ 592.5595614910126, 599.9295704364777, 593.5348913669586,]
memory-traffic = 55814
