best-result = 60.98315954208374
warmup-time = 79.56938886642456
all-measurements = [ 61.061487913131714, 61.47192978858948, 60.98315954208374,]
memory-traffic = 3665
