best-result = 218.22283577919006
warmup-time = 371.43689131736755
all-measurements = [ 222.5205192565918, 221.61041498184204, 218.22283577919006,]
