best-result = 433.31382846832275
warmup-time = 879.1184785366058
all-measurements = [ 435.60436606407166, 435.0417010784149, 433.31382846832275,]
memory-traffic = 25907
