best-result = 59.440940380096436
warmup-time = 76.94474935531616
all-measurements = [ 60.252660036087036, 59.440940380096436, 59.840004205703735,]
memory-traffic = 3686
