best-result = 844.4981107711792
warmup-time = 875.3644666671753
all-measurements = [ 847.5466680526733, 844.4981107711792, 851.402236700058,]
memory-traffic = 97472
