best-result = 26.0488543510437
warmup-time = 36.98259115219116
all-measurements = [ 26.43339991569519, 26.80551505088806, 26.0488543510437,]
memory-traffic = 787
