best-result = 56.530025005340576
warmup-time = 71.99876427650452
all-measurements = [ 56.530025005340576, 56.78675103187561,]
memory-traffic = 4008
