best-result = 55.31113886833191
warmup-time = 70.80668187141418
all-measurements = [ 55.31113886833191, 55.36357927322388, 56.23731446266174,]
memory-traffic = 3049
