best-result = 106.69567513465881
warmup-time = 135.76450443267822
all-measurements = [ 106.69567513465881, 107.40234112739563, 106.94486427307129,]
memory-traffic = 10274
