best-result = 756.9375152587891
warmup-time = 825.3576185703278
all-measurements = [ 759.6749911308289, 757.6440212726593, 756.9375152587891,]
memory-traffic = 68059
