best-result = 33.2809374332428
warmup-time = 44.50436282157898
all-measurements = [ 33.46844005584717, 33.75596070289612, 33.2809374332428,]
memory-traffic = 1311
