best-result = 52.30773973464966
warmup-time = 69.23542499542236
all-measurements = [ 53.42840003967285, 52.30773973464966, 53.29632806777954,]
memory-traffic = 3759
