best-result = 1324.5583846569061
warmup-time = 1436.4270372390747
all-measurements = [ 1499.0106518268585, 1324.5583846569061, 1726.3937726020813,]
