best-result = 48.0536425113678
warmup-time = 69.3827121257782
all-measurements = [ 48.0536425113678, 48.7487998008728, 48.38382959365845,]
memory-traffic = 3698
