best-result = 78.04082298278809
warmup-time = 100.24807405471802
all-measurements = [ 79.61951851844788, 78.42339587211609, 78.04082298278809,]
memory-traffic = 6465
