best-result = 34.744038581848145
warmup-time = 45.686686992645264
all-measurements = [ 34.744038581848145, 34.81006669998169, 35.093501329422,]
memory-traffic = 1788
