best-result = 331.26669549942017
warmup-time = 459.8873245716095
all-measurements = [ 331.26669549942017, 339.0451068878174, 333.5807206630707,]
memory-traffic = 30758
