best-result = 120.65592956542969
warmup-time = 129.05544257164001
all-measurements = [ 122.40298128128052, 120.65592956542969, 123.62420439720154,]
memory-traffic = 9176
