best-result = 25.539007663726807
warmup-time = 25.875141859054565
all-measurements = [ 25.669636726379395, 25.539007663726807, 25.81020498275757,]
