best-result = 36.84343409538269
warmup-time = 37.516210079193115
all-measurements = [ 37.98871564865112, 37.12005567550659, 36.84343409538269,]
