best-result = 30.33595299720764
warmup-time = 32.1090567111969
all-measurements = [ 30.33595299720764, 32.31062436103821, 31.282856464385986,]
