best-result = 260.2531588077545
warmup-time = 269.1673102378845
all-measurements = [ 265.6871681213379, 260.2531588077545, 265.4834578037262,]
