best-result = 36.1326744556427
warmup-time = 36.14998507499695
all-measurements = [ 36.1829776763916, 36.790268421173096, 36.1326744556427,]
