best-result = 40.02853202819824
warmup-time = 41.50157809257507
all-measurements = [ 41.41263747215271, 40.57063674926758, 40.02853202819824,]
