best-result = 48.220974922180176
warmup-time = 50.224732875823975
all-measurements = [ 48.220974922180176, 48.583922386169434, 48.41962504386902,]
