best-result = 33.81433367729187
warmup-time = 34.01317119598389
all-measurements = [ 34.3870587348938, 34.61944508552551, 33.81433367729187,]
