best-result = 35.79229712486267
warmup-time = 37.11839318275452
all-measurements = [ 36.96271347999573, 37.11917686462402, 35.79229712486267,]
