best-result = 61.23436403274536
warmup-time = 64.38122582435608
all-measurements = [ 61.23436403274536, 61.38566827774048, 61.9829683303833,]
