best-result = 226.08190178871155
warmup-time = 230.35506629943848
all-measurements = [ 226.18135714530945, 226.08190178871155, 226.73370146751404,]
