best-result = 515.924859046936
warmup-time = 521.1790149211884
all-measurements = [ 520.4702904224396, 515.924859046936, 521.3435435295105,]
