best-result = 36.92464733123779
warmup-time = 36.12520980834961
all-measurements = [ 37.49202084541321, 36.92464733123779, 37.317941665649414,]
