best-result = 72.79075407981873
warmup-time = 79.37167000770569
all-measurements = [ 86.0076334476471, 76.61151170730591, 72.79075407981873,]
