best-result = 61.315571546554565
warmup-time = 62.8091881275177
all-measurements = [ 61.315571546554565, 62.21781539916992, 62.07696175575256,]
