best-result = 26.737584829330444
warmup-time = 27.652369260787964
all-measurements = [ 28.383649826049805, 27.65522527694702, 26.737584829330444,]
