best-result = 35.352169036865234
warmup-time = 36.417280435562134
all-measurements = [ 35.404178619384766, 35.70256805419922, 35.352169036865234,]
