best-result = 33.49568557739258
warmup-time = 34.08291244506836
all-measurements = [ 33.86947298049927, 33.49568557739258, 33.608444690704346,]
