best-result = 41.1016743183136
warmup-time = 43.11548662185669
all-measurements = [ 42.812801122665405, 41.1016743183136, 42.569159746170044,]
