best-result = 96.14900875091553
warmup-time = 96.53282046318054
all-measurements = [ 96.86221837997437, 96.14900875091553, 98.01804161071777,]
