best-result = 28.875540494918823
warmup-time = 28.06428599357605
all-measurements = [ 29.482030630111694, 28.931796550750732, 28.875540494918823,]
