best-result = 32.27880120277405
warmup-time = 34.717894554138184
all-measurements = [ 32.27880120277405, 35.10129117965698, 34.96590733528137,]
