best-result = 87.84551286697388
warmup-time = 88.3302595615387
all-measurements = [ 87.84551286697388, 95.2102358341217, 92.84525418281555,]
