best-result = 38.988404512405396
warmup-time = 39.422184467315674
all-measurements = [ 39.25145936012268, 39.57547044754028, 38.988404512405396,]
