best-result = 43.32083702087402
warmup-time = 45.505202770233154
all-measurements = [ 45.41889786720276, 43.32083702087402, 44.667261838912964,]
