best-result = 27.124897003173828
warmup-time = 28.852893590927124
all-measurements = [ 27.124897003173828, 28.802022457122803, 28.105102062225342,]
