best-result = 699.1015915870667
warmup-time = 732.1381607055664
all-measurements = [ 703.0722336769104, 699.1015915870667, 709.60338306427,]
