best-result = 172.89995574951172
warmup-time = 177.563063621521
all-measurements = [ 172.89995574951172, 174.1324005126953, 174.60734176635742,]
