best-result = 58.83372187614441
warmup-time = 68.39126014709473
all-measurements = [ 70.16677975654602, 66.90299081802368, 58.83372187614441,]
