best-result = 25.91228699684143
warmup-time = 26.308930158615112
all-measurements = [ 26.261763334274292, 25.91228699684143, 26.014713048934937,]
