best-result = 36.9224374294281
warmup-time = 39.472888708114624
all-measurements = [ 37.549663066864014, 39.70077157020569, 36.9224374294281,]
