best-result = 31.6192843914032
warmup-time = 32.798465728759766
all-measurements = [ 32.9657781124115, 31.6192843914032, 31.84972620010376,]
