best-result = 262.10108065605164
warmup-time = 272.5747056007385
all-measurements = [ 271.02344965934753, 268.92764234542847, 262.10108065605164,]
