best-result = 37.35443735122681
warmup-time = 37.99747633934021
all-measurements = [ 37.35443735122681, 37.61018347740173, 37.66305732727051,]
