best-result = 41.89542603492737
warmup-time = 40.94450092315674
all-measurements = [ 41.89542603492737, 43.441648960113525, 42.0661404132843,]
