best-result = 49.29905366897583
warmup-time = 51.815736532211304
all-measurements = [ 49.84325861930847, 50.331151485443115, 49.29905366897583,]
