best-result = 34.208497285842896
warmup-time = 33.437472343444824
all-measurements = [ 34.590099573135376, 34.73925185203552, 34.208497285842896,]
