best-result = 37.422295570373535
warmup-time = 38.74380135536194
all-measurements = [ 37.708635091781616, 37.75478172302246, 37.422295570373535,]
