best-result = 62.69801044464111
warmup-time = 63.49435544013977
all-measurements = [ 64.18308758735657, 64.17054796218872, 62.69801044464111,]
