best-result = 226.04590153694153
warmup-time = 229.57874631881714
all-measurements = [ 226.43879389762878, 226.04590153694153, 230.22251987457275,]
