best-result = 522.0858900547028
warmup-time = 525.4084932804108
all-measurements = [ 522.1681101322174, 522.0858900547028, 522.1940593719482,]
