best-result = 37.61791658401489
warmup-time = 37.98278331756592
all-measurements = [ 38.23057794570923, 37.61791658401489, 38.227776765823364,]
