best-result = 79.77591156959534
warmup-time = 73.45039176940918
all-measurements = [ 86.17621660232544, 79.77591156959534, 81.21577382087708,]
