best-result = 62.75128507614136
warmup-time = 62.68559980392456
all-measurements = [ 62.75128507614136, 63.01996421813965, 64.18369603157043,]
