best-result = 27.93591570854187
warmup-time = 28.814597129821777
all-measurements = [ 27.93591570854187, 28.283653497695923, 28.403797149658203,]
