best-result = 32.670522928237915
warmup-time = 32.609400272369385
all-measurements = [ 36.030006647109985, 35.837170362472534, 32.670522928237915,]
