best-result = 34.29163122177124
warmup-time = 34.4006290435791
all-measurements = [ 34.402291774749756, 35.522422313690186, 34.29163122177124,]
