best-result = 43.02484750747681
warmup-time = 42.37824058532715
all-measurements = [ 44.03093719482422, 43.84574007987976, 43.02484750747681,]
