best-result = 96.37950873374939
warmup-time = 99.70446038246155
all-measurements = [ 97.48748803138733, 96.37950873374939, 97.4636595249176,]
