best-result = 27.971487760543823
warmup-time = 28.288039922714233
all-measurements = [ 29.609671115875244, 27.971487760543823, 28.673553705215454,]
