best-result = 34.25603413581848
warmup-time = 35.787755727767944
all-measurements = [ 35.4508740901947, 34.25603413581848, 36.38255500793457,]
