best-result = 86.96378660202026
warmup-time = 87.89549326896667
all-measurements = [ 86.97714400291443, 86.96378660202026, 93.05562090873718,]
