best-result = 39.42694282531738
warmup-time = 40.494362592697144
all-measurements = [ 40.694084882736206, 39.54209017753601, 39.42694282531738,]
