best-result = 43.94416880607605
warmup-time = 43.05331230163574
all-measurements = [ 45.122618675231934, 45.65397071838379, 43.94416880607605,]
