best-result = 27.89412260055542
warmup-time = 28.868356704711914
all-measurements = [ 29.297587871551514, 27.89412260055542, 29.78016448020935,]
