best-result = 695.4633798599243
warmup-time = 727.7522709369659
all-measurements = [ 708.469799041748, 695.4633798599243, 706.1935737133026,]
