best-result = 173.7591598033905
warmup-time = 177.84062266349792
all-measurements = [ 173.77934956550598, 177.542076587677, 173.7591598033905,]
