best-result = 59.82831001281738
warmup-time = 68.54174757003784
all-measurements = [ 59.82831001281738, 65.22478103637695, 69.58642077445984,]
