best-result = 24.66096258163452
warmup-time = 24.994200706481934
all-measurements = [ 25.30635690689087, 25.03847646713257, 24.66096258163452,]
