best-result = 35.93644833564758
warmup-time = 38.548799991607666
all-measurements = [ 36.375450134277344, 37.622143268585205, 35.93644833564758,]
