best-result = 31.084216833114624
warmup-time = 33.11626482009888
all-measurements = [ 31.995844841003418, 31.085065126419067, 31.084216833114624,]
