best-result = 270.16540122032166
warmup-time = 277.2839615345001
all-measurements = [ 270.16540122032166, 274.8464198112488, 278.1029489040375,]
