best-result = 36.511568546295166
warmup-time = 36.67535471916199
all-measurements = [ 36.54119038581848, 36.557374000549316, 36.511568546295166,]
