best-result = 41.745749711990356
warmup-time = 42.53014636039734
all-measurements = [ 43.483012437820435, 41.745749711990356, 42.52147459983826,]
