best-result = 49.386024713516235
warmup-time = 51.47027325630188
all-measurements = [ 50.41113042831421, 50.108442544937134, 49.386024713516235,]
