best-result = 34.57564306259155
warmup-time = 35.28545784950256
all-measurements = [ 35.56898212432861, 34.57564306259155, 34.81544804573059,]
