best-result = 37.2661337852478
warmup-time = 36.26887249946594
all-measurements = [ 38.23244333267212, 37.2661337852478, 38.05590629577637,]
