best-result = 61.48661541938782
warmup-time = 60.260751485824585
all-measurements = [ 61.50635600090027, 61.5227906703949, 61.48661541938782,]
