best-result = 242.16159224510193
warmup-time = 244.48661017417908
all-measurements = [ 244.12369775772095, 242.16159224510193, 242.29080533981323,]
