best-result = 545.5959043502808
warmup-time = 544.8297898769379
all-measurements = [ 545.5959043502808, 548.2773537635803, 550.2284185886383,]
