best-result = 34.69561505317688
warmup-time = 36.17116141319275
all-measurements = [ 37.18642067909241, 34.69561505317688, 35.313339710235596,]
