best-result = 64.88774728775024
warmup-time = 64.87345242500305
all-measurements = [ 65.79254412651062, 64.88774728775024, 66.25134205818176,]
