best-result = 27.038673400878906
warmup-time = 27.078938007354736
all-measurements = [ 27.815215587615967, 27.38091015815735, 27.038673400878906,]
