best-result = 35.85303211212158
warmup-time = 36.469597578048706
all-measurements = [ 36.375173807144165, 35.85303211212158, 36.226826906204224,]
