best-result = 31.84660577774048
warmup-time = 33.77453684806824
all-measurements = [ 31.84660577774048, 32.67556548118591, 33.03942131996155,]
