best-result = 42.85408616065979
warmup-time = 42.81274485588074
all-measurements = [ 43.19817638397217, 43.69252419471741, 42.85408616065979,]
