best-result = 97.14357876777649
warmup-time = 100.03048706054688
all-measurements = [ 97.14357876777649, 99.68497586250305, 98.96564435958862,]
