best-result = 27.23539638519287
warmup-time = 28.22838068008423
all-measurements = [ 27.372979640960693, 27.23539638519287, 27.77107524871826,]
