best-result = 32.70456886291504
warmup-time = 34.85376787185669
all-measurements = [ 34.56816649436951, 35.14108371734619, 32.70456886291504,]
