best-result = 38.328726053237915
warmup-time = 39.71743416786194
all-measurements = [ 38.328726053237915, 40.244996786117554, 40.634889364242554,]
