best-result = 44.59304189682007
warmup-time = 45.14053440093994
all-measurements = [ 47.04289674758911, 45.22445225715637, 44.59304189682007,]
