best-result = 26.414940118789673
warmup-time = 26.93320059776306
all-measurements = [ 26.414940118789673, 27.851081371307373, 28.30018639564514,]
