best-result = 697.3917999267578
warmup-time = 705.941563129425
all-measurements = [ 699.8730778694153, 697.3917999267578, 699.6774649620056,]
