best-result = 180.01916885375977
warmup-time = 181.3074026107788
all-measurements = [ 182.02406358718872, 182.69319248199463, 180.01916885375977,]
