best-result = 40.742589473724365
warmup-time = 43.33778667449951
all-measurements = [ 43.61233878135681, 46.21249556541443, 40.742589473724365,]
