best-result = 22.784754991531372
warmup-time = 23.01094961166382
all-measurements = [ 23.12095618247986, 23.117489337921143, 22.784754991531372,]
