best-result = 46.445762157440186
warmup-time = 63.74015474319458
all-measurements = [ 47.17778301239014, 46.445762157440186, 47.039681911468506,]
