best-result = 46.25125050544739
warmup-time = 58.12358617782593
all-measurements = [ 46.30468702316284, 46.952237367630005, 46.25125050544739,]
