best-result = 912.2023324966431
warmup-time = 1135.5588212013245
all-measurements = [ 919.4700758457184, 912.2023324966431, 914.3427140712738,]
