best-result = 84.82370209693909
warmup-time = 99.87586951255798
all-measurements = [ 84.82370209693909, 85.611745595932, 85.58510756492615,]
