best-result = 992.7929668426514
warmup-time = 1014.6163353919983
all-measurements = [ 994.3625710010529, 998.796856880188, 992.7929668426514,]
