best-result = 82.78226232528687
warmup-time = 103.88661026954651
all-measurements = [ 83.83086156845093, 82.78226232528687, 83.14316821098328,]
