best-result = 67.5067811012268
warmup-time = 88.00021505355835
all-measurements = [ 67.71010136604309, 68.5894992351532, 67.5067811012268,]
