best-result = 92.18406748771667
warmup-time = 104.82597994804382
all-measurements = [ 92.18406748771667, 92.64203953742981, 92.24245071411133,]
