best-result = 650.7809860706329
warmup-time = 665.7687132358551
all-measurements = [ 654.0974326133728, 656.5696496963501, 650.7809860706329,]
