best-result = 61.623981952667236
warmup-time = 72.56535863876343
all-measurements = [ 62.42992568016052, 62.30717349052429, 61.623981952667236,]
