best-result = 207.49948501586914
warmup-time = 361.3483941555023
all-measurements = [ 207.49948501586914, 208.1907479763031, 210.8789312839508,]
