best-result = 426.3669090270996
warmup-time = 877.0073173046112
all-measurements = [ 432.1952657699585, 444.77218866348267, 426.3669090270996,]
