best-result = 62.12928533554077
warmup-time = 80.43684101104736
all-measurements = [ 62.12928533554077, 62.24542713165283, 63.1443076133728,]
