best-result = 40.363081216812134
warmup-time = 48.07802748680115
all-measurements = [ 40.552308559417725, 40.363081216812134, 40.63924741744995,]
