best-result = 134.8155755996704
warmup-time = 162.73291206359863
all-measurements = [ 135.28917121887207, 134.8155755996704, 135.90313386917114,]
