best-result = 913.827624797821
warmup-time = 941.9418649673462
all-measurements = [ 917.4924583435059, 913.827624797821, 916.1974847316742,]
