best-result = 27.467965126037598
warmup-time = 37.01592707633972
all-measurements = [ 28.124725818634033, 27.503103733062744, 27.467965126037598,]
