best-result = 57.66391706466675
warmup-time = 71.16650390625
all-measurements = [ 58.129151344299316, 57.66391706466675, 57.67147731781006,]
