best-result = 59.34679412841797
warmup-time = 74.6165542602539
all-measurements = [ 60.56093716621399, 59.34679412841797, 60.331552505493164,]
