best-result = 110.76174998283386
warmup-time = 136.97608590126038
all-measurements = [ 110.90113592147827, 110.76174998283386, 111.4458544254303,]
