best-result = 784.4994502067566
warmup-time = 857.0632870197296
all-measurements = [ 784.622344493866, 784.4994502067566, 785.4629030227661,]
