best-result = 34.13600564002991
warmup-time = 42.70384240150452
all-measurements = [ 34.13600564002991, 34.472387075424194, 34.78554153442383,]
