best-result = 55.61868500709534
warmup-time = 71.11990165710449
all-measurements = [ 55.88336396217346, 55.61868500709534, 55.82145071029663,]
