best-result = 1403.8908321857452
warmup-time = 1400.5303556919098
all-measurements = [ 2139.214791536331, 1498.1752038002014, 1403.8908321857452,]
