best-result = 48.34022355079651
warmup-time = 70.76337242126465
all-measurements = [ 48.97379803657532, 48.34022355079651, 48.93515181541443,]
