best-result = 78.40036392211914
warmup-time = 99.2984938621521
all-measurements = [ 78.8287456035614, 78.914311170578, 78.40036392211914,]
