best-result = 36.719963788986206
warmup-time = 46.30963373184204
all-measurements = [ 37.69860029220581, 36.719963788986206, 37.06824326515198,]
