best-result = 339.1196496486664
warmup-time = 488.69589614868164
all-measurements = [ 339.1196496486664, 342.2919969558716, 344.8718020915985,]
