best-result = 58.66077136993408
warmup-time = 59.22075414657593
all-measurements = [ 58.66077136993408, 59.19233298301697, 59.1051766872406,]
