best-result = 23.240417003631592
warmup-time = 23.40737748146057
all-measurements = [ 23.240417003631592, 23.52052068710327, 23.244749307632446,]
