best-result = 47.14860224723816
warmup-time = 65.11804413795471
all-measurements = [ 47.250486612319946, 47.38093686103821, 47.14860224723816,]
