best-result = 46.44819664955139
warmup-time = 58.92111134529114
all-measurements = [ 46.751598596572876, 46.44819664955139, 47.1382520198822,]
