best-result = 898.2710530757904
warmup-time = 1113.4712932109833
all-measurements = [ 901.6228890419006, 898.6552851200104, 898.2710530757904,]
