best-result = 85.9803307056427
warmup-time = 98.7443323135376
all-measurements = [ 86.83994460105896, 85.9803307056427, 86.82421112060547,]
