best-result = 985.6099538803101
warmup-time = 1018.5469670295715
all-measurements = [ 989.642605304718, 985.6099538803101, 988.064376115799,]
