best-result = 82.84337997436523
warmup-time = 102.84268999099731
all-measurements = [ 82.84337997436523, 83.79228711128235, 83.1465995311737,]
