best-result = 68.70101475715637
warmup-time = 88.1475841999054
all-measurements = [ 68.70101475715637, 68.72610473632812, 69.10012865066528,]
