best-result = 91.5371208190918
warmup-time = 105.72560119628906
all-measurements = [ 92.17015075683594, 91.5371208190918, 92.21209859848022,]
