best-result = 645.3128995895386
warmup-time = 657.4324653148651
all-measurements = [ 650.0047903060913, 645.3128995895386, 651.6152110099792,]
