best-result = 62.319599628448486
warmup-time = 73.08843612670898
all-measurements = [ 62.775901556015015, 62.319599628448486, 62.866841554641724,]
