best-result = 204.5509057044983
warmup-time = 359.53911805152893
all-measurements = [ 204.5509057044983, 207.7591588497162, 206.59934377670288,]
