best-result = 381.2026824951172
warmup-time = 826.6992490291595
all-measurements = [ 384.2424228191376, 381.2026824951172, 387.45714354515076,]
