best-result = 63.07091808319092
warmup-time = 78.62945437431335
all-measurements = [ 63.07091808319092, 63.39903235435486, 63.22303009033203,]
