best-result = 40.246070861816406
warmup-time = 48.40658712387085
all-measurements = [ 40.87356758117676, 40.94678592681885, 40.246070861816406,]
