best-result = 134.6583571434021
warmup-time = 166.27713060379028
all-measurements = [ 135.72675919532776, 134.6583571434021, 135.51028609275818,]
