best-result = 921.4676909446716
warmup-time = 949.6824169158936
all-measurements = [ 922.422308921814, 958.1646230220795, 921.4676909446716,]
