best-result = 28.335402965545654
warmup-time = 37.890252113342285
all-measurements = [ 28.76334810256958, 28.335402965545654, 28.49292826652527,]
