best-result = 57.5747013092041
warmup-time = 70.63353443145752
all-measurements = [ 57.5747013092041, 57.78177213668823, 57.949814558029175,]
