best-result = 59.816004514694214
warmup-time = 76.39037322998047
all-measurements = [ 61.11354398727417, 60.28983545303345, 59.816004514694214,]
