best-result = 109.87189054489136
warmup-time = 138.33238649368286
all-measurements = [ 109.87189054489136, 110.57069206237793, 110.29696440696716,]
