best-result = 771.6398320198059
warmup-time = 837.2447924613953
all-measurements = [ 771.6398320198059, 783.6856219768524, 775.2990937232971,]
