best-result = 34.17386293411255
warmup-time = 42.36428380012512
all-measurements = [ 34.33645415306091, 34.18037557601929, 34.17386293411255,]
