best-result = 56.11788606643677
warmup-time = 71.8346700668335
all-measurements = [ 56.11788606643677, 56.35601353645325, 56.203413009643555,]
