best-result = 1546.865534543991
warmup-time = 1925.9993569850922
all-measurements = [ 1546.865534543991, 1721.6174964904785, 2081.1998279094696,]
