best-result = 48.702749252319336
warmup-time = 70.56669044494629
all-measurements = [ 48.702749252319336, 49.137282371520996, 48.93686127662659,]
