best-result = 81.81413984298706
warmup-time = 98.27369618415833
all-measurements = [ 81.89841628074646, 81.81413984298706, 81.83459663391113,]
