best-result = 37.507147789001465
warmup-time = 46.03285789489746
all-measurements = [ 38.00165152549744, 37.507147789001465, 38.730085611343384,]
