best-result = 331.93340396881104
warmup-time = 483.0304901599884
all-measurements = [ 331.93340396881104, 334.92384910583496, 340.28762674331665,]
