best-result = 58.994224071502686
warmup-time = 59.3611273765564
all-measurements = [ 60.005775451660156, 59.2006139755249, 58.994224071502686,]
