best-result = 25.693767547607422
warmup-time = 26.076406478881836
all-measurements = [ 25.748135566711426, 25.693767547607422, 26.01575207710266,]
