best-result = 37.529502868652344
warmup-time = 40.75142550468445
all-measurements = [ 37.529502868652344, 38.49578046798706, 38.46422982215881,]
