best-result = 32.54621911048889
warmup-time = 32.379481077194214
all-measurements = [ 32.72735810279846, 32.54621911048889, 32.89133024215698,]
