best-result = 282.95011377334595
warmup-time = 282.63356161117554
all-measurements = [ 285.3367464542389, 283.4944133758545, 282.95011377334595,]
