best-result = 36.327481508255005
warmup-time = 37.15480089187622
all-measurements = [ 36.327481508255005, 36.62715005874634, 36.814213037490845,]
