best-result = 43.27116799354553
warmup-time = 42.982016801834106
all-measurements = [ 43.27116799354553, 44.62281131744385, 44.02511429786682,]
