best-result = 51.80441904067993
warmup-time = 53.44541835784912
all-measurements = [ 52.23541474342346, 51.80441904067993, 52.03987741470337,]
