best-result = 35.753329277038574
warmup-time = 33.2947313785553
all-measurements = [ 37.27510070800781, 35.753329277038574, 36.947673320770264,]
