best-result = 38.657798290252686
warmup-time = 39.59186267852783
all-measurements = [ 38.90333676338196, 40.071361780166626, 38.657798290252686,]
