best-result = 61.31032109260559
warmup-time = 64.33634185791016
all-measurements = [ 64.24915266036987, 61.44335627555847, 61.31032109260559,]
