best-result = 250.60939741134644
warmup-time = 254.50573992729187
all-measurements = [ 250.60939741134644, 253.48135828971863, 254.45833659172058,]
