best-result = 580.0953016281128
warmup-time = 582.2502732276917
all-measurements = [ 580.0953016281128, 580.7779500484467, 580.7622811794281,]
