best-result = 35.965656757354736
warmup-time = 37.14744448661804
all-measurements = [ 38.999154567718506, 38.1450936794281, 35.965656757354736,]
