best-result = 67.14198088645935
warmup-time = 67.02677607536316
all-measurements = [ 68.8473494052887, 67.14198088645935, 68.08350157737732,]
