best-result = 27.054450511932373
warmup-time = 28.662395238876343
all-measurements = [ 27.054450511932373, 28.531766891479492, 28.25359034538269,]
