best-result = 36.792399883270264
warmup-time = 37.2856810092926
all-measurements = [ 36.792399883270264, 37.01600217819214, 37.07430720329285,]
