best-result = 32.78035593032837
warmup-time = 33.591212034225464
all-measurements = [ 32.78035593032837, 32.92866325378418, 33.80969452857971,]
