best-result = 44.466784954071045
warmup-time = 43.70552349090576
all-measurements = [ 44.83482360839844, 44.61730146408081, 44.466784954071045,]
