best-result = 100.67310285568237
warmup-time = 103.9699478149414
all-measurements = [ 102.06967425346375, 100.67310285568237, 103.14471340179443,]
