best-result = 27.61407494544983
warmup-time = 27.869558572769165
all-measurements = [ 29.224523782730103, 29.97196340560913, 27.61407494544983,]
