best-result = 35.10115456581116
warmup-time = 34.557172775268555
all-measurements = [ 36.08854651451111, 35.10115456581116, 35.57066512107849,]
