best-result = 40.53601050376892
warmup-time = 41.19824481010437
all-measurements = [ 41.46566581726074, 41.2994019985199, 40.53601050376892,]
