best-result = 45.31135177612305
warmup-time = 48.31960844993591
all-measurements = [ 46.87536907196045, 46.268659591674805, 45.31135177612305,]
