best-result = 27.83767867088318
warmup-time = 28.774797201156616
all-measurements = [ 29.875871658325195, 27.83767867088318, 28.327104568481445,]
