best-result = 721.3589158058167
warmup-time = 720.5392582416534
all-measurements = [ 735.5384366512299, 735.3427817821503, 721.3589158058167,]
