best-result = 190.04600548744202
warmup-time = 192.9050633907318
all-measurements = [ 190.04600548744202, 197.05238819122314, 195.30986666679382,]
