best-result = 42.50876069068909
warmup-time = 45.5105926990509
all-measurements = [ 42.50876069068909, 45.610286235809326, 45.2320818901062,]
