best-result = 21.570401191711426
warmup-time = 22.455910444259644
all-measurements = [ 21.964926958084106, 21.79506516456604, 21.570401191711426,]
