best-result = 47.203383684158325
warmup-time = 63.531879901885986
all-measurements = [ 47.56054663658142, 47.291956186294556, 47.203383684158325,]
