best-result = 46.58233094215393
warmup-time = 59.11401653289795
all-measurements = [ 46.72938013076782, 46.91449046134949, 46.58233094215393,]
