best-result = 976.9366476535797
warmup-time = 1191.4689939022064
all-measurements = [ 976.9366476535797, 986.6764807701111, 978.0102260112762,]
