best-result = 82.13119268417358
warmup-time = 97.75496888160706
all-measurements = [ 82.13119268417358, 82.54992437362671, 82.89286828041077,]
