best-result = 78.61507225036621
warmup-time = 99.43166995048523
all-measurements = [ 78.61507225036621, 79.19900178909302, 79.47390270233154,]
