best-result = 68.64667820930481
warmup-time = 91.60973072052002
all-measurements = [ 68.99273586273193, 68.83280539512634, 68.64667820930481,]
