best-result = 83.71380567550659
warmup-time = 99.23978996276855
all-measurements = [ 83.71380567550659, 84.96298170089722, 84.25367093086243,]
