best-result = 592.2565860748291
warmup-time = 608.3835470676422
all-measurements = [ 592.2565860748291, 594.5740683078766, 595.6504292488098,]
