best-result = 61.70484519004822
warmup-time = 75.68832898139954
all-measurements = [ 61.70484519004822, 61.962045431137085, 62.17238783836365,]
