best-result = 226.97548699378967
warmup-time = 397.6242847442627
all-measurements = [ 229.91449332237244, 228.33188104629517, 226.97548699378967,]
