best-result = 440.49250841140747
warmup-time = 903.9648900032043
all-measurements = [ 443.2031686306, 448.97570300102234, 440.49250841140747,]
