best-result = 59.64896273612976
warmup-time = 76.90833449363708
all-measurements = [ 61.02917528152466, 59.64896273612976, 60.36020588874817,]
