best-result = 859.571084022522
warmup-time = 891.252215385437
all-measurements = [ 885.2446002960205, 859.571084022522, 860.1535439491272,]
