best-result = 27.223347425460815
warmup-time = 36.073668479919434
all-measurements = [ 27.223347425460815, 27.84293818473816, 28.069148302078247,]
