best-result = 58.01549553871155
warmup-time = 72.16826391220093
all-measurements = [ 58.10943818092346, 58.01549553871155, 58.211772203445435,]
