best-result = 55.74178194999695
warmup-time = 68.63415837287903
all-measurements = [ 55.74178194999695, 55.78616428375244, 56.935221672058105,]
