best-result = 108.58115005493164
warmup-time = 138.18089842796326
all-measurements = [ 108.58115005493164, 109.92212224006653, 108.73280668258667,]
