best-result = 770.7669367790222
warmup-time = 841.2151312828064
all-measurements = [ 773.4240221977234, 776.973470211029, 770.7669367790222,]
