best-result = 33.70981311798096
warmup-time = 40.960732221603394
all-measurements = [ 33.76531934738159, 33.70981311798096, 34.107593059539795,]
