best-result = 53.25271677970886
warmup-time = 68.62064671516418
all-measurements = [ 53.43602108955383, 53.41647458076477, 53.25271677970886,]
