best-result = 49.672008752822876
warmup-time = 69.49259352684021
all-measurements = [ 49.672008752822876, 50.01450848579407, 50.447101354599,]
