best-result = 79.37354111671448
warmup-time = 97.87564945220947
all-measurements = [ 79.37354111671448, 79.79884004592896, 79.86164498329163,]
