best-result = 35.49577617645264
warmup-time = 44.89297795295715
all-measurements = [ 36.09405732154846, 35.49577617645264, 35.65709948539734,]
