best-result = 348.23447489738464
warmup-time = 489.2112066745758
all-measurements = [ 350.71462893486023, 348.23447489738464, 350.40359258651733,]
