best-result = 102.88352179527283
warmup-time = 103.07735514640808
all-measurements = [ 102.88352179527283, 103.05927968025208, 103.36662459373474,]
