best-result = 23.277211666107178
warmup-time = 23.39577889442444
all-measurements = [ 23.837509393692017, 23.442546129226685, 23.277211666107178,]
