best-result = 47.075437784194946
warmup-time = 63.506877422332764
all-measurements = [ 47.078075885772705, 47.075437784194946, 47.82180857658386,]
