best-result = 46.817394733428955
warmup-time = 59.24888896942139
all-measurements = [ 47.02348327636719, 46.817394733428955, 47.327171325683594,]
