best-result = 902.3449561595917
warmup-time = 1113.501903295517
all-measurements = [ 903.1970541477203, 902.952751159668, 902.3449561595917,]
