best-result = 85.83762431144714
warmup-time = 99.7015163898468
all-measurements = [ 86.73448419570923, 85.83762431144714, 86.05203700065613,]
