best-result = 988.56520652771
warmup-time = 1022.4101424217224
all-measurements = [ 992.0394859313965, 988.56520652771, 988.7021653652191,]
