best-result = 82.42212152481079
warmup-time = 102.02677965164185
all-measurements = [ 82.47783541679382, 83.0088746547699, 82.42212152481079,]
