best-result = 68.13430976867676
warmup-time = 90.1333589553833
all-measurements = [ 68.47757983207703, 68.13430976867676, 68.41203093528748,]
