best-result = 92.18477272987366
warmup-time = 105.84629368782043
all-measurements = [ 92.31451749801636, 92.36660432815552, 92.18477272987366,]
