best-result = 645.036205291748
warmup-time = 663.5928268432617
all-measurements = [ 645.036205291748, 648.7835476398468, 651.5988767147064,]
