best-result = 62.61734485626221
warmup-time = 78.87577176094055
all-measurements = [ 62.61734485626221, 62.914016008377075, 63.10460710525513,]
