best-result = 206.28555965423584
warmup-time = 356.4252631664276
all-measurements = [ 208.3181595802307, 207.1063027381897, 206.28555965423584,]
