best-result = 383.8221507072449
warmup-time = 830.6075990200043
all-measurements = [ 383.8221507072449, 385.22405338287354, 386.0697159767151,]
