best-result = 63.05845642089844
warmup-time = 79.72787404060364
all-measurements = [ 63.05845642089844, 63.92909288406372, 63.1699857711792,]
