best-result = 40.32598066329956
warmup-time = 48.706233739852905
all-measurements = [ 40.75122618675232, 40.60975694656372, 40.32598066329956,]
