best-result = 134.70637440681458
warmup-time = 161.31913423538208
all-measurements = [ 135.2090425491333, 135.89704155921936, 134.70637440681458,]
