best-result = 919.1944210529327
warmup-time = 954.3580994606018
all-measurements = [ 919.1944210529327, 921.269650220871, 923.9911005496979,]
