best-result = 28.03773260116577
warmup-time = 37.74925875663757
all-measurements = [ 28.414950609207153, 28.03773260116577, 28.730627298355103,]
