best-result = 57.44589447975159
warmup-time = 67.80281281471252
all-measurements = [ 57.44589447975159, 57.86206078529358, 57.81485390663147,]
