best-result = 60.48055863380432
warmup-time = 74.97036695480347
all-measurements = [ 61.05535340309143, 60.48055863380432, 60.77628493309021,]
