best-result = 110.04106521606445
warmup-time = 136.63106155395508
all-measurements = [ 110.49338579177856, 110.48894548416138, 110.04106521606445,]
