best-result = 783.3454916477203
warmup-time = 845.9800653457642
all-measurements = [ 783.3454916477203, 787.5700800418854, 796.265748500824,]
