best-result = 33.8455913066864
warmup-time = 43.564777851104736
all-measurements = [ 33.8455913066864, 34.14114189147949, 34.328848123550415,]
