best-result = 55.9849898815155
warmup-time = 72.62268924713135
all-measurements = [ 56.00688099861145, 55.9849898815155, 56.67667841911316,]
