best-result = 1604.767916917801
warmup-time = 2194.3693363666534
all-measurements = [ 1604.767916917801, 1714.186693429947, 1714.186128616333,]
