best-result = 48.58547925949097
warmup-time = 69.46871209144592
all-measurements = [ 48.91760730743408, 49.266764640808105, 48.58547925949097,]
