best-result = 81.16826105117798
warmup-time = 100.919180393219
all-measurements = [ 81.16826105117798, 81.66441178321838, 81.73334622383118,]
