best-result = 37.40294075012207
warmup-time = 46.58635234832764
all-measurements = [ 37.80443477630615, 38.03928995132446, 37.40294075012207,]
