best-result = 333.1325490474701
warmup-time = 474.1319646835327
all-measurements = [ 337.61061906814575, 333.1325490474701, 353.05818581581116,]
