best-result = 59.280776023864746
warmup-time = 60.01500344276428
all-measurements = [ 59.280776023864746, 59.35352635383606, 59.45344066619873,]
