best-result = 23.2609601020813
warmup-time = 23.761396646499634
all-measurements = [ 23.665064096450806, 24.32209086418152, 23.2609601020813,]
