best-result = 46.80396366119385
warmup-time = 62.14205622673035
all-measurements = [ 47.298306941986084, 46.80396366119385, 47.4050874710083,]
