best-result = 47.4768545627594
warmup-time = 58.329875469207764
all-measurements = [ 48.20250344276428, 47.510031938552856, 47.4768545627594,]
