best-result = 907.3589644432068
warmup-time = 1064.3062958717346
all-measurements = [ 910.7676446437836, 907.3589644432068, 911.3331804275513,]
