best-result = 84.77583813667297
warmup-time = 99.38964366912842
all-measurements = [ 84.85203552246094, 85.38493466377258, 84.77583813667297,]
