best-result = 881.3145151138306
warmup-time = 913.5886821746826
all-measurements = [ 883.9624688625336, 881.3145151138306, 884.8054707050323,]
