best-result = 66.68939590454102
warmup-time = 81.99937057495117
all-measurements = [ 66.90130233764648, 66.68939590454102, 67.23583841323853,]
