best-result = 84.93586230278015
warmup-time = 105.18349862098694
all-measurements = [ 84.93586230278015, 85.0373797416687, 85.89721250534058,]
