best-result = 69.28041195869446
warmup-time = 89.33565735816956
all-measurements = [ 69.28041195869446, 70.04029273986816, 69.751145362854,]
