best-result = 88.30580997467041
warmup-time = 101.83547496795654
all-measurements = [ 88.30580997467041, 88.9856595993042, 88.4878077507019,]
