best-result = 657.6147546768188
warmup-time = 668.7929112911224
all-measurements = [ 657.6147546768188, 658.7189342975616, 672.3561170101166,]
