best-result = 60.88555121421814
warmup-time = 77.37657904624939
all-measurements = [ 64.12060070037842, 63.510895013809204, 60.88555121421814,]
