best-result = 192.24169087409973
warmup-time = 343.63410568237305
all-measurements = [ 194.33586168289185, 192.24169087409973, 192.71484375,]
