best-result = 392.7957413196564
warmup-time = 832.5623652935028
all-measurements = [ 393.2057559490204, 392.7957413196564, 393.6867163181305,]
