best-result = 63.39260935783386
warmup-time = 80.02114748954773
all-measurements = [ 63.642569065093994, 63.39260935783386, 63.480087995529175,]
