best-result = 41.13011336326599
warmup-time = 50.1662483215332
all-measurements = [ 41.26599335670471, 41.13011336326599, 41.451770544052124,]
