best-result = 137.34737014770508
warmup-time = 164.98559880256653
all-measurements = [ 137.865478515625, 138.54767847061157, 137.34737014770508,]
