best-result = 937.9489390850067
warmup-time = 961.654910326004
all-measurements = [ 937.9489390850067, 938.974390745163, 943.9182155132294,]
