best-result = 28.576237201690674
warmup-time = 36.790385484695435
all-measurements = [ 28.699568033218384, 28.576237201690674, 28.850020170211792,]
