best-result = 60.452165603637695
warmup-time = 73.48066258430481
all-measurements = [ 60.7890989780426, 60.452165603637695, 60.705172538757324,]
