best-result = 60.86035132408142
warmup-time = 73.71006536483765
all-measurements = [ 61.62155532836914, 61.07906889915466, 60.86035132408142,]
