best-result = 109.9471697807312
warmup-time = 137.18802213668823
all-measurements = [ 109.9471697807312, 110.90599226951599, 110.60290837287903,]
