best-result = 778.4877924919128
warmup-time = 845.908120393753
all-measurements = [ 781.3029727935791, 778.9850554466248, 778.4877924919128,]
