best-result = 34.81611680984497
warmup-time = 42.97715139389038
all-measurements = [ 35.00501227378845, 34.95811438560486, 34.81611680984497,]
