best-result = 56.3533890247345
warmup-time = 72.75683951377869
all-measurements = [ 57.36285638809204, 56.95973992347717, 56.3533890247345,]
