best-result = 1616.3452126979828
warmup-time = 2806.729707479477
all-measurements = [ 1866.2664749622345, 1616.3452126979828, 1899.2955267429352,]
