best-result = 49.62823486328125
warmup-time = 70.01769804954529
all-measurements = [ 49.734959840774536, 50.06873083114624, 49.62823486328125,]
