best-result = 83.93495154380798
warmup-time = 102.49590730667114
all-measurements = [ 83.93495154380798, 91.74042630195618, 91.198251247406,]
