best-result = 93.2838237285614
warmup-time = 116.17054629325867
all-measurements = [ 93.78975939750671, 93.2838237285614, 93.93427681922913,]
