best-result = 38.37988495826721
warmup-time = 46.893314838409424
all-measurements = [ 38.40690636634827, 38.84546709060669, 38.37988495826721,]
