best-result = 315.6729121208191
warmup-time = 448.3744966983795
all-measurements = [ 315.6729121208191, 317.29972743988037, 324.06701254844666,]
