best-result = 61.64439582824707
warmup-time = 62.16465950012207
all-measurements = [ 61.977978229522705, 61.90761661529541, 61.64439582824707,]
