best-result = 25.99978518486023
warmup-time = 26.482889890670776
all-measurements = [ 25.99978518486023, 26.071195363998413, 26.127809524536133,]
