best-result = 35.29071092605591
warmup-time = 38.13696908950806
all-measurements = [ 38.945659160614014, 38.91206693649292, 35.29071092605591,]
