best-result = 30.859678745269775
warmup-time = 31.994141817092896
all-measurements = [ 31.586307764053345, 31.436119079589844, 30.859678745269775,]
