best-result = 264.91136860847473
warmup-time = 268.1128673553467
all-measurements = [ 266.161376953125, 264.91136860847473, 267.25838899612427,]
