best-result = 36.02154898643494
warmup-time = 37.911157846450806
all-measurements = [ 36.84289789199829, 36.02154898643494, 37.365039587020874,]
