best-result = 112.25609946250916
warmup-time = 115.97238755226135
all-measurements = [ 112.25609946250916, 114.78263354301453, 114.6508903503418,]
