best-result = 40.05185055732727
warmup-time = 41.15142512321472
all-measurements = [ 40.05185055732727, 42.138580322265625, 41.10358119010925,]
