best-result = 47.38524675369263
warmup-time = 48.93346858024597
all-measurements = [ 47.38524675369263, 47.87729287147522, 50.13410043716431,]
