best-result = 31.259872913360596
warmup-time = 33.63433647155762
all-measurements = [ 34.19417595863342, 34.238887310028076, 31.259872913360596,]
