best-result = 61.923001289367676
warmup-time = 58.29209232330322
all-measurements = [ 64.34950089454651, 61.923001289367676, 63.81494975090027,]
