best-result = 228.67518711090088
warmup-time = 230.48817038536072
all-measurements = [ 229.1441774368286, 228.67518711090088, 229.23133397102356,]
