best-result = 525.9891774654388
warmup-time = 531.4996683597565
all-measurements = [ 525.9891774654388, 527.5928373336792, 526.728419303894,]
