best-result = 35.74996852874756
warmup-time = 34.31580662727356
all-measurements = [ 36.04453802108765, 35.74996852874756, 38.20568919181824,]
