best-result = 29.2636137008667
warmup-time = 28.8998863697052
all-measurements = [ 29.2636137008667, 29.288689136505127, 29.544737577438354,]
