best-result = 73.76703238487244
warmup-time = 79.33815026283264
all-measurements = [ 73.85209798812866, 75.2174620628357, 73.76703238487244,]
