best-result = 61.565911054611206
warmup-time = 62.412015199661255
all-measurements = [ 61.565911054611206, 62.613324880599976, 63.10796594619751,]
