best-result = 26.932655334472656
warmup-time = 27.84385323524475
all-measurements = [ 26.932655334472656, 27.665535926818848, 28.061707735061646,]
