best-result = 35.48312473297119
warmup-time = 33.02211117744446
all-measurements = [ 35.66369152069092, 35.511988401412964, 35.48312473297119,]
