best-result = 33.39404010772705
warmup-time = 33.91923785209656
all-measurements = [ 33.56727886199951, 33.39404010772705, 34.530766248703,]
