best-result = 42.020484924316406
warmup-time = 43.5914261341095
all-measurements = [ 43.23612570762634, 42.020484924316406, 43.5049192905426,]
