best-result = 97.16335558891296
warmup-time = 98.61626887321472
all-measurements = [ 99.12982606887817, 97.63057518005371, 97.16335558891296,]
