best-result = 27.669764280319214
warmup-time = 29.224468231201172
all-measurements = [ 27.669764280319214, 28.866427421569824, 29.578392267227173,]
