best-result = 33.373247385025024
warmup-time = 35.7968385219574
all-measurements = [ 35.163947343826294, 33.373247385025024, 35.33703374862671,]
