best-result = 88.48435664176941
warmup-time = 95.65993809700012
all-measurements = [ 92.59311032295227, 90.67585039138794, 88.48435664176941,]
