best-result = 39.300124406814575
warmup-time = 39.7461142539978
all-measurements = [ 39.79545974731445, 39.53251814842224, 39.300124406814575,]
