best-result = 42.62777781486511
warmup-time = 44.50965428352356
all-measurements = [ 46.536452531814575, 45.151219844818115, 42.62777781486511,]
