best-result = 28.71898126602173
warmup-time = 28.474911212921143
all-measurements = [ 29.033520221710205, 29.55430793762207, 28.71898126602173,]
