best-result = 695.1521830558777
warmup-time = 764.2687611579895
all-measurements = [ 695.1521830558777, 696.7472450733185, 698.2900497913361,]
