best-result = 175.75859451293945
warmup-time = 179.65984344482422
all-measurements = [ 175.75859451293945, 177.32255935668945, 176.92407870292664,]
