best-result = 55.346144676208496
warmup-time = 59.454078912734985
all-measurements = [ 69.27305889129639, 56.873043060302734, 55.346144676208496,]
