best-result = 25.818041563034058
warmup-time = 26.290164947509766
all-measurements = [ 25.87764596939087, 26.375224113464355, 25.818041563034058,]
