best-result = 35.88489603996277
warmup-time = 38.60084557533264
all-measurements = [ 35.88489603996277, 38.08772611618042, 36.54723048210144,]
