best-result = 30.23022747039795
warmup-time = 30.33743953704834
all-measurements = [ 30.40144443511963, 30.23022747039795, 31.374356985092163,]
