best-result = 257.5168614387512
warmup-time = 265.7997786998749
all-measurements = [ 259.74304366111755, 257.5168614387512, 259.95298624038696,]
