best-result = 35.74836039543152
warmup-time = 36.94242811203003
all-measurements = [ 37.039308071136475, 37.38340878486633, 35.74836039543152,]
