best-result = 112.94188261032104
warmup-time = 118.11368703842163
all-measurements = [ 112.94188261032104, 116.14294242858887, 114.51982402801514,]
