best-result = 34.11186504364014
warmup-time = 36.078412771224976
all-measurements = [ 34.11186504364014, 35.06097769737244, 35.55198407173157,]
