best-result = 40.4391770362854
warmup-time = 42.19861888885498
all-measurements = [ 40.4391770362854, 41.50445771217346, 41.694830894470215,]
