best-result = 46.807865381240845
warmup-time = 48.790268659591675
all-measurements = [ 47.80392408370972, 49.36898136138916, 46.807865381240845,]
