best-result = 32.62694692611694
warmup-time = 33.415743350982666
all-measurements = [ 33.624364614486694, 32.62694692611694, 32.864890575408936,]
