best-result = 36.7308714389801
warmup-time = 36.95944380760193
all-measurements = [ 38.01993489265442, 38.581236839294434, 36.7308714389801,]
