best-result = 60.28372859954834
warmup-time = 61.01335382461548
all-measurements = [ 61.471423625946045, 60.28372859954834, 61.28349828720093,]
