best-result = 220.47316884994507
warmup-time = 225.11983704566956
all-measurements = [ 224.61639952659607, 220.47316884994507, 222.07966494560242,]
