best-result = 514.9356036186218
warmup-time = 520.3746378421783
all-measurements = [ 514.9356036186218, 540.4641535282135, 515.2178702354431,]
