best-result = 35.96736550331116
warmup-time = 36.56938099861145
all-measurements = [ 36.25148344039917, 35.96736550331116, 36.96597743034363,]
