best-result = 28.58434820175171
warmup-time = 29.424445629119873
all-measurements = [ 28.94062352180481, 28.58434820175171, 29.09734034538269,]
