best-result = 75.57320809364319
warmup-time = 72.48223781585693
all-measurements = [ 76.97250771522522, 77.02117347717285, 75.57320809364319,]
