best-result = 61.489023208618164
warmup-time = 61.904606342315674
all-measurements = [ 61.489023208618164, 61.60959339141846, 63.13099026679993,]
