best-result = 27.74006223678589
warmup-time = 28.810745239257812
all-measurements = [ 27.758726358413696, 27.74006223678589, 29.505178213119507,]
