best-result = 35.14465880393982
warmup-time = 32.91729497909546
all-measurements = [ 35.6325957775116, 36.36962366104126, 35.14465880393982,]
