best-result = 32.87899112701416
warmup-time = 34.079834938049316
all-measurements = [ 33.58885836601257, 33.727620124816895, 32.87899112701416,]
