best-result = 42.33709001541138
warmup-time = 43.34543204307556
all-measurements = [ 42.33709001541138, 44.948566198349, 42.40776252746582,]
