best-result = 95.61423921585083
warmup-time = 96.24377655982971
all-measurements = [ 95.61423921585083, 96.71963357925415, 95.66223239898682,]
