best-result = 27.641852378845215
warmup-time = 29.354891300201416
all-measurements = [ 27.641852378845215, 29.355005264282227, 29.40252447128296,]
