best-result = 33.90305757522583
warmup-time = 36.19085955619812
all-measurements = [ 33.90305757522583, 36.38712167739868, 35.8623480796814,]
