best-result = 86.22646975517273
warmup-time = 95.24232459068298
all-measurements = [ 88.60918164253235, 94.53089809417725, 86.22646975517273,]
