best-result = 39.01489877700806
warmup-time = 39.19390058517456
all-measurements = [ 39.19785952568054, 39.136786222457886, 39.01489877700806,]
