best-result = 43.52678298950195
warmup-time = 46.559529542922974
all-measurements = [ 44.70950675010681, 43.52678298950195, 44.06988787651062,]
