best-result = 49.6479606628418
warmup-time = 51.85958909988403
all-measurements = [ 50.47473645210266, 50.60984492301941, 49.6479606628418,]
