best-result = 28.44308042526245
warmup-time = 29.301050662994385
all-measurements = [ 28.656648874282837, 28.44308042526245, 28.857234477996826,]
