best-result = 640.225745677948
warmup-time = 698.4340198040009
all-measurements = [ 640.225745677948, 643.651257276535, 648.1057336330414,]
