best-result = 167.01348423957825
warmup-time = 170.5616729259491
all-measurements = [ 167.9862129688263, 168.3630633354187, 167.01348423957825,]
