best-result = 55.622512340545654
warmup-time = 66.58049082756042
all-measurements = [ 69.6730899810791, 60.57168436050415, 55.622512340545654,]
