best-result = 25.841266632080078
warmup-time = 26.141289472579956
all-measurements = [ 25.841266632080078, 25.88494110107422, 25.88813352584839,]
