best-result = 36.59410262107849
warmup-time = 38.31691908836365
all-measurements = [ 38.036383628845215, 36.59410262107849, 37.772557973861694,]
