best-result = 31.19580388069153
warmup-time = 31.95315718650818
all-measurements = [ 31.347068071365356, 31.19580388069153, 31.462568283081055,]
