best-result = 263.4519507884979
warmup-time = 266.7100019454956
all-measurements = [ 263.4519507884979, 264.14137077331543, 263.4814758300781,]
