best-result = 36.63272047042847
warmup-time = 36.93770432472229
all-measurements = [ 36.63272047042847, 37.07943820953369, 38.33433485031128,]
