best-result = 40.52987742424011
warmup-time = 40.208411693573
all-measurements = [ 40.96806001663208, 42.95113921165466, 40.52987742424011,]
