best-result = 47.75506663322449
warmup-time = 48.185940742492676
all-measurements = [ 50.94559907913208, 48.97413086891174, 47.75506663322449,]
