best-result = 33.012699127197266
warmup-time = 33.2179319858551
all-measurements = [ 33.012699127197266, 34.29568910598755, 34.73819589614868,]
