best-result = 36.86953949928284
warmup-time = 37.514368534088135
all-measurements = [ 37.07820224761963, 38.78563594818115, 36.86953949928284,]
