best-result = 59.89694547653198
warmup-time = 61.719406604766846
all-measurements = [ 66.83777904510498, 59.89694547653198, 67.01734924316406,]
