best-result = 226.71432375907898
warmup-time = 230.1122968196869
all-measurements = [ 226.71432375907898, 228.54992127418518, 228.31377410888672,]
