best-result = 519.8736939430237
warmup-time = 525.2827641963959
all-measurements = [ 519.8736939430237, 522.29967045784, 519.9395282268524,]
