best-result = 36.41052722930908
warmup-time = 35.42474389076233
all-measurements = [ 37.77832269668579, 36.888797998428345, 36.41052722930908,]
