best-result = 73.26577711105347
warmup-time = 72.67288255691528
all-measurements = [ 82.35612225532532, 82.80991005897522, 73.26577711105347,]
