best-result = 61.35492205619812
warmup-time = 61.386489152908325
all-measurements = [ 65.01520776748657, 62.55127429962158, 61.35492205619812,]
