best-result = 27.217264652252197
warmup-time = 27.89125895500183
all-measurements = [ 27.435405731201172, 27.569323778152466, 27.217264652252197,]
