best-result = 35.09620761871338
warmup-time = 32.249433517456055
all-measurements = [ 35.43899178504944, 36.206339597702026, 35.09620761871338,]
