best-result = 32.382922649383545
warmup-time = 34.29557776451111
all-measurements = [ 33.64859390258789, 32.382922649383545, 33.83448386192322,]
