best-result = 42.16481280326843
warmup-time = 42.412322759628296
all-measurements = [ 43.3863787651062, 42.16481280326843, 42.409672021865845,]
