best-result = 96.11634731292725
warmup-time = 96.03134417533875
all-measurements = [ 96.11634731292725, 96.79333591461182, 97.28287672996521,]
