best-result = 26.995028257369995
warmup-time = 27.70879554748535
all-measurements = [ 28.80494976043701, 26.995028257369995, 27.6348774433136,]
