best-result = 34.48707842826843
warmup-time = 34.502440452575684
all-measurements = [ 34.48707842826843, 34.81482195854187, 36.24758982658386,]
