best-result = 86.97421765327454
warmup-time = 91.15828895568848
all-measurements = [ 86.97421765327454, 89.25897073745728, 95.85148167610168,]
