best-result = 38.83020520210266
warmup-time = 40.997981548309326
all-measurements = [ 38.84007382392883, 39.4680495262146, 38.83020520210266,]
