best-result = 44.65593361854553
warmup-time = 45.0067617893219
all-measurements = [ 45.74314856529236, 45.58838486671448, 44.65593361854553,]
