best-result = 27.61342978477478
warmup-time = 28.539219617843628
all-measurements = [ 28.690924644470215, 27.61342978477478, 28.579403162002563,]
