best-result = 701.0862069129944
warmup-time = 732.0295977592468
all-measurements = [ 701.0862069129944, 711.8585062026978, 702.4623131752014,]
