best-result = 170.63212060928345
warmup-time = 172.51607155799866
all-measurements = [ 170.63212060928345, 172.38273859024048, 176.6782832145691,]
