best-result = 58.081008434295654
warmup-time = 64.0514464378357
all-measurements = [ 66.46993374824524, 69.35309171676636, 58.081008434295654,]
