best-result = 21.390989303588867
warmup-time = 22.12668490409851
all-measurements = [ 21.825732469558716, 21.54250931739807, 21.390989303588867,]
