best-result = 46.72742295265198
warmup-time = 62.68446207046509
all-measurements = [ 47.33756184577942, 47.53001952171326, 46.72742295265198,]
