best-result = 46.707212924957275
warmup-time = 58.68705177307129
all-measurements = [ 46.83983016014099, 46.8552680015564, 46.707212924957275,]
