best-result = 977.4648489952087
warmup-time = 1177.348976612091
all-measurements = [ 982.3789429664612, 977.4648489952087, 979.2782096862793,]
