best-result = 81.40450119972229
warmup-time = 95.30113649368286
all-measurements = [ 81.40450119972229, 82.04714345932007, 82.24557662010193,]
