best-result = 78.16024541854858
warmup-time = 98.97692728042603
all-measurements = [ 78.16024541854858, 78.56275677680969, 78.85540437698364,]
