best-result = 68.109384059906
warmup-time = 91.9804162979126
all-measurements = [ 68.109384059906, 68.1613917350769, 68.83282947540283,]
