best-result = 84.40127563476562
warmup-time = 97.69269680976868
all-measurements = [ 84.40127563476562, 84.99205017089844, 84.64705634117126,]
