best-result = 591.3365035057068
warmup-time = 608.7449011802673
all-measurements = [ 591.3365035057068, 591.9181501865387, 593.1702868938446,]
