best-result = 61.70215058326721
warmup-time = 78.06605362892151
all-measurements = [ 61.73797082901001, 61.70215058326721, 61.83822202682495,]
