best-result = 229.18855261802673
warmup-time = 395.21767950057983
all-measurements = [ 231.74113035202026, 229.18855261802673, 230.5013771057129,]
