best-result = 442.3688817024231
warmup-time = 907.0685148239136
all-measurements = [ 447.39801573753357, 444.54001212120056, 442.3688817024231,]
