best-result = 59.55807089805603
warmup-time = 76.88798117637634
all-measurements = [ 59.55807089805603, 60.38113617897034, 60.51864194869995,]
