best-result = 856.5076651573181
warmup-time = 890.790607213974
all-measurements = [ 884.3885924816132, 856.5076651573181, 858.0356950759888,]
