best-result = 26.80908203125
warmup-time = 35.822022676467896
all-measurements = [ 26.86280345916748, 27.010537147521973, 26.80908203125,]
