best-result = 57.79147529602051
warmup-time = 71.66405367851257
all-measurements = [ 57.79147529602051, 59.15807914733887, 58.68954610824585,]
