best-result = 55.715959548950195
warmup-time = 68.89124870300293
all-measurements = [ 55.89053797721863, 57.04578995704651, 55.715959548950195,]
