best-result = 108.16302156448364
warmup-time = 137.33550548553467
all-measurements = [ 108.24438261985779, 108.92118406295776, 108.16302156448364,]
