best-result = 766.5378174781799
warmup-time = 832.6648297309875
all-measurements = [ 770.3499093055725, 771.0792834758759, 766.5378174781799,]
