best-result = 33.45585107803345
warmup-time = 39.573352575302124
all-measurements = [ 33.75123357772827, 33.45585107803345, 33.78128957748413,]
