best-result = 53.13501524925232
warmup-time = 68.30055141448975
all-measurements = [ 53.224711418151855, 53.13501524925232, 53.34052062034607,]
