best-result = 49.280401945114136
warmup-time = 68.12633109092712
all-measurements = [ 49.54505109786987, 49.57016468048096, 49.280401945114136,]
