best-result = 78.63241529464722
warmup-time = 95.74461507797241
all-measurements = [ 79.78538107872009, 78.63241529464722, 79.3757495880127,]
