best-result = 35.42062830924988
warmup-time = 44.77299165725708
all-measurements = [ 35.6996488571167, 35.444573163986206, 35.42062830924988,]
