best-result = 346.9593942165375
warmup-time = 483.7858455181122
all-measurements = [ 346.9593942165375, 348.269300699234, 351.5662159919739,]
