best-result = 102.37188792228699
warmup-time = 102.30434083938599
all-measurements = [ 102.93037128448486, 103.60436415672302, 102.37188792228699,]
