best-result = 22.695937395095825
warmup-time = 22.642824172973633
all-measurements = [ 22.709877252578735, 23.022176504135132, 22.695937395095825,]
