best-result = 46.451871156692505
warmup-time = 64.94124460220337
all-measurements = [ 46.451871156692505, 46.66506576538086, 46.84680938720703,]
