best-result = 46.01829981803894
warmup-time = 58.91543173789978
all-measurements = [ 46.498833417892456, 46.52849841117859, 46.01829981803894,]
