best-result = 916.2843472957611
warmup-time = 1141.1949236392975
all-measurements = [ 937.7757067680359, 916.2843472957611, 920.7026257514954,]
