best-result = 84.94789052009583
warmup-time = 98.67248749732971
all-measurements = [ 85.50554513931274, 85.22703528404236, 84.94789052009583,]
