best-result = 985.0089130401611
warmup-time = 1019.3928215503693
all-measurements = [ 989.2575485706329, 985.0089130401611, 986.9265484809875,]
