best-result = 82.00756430625916
warmup-time = 102.48410558700562
all-measurements = [ 82.00756430625916, 82.57335710525513, 82.48619532585144,]
