best-result = 69.90016961097717
warmup-time = 90.99778747558594
all-measurements = [ 70.24180436134338, 70.84175515174866, 69.90016961097717,]
