best-result = 90.55373406410217
warmup-time = 106.16702032089233
all-measurements = [ 91.01138734817505, 90.55373406410217, 91.21980404853821,]
