best-result = 63.42448711395264
warmup-time = 81.67686748504639
all-measurements = [ 63.42448711395264, 63.65632724761963, 63.53268361091614,]
