best-result = 209.80787420272827
warmup-time = 364.9117794036865
all-measurements = [ 209.80787420272827, 211.80044746398926, 210.73934197425842,]
