best-result = 423.9723937511444
warmup-time = 873.1838512420654
all-measurements = [ 423.9723937511444, 426.9853467941284, 433.97598600387573,]
