best-result = 61.69598698616028
warmup-time = 80.00006866455078
all-measurements = [ 61.69598698616028, 62.056025981903076, 62.5251247882843,]
