best-result = 39.735390424728394
warmup-time = 48.29462909698486
all-measurements = [ 40.05842089653015, 39.735390424728394, 40.33999156951904,]
