best-result = 139.43661665916443
warmup-time = 171.46197509765625
all-measurements = [ 139.43661665916443, 140.3016173839569, 139.86479878425598,]
