best-result = 906.5725543498993
warmup-time = 948.4638907909393
all-measurements = [ 909.3055288791656, 906.8520209789276, 906.5725543498993,]
