best-result = 27.56473159790039
warmup-time = 35.41970658302307
all-measurements = [ 27.56473159790039, 27.71930956840515, 27.574548482894897,]
