best-result = 58.722901821136475
warmup-time = 72.1569242477417
all-measurements = [ 59.27972984313965, 58.93524122238159, 58.722901821136475,]
