best-result = 58.94177484512329
warmup-time = 73.3253858089447
all-measurements = [ 60.10723400115967, 58.94177484512329, 59.55531930923462,]
