best-result = 110.4718165397644
warmup-time = 137.80249571800232
all-measurements = [ 110.5945086479187, 110.62643098831177, 110.4718165397644,]
