best-result = 782.7004663944244
warmup-time = 855.2822597026825
all-measurements = [ 789.8324143886566, 782.7004663944244, 785.4076869487762,]
