best-result = 33.81060528755188
warmup-time = 40.868213415145874
all-measurements = [ 34.04268503189087, 33.81060528755188, 34.08072757720947,]
