best-result = 54.47980499267578
warmup-time = 72.25469326972961
all-measurements = [ 54.88932013511658, 54.47980499267578, 54.82563066482544,]
