best-result = 1358.494475364685
warmup-time = 1727.1445829868317
all-measurements = [ 1877.6313862800598, 1358.494475364685, 2144.217095851898,]
