best-result = 48.99156475067139
warmup-time = 71.58451080322266
all-measurements = [ 49.72899675369263, 49.81758713722229, 48.99156475067139,]
