best-result = 78.12979292869568
warmup-time = 96.99291610717773
all-measurements = [ 78.55227065086365, 78.12979292869568, 78.34263157844543,]
