best-result = 36.94539976119995
warmup-time = 46.68611145019531
all-measurements = [ 36.94539976119995, 37.502102851867676, 37.52935719490051,]
