best-result = 341.06682991981506
warmup-time = 479.2783832550049
all-measurements = [ 349.67037892341614, 343.02377700805664, 341.06682991981506,]
