best-result = 58.504326581954956
warmup-time = 60.11822867393494
all-measurements = [ 58.7876250743866, 58.504326581954956, 58.991286754608154,]
