best-result = 22.645766735076904
warmup-time = 22.896002054214478
all-measurements = [ 22.695666313171387, 22.7760648727417, 22.645766735076904,]
