best-result = 47.78008246421814
warmup-time = 65.17654609680176
all-measurements = [ 48.58211302757263, 47.845848083496094, 47.78008246421814,]
