best-result = 46.30929517745972
warmup-time = 59.2273154258728
all-measurements = [ 46.682929277420044, 46.30929517745972, 47.245731592178345,]
