best-result = 979.4321873188019
warmup-time = 1210.027910232544
all-measurements = [ 1003.5687310695648, 998.6336898803711, 979.4321873188019,]
