best-result = 84.84734296798706
warmup-time = 101.1436722278595
all-measurements = [ 85.50188326835632, 85.0707323551178, 84.84734296798706,]
