best-result = 989.5968990325928
warmup-time = 1015.6617872714996
all-measurements = [ 991.9806251525879, 989.9329688549042, 989.5968990325928,]
