best-result = 82.74429988861084
warmup-time = 104.51149463653564
all-measurements = [ 82.90309309959412, 82.74429988861084, 83.48456859588623,]
