best-result = 69.4189600944519
warmup-time = 92.13062143325806
all-measurements = [ 69.96669459342957, 69.9797351360321, 69.4189600944519,]
