best-result = 91.33434128761292
warmup-time = 105.53677439689636
all-measurements = [ 91.85177421569824, 91.82602095603943, 91.33434128761292,]
