best-result = 63.890554904937744
warmup-time = 81.91161441802979
all-measurements = [ 64.22092413902283, 63.890554904937744, 64.33764696121216,]
