best-result = 221.10758185386658
warmup-time = 393.67633605003357
all-measurements = [ 223.45343852043152, 221.10758185386658, 222.82695245742798,]
