best-result = 430.65237832069397
warmup-time = 903.821558713913
all-measurements = [ 431.3614664077759, 433.0823700428009, 430.65237832069397,]
