best-result = 62.02573561668396
warmup-time = 78.75034952163696
all-measurements = [ 62.66842293739319, 63.58961367607117, 62.02573561668396,]
