best-result = 39.48046684265137
warmup-time = 47.512569189071655
all-measurements = [ 39.48046684265137, 40.15346121788025, 40.1967830657959,]
