best-result = 140.14292693138123
warmup-time = 173.8231360912323
all-measurements = [ 140.58440709114075, 140.4714150428772, 140.14292693138123,]
