best-result = 902.6711571216583
warmup-time = 945.9748508930206
all-measurements = [ 902.6711571216583, 908.7212481498718, 918.980950832367,]
