best-result = 27.406731367111206
warmup-time = 35.496636629104614
all-measurements = [ 27.406731367111206, 27.419529914855957, 27.629496097564697,]
