best-result = 58.783403396606445
warmup-time = 72.09514880180359
all-measurements = [ 58.783403396606445, 59.280662298202515, 59.203752756118774,]
