best-result = 59.335530281066895
warmup-time = 74.58493447303772
all-measurements = [ 59.3372061252594, 60.127904415130615, 59.335530281066895,]
