best-result = 111.72254014015198
warmup-time = 138.3515408039093
all-measurements = [ 112.09399485588074, 112.30512595176697, 111.72254014015198,]
