best-result = 800.3586707115173
warmup-time = 871.288703918457
all-measurements = [ 800.9875326156616, 800.3586707115173, 805.7881321907043,]
