best-result = 33.95608377456665
warmup-time = 42.322062253952026
all-measurements = [ 34.06799674034119, 34.080421686172485, 33.95608377456665,]
