best-result = 55.18086290359497
warmup-time = 71.87771368026733
all-measurements = [ 55.18086290359497, 55.489089012145996, 56.43370962142944,]
