best-result = 1423.8067586421967
warmup-time = 1392.252870798111
all-measurements = [ 1480.2314999103546, 1423.8067586421967, 2004.0381581783295,]
