best-result = 50.1399621963501
warmup-time = 70.86392784118652
all-measurements = [ 50.1399621963501, 50.470580101013184, 50.80185008049011,]
