best-result = 78.82057404518127
warmup-time = 97.11071538925171
all-measurements = [ 79.29037690162659, 79.4857006072998, 78.82057404518127,]
