best-result = 36.57137894630432
warmup-time = 45.941500663757324
all-measurements = [ 37.11218500137329, 37.51699662208557, 36.57137894630432,]
