best-result = 368.5281662940979
warmup-time = 522.6131567955017
all-measurements = [ 368.5281662940979, 372.12552785873413, 371.7894375324249,]
