best-result = 58.99759340286255
warmup-time = 59.56943869590759
all-measurements = [ 58.99759340286255, 59.64535999298096, 59.17842483520508,]
