best-result = 22.590571641921997
warmup-time = 22.391881942749023
all-measurements = [ 22.691208362579346, 22.94788885116577, 22.590571641921997,]
