best-result = 46.496811389923096
warmup-time = 62.21335458755493
all-measurements = [ 46.802435636520386, 46.496811389923096, 46.771252393722534,]
