best-result = 45.697875022888184
warmup-time = 58.194297790527344
all-measurements = [ 45.957754611968994, 45.697875022888184, 45.92852854728699,]
