best-result = 914.7909398078918
warmup-time = 1120.0233030319214
all-measurements = [ 918.3052082061768, 914.7909398078918, 919.7890386581421,]
