best-result = 84.4743721485138
warmup-time = 98.38172459602356
all-measurements = [ 84.77853202819824, 84.4743721485138, 84.92903304100037,]
