best-result = 82.14250659942627
warmup-time = 102.5329020023346
all-measurements = [ 82.73307347297668, 82.14250659942627, 83.30279088020325,]
