best-result = 69.32053589820862
warmup-time = 90.95949029922485
all-measurements = [ 70.80625486373901, 69.32053589820862, 69.33116030693054,]
