best-result = 90.57987976074219
warmup-time = 104.87934446334839
all-measurements = [ 90.57987976074219, 91.51372218132019, 91.68402051925659,]
