best-result = 642.2896521091461
warmup-time = 656.3606035709381
all-measurements = [ 647.869485616684, 642.2896521091461, 643.1585509777069,]
