best-result = 62.788273096084595
warmup-time = 79.14557695388794
all-measurements = [ 63.43608498573303, 62.788273096084595, 63.68288064002991,]
