best-result = 208.95386600494385
warmup-time = 396.50001430511475
all-measurements = [ 219.41383004188538, 210.09327244758606, 208.95386600494385,]
