best-result = 428.3082733154297
warmup-time = 865.430225610733
all-measurements = [ 428.3082733154297, 428.86766147613525, 429.759396314621,]
