best-result = 61.897663593292236
warmup-time = 79.82342529296875
all-measurements = [ 61.897663593292236, 62.773433208465576, 62.55242705345154,]
