best-result = 39.42535996437073
warmup-time = 47.123826026916504
all-measurements = [ 39.49632453918457, 39.51755452156067, 39.42535996437073,]
