best-result = 139.4962089061737
warmup-time = 171.2443289756775
all-measurements = [ 139.4962089061737, 139.89404797554016, 139.80307698249817,]
