best-result = 904.0907475948334
warmup-time = 932.6054618358612
all-measurements = [ 904.1044087409973, 904.0907475948334, 905.8268356323242,]
