best-result = 27.062174081802368
warmup-time = 35.83421850204468
all-measurements = [ 27.26767611503601, 27.062174081802368, 27.181175470352173,]
