best-result = 57.94751715660095
warmup-time = 71.54695391654968
all-measurements = [ 58.27172136306763, 57.94751715660095, 58.53421187400818,]
