best-result = 58.766656160354614
warmup-time = 73.25545692443848
all-measurements = [ 59.482070446014404, 58.766656160354614, 59.99842810630798,]
