best-result = 110.03270721435547
warmup-time = 138.00221729278564
all-measurements = [ 110.4182562828064, 110.85674262046814, 110.03270721435547,]
