best-result = 783.6388478279114
warmup-time = 855.8139672279358
all-measurements = [ 785.4213225841522, 783.6388478279114, 785.6726217269897,]
