best-result = 33.408896684646606
warmup-time = 41.00530982017517
all-measurements = [ 33.63954567909241, 33.408896684646606, 33.47352075576782,]
