best-result = 54.969778060913086
warmup-time = 69.55224847793579
all-measurements = [ 54.969778060913086, 55.319385290145874, 55.07544684410095,]
