best-result = 1215.2226634025574
warmup-time = 1533.0424947738647
all-measurements = [ 1215.2226634025574, 1437.4098844528198, 1541.9238409996033,]
