best-result = 49.27698349952698
warmup-time = 70.8300712108612
all-measurements = [ 49.75987219810486, 49.27698349952698, 49.471925497055054,]
