best-result = 77.41256165504456
warmup-time = 98.03294229507446
all-measurements = [ 77.62409853935242, 77.41256165504456, 77.86182570457458,]
