best-result = 36.73298740386963
warmup-time = 46.58198928833008
all-measurements = [ 36.755340814590454, 37.62031888961792, 36.73298740386963,]
