best-result = 349.3136923313141
warmup-time = 488.3947682380676
all-measurements = [ 376.67019152641296, 355.32491993904114, 349.3136923313141,]
