best-result = 58.62601637840271
warmup-time = 58.934972524642944
all-measurements = [ 58.81465196609497, 58.90759205818176, 58.62601637840271,]
