best-result = 25.870704889297485
warmup-time = 25.95866584777832
all-measurements = [ 25.896212100982666, 26.298668384552002, 25.870704889297485,]
