best-result = 37.12334871292114
warmup-time = 38.86871910095215
all-measurements = [ 39.148688316345215, 37.12334871292114, 37.96288204193115,]
