best-result = 29.975831031799316
warmup-time = 30.9670512676239
all-measurements = [ 29.975831031799316, 31.051217794418335, 31.48875856399536,]
