best-result = 256.1810438632965
warmup-time = 265.87456464767456
all-measurements = [ 259.27202916145325, 256.1810438632965, 261.74428939819336,]
