best-result = 35.097700357437134
warmup-time = 37.76399564743042
all-measurements = [ 35.69956398010254, 35.097700357437134, 35.78712439537048,]
