best-result = 112.66635775566101
warmup-time = 114.7852098941803
all-measurements = [ 112.66635775566101, 113.10832023620605, 112.6834089756012,]
