best-result = 39.88991189002991
warmup-time = 41.877065658569336
all-measurements = [ 40.07673120498657, 40.516809701919556, 39.88991189002991,]
