best-result = 47.31160807609558
warmup-time = 47.72506880760193
all-measurements = [ 47.3644437789917, 48.34116554260254, 47.31160807609558,]
