best-result = 32.461710929870605
warmup-time = 33.23560428619385
all-measurements = [ 35.03104543685913, 32.461710929870605, 33.12315583229065,]
