best-result = 35.866005420684814
warmup-time = 37.578216791152954
all-measurements = [ 37.27183651924133, 35.866005420684814, 37.93424868583679,]
