best-result = 59.28941559791565
warmup-time = 58.01154327392578
all-measurements = [ 59.28941559791565, 61.52903199195862, 60.18962478637695,]
