best-result = 221.94262957572937
warmup-time = 225.78372287750244
all-measurements = [ 224.0201232433319, 221.94262957572937, 227.22257232666016,]
