best-result = 512.6287226676941
warmup-time = 514.8476066589355
all-measurements = [ 516.6588799953461, 515.5599677562714, 512.6287226676941,]
