best-result = 36.284292221069336
warmup-time = 36.08472037315369
all-measurements = [ 36.79258871078491, 36.95854568481445, 36.284292221069336,]
