best-result = 28.571290969848633
warmup-time = 29.132488489151
all-measurements = [ 28.571290969848633, 28.806657075881958, 28.623533964157104,]
