best-result = 73.74937272071838
warmup-time = 76.08718800544739
all-measurements = [ 79.42859196662903, 77.49685835838318, 73.74937272071838,]
