best-result = 60.06400656700134
warmup-time = 62.5637412071228
all-measurements = [ 60.06400656700134, 61.517186641693115, 61.474467754364014,]
