best-result = 27.873859405517578
warmup-time = 27.653269290924072
all-measurements = [ 28.678277730941772, 27.873859405517578, 28.144116640090942,]
