best-result = 34.9713191986084
warmup-time = 34.803921937942505
all-measurements = [ 34.9713191986084, 43.52310013771057, 40.707186460494995,]
