best-result = 32.841313123703
warmup-time = 38.37128782272339
all-measurements = [ 34.562817335128784, 32.841313123703, 34.38211441040039,]
