best-result = 41.75243616104126
warmup-time = 43.32312297821045
all-measurements = [ 42.8961284160614, 41.75243616104126, 42.74551272392273,]
