best-result = 95.53637599945068
warmup-time = 98.38095188140869
all-measurements = [ 95.53637599945068, 96.47382068634033, 95.58751201629639,]
