best-result = 27.82387685775757
warmup-time = 29.834890842437744
all-measurements = [ 27.82387685775757, 28.259784698486328, 29.498270988464355,]
