best-result = 33.93167757987976
warmup-time = 35.78975486755371
all-measurements = [ 34.489503145217896, 35.410605907440186, 33.93167757987976,]
