best-result = 84.5448203086853
warmup-time = 89.09506440162659
all-measurements = [ 84.5448203086853, 86.17306995391846, 90.66997575759888,]
