best-result = 38.25180959701538
warmup-time = 37.433841705322266
all-measurements = [ 39.20002007484436, 38.720569372177124, 38.25180959701538,]
