best-result = 43.56700420379639
warmup-time = 46.32963681221008
all-measurements = [ 46.350982904434204, 43.56700420379639, 44.97191405296326,]
