best-result = 27.96755814552307
warmup-time = 29.37666630744934
all-measurements = [ 28.756818056106567, 27.96755814552307, 28.871933698654175,]
