best-result = 639.6766107082367
warmup-time = 667.6084125041962
all-measurements = [ 644.8841907978058, 639.6766107082367, 639.8275897502899,]
