best-result = 171.2496736049652
warmup-time = 173.3007218837738
all-measurements = [ 171.38675093650818, 175.57398867607117, 171.2496736049652,]
