best-result = 64.48386454582214
warmup-time = 65.7199034690857
all-measurements = [ 65.92574071884155, 69.56876134872437, 64.48386454582214,]
