best-result = 22.288787603378296
warmup-time = 22.49853014945984
all-measurements = [ 22.288787603378296, 22.388338565826416, 22.784449815750122,]
