best-result = 49.960750102996826
warmup-time = 66.80442905426025
all-measurements = [ 50.14777612686157, 49.960750102996826, 50.058632612228394,]
