best-result = 52.28728365898132
warmup-time = 65.31352305412292
all-measurements = [ 52.28728365898132, 52.603503465652466, 52.44572067260742,]
