best-result = 1167.3447630405426
warmup-time = 1406.4327082633972
all-measurements = [ 1182.7429015636444, 1187.0198593139648, 1167.3447630405426,]
