best-result = 86.72318243980408
warmup-time = 101.68945217132568
all-measurements = [ 86.72318243980408, 87.50224041938782, 86.98656845092773,]
