best-result = 1090.4030380249023
warmup-time = 1118.4806582927704
all-measurements = [ 1090.4030380249023, 1092.3037626743317, 1091.6681454181671,]
