best-result = 84.11096525192261
warmup-time = 105.72277092933655
all-measurements = [ 84.11096525192261, 84.80111050605774, 84.57870602607727,]
