best-result = 72.39555978775024
warmup-time = 92.92092704772949
all-measurements = [ 72.67744565010071, 72.808513879776, 72.39555978775024,]
