best-result = 94.1802248954773
warmup-time = 107.81734919548035
all-measurements = [ 94.44139313697815, 94.65749502182007, 94.1802248954773,]
