best-result = 65.16457438468933
warmup-time = 80.14369869232178
all-measurements = [ 65.20205593109131, 65.35869026184082, 65.16457438468933,]
