best-result = 219.4176299571991
warmup-time = 388.1137490272522
all-measurements = [ 221.36283254623413, 219.4176299571991, 219.6163468360901,]
