best-result = 436.4604835510254
warmup-time = 910.0572385787964
all-measurements = [ 440.20130133628845, 436.4604835510254, 442.13052463531494,]
