best-result = 64.58334040641785
warmup-time = 81.42389464378357
all-measurements = [ 64.90863347053528, 64.58334040641785, 65.97695827484131,]
