best-result = 39.7439169883728
warmup-time = 47.770864486694336
all-measurements = [ 40.96696925163269, 39.7439169883728, 40.0611891746521,]
