best-result = 143.79732275009155
warmup-time = 175.02350330352783
all-measurements = [ 144.59423089027405, 144.49441003799438, 143.79732275009155,]
