best-result = 917.8887078762054
warmup-time = 948.3617956638336
all-measurements = [ 921.0849344730377, 917.8887078762054, 923.6460597515106,]
