best-result = 27.869884967803955
warmup-time = 37.143330574035645
all-measurements = [ 28.33552122116089, 28.052937030792236, 27.869884967803955,]
