best-result = 62.159215688705444
warmup-time = 75.96672344207764
all-measurements = [ 62.52436542510986, 62.71573042869568, 62.159215688705444,]
