best-result = 60.31170153617859
warmup-time = 74.68212294578552
all-measurements = [ 60.31170153617859, 61.28025031089783, 61.230658531188965,]
