best-result = 119.77958655357361
warmup-time = 149.71032691001892
all-measurements = [ 119.77958655357361, 119.86317920684814, 120.57498121261597,]
