best-result = 825.5045826435089
warmup-time = 896.2489359378815
all-measurements = [ 826.4513685703278, 825.5045826435089, 827.6387448310852,]
