best-result = 33.66042232513428
warmup-time = 43.51746106147766
all-measurements = [ 34.45489025115967, 33.66042232513428, 33.87454342842102,]
