best-result = 56.32849931716919
warmup-time = 72.09198999404907
all-measurements = [ 56.32849931716919, 56.67367696762085, 56.427730321884155,]
