best-result = 1456.7226011753082
warmup-time = 1762.1952903270721
all-measurements = [ 1821.1057949066162, 1772.334533214569, 1456.7226011753082,]
