best-result = 51.672441482543945
warmup-time = 74.72816205024719
all-measurements = [ 51.672441482543945, 52.01865553855896, 52.600709438323975,]
