best-result = 90.4179036617279
warmup-time = 110.25062346458435
all-measurements = [ 90.4179036617279, 92.60165643692017, 90.96628880500793,]
