best-result = 38.24422287940979
warmup-time = 46.77057409286499
all-measurements = [ 38.24422287940979, 38.332316875457764, 38.38889241218567,]
