best-result = 381.3619658946991
warmup-time = 533.6238996982574
all-measurements = [ 383.8850886821747, 381.3619658946991, 384.0877990722656,]
