best-result = 58.68054246902466
warmup-time = 60.31545400619507
all-measurements = [ 59.3689444065094, 58.68054246902466, 59.44639825820923,]
