best-result = 22.499187707901
warmup-time = 24.23628330230713
all-measurements = [ 22.52045512199402, 22.499187707901, 22.585474014282227,]
memory-traffic = 279
