best-result = 46.483402490615845
warmup-time = 65.32293128967285
all-measurements = [ 46.59108376502991, 46.875810384750366, 46.483402490615845,]
memory-traffic = 3722
