best-result = 46.3166708946228
warmup-time = 59.79430866241455
all-measurements = [ 46.3166708946228, 46.39648914337158, 46.49360918998718,]
memory-traffic = 3354
