best-result = 955.2672519683838
warmup-time = 1148.776862859726
all-measurements = [ 964.4339685440063, 955.2672519683838, 970.1456575393677,]
