best-result = 83.13890933990479
warmup-time = 98.86649227142334
all-measurements = [ 83.34988903999329, 83.83321285247803, 83.13890933990479,]
memory-traffic = 7311
