best-result = 78.79002547264099
warmup-time = 100.00877285003662
all-measurements = [ 78.83105993270874, 78.79002547264099, 79.08262324333191,]
memory-traffic = 6180
