best-result = 68.3791172504425
warmup-time = 92.08842182159424
all-measurements = [ 68.3791172504425, 68.61606502532959, 68.43413591384888,]
memory-traffic = 5993
