best-result = 86.5678038597107
warmup-time = 102.51530003547668
all-measurements = [ 87.13786172866821, 86.5678038597107, 87.4099805355072,]
memory-traffic = 7677
