best-result = 597.2031154632568
warmup-time = 616.8495411872864
all-measurements = [ 601.1571066379547, 597.2031154632568, 601.1825726032257,]
memory-traffic = 56528
