best-result = 61.83646583557129
warmup-time = 77.17884469032288
all-measurements = [ 62.09474182128906, 61.83646583557129, 62.215973138809204,]
memory-traffic = 3689
