best-result = 220.44500160217285
warmup-time = 380.70025181770325
all-measurements = [ 224.53640985488892, 223.07822251319885, 220.44500160217285,]
memory-traffic = 17193
