best-result = 437.92199182510376
warmup-time = 881.0126628875732
all-measurements = [ 445.26888632774353, 446.46862745285034, 437.92199182510376,]
memory-traffic = 26049
