best-result = 60.13434076309204
warmup-time = 77.80175018310547
all-measurements = [ 60.13434076309204, 60.518335819244385, 60.17699861526489,]
memory-traffic = 3703
