best-result = 871.2012515068054
warmup-time = 902.6106472015381
all-measurements = [ 871.2012515068054, 872.4744262695312, 874.9008090496063,]
memory-traffic = 101547
