best-result = 26.29536485671997
warmup-time = 37.61109662055969
all-measurements = [ 26.29536485671997, 26.758702516555786, 26.517986297607422,]
memory-traffic = 798
