best-result = 56.92363524436951
warmup-time = 69.24117970466614
all-measurements = [ 58.314937114715576, 56.92363524436951, 57.359161138534546,]
memory-traffic = 4007
