best-result = 56.158517360687256
warmup-time = 72.08966493606567
all-measurements = [ 57.28163981437683, 56.158517360687256, 57.65924882888794,]
memory-traffic = 3240
