best-result = 109.19599151611328
warmup-time = 140.55183267593384
all-measurements = [ 109.5432801246643, 109.2167317867279, 109.19599151611328,]
memory-traffic = 10437
