best-result = 768.4927728176117
warmup-time = 859.7485375404358
all-measurements = [ 770.635525226593, 773.4980864524841, 768.4927728176117,]
memory-traffic = 68775
