best-result = 33.068320512771606
warmup-time = 44.48335886001587
all-measurements = [ 33.31364989280701, 33.068320512771606, 34.019891023635864,]
memory-traffic = 1310
