best-result = 53.01205015182495
warmup-time = 69.73752284049988
all-measurements = [ 53.01205015182495, 53.12440228462219, 53.14928436279297,]
memory-traffic = 3766
