best-result = 1505.1756443977356
warmup-time = 1620.298846244812
all-measurements = [ 1505.1756443977356, 1698.2279555797577, 1682.214369058609,]
