best-result = 48.75094199180603
warmup-time = 70.15304255485535
all-measurements = [ 48.75094199180603, 49.120598793029785, 48.88566541671753,]
memory-traffic = 3720
