best-result = 79.23799991607666
warmup-time = 102.51346945762634
all-measurements = [ 80.90758156776428, 79.52071762084961, 79.23799991607666,]
memory-traffic = 6654
