best-result = 35.08374738693237
warmup-time = 45.34450101852417
all-measurements = [ 35.69441866874695, 35.08374738693237, 35.77907156944275,]
memory-traffic = 1789
