best-result = 330.1131718158722
warmup-time = 470.30708050727844
all-measurements = [ 330.1131718158722, 330.52509450912476, 338.0037145614624,]
memory-traffic = 30583
