best-result = 123.35520768165588
warmup-time = 129.94750261306763
all-measurements = [ 125.65922379493713, 123.41286087036133, 123.35520768165588,]
memory-traffic = 9217
