best-result = 23.246988534927368
warmup-time = 23.932310104370117
all-measurements = [ 23.246988534927368, 23.88887929916382, 23.56717300415039,]
