best-result = 46.99059796333313
warmup-time = 63.605610370635986
all-measurements = [ 47.170368909835815, 47.50846576690674, 46.99059796333313,]
