best-result = 47.321248292922974
warmup-time = 58.31903147697449
all-measurements = [ 47.709492206573486, 47.321248292922974, 47.71310067176819,]
