best-result = 879.487318277359
warmup-time = 1084.8391346931458
all-measurements = [ 881.8763802051544, 891.2092123031616, 879.487318277359,]
