best-result = 85.65459942817688
warmup-time = 102.08025312423706
all-measurements = [ 87.0993902683258, 87.1309962272644, 85.65459942817688,]
