best-result = 984.202020406723
warmup-time = 1018.2050762176514
all-measurements = [ 984.202020406723, 987.722861289978, 989.1095542907715,]
