best-result = 84.95347213745117
warmup-time = 107.28583359718323
all-measurements = [ 85.66645383834839, 85.16407370567322, 84.95347213745117,]
