best-result = 67.92717051506042
warmup-time = 88.0956461429596
all-measurements = [ 68.00043296813965, 67.92717051506042, 68.46722531318665,]
