best-result = 91.66508054733276
warmup-time = 106.68632483482361
all-measurements = [ 91.66508054733276, 92.79647779464722, 93.14374279975891,]
