best-result = 647.9203500747681
warmup-time = 666.5087993144989
all-measurements = [ 648.9811990261078, 649.2540636062622, 647.9203500747681,]
