best-result = 62.30109000205994
warmup-time = 77.09818029403687
all-measurements = [ 62.956278800964355, 62.96865510940552, 62.30109000205994,]
