best-result = 191.34857940673828
warmup-time = 344.86169028282166
all-measurements = [ 193.1606388092041, 192.52364373207092, 191.34857940673828,]
