best-result = 382.61021995544434
warmup-time = 829.7005293369293
all-measurements = [ 386.890438079834, 382.61021995544434, 387.6847999095917,]
