best-result = 63.240317821502686
warmup-time = 79.92615580558777
all-measurements = [ 63.66823077201843, 63.240317821502686, 64.08310031890869,]
