best-result = 40.57071828842163
warmup-time = 48.44315767288208
all-measurements = [ 40.57071828842163, 41.008986711502075, 40.97228121757507,]
