best-result = 135.2939841747284
warmup-time = 164.51393032073975
all-measurements = [ 136.26317048072815, 135.7335684299469, 135.2939841747284,]
