best-result = 928.5029149055481
warmup-time = 968.2916450500488
all-measurements = [ 930.3760342597961, 959.7592256069183, 928.5029149055481,]
