best-result = 28.196959018707275
warmup-time = 36.707664489746094
all-measurements = [ 28.30823302268982, 28.519856929779053, 28.196959018707275,]
