best-result = 59.24181389808655
warmup-time = 71.90594696998596
all-measurements = [ 59.24181389808655, 60.241498708724976, 59.342201709747314,]
