best-result = 60.47389483451843
warmup-time = 74.46707916259766
all-measurements = [ 60.47389483451843, 61.2841215133667, 61.191694498062134,]
