best-result = 110.44417643547058
warmup-time = 138.67094135284424
all-measurements = [ 111.16848611831665, 110.44417643547058, 111.15614175796509,]
