best-result = 772.2746782302856
warmup-time = 841.648402929306
all-measurements = [ 772.6892971992493, 773.8685765266418, 772.2746782302856,]
