best-result = 34.89230489730835
warmup-time = 40.96275877952576
all-measurements = [ 34.89230489730835, 34.93674421310425, 35.092912435531616,]
