best-result = 55.8207893371582
warmup-time = 70.91243052482605
all-measurements = [ 55.8207893371582, 56.34563636779785, 56.05580520629883,]
