best-result = 1765.236826658249
warmup-time = 2397.330713033676
all-measurements = [ 2406.2435908317566, 1765.236826658249, 2211.9327807426453,]
