best-result = 49.17318654060364
warmup-time = 69.08442258834839
all-measurements = [ 49.84432888031006, 50.06588912010193, 49.17318654060364,]
