best-result = 82.96201634407043
warmup-time = 102.82448720932007
all-measurements = [ 82.96201634407043, 83.51019930839539, 83.17620801925659,]
