best-result = 38.09480428695679
warmup-time = 46.109516859054565
all-measurements = [ 38.66618847846985, 38.3685257434845, 38.09480428695679,]
