best-result = 302.6892056465149
warmup-time = 458.61856484413147
all-measurements = [ 307.8385705947876, 311.46888995170593, 302.6892056465149,]
