best-result = 60.19313859939575
warmup-time = 60.65263867378235
all-measurements = [ 60.86468434333801, 60.19313859939575, 60.38948941230774,]
