best-result = 25.57855224609375
warmup-time = 26.850521087646484
all-measurements = [ 25.758641481399536, 25.8090603351593, 25.57855224609375,]
