best-result = 36.293517112731934
warmup-time = 38.47724175453186
all-measurements = [ 36.293517112731934, 36.345194578170776, 36.70328950881958,]
