best-result = 30.428075313568115
warmup-time = 31.23586392402649
all-measurements = [ 30.89320182800293, 31.530426025390625, 30.428075313568115,]
