best-result = 260.7230679988861
warmup-time = 272.0377962589264
all-measurements = [ 260.7230679988861, 265.89009189605713, 260.9766364097595,]
