best-result = 37.18955111503601
warmup-time = 36.686580181121826
all-measurements = [ 37.28276515007019, 37.18955111503601, 37.64834547042847,]
