best-result = 40.349098920822144
warmup-time = 43.26554989814758
all-measurements = [ 41.08537459373474, 42.34123945236206, 40.349098920822144,]
