best-result = 48.8223021030426
warmup-time = 49.780558347702026
all-measurements = [ 48.8223021030426, 49.88522744178772, 50.40161871910095,]
