best-result = 32.99688649177551
warmup-time = 34.46510362625122
all-measurements = [ 33.80439829826355, 33.234971046447754, 32.99688649177551,]
