best-result = 36.82627463340759
warmup-time = 37.07256507873535
all-measurements = [ 37.483609199523926, 36.82627463340759, 37.1435866355896,]
