best-result = 62.598320960998535
warmup-time = 66.04725790023804
all-measurements = [ 64.84115791320801, 64.74689531326294, 62.598320960998535,]
