best-result = 223.68877911567688
warmup-time = 228.55656361579895
all-measurements = [ 227.13872623443604, 226.85655903816223, 223.68877911567688,]
