best-result = 518.0513532161713
warmup-time = 521.7690556049347
all-measurements = [ 520.414393901825, 518.0513532161713, 521.0647580623627,]
