best-result = 35.80558705329895
warmup-time = 37.884578466415405
all-measurements = [ 35.80558705329895, 35.81355333328247, 37.283997774124146,]
