best-result = 76.60325288772583
warmup-time = 83.39241623878479
all-measurements = [ 84.34063267707825, 76.60325288772583, 79.9351532459259,]
