best-result = 62.022305727005005
warmup-time = 62.32559633255005
all-measurements = [ 62.70582103729248, 62.022305727005005, 62.068772315979004,]
