best-result = 27.531421661376953
warmup-time = 28.280198574066162
all-measurements = [ 28.609651803970337, 27.531421661376953, 28.88365411758423,]
