best-result = 34.93245005607605
warmup-time = 32.60057091712952
all-measurements = [ 34.93245005607605, 35.379395723342896, 35.2881920337677,]
