best-result = 33.04374599456787
warmup-time = 33.62293243408203
all-measurements = [ 33.04374599456787, 33.64144682884216, 33.81756567955017,]
