best-result = 41.50297713279724
warmup-time = 41.5665123462677
all-measurements = [ 43.210935831069946, 42.5075261592865, 41.50297713279724,]
