best-result = 96.44444465637207
warmup-time = 97.64758348464966
all-measurements = [ 98.7960467338562, 96.44444465637207, 97.45346307754517,]
