best-result = 27.043487071990967
warmup-time = 28.224951028823853
all-measurements = [ 28.93894910812378, 27.043487071990967, 28.53452706336975,]
