best-result = 34.23029613494873
warmup-time = 35.618998289108276
all-measurements = [ 35.76588678359985, 34.8534517288208, 34.23029613494873,]
