best-result = 86.85437989234924
warmup-time = 94.30307912826538
all-measurements = [ 90.62659525871277, 86.85437989234924, 96.49037194252014,]
