best-result = 38.08524966239929
warmup-time = 39.26016044616699
all-measurements = [ 39.84262132644653, 38.08524966239929, 38.97348427772522,]
