best-result = 43.39164924621582
warmup-time = 47.440826654434204
all-measurements = [ 43.39164924621582, 44.145047426223755, 45.791805267333984,]
