best-result = 27.47661542892456
warmup-time = 28.434118032455444
all-measurements = [ 29.129157066345215, 27.47661542892456, 28.70530939102173,]
