best-result = 696.377888917923
warmup-time = 734.620543718338
all-measurements = [ 703.0848393440247, 701.4976465702057, 696.377888917923,]
