best-result = 173.493971824646
warmup-time = 173.1014802455902
all-measurements = [ 176.27956318855286, 174.3027594089508, 173.493971824646,]
