best-result = 68.29577875137329
warmup-time = 68.85222792625427
all-measurements = [ 71.3299949169159, 68.77599263191223, 68.29577875137329,]
