best-result = 23.300971031188965
warmup-time = 23.305418014526367
all-measurements = [ 23.300971031188965, 23.559113025665283, 23.30743145942688,]
