best-result = 47.02726125717163
warmup-time = 64.87183976173401
all-measurements = [ 47.12908697128296, 47.02726125717163, 47.63812327384949,]
