best-result = 46.81568789482117
warmup-time = 58.31794762611389
all-measurements = [ 46.81568789482117, 47.47399187088013, 47.18010854721069,]
