best-result = 889.5298206806183
warmup-time = 1076.0020036697388
all-measurements = [ 889.5298206806183, 914.3040413856506, 893.3578248023987,]
