best-result = 86.05652379989624
warmup-time = 99.96278047561646
all-measurements = [ 86.05652379989624, 86.71729350090027, 86.37875390052795,]
