best-result = 978.2356939315796
warmup-time = 1013.442868232727
all-measurements = [ 985.8437488079071, 978.2356939315796, 988.6799049377441,]
