best-result = 83.43761467933655
warmup-time = 105.67577028274536
all-measurements = [ 85.5147693157196, 84.3108811378479, 83.43761467933655,]
