best-result = 68.12163782119751
warmup-time = 86.98650169372559
all-measurements = [ 68.64453721046448, 68.12163782119751, 68.58216285705566,]
