best-result = 92.05864548683167
warmup-time = 106.55916261672974
all-measurements = [ 92.05864548683167, 92.3253264427185, 92.22371220588684,]
