best-result = 649.1278929710388
warmup-time = 665.2855448722839
all-measurements = [ 649.1278929710388, 650.1443471908569, 650.0487260818481,]
