best-result = 62.66073727607727
warmup-time = 75.59236884117126
all-measurements = [ 62.66073727607727, 63.20216751098633, 62.89774966239929,]
