best-result = 202.9922811985016
warmup-time = 357.20641326904297
all-measurements = [ 202.9922811985016, 205.29218864440918, 203.73939418792725,]
