best-result = 387.3238089084625
warmup-time = 827.7552907466888
all-measurements = [ 387.3238089084625, 389.7109191417694, 388.31740379333496,]
