best-result = 63.04495072364807
warmup-time = 79.32545733451843
all-measurements = [ 63.46205019950867, 63.04495072364807, 63.109182834625244,]
