best-result = 39.861061811447144
warmup-time = 48.29851984977722
all-measurements = [ 39.861061811447144, 41.14278984069824, 40.67451071739197,]
