best-result = 135.35430455207825
warmup-time = 165.45787501335144
all-measurements = [ 135.63035678863525, 135.35430455207825, 135.36285638809204,]
