best-result = 925.9347877502441
warmup-time = 951.0426037311554
all-measurements = [ 927.3258941173553, 955.4839775562286, 925.9347877502441,]
