best-result = 28.056256771087646
warmup-time = 37.374202489852905
all-measurements = [ 28.15035080909729, 28.056256771087646, 28.305434226989746,]
