best-result = 57.800384759902954
warmup-time = 70.7260913848877
all-measurements = [ 57.800384759902954, 57.817506313323975, 58.57282853126526,]
