best-result = 60.50049948692322
warmup-time = 74.17538905143738
all-measurements = [ 61.10869789123535, 60.50049948692322, 61.59448218345642,]
