best-result = 110.1752941608429
warmup-time = 137.46159482002258
all-measurements = [ 111.11885809898376, 110.1752941608429, 110.55285382270813,]
