best-result = 771.642899274826
warmup-time = 842.6670801639557
all-measurements = [ 771.642899274826, 772.7213020324707, 775.1522958278656,]
