best-result = 34.65406680107117
warmup-time = 40.82446503639221
all-measurements = [ 34.950116872787476, 34.97729182243347, 34.65406680107117,]
