best-result = 55.76074028015137
warmup-time = 71.51113247871399
all-measurements = [ 55.76074028015137, 56.330867767333984, 56.07960915565491,]
