best-result = 1448.5938205718994
warmup-time = 1956.2251920700073
all-measurements = [ 2523.2374699115753, 2350.0658526420593, 1448.5938205718994,]
