best-result = 48.842087507247925
warmup-time = 69.65769839286804
all-measurements = [ 50.429999589920044, 49.228803634643555, 48.842087507247925,]
