best-result = 83.11160612106323
warmup-time = 99.51321268081665
all-measurements = [ 83.60762190818787, 83.43943810462952, 83.11160612106323,]
