best-result = 37.89684295654297
warmup-time = 47.15803670883179
all-measurements = [ 38.40298533439636, 37.89684295654297, 38.82042360305786,]
