best-result = 325.7300856113434
warmup-time = 470.5441310405731
all-measurements = [ 332.1094789505005, 325.7300856113434, 328.2897279262543,]
