best-result = 59.02945303916931
warmup-time = 59.57506537437439
all-measurements = [ 59.86268186569214, 59.724722146987915, 59.02945303916931,]
