best-result = 25.168707847595215
warmup-time = 26.101672649383545
all-measurements = [ 25.198612928390503, 25.168707847595215, 25.622262716293335,]
