best-result = 34.76307415962219
warmup-time = 38.638535499572754
all-measurements = [ 36.06441283226013, 38.90981101989746, 34.76307415962219,]
