best-result = 31.382312774658203
warmup-time = 32.72192931175232
all-measurements = [ 31.382312774658203, 32.02971625328064, 32.077680587768555,]
