best-result = 274.6779890060425
warmup-time = 274.7830467224121
all-measurements = [ 278.97706151008606, 274.6779890060425, 275.6592855453491,]
