best-result = 34.56347584724426
warmup-time = 36.3795120716095
all-measurements = [ 34.56347584724426, 34.71876406669617, 36.17717504501343,]
