best-result = 40.39901900291443
warmup-time = 40.56466269493103
all-measurements = [ 41.04925012588501, 40.39901900291443, 41.20073390007019,]
