best-result = 49.92414927482605
warmup-time = 53.13413095474243
all-measurements = [ 51.35616731643677, 50.0927300453186, 49.92414927482605,]
