best-result = 34.01442837715149
warmup-time = 35.433719873428345
all-measurements = [ 35.57172131538391, 34.01442837715149, 34.0565071105957,]
