best-result = 36.182045698165894
warmup-time = 36.507099866867065
all-measurements = [ 36.182045698165894, 37.21459746360779, 37.90457320213318,]
