best-result = 59.25763273239136
warmup-time = 61.656797647476196
all-measurements = [ 59.25763273239136, 63.63049268722534, 62.45026206970215,]
