best-result = 241.4173710346222
warmup-time = 242.38132691383362
all-measurements = [ 241.4173710346222, 243.8319070339203, 243.24672722816467,]
