best-result = 546.037225484848
warmup-time = 543.9958386421204
all-measurements = [ 547.7800841331482, 546.3366293907166, 546.037225484848,]
