best-result = 34.20032811164856
warmup-time = 37.25335168838501
all-measurements = [ 35.49515414237976, 36.23936200141907, 34.20032811164856,]
