best-result = 64.17641377449036
warmup-time = 65.83944749832153
all-measurements = [ 64.65576815605164, 67.73529028892517, 64.17641377449036,]
