best-result = 26.873920917510986
warmup-time = 27.022486209869385
all-measurements = [ 27.882756233215332, 27.853177070617676, 26.873920917510986,]
