best-result = 36.039212703704834
warmup-time = 33.17698264122009
all-measurements = [ 36.55353760719299, 37.005603551864624, 36.039212703704834,]
