best-result = 32.13271498680115
warmup-time = 32.517842292785645
all-measurements = [ 33.5637469291687, 32.13271498680115, 32.51554989814758,]
