best-result = 42.628368854522705
warmup-time = 42.95864129066467
all-measurements = [ 44.48766088485718, 42.628368854522705, 44.297783613204956,]
