best-result = 98.49711322784424
warmup-time = 100.79274868965149
all-measurements = [ 98.81742238998413, 100.57227087020874, 98.49711322784424,]
