best-result = 27.428768396377563
warmup-time = 27.170908212661743
all-measurements = [ 27.95336627960205, 27.428768396377563, 29.059349060058594,]
