best-result = 34.12202978134155
warmup-time = 35.119481563568115
all-measurements = [ 34.77134871482849, 34.30045199394226, 34.12202978134155,]
