best-result = 40.149247884750366
warmup-time = 39.52223229408264
all-measurements = [ 40.149247884750366, 40.51516556739807, 40.72261333465576,]
