best-result = 43.851213455200195
warmup-time = 44.33630347251892
all-measurements = [ 45.85729432106018, 44.125407457351685, 43.851213455200195,]
