best-result = 26.780849933624268
warmup-time = 28.441254377365112
all-measurements = [ 26.780849933624268, 28.07552218437195, 27.782891273498535,]
