best-result = 699.8137047290802
warmup-time = 734.2653777599335
all-measurements = [ 716.0331995487213, 709.2979226112366, 699.8137047290802,]
