best-result = 178.09690690040588
warmup-time = 182.75610399246216
all-measurements = [ 183.52780890464783, 178.85251212120056, 178.09690690040588,]
