best-result = 42.845991373062134
warmup-time = 42.78611922264099
all-measurements = [ 43.479472160339355, 42.845991373062134, 45.35401272773743,]
