best-result = 24.864298582077026
warmup-time = 25.182193517684937
all-measurements = [ 25.487155199050903, 25.573240518569946, 24.864298582077026,]
memory-traffic = 1383
