best-result = 36.81423091888428
warmup-time = 38.9477219581604
all-measurements = [ 37.998640298843384, 36.81423091888428, 37.7694194316864,]
memory-traffic = 1169
