best-result = 30.64801049232483
warmup-time = 34.4121732711792
all-measurements = [ 31.728074550628662, 30.64801049232483, 31.85918664932251,]
memory-traffic = 977
