best-result = 267.0723977088928
warmup-time = 273.6934914588928
all-measurements = [ 272.59185123443604, 268.55384135246277, 267.0723977088928,]
memory-traffic = 15304
