best-result = 35.78003144264221
warmup-time = 38.30923366546631
all-measurements = [ 36.871443033218384, 36.36052083969116, 35.78003144264221,]
memory-traffic = 974
