best-result = 40.26344108581543
warmup-time = 43.32888412475586
all-measurements = [ 42.44005990028381, 40.26344108581543, 40.315229415893555,]
memory-traffic = 1501
