best-result = 49.537423610687256
warmup-time = 53.26564908027649
all-measurements = [ 50.81831336021423, 49.55494523048401, 49.537423610687256,]
memory-traffic = 2297
