best-result = 33.84365487098694
warmup-time = 36.15419411659241
all-measurements = [ 35.247297525405884, 33.84365487098694, 34.417428493499756,]
memory-traffic = 1010
