best-result = 37.323105573654175
warmup-time = 40.740638732910156
all-measurements = [ 38.046457052230835, 37.82973337173462, 37.323105573654175,]
memory-traffic = 1244
