best-result = 61.684298038482666
warmup-time = 59.487645626068115
all-measurements = [ 61.684298038482666, 61.888293981552124, 61.718509912490845,]
memory-traffic = 2474
