best-result = 229.82684659957886
warmup-time = 234.14614391326904
all-measurements = [ 230.632080078125, 229.82684659957886, 230.45628237724304,]
memory-traffic = 11983
