best-result = 524.9992320537567
warmup-time = 525.9461007118225
all-measurements = [ 526.4876704216003, 526.922446012497, 524.9992320537567,]
memory-traffic = 35126
