best-result = 36.483041763305664
warmup-time = 40.593730211257935
all-measurements = [ 37.597535848617554, 36.483041763305664, 36.99247407913208,]
memory-traffic = 1209
