best-result = 62.23612189292908
warmup-time = 65.9041543006897
all-measurements = [ 63.54592728614807, 62.23612189292908, 63.604804277420044,]
memory-traffic = 2963
