best-result = 26.871501207351685
warmup-time = 28.87669610977173
all-measurements = [ 27.321746110916138, 26.871501207351685, 27.77734899520874,]
memory-traffic = 607
