best-result = 35.74088430404663
warmup-time = 38.5422465801239
all-measurements = [ 36.16791248321533, 35.74088430404663, 36.144864082336426,]
memory-traffic = 871
