best-result = 32.034077167510986
warmup-time = 35.75285840034485
all-measurements = [ 33.09836483001709, 32.034077167510986, 32.824251890182495,]
memory-traffic = 1038
