best-result = 43.29880666732788
warmup-time = 46.86788010597229
all-measurements = [ 43.87719416618347, 45.390093088150024, 43.29880666732788,]
memory-traffic = 1819
