best-result = 97.04432940483093
warmup-time = 100.38746047019958
all-measurements = [ 97.04432940483093, 100.22782802581787, 99.43832588195801,]
memory-traffic = 5310
