best-result = 28.382370710372925
warmup-time = 30.465560913085938
all-measurements = [ 28.946964025497437, 29.287997245788574, 28.382370710372925,]
memory-traffic = 592
