best-result = 33.73074793815613
warmup-time = 36.47016644477844
all-measurements = [ 34.27338671684265, 33.73074793815613, 33.80713772773743,]
memory-traffic = 1022
