best-result = 92.75015640258789
warmup-time = 96.42441248893738
all-measurements = [ 98.40004348754883, 94.7322313785553, 92.75015640258789,]
memory-traffic = 7028
