best-result = 38.63885569572449
warmup-time = 42.43860745429993
all-measurements = [ 38.63885569572449, 39.74492859840393, 39.333383321762085,]
memory-traffic = 1371
