best-result = 43.748451948165894
warmup-time = 46.53608179092407
all-measurements = [ 43.748451948165894, 44.09123921394348, 44.230462074279785,]
memory-traffic = 1555
