best-result = 27.795273065567017
warmup-time = 30.280182600021362
all-measurements = [ 28.379354238510132, 27.795273065567017, 28.610872268676758,]
memory-traffic = 624
