best-result = 675.3327617645264
warmup-time = 703.2689213752747
all-measurements = [ 675.3327617645264, 675.3907034397125, 678.6048638820648,]
