best-result = 174.47036790847778
warmup-time = 179.61608600616455
all-measurements = [ 177.39105701446533, 178.9686794281006, 174.47036790847778,]
memory-traffic = 11020
