best-result = 41.140636682510376
warmup-time = 45.67200946807861
all-measurements = [ 44.09070134162903, 41.140636682510376, 42.412734270095825,]
memory-traffic = 1717
