best-result = 26.414159774780273
warmup-time = 26.791609525680542
all-measurements = [ 26.414159774780273, 26.935456037521362, 26.508556127548218,]
