best-result = 36.62183856964111
warmup-time = 38.119322538375854
all-measurements = [ 38.66432237625122, 36.62183856964111, 37.58622431755066,]
