best-result = 30.885255813598633
warmup-time = 31.640669107437134
all-measurements = [ 31.54321050643921, 30.885255813598633, 31.635579586029053,]
