best-result = 232.2531349658966
warmup-time = 239.82415413856506
all-measurements = [ 232.2531349658966, 234.17901706695557, 235.49956107139587,]
