best-result = 35.76803755760193
warmup-time = 37.66744136810303
all-measurements = [ 36.12343764305115, 35.76803755760193, 36.1518611907959,]
