best-result = 112.6514482498169
warmup-time = 115.65970373153687
all-measurements = [ 112.6514482498169, 113.70453786849976, 115.1087749004364,]
