best-result = 34.53617191314697
warmup-time = 35.08403563499451
all-measurements = [ 34.53617191314697, 36.38158559799194, 35.76018166542053,]
