best-result = 41.31091499328613
warmup-time = 40.5745894908905
all-measurements = [ 41.90066051483154, 41.31091499328613, 41.480332136154175,]
