best-result = 47.23499131202698
warmup-time = 50.865031480789185
all-measurements = [ 47.327035427093506, 47.23499131202698, 47.77399444580078,]
