best-result = 33.184592962265015
warmup-time = 33.20966100692749
all-measurements = [ 33.184592962265015, 33.96281170845032, 35.34572720527649,]
