best-result = 36.69423580169678
warmup-time = 38.005064487457275
all-measurements = [ 36.69423580169678, 37.63922691345215, 37.57336616516113,]
