best-result = 56.55137300491333
warmup-time = 59.12234854698181
all-measurements = [ 56.55137300491333, 63.85737347602844, 61.70951986312866,]
