best-result = 221.1021590232849
warmup-time = 221.6722810268402
all-measurements = [ 221.8950469493866, 221.1021590232849, 224.33056473731995,]
