best-result = 500.15943717956543
warmup-time = 508.1402633190155
all-measurements = [ 500.15943717956543, 505.27251744270325, 502.41895294189453,]
