best-result = 35.403374910354614
warmup-time = 35.85757613182068
all-measurements = [ 35.92253565788269, 35.403374910354614, 35.45027041435242,]
