best-result = 28.612727403640747
warmup-time = 30.168457984924316
all-measurements = [ 28.612727403640747, 29.083043813705444, 30.07786536216736,]
