best-result = 77.05315709114075
warmup-time = 83.61883473396301
all-measurements = [ 77.16289162635803, 79.08791279792786, 77.05315709114075,]
