best-result = 60.93901538848877
warmup-time = 61.15408515930176
all-measurements = [ 64.99755930900574, 60.93901538848877, 63.65705633163452,]
