best-result = 27.859978437423706
warmup-time = 28.39917016029358
all-measurements = [ 28.693765878677368, 27.859978437423706, 29.15607714653015,]
