best-result = 32.94934058189392
warmup-time = 35.9218807220459
all-measurements = [ 35.78346133232117, 32.94934058189392, 35.09453463554382,]
