best-result = 32.79520893096924
warmup-time = 34.326967000961304
all-measurements = [ 33.6547372341156, 32.79520893096924, 33.64435410499573,]
