best-result = 42.58553338050842
warmup-time = 43.24287033081055
all-measurements = [ 42.58553338050842, 44.0492000579834, 42.65553379058838,]
