best-result = 95.51606178283691
warmup-time = 96.25143814086914
all-measurements = [ 95.7180233001709, 95.58758616447449, 95.51606178283691,]
