best-result = 27.824813842773438
warmup-time = 30.051392793655396
all-measurements = [ 29.502906322479248, 29.294777870178223, 27.824813842773438,]
