best-result = 34.49530529975891
warmup-time = 34.07070589065552
all-measurements = [ 35.42768096923828, 34.89106345176697, 34.49530529975891,]
