best-result = 87.29676389694214
warmup-time = 91.62860035896301
all-measurements = [ 91.61051964759827, 96.15444087982178, 87.29676389694214,]
