best-result = 37.786972761154175
warmup-time = 39.411372661590576
all-measurements = [ 37.786972761154175, 39.35734677314758, 39.10726284980774,]
