best-result = 44.3537335395813
warmup-time = 44.27219557762146
all-measurements = [ 45.115569829940796, 44.3537335395813, 45.61852526664734,]
