best-result = 50.388113260269165
warmup-time = 51.69171357154846
all-measurements = [ 51.684513092041016, 50.388113260269165, 51.382402420043945,]
