best-result = 27.82253909111023
warmup-time = 28.27508807182312
all-measurements = [ 27.82253909111023, 28.366515159606934, 29.676841735839844,]
