best-result = 658.5221004486084
warmup-time = 705.6432826519012
all-measurements = [ 671.325279712677, 658.5221004486084, 677.0122590065002,]
