best-result = 166.18077039718628
warmup-time = 169.8971083164215
all-measurements = [ 167.76519060134888, 166.18077039718628, 168.5346372127533,]
