best-result = 59.56595301628113
warmup-time = 67.48827481269836
all-measurements = [ 59.56595301628113, 66.6507158279419, 66.48081612586975,]
