best-result = 25.80702543258667
warmup-time = 26.178781509399414
all-measurements = [ 25.80702543258667, 25.88453221321106, 25.835398197174072,]
