best-result = 36.344085931777954
warmup-time = 38.14293098449707
all-measurements = [ 36.95206117630005, 36.344085931777954, 38.09266805648804,]
