best-result = 30.516544580459595
warmup-time = 31.1907639503479
all-measurements = [ 31.280094146728516, 30.516544580459595, 30.822906255722046,]
