best-result = 264.6991000175476
warmup-time = 271.72807908058167
all-measurements = [ 266.4257049560547, 265.5122308731079, 264.6991000175476,]
