best-result = 35.93511414527893
warmup-time = 37.918580770492554
all-measurements = [ 36.08492636680603, 36.96055769920349, 35.93511414527893,]
