best-result = 114.48942375183105
warmup-time = 114.88272452354431
all-measurements = [ 114.48942375183105, 116.871657371521, 115.08617091178894,]
