best-result = 39.813788652420044
warmup-time = 41.15495705604553
all-measurements = [ 41.08626341819763, 40.997530698776245, 39.813788652420044,]
