best-result = 47.987353563308716
warmup-time = 49.49384522438049
all-measurements = [ 48.23667788505554, 49.660621881484985, 47.987353563308716,]
