best-result = 32.647087812423706
warmup-time = 34.2261905670166
all-measurements = [ 32.647087812423706, 33.79379653930664, 34.041999101638794,]
