best-result = 60.74075984954834
warmup-time = 60.07304406166077
all-measurements = [ 61.20949101448059, 61.20838284492493, 60.74075984954834,]
