best-result = 225.50722479820251
warmup-time = 229.7795352935791
all-measurements = [ 225.50722479820251, 226.46103262901306, 226.98279118537903,]
