best-result = 520.1548874378204
warmup-time = 525.560084104538
all-measurements = [ 524.2754275798798, 520.1548874378204, 521.3304982185364,]
