best-result = 34.55585312843323
warmup-time = 35.92147135734558
all-measurements = [ 37.26180982589722, 38.11306190490723, 34.55585312843323,]
