best-result = 28.616658449172974
warmup-time = 29.07906699180603
all-measurements = [ 28.616658449172974, 28.81159234046936, 29.17739725112915,]
