best-result = 76.15345525741577
warmup-time = 75.58674144744873
all-measurements = [ 78.41072702407837, 76.71316051483154, 76.15345525741577,]
