best-result = 62.19312834739685
warmup-time = 64.0859808921814
all-measurements = [ 62.88400721549988, 62.19312834739685, 62.21532654762268,]
