best-result = 27.33709406852722
warmup-time = 27.999611854553223
all-measurements = [ 28.738271236419678, 27.33709406852722, 27.360169649124146,]
