best-result = 35.17694926261902
warmup-time = 34.85785460472107
all-measurements = [ 35.3390007019043, 35.17694926261902, 35.49324607849121,]
