best-result = 32.95554757118225
warmup-time = 34.877315521240234
all-measurements = [ 32.95554757118225, 33.047972679138184, 34.75084209442139,]
