best-result = 41.13121199607849
warmup-time = 42.7660186290741
all-measurements = [ 41.3353590965271, 41.13121199607849, 43.95148944854736,]
