best-result = 95.61710596084595
warmup-time = 95.16909384727478
all-measurements = [ 95.61710596084595, 101.1889979839325, 98.62213587760925,]
