best-result = 27.495822429656982
warmup-time = 28.64621114730835
all-measurements = [ 27.495822429656982, 29.325777769088745, 28.762487411499023,]
