best-result = 34.02208757400513
warmup-time = 34.11408066749573
all-measurements = [ 34.60702872276306, 34.54477334022522, 34.02208757400513,]
