best-result = 88.35428667068481
warmup-time = 97.44121551513672
all-measurements = [ 88.35428667068481, 90.55993819236755, 95.0507504940033,]
