best-result = 38.266220808029175
warmup-time = 39.45940637588501
all-measurements = [ 39.6821551322937, 38.749308824539185, 38.266220808029175,]
