best-result = 44.06366229057312
warmup-time = 44.24474287033081
all-measurements = [ 44.06366229057312, 44.083899974823, 44.70881414413452,]
