best-result = 28.167100191116333
warmup-time = 28.927332878112793
all-measurements = [ 28.167100191116333, 28.885713815689087, 28.762285232543945,]
