best-result = 689.0246043205261
warmup-time = 734.8208401203156
all-measurements = [ 693.3955745697021, 692.0420010089874, 689.0246043205261,]
