best-result = 172.43824553489685
warmup-time = 176.16962838172913
all-measurements = [ 172.43824553489685, 179.61324405670166, 177.9089903831482,]
