best-result = 65.75172352790833
warmup-time = 68.93762588500977
all-measurements = [ 70.02338290214539, 65.75172352790833, 67.16441917419434,]
