best-result = 25.842764854431152
warmup-time = 26.4719979763031
all-measurements = [ 25.842764854431152, 26.087806463241577, 26.08642315864563,]
