best-result = 36.714316606521606
warmup-time = 38.89518475532532
all-measurements = [ 36.8903489112854, 36.714316606521606, 38.22729206085205,]
