best-result = 29.845786809921265
warmup-time = 32.805997133255005
all-measurements = [ 31.7750301361084, 29.845786809921265, 31.314046382904053,]
