best-result = 258.4766342639923
warmup-time = 264.6965112686157
all-measurements = [ 258.4766342639923, 259.45184445381165, 259.9747757911682,]
