best-result = 36.37430453300476
warmup-time = 37.089218854904175
all-measurements = [ 36.61697959899902, 36.37430453300476, 36.90791416168213,]
