best-result = 110.97365760803223
warmup-time = 115.66293501853943
all-measurements = [ 110.97365760803223, 112.45107007026672, 113.22687458992004,]
