best-result = 39.32835602760315
warmup-time = 40.55817914009094
all-measurements = [ 39.32835602760315, 40.05363321304321, 42.69509267807007,]
