best-result = 47.00555419921875
warmup-time = 48.73612689971924
all-measurements = [ 47.00555419921875, 47.036409854888916, 47.86018943786621,]
