best-result = 33.64592528343201
warmup-time = 33.86717748641968
all-measurements = [ 34.350512742996216, 34.46048069000244, 33.64592528343201,]
