best-result = 36.886247873306274
warmup-time = 37.394779682159424
all-measurements = [ 37.17208695411682, 36.886247873306274, 37.13226079940796,]
