best-result = 59.59016799926758
warmup-time = 60.2864511013031
all-measurements = [ 59.59016799926758, 60.06825923919678, 61.65015125274658,]
