best-result = 222.5031008720398
warmup-time = 228.92944288253784
all-measurements = [ 222.5031008720398, 224.02206444740295, 225.14559412002563,]
