best-result = 509.54563879966736
warmup-time = 515.3775479793549
all-measurements = [ 514.1488955020905, 512.201162815094, 509.54563879966736,]
