best-result = 35.29926896095276
warmup-time = 36.73455476760864
all-measurements = [ 36.73844766616821, 36.53564143180847, 35.29926896095276,]
