best-result = 28.56683921813965
warmup-time = 29.08278751373291
all-measurements = [ 28.56683921813965, 29.157771587371826, 28.86890721321106,]
