best-result = 67.64137983322144
warmup-time = 78.12746906280518
all-measurements = [ 80.84917116165161, 67.64137983322144, 72.40031576156616,]
