best-result = 60.85004925727844
warmup-time = 62.68714737892151
all-measurements = [ 60.85004925727844, 63.39133977890015, 61.6676766872406,]
