best-result = 28.19005012512207
warmup-time = 29.277403354644775
all-measurements = [ 28.483686685562134, 28.667341470718384, 28.19005012512207,]
