best-result = 34.87000846862793
warmup-time = 34.866477251052856
all-measurements = [ 34.87000846862793, 42.212456464767456, 43.33270621299744,]
