best-result = 33.66912245750427
warmup-time = 37.67769479751587
all-measurements = [ 34.783740758895874, 33.74085736274719, 33.66912245750427,]
