best-result = 40.820422887802124
warmup-time = 43.431559324264526
all-measurements = [ 43.304336071014404, 40.820422887802124, 43.026979207992554,]
