best-result = 93.88435697555542
warmup-time = 96.5265531539917
all-measurements = [ 97.0318033695221, 94.84477710723877, 93.88435697555542,]
