best-result = 28.250153303146362
warmup-time = 29.71757745742798
all-measurements = [ 28.657865047454834, 28.250153303146362, 28.357207775115967,]
