best-result = 34.38026571273804
warmup-time = 34.334522008895874
all-measurements = [ 35.15021204948425, 34.38026571273804, 35.171653270721436,]
