best-result = 86.1726291179657
warmup-time = 92.66942381858826
all-measurements = [ 94.72738695144653, 86.1726291179657, 95.21120524406433,]
