best-result = 38.24049115180969
warmup-time = 39.02895259857178
all-measurements = [ 38.573123931884766, 38.24049115180969, 38.31006479263306,]
