best-result = 43.85760235786438
warmup-time = 44.89316654205322
all-measurements = [ 43.85760235786438, 46.16991925239563, 43.9099395275116,]
