best-result = 27.314101696014404
warmup-time = 27.630670070648193
all-measurements = [ 28.389331102371216, 27.314101696014404, 29.063700199127197,]
