best-result = 632.3411221504211
warmup-time = 664.612619638443
all-measurements = [ 634.7844069004059, 632.3411221504211, 637.241975069046,]
