best-result = 171.31947803497314
warmup-time = 177.0507354736328
all-measurements = [ 171.31947803497314, 172.6999773979187, 172.2519552707672,]
