best-result = 56.04791474342346
warmup-time = 55.58492088317871
all-measurements = [ 66.40613079071045, 56.04791474342346, 68.33378863334656,]
