best-result = 25.421974658966064
warmup-time = 25.85362982749939
all-measurements = [ 25.9624342918396, 25.589545249938965, 25.421974658966064,]
