best-result = 36.366639375686646
warmup-time = 39.00965142250061
all-measurements = [ 36.70665407180786, 36.366639375686646, 37.710644245147705,]
