best-result = 30.193989992141724
warmup-time = 30.887102127075195
all-measurements = [ 31.098257303237915, 30.193989992141724, 30.660483598709106,]
