best-result = 257.1909785270691
warmup-time = 262.36163687705994
all-measurements = [ 258.0723683834076, 258.6364369392395, 257.1909785270691,]
