best-result = 35.66069030761719
warmup-time = 35.48482298851013
all-measurements = [ 36.45320272445679, 35.66069030761719, 36.52155137062073,]
