best-result = 111.65166115760803
warmup-time = 115.49602198600769
all-measurements = [ 111.65166115760803, 113.16539692878723, 112.32342553138733,]
