best-result = 40.607548236846924
warmup-time = 40.460875511169434
all-measurements = [ 40.607548236846924, 40.629560470581055, 40.79450607299805,]
