best-result = 46.77900671958923
warmup-time = 47.40479016304016
all-measurements = [ 48.277750968933105, 46.92769193649292, 46.77900671958923,]
