best-result = 32.40499758720398
warmup-time = 33.01159858703613
all-measurements = [ 32.40499758720398, 32.52878427505493, 32.58012318611145,]
