best-result = 35.719144344329834
warmup-time = 37.49514102935791
all-measurements = [ 35.719144344329834, 36.16785764694214, 37.72822713851929,]
