best-result = 56.62082552909851
warmup-time = 60.048158168792725
all-measurements = [ 58.94460892677307, 56.62082552909851, 60.326228618621826,]
