best-result = 225.3845431804657
warmup-time = 226.56388521194458
all-measurements = [ 225.92034530639648, 225.5435345172882, 225.3845431804657,]
