best-result = 512.3030474185944
warmup-time = 523.5421576499939
all-measurements = [ 530.8285329341888, 517.3647322654724, 512.3030474185944,]
