best-result = 36.038389444351196
warmup-time = 37.5228157043457
all-measurements = [ 36.55485439300537, 36.038389444351196, 36.22564935684204,]
