best-result = 28.2376708984375
warmup-time = 29.721118450164795
all-measurements = [ 28.2376708984375, 28.710408926010132, 28.437680959701538,]
