best-result = 76.41958832740784
warmup-time = 80.98563385009766
all-measurements = [ 79.4391257762909, 77.55191326141357, 76.41958832740784,]
