best-result = 60.204158306121826
warmup-time = 61.96207094192505
all-measurements = [ 60.799535274505615, 62.9878306388855, 60.204158306121826,]
