best-result = 27.56291174888611
warmup-time = 27.991799116134644
all-measurements = [ 27.56291174888611, 27.637425899505615, 28.021226167678833,]
