best-result = 32.133652210235596
warmup-time = 35.424264907836914
all-measurements = [ 35.04346561431885, 32.133652210235596, 35.157355546951294,]
