best-result = 31.26089572906494
warmup-time = 33.09657621383667
all-measurements = [ 33.07498645782471, 31.26089572906494, 33.336835622787476,]
