best-result = 42.51311254501343
warmup-time = 43.436726093292236
all-measurements = [ 42.79798364639282, 43.907190561294556, 42.51311254501343,]
