best-result = 95.27828574180603
warmup-time = 97.26540994644165
all-measurements = [ 96.38694977760315, 97.87475109100342, 95.27828574180603,]
