best-result = 27.34135937690735
warmup-time = 28.849034309387207
all-measurements = [ 27.41197681427002, 28.09096932411194, 27.34135937690735,]
