best-result = 34.657687187194824
warmup-time = 34.66426467895508
all-measurements = [ 34.657687187194824, 34.758819818496704, 35.09539318084717,]
