best-result = 86.9555389881134
warmup-time = 88.0342755317688
all-measurements = [ 87.03042602539062, 86.9555389881134, 89.12414240837097,]
