best-result = 37.03646683692932
warmup-time = 39.04140639305115
all-measurements = [ 37.03646683692932, 37.83490586280823, 38.83692145347595,]
