best-result = 43.06777215003967
warmup-time = 44.632364988327026
all-measurements = [ 45.25587224960327, 43.06777215003967, 45.462026596069336,]
