best-result = 27.844595432281494
warmup-time = 27.42246723175049
all-measurements = [ 28.275660037994385, 29.05355191230774, 27.844595432281494,]
