best-result = 642.4938158988953
warmup-time = 693.7004845142365
all-measurements = [ 664.2006742954254, 642.4938158988953, 645.0458135604858,]
