best-result = 171.03605937957764
warmup-time = 172.3731153011322
all-measurements = [ 173.1143832206726, 174.7858443260193, 171.03605937957764,]
