best-result = 54.56998157501221
warmup-time = 64.09685063362122
all-measurements = [ 66.03926682472229, 54.56998157501221, 67.40131950378418,]
