best-result = 23.330155849456787
warmup-time = 23.60840892791748
all-measurements = [ 23.47958278656006, 23.330155849456787, 23.347540378570557,]
