best-result = 47.27250862121582
warmup-time = 65.10713791847229
all-measurements = [ 47.36337971687317, 47.27250862121582, 47.426416635513306,]
