best-result = 47.40672421455383
warmup-time = 58.734151124954224
all-measurements = [ 47.53512525558472, 47.40672421455383, 47.48396587371826,]
