best-result = 897.5171236991882
warmup-time = 1092.596894979477
all-measurements = [ 901.521472454071, 897.5171236991882, 911.3731923103333,]
