best-result = 86.06764316558838
warmup-time = 100.07592940330505
all-measurements = [ 86.80621671676636, 86.41687774658203, 86.06764316558838,]
