best-result = 992.6602625846863
warmup-time = 1019.1681342124939
all-measurements = [ 992.8843393325806, 996.4344682693481, 992.6602625846863,]
