best-result = 65.56959438323975
warmup-time = 81.23960876464844
all-measurements = [ 66.50302958488464, 67.22123861312866, 65.56959438323975,]
