best-result = 84.16256761550903
warmup-time = 103.96314787864685
all-measurements = [ 84.16256761550903, 84.59452390670776, 85.13346934318542,]
