best-result = 68.32204961776733
warmup-time = 89.4743766784668
all-measurements = [ 69.1665551662445, 69.29680609703064, 68.32204961776733,]
