best-result = 91.82213687896729
warmup-time = 103.90617394447327
all-measurements = [ 93.27091550827026, 91.82213687896729, 91.85147404670715,]
