best-result = 643.4341893196106
warmup-time = 657.9380135536194
all-measurements = [ 643.4341893196106, 644.6752760410309, 650.0229399204254,]
