best-result = 62.85459089279175
warmup-time = 73.4420907497406
all-measurements = [ 62.85459089279175, 63.19812870025635, 63.519999742507935,]
