best-result = 192.96351838111877
warmup-time = 350.15858244895935
all-measurements = [ 192.96351838111877, 193.9020402431488, 194.93416023254395,]
