best-result = 383.76309275627136
warmup-time = 830.8051710128784
all-measurements = [ 383.76309275627136, 385.41792702674866, 386.43646812438965,]
