best-result = 62.72214865684509
warmup-time = 78.5677969455719
all-measurements = [ 63.39794135093689, 63.3252055644989, 62.72214865684509,]
