best-result = 40.470309257507324
warmup-time = 48.532167196273804
all-measurements = [ 40.90873742103577, 40.470309257507324, 40.69416356086731,]
