best-result = 135.15259552001953
warmup-time = 162.5729706287384
all-measurements = [ 135.15259552001953, 135.3836750984192, 135.362375497818,]
