best-result = 932.6285552978516
warmup-time = 962.6806411743164
all-measurements = [ 956.862833738327, 934.7545657157898, 932.6285552978516,]
