best-result = 28.08400321006775
warmup-time = 37.44326615333557
all-measurements = [ 28.08400321006775, 28.541258096694946, 28.450411319732666,]
