best-result = 59.27821326255798
warmup-time = 73.37837672233582
all-measurements = [ 59.27821326255798, 59.52896499633789, 61.10501980781555,]
