best-result = 60.71023154258728
warmup-time = 75.3359842300415
all-measurements = [ 60.71023154258728, 61.33491277694702, 60.9396493434906,]
