best-result = 110.77633714675903
warmup-time = 141.30349230766296
all-measurements = [ 111.52664685249329, 110.77633714675903, 111.73933053016663,]
