best-result = 770.6858603954315
warmup-time = 837.4114954471588
all-measurements = [ 774.2416651248932, 774.281135559082, 770.6858603954315,]
