best-result = 34.576271533966064
warmup-time = 43.0532865524292
all-measurements = [ 34.85165214538574, 34.72791600227356, 34.576271533966064,]
