best-result = 55.92160940170288
warmup-time = 69.92622494697571
all-measurements = [ 56.705129623413086, 55.92160940170288, 56.137303829193115,]
