best-result = 2010.3200809955597
warmup-time = 2573.61377120018
all-measurements = [ 2010.3200809955597, 2121.100038290024, 2351.724796772003,]
