best-result = 49.360554933547974
warmup-time = 70.46218085289001
all-measurements = [ 50.07543992996216, 49.360554933547974, 49.988823652267456,]
