best-result = 84.29167413711548
warmup-time = 102.76583695411682
all-measurements = [ 84.46629166603088, 84.61448049545288, 84.29167413711548,]
