best-result = 93.93894219398499
warmup-time = 115.92346453666687
all-measurements = [ 93.93894219398499, 94.5920102596283, 94.22832584381104,]
