best-result = 38.12575817108154
warmup-time = 47.57719898223877
all-measurements = [ 38.39250588417053, 38.64561057090759, 38.12575817108154,]
