best-result = 312.1011235713959
warmup-time = 454.00001335144043
all-measurements = [ 318.7403061389923, 317.7231059074402, 312.1011235713959,]
