best-result = 60.70898509025574
warmup-time = 61.15748572349548
all-measurements = [ 60.81257247924805, 61.01257920265198, 60.70898509025574,]
