best-result = 25.334344625473022
warmup-time = 25.75590419769287
all-measurements = [ 25.452356338500977, 25.789520740509033, 25.334344625473022,]
