best-result = 34.70778465270996
warmup-time = 37.11001801490784
all-measurements = [ 37.03513836860657, 34.70778465270996, 36.15667676925659,]
