best-result = 29.870030641555786
warmup-time = 31.020893335342407
all-measurements = [ 31.057668209075928, 30.544520616531372, 29.870030641555786,]
