best-result = 262.9806258678436
warmup-time = 269.35739827156067
all-measurements = [ 263.86140394210815, 267.81833386421204, 262.9806258678436,]
