best-result = 36.34494233131409
warmup-time = 36.40860342979431
all-measurements = [ 37.12008357048035, 36.36359405517578, 36.34494233131409,]
