best-result = 40.031790256500244
warmup-time = 39.96766233444214
all-measurements = [ 40.031790256500244, 40.368518114089966, 40.18309831619263,]
