best-result = 49.01826572418213
warmup-time = 49.146090030670166
all-measurements = [ 50.05696678161621, 49.01826572418213, 49.06312346458435,]
