best-result = 33.38537359237671
warmup-time = 33.616196155548096
all-measurements = [ 34.010297536849976, 35.483784198760986, 33.38537359237671,]
