best-result = 35.00425887107849
warmup-time = 36.379533529281616
all-measurements = [ 37.250266790390015, 35.00425887107849, 36.94814610481262,]
