best-result = 59.12621593475342
warmup-time = 60.95951533317566
all-measurements = [ 59.12621593475342, 66.25193500518799, 64.85182857513428,]
