best-result = 223.6037290096283
warmup-time = 227.93957114219666
all-measurements = [ 223.6037290096283, 224.0289421081543, 227.60477089881897,]
