best-result = 519.6117920875549
warmup-time = 525.3508965969086
all-measurements = [ 519.6117920875549, 520.3240330219269, 522.330911397934,]
