best-result = 35.499178886413574
warmup-time = 38.17643189430237
all-measurements = [ 37.568007469177246, 35.499178886413574, 37.3243842124939,]
