best-result = 28.335670948028564
warmup-time = 28.16281008720398
all-measurements = [ 28.516985177993774, 28.449822187423706, 28.335670948028564,]
