best-result = 76.02278256416321
warmup-time = 76.48730897903442
all-measurements = [ 80.54464101791382, 76.66239881515503, 76.02278256416321,]
