best-result = 61.175403356552124
warmup-time = 64.31982207298279
all-measurements = [ 61.26752781867981, 63.724663972854614, 61.175403356552124,]
