best-result = 27.82878613471985
warmup-time = 27.910094022750854
all-measurements = [ 28.146870613098145, 28.387835264205933, 27.82878613471985,]
