best-result = 31.920573711395264
warmup-time = 35.46664261817932
all-measurements = [ 34.99268364906311, 34.95443773269653, 31.920573711395264,]
