best-result = 32.20103621482849
warmup-time = 33.34274077415466
all-measurements = [ 32.20103621482849, 33.91474652290344, 34.20728540420532,]
