best-result = 41.73882460594177
warmup-time = 44.12614607810974
all-measurements = [ 41.73882460594177, 42.418198108673096, 43.77397966384888,]
