best-result = 95.52999210357666
warmup-time = 98.46220684051514
all-measurements = [ 98.2516758441925, 97.20754861831665, 95.52999210357666,]
