best-result = 26.84028911590576
warmup-time = 27.374916076660156
all-measurements = [ 26.84028911590576, 28.74768304824829, 28.87848424911499,]
