best-result = 33.955827713012695
warmup-time = 35.13065481185913
all-measurements = [ 34.74864101409912, 34.05596446990967, 33.955827713012695,]
