best-result = 87.49231719970703
warmup-time = 95.57724189758301
all-measurements = [ 87.49231719970703, 87.99592685699463, 89.77424430847168,]
