best-result = 38.919607639312744
warmup-time = 39.10003924369812
all-measurements = [ 39.85863995552063, 38.919607639312744, 39.49146580696106,]
