best-result = 44.38264727592468
warmup-time = 43.93999719619751
all-measurements = [ 44.38264727592468, 46.12155103683472, 44.921684980392456,]
