best-result = 27.573696613311768
warmup-time = 28.207067251205444
all-measurements = [ 27.573696613311768, 28.621488094329834, 28.0209002494812,]
