best-result = 692.6706991195679
warmup-time = 723.9879333972931
all-measurements = [ 692.6706991195679, 706.3786790370941, 694.6005141735077,]
