best-result = 170.90606141090393
warmup-time = 175.74715065956116
all-measurements = [ 170.90606141090393, 173.82431864738464, 172.678457736969,]
