best-result = 56.64721322059631
warmup-time = 69.87671113014221
all-measurements = [ 56.64721322059631, 64.66085362434387, 58.5546019077301,]
