best-result = 25.74829387664795
warmup-time = 26.32102084159851
all-measurements = [ 25.792905807495117, 25.74829387664795, 25.78843593597412,]
