best-result = 36.189462423324585
warmup-time = 38.260783195495605
all-measurements = [ 36.56671357154846, 36.189462423324585, 37.46718382835388,]
