best-result = 31.09015917778015
warmup-time = 31.048385620117188
all-measurements = [ 31.4513897895813, 31.09015917778015, 31.7255802154541,]
