best-result = 262.23868703842163
warmup-time = 269.42026019096375
all-measurements = [ 265.941698551178, 262.23868703842163, 266.3774952888489,]
