best-result = 36.34590554237366
warmup-time = 37.04959964752197
all-measurements = [ 36.831068992614746, 36.519299030303955, 36.34590554237366,]
