best-result = 40.94538879394531
warmup-time = 39.79345488548279
all-measurements = [ 40.94538879394531, 41.57307267189026, 43.16089725494385,]
