best-result = 48.879915952682495
warmup-time = 49.21215796470642
all-measurements = [ 48.879915952682495, 49.144006967544556, 49.17276048660278,]
