best-result = 31.37589931488037
warmup-time = 34.06160068511963
all-measurements = [ 33.01828980445862, 31.37589931488037, 33.492730140686035,]
