best-result = 36.77265381813049
warmup-time = 37.34787058830261
all-measurements = [ 36.77265381813049, 37.26931667327881, 37.72766375541687,]
