best-result = 64.3214864730835
warmup-time = 60.25499200820923
all-measurements = [ 66.65365839004517, 66.70447993278503, 64.3214864730835,]
