best-result = 224.98602676391602
warmup-time = 228.45835161209106
all-measurements = [ 225.57536554336548, 224.98602676391602, 225.56820225715637,]
