best-result = 518.3123962879181
warmup-time = 525.5100612640381
all-measurements = [ 520.7903361320496, 521.1185960769653, 518.3123962879181,]
