best-result = 37.034005641937256
warmup-time = 38.9723858833313
all-measurements = [ 37.034005641937256, 37.55650544166565, 37.28096604347229,]
