best-result = 74.2932071685791
warmup-time = 80.96132230758667
all-measurements = [ 75.65510773658752, 82.16545462608337, 74.2932071685791,]
