best-result = 61.30413293838501
warmup-time = 65.0334484577179
all-measurements = [ 61.30413293838501, 62.275914907455444, 62.90237998962402,]
