best-result = 27.161061763763428
warmup-time = 28.103259801864624
all-measurements = [ 28.158909797668457, 28.258458852767944, 27.161061763763428,]
