best-result = 32.507861375808716
warmup-time = 35.31762886047363
all-measurements = [ 35.57809042930603, 32.507861375808716, 35.35824179649353,]
