best-result = 31.88255214691162
warmup-time = 34.514484882354736
all-measurements = [ 33.73749613761902, 33.69189167022705, 31.88255214691162,]
