best-result = 42.07664465904236
warmup-time = 43.097190856933594
all-measurements = [ 43.94389247894287, 44.37048268318176, 42.07664465904236,]
