best-result = 96.32489204406738
warmup-time = 98.77133107185364
all-measurements = [ 96.32489204406738, 98.36035585403442, 99.29555082321167,]
