best-result = 27.461695909500122
warmup-time = 27.37137269973755
all-measurements = [ 27.461695909500122, 27.844343662261963, 29.333335399627686,]
