best-result = 34.690077781677246
warmup-time = 35.941750049591064
all-measurements = [ 34.971296548843384, 34.690077781677246, 35.81536650657654,]
