best-result = 89.24746656417847
warmup-time = 89.0837254524231
all-measurements = [ 89.24746656417847, 92.90494179725647, 89.47081255912781,]
