best-result = 39.22343158721924
warmup-time = 39.47514629364014
all-measurements = [ 39.66612529754639, 39.93854212760925, 39.22343158721924,]
