best-result = 43.711660385131836
warmup-time = 46.70477557182312
all-measurements = [ 45.170756340026855, 43.711660385131836, 44.58259105682373,]
