best-result = 28.214691400527954
warmup-time = 28.174789428710938
all-measurements = [ 28.229559183120728, 28.214691400527954, 28.4268741607666,]
