best-result = 698.2541530132294
warmup-time = 731.1537964344025
all-measurements = [ 711.659247636795, 698.2541530132294, 704.1194136142731,]
