best-result = 170.73319482803345
warmup-time = 179.2012333869934
all-measurements = [ 172.54813814163208, 171.7169632911682, 170.73319482803345,]
