best-result = 58.44595646858215
warmup-time = 68.47054958343506
all-measurements = [ 66.67568969726562, 58.44595646858215, 66.75516724586487,]
