best-result = 24.932193994522095
warmup-time = 25.039299488067627
all-measurements = [ 25.151837825775146, 25.58206605911255, 24.932193994522095,]
