best-result = 36.727614402770996
warmup-time = 38.651602029800415
all-measurements = [ 37.790780782699585, 37.34268069267273, 36.727614402770996,]
