best-result = 30.966545343399048
warmup-time = 31.506915807724
all-measurements = [ 30.966545343399048, 32.99469590187073, 32.153345823287964,]
