best-result = 272.0097773075104
warmup-time = 276.4957253932953
all-measurements = [ 277.14061546325684, 275.9389901161194, 272.0097773075104,]
