best-result = 36.449655532836914
warmup-time = 37.1335232257843
all-measurements = [ 37.02551341056824, 36.449655532836914, 36.700095653533936,]
