best-result = 40.390634059906006
warmup-time = 42.092209815979004
all-measurements = [ 40.390634059906006, 40.89445924758911, 41.9879846572876,]
