best-result = 50.05500149726868
warmup-time = 52.066354751586914
all-measurements = [ 50.476237297058105, 50.96232008934021, 50.05500149726868,]
