best-result = 33.67981696128845
warmup-time = 35.84440040588379
all-measurements = [ 34.7269446849823, 34.62862753868103, 33.67981696128845,]
