best-result = 36.85551619529724
warmup-time = 37.916887044906616
all-measurements = [ 36.85551619529724, 37.95657229423523, 36.89424133300781,]
