best-result = 60.00792956352234
warmup-time = 62.686415910720825
all-measurements = [ 60.00792956352234, 62.00632834434509, 60.88296103477478,]
