best-result = 240.66461300849915
warmup-time = 241.39908933639526
all-measurements = [ 243.04803681373596, 240.66461300849915, 242.52828168869019,]
