best-result = 546.6227343082428
warmup-time = 550.8084526062012
all-measurements = [ 550.2676560878754, 547.6398966312408, 546.6227343082428,]
