best-result = 35.71453237533569
warmup-time = 33.81537747383118
all-measurements = [ 35.71453237533569, 37.2565484046936, 37.15917134284973,]
