best-result = 64.74888849258423
warmup-time = 66.98602080345154
all-measurements = [ 66.3226420879364, 66.61664366722107, 64.74888849258423,]
