best-result = 26.45841121673584
warmup-time = 27.067790985107422
all-measurements = [ 28.036648988723755, 26.45841121673584, 28.330663204193115,]
