best-result = 33.641130447387695
warmup-time = 36.51232433319092
all-measurements = [ 36.54251432418823, 33.641130447387695, 36.60038161277771,]
