best-result = 31.684266805648804
warmup-time = 32.49704051017761
all-measurements = [ 31.684266805648804, 32.30617904663086, 32.37448072433472,]
