best-result = 41.744699239730835
warmup-time = 44.53065752983093
all-measurements = [ 44.08033561706543, 41.744699239730835, 44.41932535171509,]
