best-result = 99.85310959815979
warmup-time = 98.9527645111084
all-measurements = [ 99.85310959815979, 101.11274743080139, 100.62856936454773,]
