best-result = 27.284185647964478
warmup-time = 28.312970876693726
all-measurements = [ 27.367003679275513, 27.284185647964478, 29.320958137512207,]
