best-result = 34.2843804359436
warmup-time = 33.65829801559448
all-measurements = [ 34.2843804359436, 35.180816888809204, 34.86629915237427,]
