best-result = 39.46010065078735
warmup-time = 41.432483434677124
all-measurements = [ 39.46010065078735, 39.54097509384155, 41.38946294784546,]
