best-result = 44.46108269691467
warmup-time = 45.18859648704529
all-measurements = [ 44.46108269691467, 45.11908936500549, 44.6340115070343,]
