best-result = 27.131080150604248
warmup-time = 27.01811957359314
all-measurements = [ 28.149683952331543, 27.131080150604248, 27.40044593811035,]
