best-result = 699.009284734726
warmup-time = 702.5310983657837
all-measurements = [ 700.0090279579163, 709.8021538257599, 699.009284734726,]
