best-result = 179.27699327468872
warmup-time = 180.84202909469604
all-measurements = [ 180.95691299438477, 179.27699327468872, 183.8421769142151,]
