best-result = 43.43454194068909
warmup-time = 45.49859309196472
all-measurements = [ 43.82107090950012, 44.66730570793152, 43.43454194068909,]
