best-result = 23.677956581115723
warmup-time = 23.619093656539917
all-measurements = [ 23.677956581115723, 24.610264539718628, 24.00916314125061,]
