best-result = 47.47742795944214
warmup-time = 64.19223666191101
all-measurements = [ 47.47742795944214, 48.091803550720215, 47.70107173919678,]
