best-result = 47.73098802566528
warmup-time = 58.44308876991272
all-measurements = [ 47.75149488449097, 47.83002972602844, 47.73098802566528,]
