best-result = 905.4855737686157
warmup-time = 1070.6720530986786
all-measurements = [ 909.7821378707886, 905.4855737686157, 912.7720425128937,]
