best-result = 85.8098578453064
warmup-time = 100.99111604690552
all-measurements = [ 86.29840874671936, 85.8098578453064, 85.87310147285461,]
