best-result = 882.6663465499878
warmup-time = 910.6108357906342
all-measurements = [ 887.0595028400421, 885.8017961978912, 882.6663465499878,]
