best-result = 67.96804881095886
warmup-time = 83.2862720489502
all-measurements = [ 68.09668946266174, 68.62422490119934, 67.96804881095886,]
