best-result = 86.3128809928894
warmup-time = 107.5367681980133
all-measurements = [ 86.3128809928894, 86.65108942985535, 86.79331493377686,]
