best-result = 69.62042140960693
warmup-time = 90.20325303077698
all-measurements = [ 69.74578142166138, 70.10135626792908, 69.62042140960693,]
