best-result = 88.11849617958069
warmup-time = 102.24597716331482
all-measurements = [ 88.11849617958069, 88.61323404312134, 88.2605984210968,]
