best-result = 656.7604722976685
warmup-time = 674.9027369022369
all-measurements = [ 679.2415153980255, 656.7604722976685, 657.1770722866058,]
