best-result = 64.27719497680664
warmup-time = 78.81730604171753
all-measurements = [ 65.19157648086548, 64.27719497680664, 65.42312908172607,]
