best-result = 192.65775656700134
warmup-time = 345.2985987663269
all-measurements = [ 193.19688892364502, 192.65775656700134, 193.95785236358643,]
