best-result = 396.89193511009216
warmup-time = 826.5610916614532
all-measurements = [ 397.805748462677, 397.3728303909302, 396.89193511009216,]
