best-result = 64.38212728500366
warmup-time = 80.08866715431213
all-measurements = [ 65.4141743183136, 64.63073444366455, 64.38212728500366,]
