best-result = 41.47946310043335
warmup-time = 50.242515087127686
all-measurements = [ 41.47946310043335, 41.78735876083374, 41.59754538536072,]
