best-result = 138.5975103378296
warmup-time = 168.59130692481995
all-measurements = [ 138.77454352378845, 138.7008764743805, 138.5975103378296,]
