best-result = 950.9611804485321
warmup-time = 984.7840647697449
all-measurements = [ 950.9611804485321, 956.9711320400238, 959.126122713089,]
