best-result = 28.596813201904297
warmup-time = 36.22392797470093
all-measurements = [ 28.744731187820435, 28.596813201904297, 28.706048250198364,]
