best-result = 60.554853439331055
warmup-time = 74.1042046546936
all-measurements = [ 61.392930030822754, 60.59426975250244, 60.554853439331055,]
