best-result = 60.86604285240173
warmup-time = 75.60808205604553
all-measurements = [ 60.94416046142578, 60.86604285240173, 61.569432973861694,]
