best-result = 109.94761490821838
warmup-time = 137.68535470962524
all-measurements = [ 110.32656741142273, 109.94761490821838, 111.80912113189697,]
