best-result = 788.6896250247955
warmup-time = 856.8861951828003
all-measurements = [ 790.1910574436188, 788.6896250247955, 794.1049652099609,]
