best-result = 35.366422176361084
warmup-time = 42.24980449676514
all-measurements = [ 35.42049598693848, 35.366422176361084, 35.88843274116516,]
