best-result = 56.75656008720398
warmup-time = 72.5770013332367
all-measurements = [ 57.38716387748718, 56.75656008720398, 57.338757276535034,]
