best-result = 3036.0594642162323
warmup-time = 2895.1315112113953
all-measurements = [ 3792.942346572876, 3036.0594642162323, 3281.870523929596,]
