best-result = 50.07809138298035
warmup-time = 69.42039322853088
all-measurements = [ 50.07809138298035, 50.74289608001709, 50.19833755493164,]
