best-result = 83.90293478965759
warmup-time = 102.07917928695679
all-measurements = [ 84.62436819076538, 83.99589157104492, 83.90293478965759,]
