best-result = 94.8775954246521
warmup-time = 117.67535638809204
all-measurements = [ 94.8775954246521, 94.95484066009521, 94.94613885879517,]
