best-result = 38.94501614570618
warmup-time = 53.4003221988678
all-measurements = [ 47.374669790267944, 44.446250200271606, 38.94501614570618,]
