best-result = 315.7148771286011
warmup-time = 461.3562159538269
all-measurements = [ 316.3042182922363, 315.7148771286011, 330.05833101272583,]
