best-result = 61.14608359336853
warmup-time = 61.18435835838318
all-measurements = [ 62.34980916976929, 62.00444197654724, 61.14608359336853,]
