best-result = 25.615813493728638
warmup-time = 25.991694927215576
all-measurements = [ 26.18814969062805, 25.615813493728638, 26.188650131225586,]
