best-result = 35.3373658657074
warmup-time = 35.48910999298096
all-measurements = [ 35.98407173156738, 35.3373658657074, 35.66354203224182,]
