best-result = 31.466020584106445
warmup-time = 30.77018666267395
all-measurements = [ 31.906470775604248, 32.013957500457764, 31.466020584106445,]
