best-result = 256.11264204978943
warmup-time = 266.0440695285797
all-measurements = [ 261.363844871521, 256.11264204978943, 260.65007185935974,]
