best-result = 35.75393986701965
warmup-time = 37.507572174072266
all-measurements = [ 37.09283804893494, 36.618921756744385, 35.75393986701965,]
