best-result = 112.02972054481506
warmup-time = 112.99169516563416
all-measurements = [ 113.17429757118225, 112.19043684005737, 112.02972054481506,]
