best-result = 39.395583391189575
warmup-time = 41.388811349868774
all-measurements = [ 39.395583391189575, 40.65380048751831, 40.993401288986206,]
