best-result = 46.11556839942932
warmup-time = 47.35552668571472
all-measurements = [ 46.97424840927124, 46.11556839942932, 47.09331297874451,]
