best-result = 32.5739860534668
warmup-time = 35.02621817588806
all-measurements = [ 33.43149399757385, 32.76273989677429, 32.5739860534668,]
