best-result = 35.76608180999756
warmup-time = 35.936803579330444
all-measurements = [ 35.76608180999756, 36.853182315826416, 36.938674449920654,]
