best-result = 58.28842043876648
warmup-time = 62.545998334884644
all-measurements = [ 59.578778982162476, 58.28842043876648, 60.27537250518799,]
