best-result = 222.61813926696777
warmup-time = 226.6076409816742
all-measurements = [ 224.96878361701965, 222.61813926696777, 229.0687644481659,]
