best-result = 511.51680302619934
warmup-time = 518.5439431667328
all-measurements = [ 511.51680302619934, 512.0392069816589, 513.5747454166412,]
