best-result = 35.315901041030884
warmup-time = 36.26309609413147
all-measurements = [ 37.96673774719238, 35.94021916389465, 35.315901041030884,]
