best-result = 28.04040002822876
warmup-time = 28.66217541694641
all-measurements = [ 28.87618136405945, 28.04040002822876, 28.757877588272095,]
