best-result = 69.38636422157288
warmup-time = 74.43220734596252
all-measurements = [ 69.38636422157288, 78.35619521141052, 81.08175683021545,]
