best-result = 61.15471148490906
warmup-time = 63.76507639884949
all-measurements = [ 61.15471148490906, 61.25972032546997, 62.93317794799805,]
