best-result = 27.342120885849
warmup-time = 28.59825325012207
all-measurements = [ 27.342120885849, 28.910505533218384, 31.211047887802124,]
