best-result = 35.369731187820435
warmup-time = 42.75451970100403
all-measurements = [ 39.67281103134155, 36.638548612594604, 35.369731187820435,]
