best-result = 32.097400426864624
warmup-time = 34.01510500907898
all-measurements = [ 33.19744420051575, 32.097400426864624, 34.12965679168701,]
