best-result = 41.44003748893738
warmup-time = 40.75930404663086
all-measurements = [ 42.748438119888306, 41.44003748893738, 43.35093402862549,]
