best-result = 95.30660390853882
warmup-time = 96.9167308807373
all-measurements = [ 95.40609216690063, 97.98322248458862, 95.30660390853882,]
