best-result = 27.886107921600342
warmup-time = 29.61570429801941
all-measurements = [ 27.99585461616516, 27.886107921600342, 27.930097579956055,]
