best-result = 35.03049349784851
warmup-time = 35.02830934524536
all-measurements = [ 35.03049349784851, 36.68396234512329, 36.31068134307861,]
