best-result = 89.18749284744263
warmup-time = 87.71005392074585
all-measurements = [ 95.98613691329956, 96.20676779747009, 89.18749284744263,]
