best-result = 38.24361848831177
warmup-time = 38.269060373306274
all-measurements = [ 38.24361848831177, 39.20290923118591, 38.95047450065613,]
