best-result = 42.58254408836365
warmup-time = 44.582435846328735
all-measurements = [ 42.58254408836365, 44.14499115943909, 44.35772132873535,]
