best-result = 28.794490814208984
warmup-time = 28.633050203323364
all-measurements = [ 28.95602798461914, 28.794490814208984, 29.292248487472534,]
