best-result = 636.3779902458191
warmup-time = 673.0987758636475
all-measurements = [ 658.5510473251343, 656.2179646492004, 636.3779902458191,]
