best-result = 172.39537835121155
warmup-time = 176.38230752944946
all-measurements = [ 172.39537835121155, 174.4256100654602, 172.60844898223877,]
