best-result = 57.36382341384888
warmup-time = 53.235835790634155
all-measurements = [ 68.55758285522461, 57.36382341384888, 60.114428758621216,]
