best-result = 22.35655641555786
warmup-time = 23.111257076263428
all-measurements = [ 22.747816801071167, 22.57288408279419, 22.35655641555786,]
