best-result = 46.418967962265015
warmup-time = 64.64312982559204
all-measurements = [ 46.84087014198303, 46.418967962265015, 46.67457389831543,]
