best-result = 46.04041266441345
warmup-time = 58.55054044723511
all-measurements = [ 46.04041266441345, 46.309343338012695, 46.516231298446655,]
