best-result = 930.8452863693237
warmup-time = 1134.944433927536
all-measurements = [ 930.8452863693237, 938.0999734401703, 958.2151679992676,]
