best-result = 83.98746752738953
warmup-time = 99.09561777114868
all-measurements = [ 83.98746752738953, 84.9191255569458, 84.5793104171753,]
