best-result = 82.09673118591309
warmup-time = 115.08372783660889
all-measurements = [ 94.24625277519226, 83.65436792373657, 82.09673118591309,]
