best-result = 70.41599011421204
warmup-time = 92.68991208076477
all-measurements = [ 70.49234294891357, 70.41599011421204, 70.4196228981018,]
