best-result = 90.75384902954102
warmup-time = 105.67691278457642
all-measurements = [ 93.02383995056152, 90.75384902954102, 91.83468747138977,]
