best-result = 644.9967625141144
warmup-time = 661.4297487735748
all-measurements = [ 644.9967625141144, 645.9660274982452, 646.2723815441132,]
