best-result = 65.28040885925293
warmup-time = 78.307697057724
all-measurements = [ 65.33925247192383, 65.88446402549744, 65.28040885925293,]
