best-result = 220.380437374115
warmup-time = 372.45272040367126
all-measurements = [ 220.791273355484, 222.5755910873413, 220.380437374115,]
