best-result = 437.22177839279175
warmup-time = 874.2922079563141
all-measurements = [ 442.11516976356506, 437.22177839279175, 440.43648409843445,]
