best-result = 61.62779712677002
warmup-time = 81.07735514640808
all-measurements = [ 61.84897065162659, 61.62779712677002, 62.05830430984497,]
