best-result = 142.69812750816345
warmup-time = 172.11126351356506
all-measurements = [ 143.3219132423401, 143.9326207637787, 142.69812750816345,]
