best-result = 892.9068613052368
warmup-time = 923.5897181034088
all-measurements = [ 897.2529444694519, 892.9068613052368, 901.1485779285431,]
