best-result = 27.16178321838379
warmup-time = 35.92891573905945
all-measurements = [ 27.16178321838379, 27.63392448425293, 27.92118000984192,]
