best-result = 61.0036563873291
warmup-time = 74.81245303153992
all-measurements = [ 61.83464694023132, 61.0036563873291, 61.32769179344177,]
