best-result = 59.2046902179718
warmup-time = 72.87264108657837
all-measurements = [ 59.26978063583374, 59.2046902179718, 59.874473571777344,]
