best-result = 111.25604701042175
warmup-time = 137.77279233932495
all-measurements = [ 111.25604701042175, 111.54539489746094, 111.94981980323792,]
