best-result = 786.01868891716
warmup-time = 855.3896050453186
all-measurements = [ 792.6577713489532, 786.8252596855164, 786.01868891716,]
