best-result = 33.28333234786987
warmup-time = 41.00835919380188
all-measurements = [ 33.28333234786987, 33.57109069824219, 34.00094747543335,]
