best-result = 54.774606227874756
warmup-time = 68.76397585868835
all-measurements = [ 54.774606227874756, 55.23040962219238, 55.129464864730835,]
