best-result = 1878.9261932373047
warmup-time = 2266.1358604431152
all-measurements = [ 2852.099503517151, 3555.8188469409943, 1878.9261932373047,]
