best-result = 49.32326936721802
warmup-time = 72.08746099472046
all-measurements = [ 49.70759916305542, 50.2403290271759, 49.32326936721802,]
