best-result = 78.39841222763062
warmup-time = 97.1215512752533
all-measurements = [ 78.39841222763062, 78.45516157150269, 81.76626443862915,]
