best-result = 36.97300100326538
warmup-time = 52.2187135219574
all-measurements = [ 41.58391737937927, 43.018439531326294, 36.97300100326538,]
