best-result = 347.8285810947418
warmup-time = 493.67262601852417
all-measurements = [ 351.736478805542, 347.8285810947418, 358.7452971935272,]
