best-result = 59.787707567214966
warmup-time = 61.25007152557373
all-measurements = [ 59.941086530685425, 59.787707567214966, 60.48762130737305,]
