best-result = 26.536993980407715
warmup-time = 27.01509118080139
all-measurements = [ 26.536993980407715, 26.539217233657837, 27.050746202468872,]
