best-result = 36.35536599159241
warmup-time = 39.797444581985474
all-measurements = [ 36.606181621551514, 36.35536599159241, 37.5390465259552,]
