best-result = 30.935129404067993
warmup-time = 32.46239495277405
all-measurements = [ 31.07781195640564, 32.64242243766785, 30.935129404067993,]
