best-result = 230.63801264762878
warmup-time = 236.35487842559814
all-measurements = [ 232.4267008304596, 230.63801264762878, 232.10042095184326,]
