best-result = 36.85642623901367
warmup-time = 37.95877933502197
all-measurements = [ 37.480467796325684, 36.85642623901367, 37.08816885948181,]
