best-result = 112.38685035705566
warmup-time = 115.90543127059937
all-measurements = [ 112.54385590553284, 113.08319807052612, 112.38685035705566,]
