best-result = 34.991713762283325
warmup-time = 35.93923854827881
all-measurements = [ 37.35329627990723, 34.991713762283325, 36.29986596107483,]
