best-result = 41.269474029541016
warmup-time = 41.61979103088379
all-measurements = [ 42.95950961112976, 41.269474029541016, 41.54481220245361,]
