best-result = 48.496896266937256
warmup-time = 50.44190549850464
all-measurements = [ 50.99664044380188, 50.303953409194946, 48.496896266937256,]
