best-result = 34.30685496330261
warmup-time = 33.84158182144165
all-measurements = [ 34.420700550079346, 35.779210805892944, 34.30685496330261,]
