best-result = 37.89342188835144
warmup-time = 38.189385175704956
all-measurements = [ 37.89342188835144, 38.245206356048584, 38.11123514175415,]
