best-result = 60.31836652755737
warmup-time = 62.08415198326111
all-measurements = [ 60.31836652755737, 63.55065584182739, 63.76533389091492,]
