best-result = 220.02905011177063
warmup-time = 224.20083475112915
all-measurements = [ 221.22195148468018, 222.84643483161926, 220.02905011177063,]
