best-result = 503.5256292819977
warmup-time = 510.78255891799927
all-measurements = [ 505.875586271286, 503.5256292819977, 505.0283739566803,]
