best-result = 36.048667430877686
warmup-time = 37.50223708152771
all-measurements = [ 37.804466247558594, 36.048667430877686, 37.045594453811646,]
