best-result = 29.53774333000183
warmup-time = 29.763105392456055
all-measurements = [ 29.607105255126953, 29.581886768341064, 29.53774333000183,]
