best-result = 77.53139424324036
warmup-time = 77.17995071411133
all-measurements = [ 82.41181302070618, 78.0966522693634, 77.53139424324036,]
