best-result = 62.063199520111084
warmup-time = 64.94019532203674
all-measurements = [ 62.36073184013367, 62.729968547821045, 62.063199520111084,]
