best-result = 28.2571017742157
warmup-time = 30.607445001602173
all-measurements = [ 28.968260765075684, 28.877907037734985, 28.2571017742157,]
