best-result = 35.723724126815796
warmup-time = 33.333678007125854
all-measurements = [ 36.17117094993591, 35.723724126815796, 36.101752281188965,]
