best-result = 33.47295308113098
warmup-time = 33.429006814956665
all-measurements = [ 34.65246272087097, 33.47295308113098, 34.01639914512634,]
