best-result = 44.12662196159363
warmup-time = 43.360039710998535
all-measurements = [ 44.40246343612671, 44.12662196159363, 44.511799573898315,]
