best-result = 93.59249830245972
warmup-time = 96.59788155555725
all-measurements = [ 93.59249830245972, 96.45523023605347, 95.35836863517761,]
