best-result = 27.802376747131348
warmup-time = 30.25614309310913
all-measurements = [ 30.78947138786316, 27.802376747131348, 29.22734498977661,]
