best-result = 34.95308566093445
warmup-time = 34.91774320602417
all-measurements = [ 34.95308566093445, 36.418049573898315, 35.425530433654785,]
