best-result = 87.05427384376526
warmup-time = 93.33020853996277
all-measurements = [ 87.26405334472656, 91.702308177948, 87.05427384376526,]
