best-result = 39.58496117591858
warmup-time = 39.09220099449158
all-measurements = [ 39.97475337982178, 41.171141624450684, 39.58496117591858,]
