best-result = 42.37947082519531
warmup-time = 45.03446578979492
all-measurements = [ 45.49374961853027, 42.37947082519531, 46.06749176979065,]
