best-result = 51.048442125320435
warmup-time = 51.35848259925842
all-measurements = [ 51.048442125320435, 51.3703453540802, 51.359437704086304,]
