best-result = 29.130988597869873
warmup-time = 29.35264301300049
all-measurements = [ 29.491284132003784, 29.130988597869873, 29.57684564590454,]
