best-result = 664.1519484519958
warmup-time = 699.8281555175781
all-measurements = [ 666.2040739059448, 666.6568112373352, 664.1519484519958,]
