best-result = 168.95581007003784
warmup-time = 169.3098268508911
all-measurements = [ 168.95581007003784, 169.78713035583496, 170.25154447555542,]
