best-result = 68.03369975090027
warmup-time = 71.2635748386383
all-measurements = [ 70.66539406776428, 68.03369975090027, 68.33051085472107,]
