best-result = 21.142516613006592
warmup-time = 21.410152673721313
all-measurements = [ 21.142516613006592, 21.33846664428711, 21.424310207366943,]
