best-result = 46.88570189476013
warmup-time = 60.736966371536255
all-measurements = [ 47.02459645271301, 46.945350885391235, 46.88570189476013,]
