best-result = 45.937254428863525
warmup-time = 59.12231969833374
all-measurements = [ 46.019779443740845, 45.99302053451538, 45.937254428863525,]
