best-result = 978.8273425102234
warmup-time = 1159.8588287830353
all-measurements = [ 978.8273425102234, 984.0592629909515, 980.7836430072784,]
