best-result = 80.95003914833069
warmup-time = 95.15673160552979
all-measurements = [ 81.5805230140686, 81.39981293678284, 80.95003914833069,]
