best-result = 77.20421814918518
warmup-time = 98.92358756065369
all-measurements = [ 77.20421814918518, 77.67096519470215, 77.31996941566467,]
