best-result = 68.15420317649841
warmup-time = 93.51428174972534
all-measurements = [ 68.23571825027466, 68.15420317649841, 68.29297184944153,]
