best-result = 83.32978510856628
warmup-time = 97.27186346054077
all-measurements = [ 83.8591103553772, 83.32978510856628, 83.40721487998962,]
