best-result = 589.8788361549377
warmup-time = 603.5926930904388
all-measurements = [ 594.5462546348572, 589.8788361549377, 590.8796138763428,]
