best-result = 61.6033935546875
warmup-time = 77.5644690990448
all-measurements = [ 62.41062951087952, 61.6033935546875, 62.064327001571655,]
