best-result = 231.65684008598328
warmup-time = 397.03782987594604
all-measurements = [ 231.65684008598328, 232.3114504814148, 232.54995584487915,]
