best-result = 441.7595257759094
warmup-time = 907.0187482833862
all-measurements = [ 441.7595257759094, 446.2789442539215, 442.1582942008972,]
