best-result = 59.24244213104248
warmup-time = 75.36429905891418
all-measurements = [ 59.48083209991455, 59.35071539878845, 59.24244213104248,]
