best-result = 856.5093839168549
warmup-time = 894.2772555351257
all-measurements = [ 857.1123950481415, 856.5093839168549, 857.8372015953064,]
