best-result = 26.468729972839355
warmup-time = 34.25562071800232
all-measurements = [ 26.468729972839355, 26.94041395187378, 26.539474725723267,]
