best-result = 57.31801176071167
warmup-time = 71.42769479751587
all-measurements = [ 57.66795039176941, 58.63069438934326, 57.31801176071167,]
