best-result = 55.44360423088074
warmup-time = 68.04908418655396
all-measurements = [ 55.57288384437561, 55.57608771324158, 55.44360423088074,]
