best-result = 108.43236494064331
warmup-time = 136.64691877365112
all-measurements = [ 108.45729231834412, 108.43236494064331, 108.79306936264038,]
