best-result = 763.4772245883942
warmup-time = 836.1131892204285
all-measurements = [ 766.0213737487793, 763.4772245883942, 766.7263743877411,]
