best-result = 33.28618836402893
warmup-time = 39.961137533187866
all-measurements = [ 33.31330490112305, 33.30931615829468, 33.28618836402893,]
