best-result = 52.04869246482849
warmup-time = 67.49408030509949
all-measurements = [ 52.53834295272827, 52.859925985336304, 52.04869246482849,]
