best-result = 48.87205624580383
warmup-time = 68.10995388031006
all-measurements = [ 48.87205624580383, 49.28145790100098, 49.15645098686218,]
