best-result = 77.87961053848267
warmup-time = 96.58472275733948
all-measurements = [ 78.22503876686096, 77.87961053848267, 78.0339879989624,]
