best-result = 34.94286799430847
warmup-time = 44.20269155502319
all-measurements = [ 34.94286799430847, 35.322449684143066, 35.40981721878052,]
