best-result = 350.58387064933777
warmup-time = 492.0071737766266
all-measurements = [ 350.58387064933777, 351.02602434158325, 362.8483328819275,]
