best-result = 102.61416339874268
warmup-time = 102.34873580932617
all-measurements = [ 103.3187484741211, 102.61416339874268, 102.95605063438416,]
