best-result = 25.881404161453247
warmup-time = 26.436203002929688
all-measurements = [ 26.6625075340271, 26.039419651031494, 25.881404161453247,]
