best-result = 35.06356763839722
warmup-time = 35.80296182632446
all-measurements = [ 37.931862592697144, 37.14353895187378, 35.06356763839722,]
