best-result = 30.56844973564148
warmup-time = 32.347755908966064
all-measurements = [ 30.56844973564148, 32.73441243171692, 31.397210597991943,]
