best-result = 251.57692527770996
warmup-time = 262.5841164588928
all-measurements = [ 254.1744339466095, 254.86184906959534, 251.57692527770996,]
