best-result = 35.62512397766113
warmup-time = 37.26499128341675
all-measurements = [ 36.26008939743042, 35.62512397766113, 36.00521659851074,]
