best-result = 113.1957654953003
warmup-time = 114.17751860618591
all-measurements = [ 113.82984447479248, 113.1957654953003, 113.7670750617981,]
