best-result = 40.71645784378052
warmup-time = 43.435004472732544
all-measurements = [ 40.71645784378052, 41.30538082122803, 42.23236393928528,]
