best-result = 47.64177060127258
warmup-time = 49.03845405578613
all-measurements = [ 47.64177060127258, 48.22663116455078, 48.833375215530396,]
