best-result = 33.33781909942627
warmup-time = 34.63016748428345
all-measurements = [ 33.38740372657776, 33.33781909942627, 33.68395256996155,]
