best-result = 36.958807945251465
warmup-time = 37.317139863967896
all-measurements = [ 36.958807945251465, 37.28620004653931, 37.31043219566345,]
