best-result = 60.676655530929565
warmup-time = 62.06135106086731
all-measurements = [ 61.840829849243164, 63.53812909126282, 60.676655530929565,]
