best-result = 223.0516858100891
warmup-time = 228.80546617507935
all-measurements = [ 223.96488571166992, 223.0516858100891, 223.77282857894897,]
