best-result = 512.4327347278595
warmup-time = 518.0268957614899
all-measurements = [ 515.0854749679565, 512.7652509212494, 512.4327347278595,]
