best-result = 35.87879514694214
warmup-time = 36.610700845718384
all-measurements = [ 37.627989292144775, 35.87879514694214, 36.495572090148926,]
