best-result = 28.292039394378662
warmup-time = 29.409284353256226
all-measurements = [ 28.755507469177246, 28.292039394378662, 28.9735586643219,]
