best-result = 73.16414904594421
warmup-time = 71.09413862228394
all-measurements = [ 79.80804467201233, 73.16414904594421, 79.63471269607544,]
