best-result = 60.979620933532715
warmup-time = 63.51654672622681
all-measurements = [ 61.2994110584259, 60.979620933532715, 61.09745645523071,]
