best-result = 28.024962663650513
warmup-time = 28.437073230743408
all-measurements = [ 29.024667024612427, 28.70392680168152, 28.024962663650513,]
