best-result = 32.45339751243591
warmup-time = 35.83368897438049
all-measurements = [ 32.45339751243591, 35.33211016654968, 35.37857103347778,]
