best-result = 32.355711221694946
warmup-time = 34.553346395492554
all-measurements = [ 33.24153661727905, 33.72293138504028, 32.355711221694946,]
