best-result = 42.6409215927124
warmup-time = 42.44618105888367
all-measurements = [ 43.51467537879944, 42.6409215927124, 43.57528352737427,]
