best-result = 95.51067352294922
warmup-time = 97.97206926345825
all-measurements = [ 95.51067352294922, 97.90903115272522, 96.27270984649658,]
