best-result = 29.10478973388672
warmup-time = 28.98669457435608
all-measurements = [ 29.77440619468689, 29.10478973388672, 29.42703104019165,]
