best-result = 34.87090253829956
warmup-time = 33.86657094955444
all-measurements = [ 34.887853384017944, 34.8903489112854, 34.87090253829956,]
