best-result = 87.4968695640564
warmup-time = 92.33606815338135
all-measurements = [ 87.4968695640564, 88.0530846118927, 91.56067252159119,]
