best-result = 38.32649517059326
warmup-time = 39.50631380081177
all-measurements = [ 38.407158851623535, 38.32649517059326, 38.89170956611633,]
