best-result = 44.72456169128418
warmup-time = 44.56418251991272
all-measurements = [ 46.190484046936035, 45.54164385795593, 44.72456169128418,]
