best-result = 28.6630961894989
warmup-time = 28.784690380096436
all-measurements = [ 29.780171394348145, 28.6630961894989, 29.613221406936646,]
