best-result = 635.2334334850311
warmup-time = 682.5489957332611
all-measurements = [ 642.2187333106995, 635.2334334850311, 637.9062080383301,]
