best-result = 172.13989734649658
warmup-time = 169.96055722236633
all-measurements = [ 173.95993304252625, 172.13989734649658, 174.4858000278473,]
