best-result = 56.24703550338745
warmup-time = 64.76916456222534
all-measurements = [ 56.24703550338745, 65.4040994644165, 67.78833746910095,]
