best-result = 23.23432445526123
warmup-time = 23.349339485168457
all-measurements = [ 23.23432445526123, 23.412848234176636, 23.328508853912354,]
