best-result = 47.37911891937256
warmup-time = 64.26213359832764
all-measurements = [ 47.565643310546875, 47.37911891937256, 47.71024799346924,]
