best-result = 46.49698615074158
warmup-time = 58.009154319763184
all-measurements = [ 46.96885848045349, 47.6918203830719, 46.49698615074158,]
