best-result = 895.3653252124786
warmup-time = 1110.9012525081635
all-measurements = [ 895.7753381729126, 895.3653252124786, 899.7379863262177,]
