best-result = 86.21412301063538
warmup-time = 100.85026407241821
all-measurements = [ 86.75947833061218, 86.71779346466064, 86.21412301063538,]
