best-result = 989.3021171092987
warmup-time = 1023.1688215732574
all-measurements = [ 989.3021171092987, 990.416871547699, 997.5414538383484,]
