best-result = 84.47656965255737
warmup-time = 105.45288109779358
all-measurements = [ 84.47656965255737, 99.82347083091736, 90.6410858631134,]
