best-result = 68.25318717956543
warmup-time = 90.0184919834137
all-measurements = [ 68.73682403564453, 69.00009441375732, 68.25318717956543,]
