best-result = 92.16219091415405
warmup-time = 105.48809123039246
all-measurements = [ 92.68287420272827, 92.51236319541931, 92.16219091415405,]
