best-result = 651.0708847045898
warmup-time = 666.9039556980133
all-measurements = [ 651.0708847045898, 659.2653288841248, 656.4823834896088,]
