best-result = 62.96063184738159
warmup-time = 75.40738487243652
all-measurements = [ 63.67551517486572, 62.96063184738159, 63.35316610336304,]
