best-result = 203.17922043800354
warmup-time = 365.12772488594055
all-measurements = [ 205.3327977657318, 203.17922043800354, 205.20916604995728,]
