best-result = 386.319771528244
warmup-time = 830.8341488838196
all-measurements = [ 393.40190410614014, 386.319771528244, 389.1276104450226,]
