best-result = 63.14628052711487
warmup-time = 79.8984386920929
all-measurements = [ 63.14628052711487, 63.4693169593811, 64.1694905757904,]
