best-result = 40.549153327941895
warmup-time = 48.576744079589844
all-measurements = [ 41.61020636558533, 41.06174087524414, 40.549153327941895,]
