best-result = 134.41791605949402
warmup-time = 162.27906775474548
all-measurements = [ 134.41791605949402, 135.93932056427002, 134.94178080558777,]
