best-result = 932.3381223678589
warmup-time = 961.8775825500488
all-measurements = [ 934.8920617103577, 941.2262449264526, 932.3381223678589,]
