best-result = 28.27095890045166
warmup-time = 35.39230465888977
all-measurements = [ 28.27095890045166, 28.473180055618286, 28.32842516899109,]
