best-result = 57.62139368057251
warmup-time = 70.43466424942017
all-measurements = [ 57.716275691986084, 57.943312644958496, 57.62139368057251,]
