best-result = 60.4658637046814
warmup-time = 74.07625675201416
all-measurements = [ 61.04680871963501, 60.51712155342102, 60.4658637046814,]
