best-result = 110.75446701049805
warmup-time = 137.87804460525513
all-measurements = [ 110.87152290344238, 111.16142296791077, 110.75446701049805,]
