best-result = 776.8340394496918
warmup-time = 842.3040912151337
all-measurements = [ 779.8895840644836, 778.8940024375916, 776.8340394496918,]
