best-result = 34.44466757774353
warmup-time = 40.78015613555908
all-measurements = [ 34.66800236701965, 34.44466757774353, 35.186317920684814,]
