best-result = 56.49166655540466
warmup-time = 70.98460674285889
all-measurements = [ 56.540130615234375, 56.499839305877686, 56.49166655540466,]
