best-result = 1477.6781718730927
warmup-time = 2179.0438656806946
all-measurements = [ 1477.6781718730927, 1646.3113305568695, 1540.7705149650574,]
