best-result = 49.142783403396606
warmup-time = 69.27808880805969
all-measurements = [ 49.273762464523315, 49.142783403396606, 49.35618734359741,]
