best-result = 83.12455987930298
warmup-time = 100.88314914703369
all-measurements = [ 83.12455987930298, 83.57350516319275, 83.92440962791443,]
