best-result = 38.25959086418152
warmup-time = 47.59367394447327
all-measurements = [ 38.64180898666382, 38.25959086418152, 38.35542917251587,]
