best-result = 330.033851146698
warmup-time = 493.22817301750183
all-measurements = [ 336.35608983039856, 335.9445958137512, 330.033851146698,]
