best-result = 59.368353843688965
warmup-time = 59.713457107543945
all-measurements = [ 59.368353843688965, 59.78959536552429, 60.38884496688843,]
