best-result = 24.64885377883911
warmup-time = 24.8916437625885
all-measurements = [ 24.64885377883911, 25.139950275421143, 24.9859676361084,]
