best-result = 35.99259948730469
warmup-time = 39.141010999679565
all-measurements = [ 36.504799127578735, 35.99259948730469, 37.14717221260071,]
