best-result = 31.467854738235474
warmup-time = 32.16398215293884
all-measurements = [ 31.467854738235474, 31.69585871696472, 31.906851291656494,]
