best-result = 271.749125957489
warmup-time = 278.7055184841156
all-measurements = [ 273.6417953968048, 271.749125957489, 277.7955675125122,]
