best-result = 35.496832609176636
warmup-time = 36.71151638031006
all-measurements = [ 36.35937738418579, 36.42032980918884, 35.496832609176636,]
