best-result = 40.956746101379395
warmup-time = 41.32652235031128
all-measurements = [ 40.956746101379395, 41.569319009780884, 41.32213091850281,]
