best-result = 49.89129567146301
warmup-time = 50.26230335235596
all-measurements = [ 50.2328941822052, 49.89129567146301, 50.5160698890686,]
