best-result = 33.2255859375
warmup-time = 34.203009605407715
all-measurements = [ 34.13898682594299, 33.2255859375, 34.788995027542114,]
