best-result = 35.481690406799316
warmup-time = 37.91215658187866
all-measurements = [ 37.89966440200806, 37.62136483192444, 35.481690406799316,]
