best-result = 55.8188157081604
warmup-time = 60.20421385765076
all-measurements = [ 58.13972878456116, 61.80799865722656, 55.8188157081604,]
