best-result = 241.16795206069946
warmup-time = 243.02379250526428
all-measurements = [ 241.16795206069946, 241.9367959499359, 241.9449439048767,]
