best-result = 542.3432142734528
warmup-time = 548.9735326766968
all-measurements = [ 547.1263592243195, 545.7200772762299, 542.3432142734528,]
