best-result = 35.97154188156128
warmup-time = 35.62338304519653
all-measurements = [ 36.13818430900574, 35.97154188156128, 36.35003733634949,]
