best-result = 64.69348502159119
warmup-time = 64.48232293128967
all-measurements = [ 66.33350396156311, 65.35506534576416, 64.69348502159119,]
