best-result = 26.884276628494263
warmup-time = 28.026057958602905
all-measurements = [ 26.884276628494263, 28.048781156539917, 27.81026601791382,]
