best-result = 36.12860441207886
warmup-time = 36.53289604187012
all-measurements = [ 36.23966360092163, 36.12860441207886, 36.44530510902405,]
