best-result = 30.91126823425293
warmup-time = 34.35131645202637
all-measurements = [ 32.00241422653198, 30.91126823425293, 33.02966523170471,]
