best-result = 41.10610318183899
warmup-time = 44.36174774169922
all-measurements = [ 41.10610318183899, 42.846301794052124, 41.83066487312317,]
