best-result = 97.82434129714966
warmup-time = 100.5830671787262
all-measurements = [ 101.3501205444336, 97.82434129714966, 100.03813934326172,]
