best-result = 26.35985231399536
warmup-time = 27.236122846603394
all-measurements = [ 26.35985231399536, 27.37362575531006, 27.303797721862793,]
