best-result = 32.442084312438965
warmup-time = 32.46957612037659
all-measurements = [ 32.442084312438965, 34.17463231086731, 33.60529613494873,]
