best-result = 39.14145064353943
warmup-time = 39.84580659866333
all-measurements = [ 39.49486827850342, 39.89897871017456, 39.14145064353943,]
