best-result = 43.030264139175415
warmup-time = 45.75602841377258
all-measurements = [ 44.21965527534485, 43.030264139175415, 43.83267259597778,]
