best-result = 28.017359495162964
warmup-time = 28.044779777526855
all-measurements = [ 28.017359495162964, 28.149576663970947, 28.189497470855713,]
