best-result = 706.5785145759583
warmup-time = 714.302339553833
all-measurements = [ 711.1603541374207, 706.5785145759583, 715.1591281890869,]
