best-result = 179.46966814994812
warmup-time = 180.2558138370514
all-measurements = [ 180.8497724533081, 179.9998219013214, 179.46966814994812,]
