best-result = 42.929542779922485
warmup-time = 43.08194303512573
all-measurements = [ 46.50944471359253, 42.929542779922485, 43.968169927597046,]
