best-result = 25.976938009262085
warmup-time = 26.522611618041992
all-measurements = [ 26.079342126846313, 25.976938009262085, 26.370927810668945,]
