best-result = 36.767220973968506
warmup-time = 39.15651559829712
all-measurements = [ 38.34177827835083, 36.767220973968506, 39.183101415634155,]
