best-result = 30.711287021636963
warmup-time = 30.914583683013916
all-measurements = [ 30.711287021636963, 31.66821265220642, 31.3206729888916,]
