best-result = 263.7765440940857
warmup-time = 268.529363155365
all-measurements = [ 268.05978178977966, 263.9709138870239, 263.7765440940857,]
