best-result = 36.36506271362305
warmup-time = 37.905407428741455
all-measurements = [ 36.540568351745605, 36.57995009422302, 36.36506271362305,]
