best-result = 40.22677803039551
warmup-time = 41.07237529754639
all-measurements = [ 44.34035396575928, 41.40014147758484, 40.22677803039551,]
