best-result = 49.336692810058594
warmup-time = 50.87867736816406
all-measurements = [ 50.10784101486206, 50.032859325408936, 49.336692810058594,]
