best-result = 33.66834092140198
warmup-time = 34.95019793510437
all-measurements = [ 33.99817252159119, 34.84009289741516, 33.66834092140198,]
