best-result = 35.41935110092163
warmup-time = 37.767802715301514
all-measurements = [ 35.41935110092163, 36.829426527023315, 37.51125359535217,]
