best-result = 62.26647424697876
warmup-time = 60.41938757896423
all-measurements = [ 66.89700889587402, 62.26647424697876, 67.40349507331848,]
