best-result = 226.1794364452362
warmup-time = 228.17855167388916
all-measurements = [ 226.1794364452362, 228.1993179321289, 229.10065579414368,]
