best-result = 522.2408332824707
warmup-time = 525.892166852951
all-measurements = [ 524.6110918521881, 522.2408332824707, 523.4600765705109,]
