best-result = 37.20283603668213
warmup-time = 39.58920884132385
all-measurements = [ 37.87084484100342, 38.216614723205566, 37.20283603668213,]
