best-result = 75.1105785369873
warmup-time = 83.57100224494934
all-measurements = [ 75.1105785369873, 82.66907596588135, 77.26849412918091,]
