best-result = 64.06711483001709
warmup-time = 64.4486575126648
all-measurements = [ 64.06711483001709, 64.59742760658264, 64.13032150268555,]
