best-result = 27.670408248901367
warmup-time = 27.367644548416138
all-measurements = [ 27.767813205718994, 27.670408248901367, 27.914307594299316,]
