best-result = 35.70475244522095
warmup-time = 36.0808379650116
all-measurements = [ 35.892356395721436, 35.70475244522095, 36.22537875175476,]
