best-result = 33.9620316028595
warmup-time = 34.87304067611694
all-measurements = [ 33.9620316028595, 34.60027623176575, 34.253820180892944,]
