best-result = 42.89842081069946
warmup-time = 42.89624333381653
all-measurements = [ 42.89842081069946, 43.22491121292114, 43.095497131347656,]
