best-result = 98.04662775993347
warmup-time = 97.61218333244324
all-measurements = [ 98.97196435928345, 98.04662775993347, 99.18443059921265,]
