best-result = 28.407317876815796
warmup-time = 30.007083415985107
all-measurements = [ 28.407317876815796, 29.27138066291809, 29.511794805526733,]
