best-result = 34.19019079208374
warmup-time = 35.95065498352051
all-measurements = [ 35.537386417388916, 36.724934577941895, 34.19019079208374,]
