best-result = 89.22535252571106
warmup-time = 88.19254636764526
all-measurements = [ 89.46385097503662, 89.22535252571106, 89.27358531951904,]
