best-result = 39.79861664772034
warmup-time = 39.30919098854065
all-measurements = [ 40.30791521072388, 40.06226301193237, 39.79861664772034,]
