best-result = 44.381900787353516
warmup-time = 46.40900421142578
all-measurements = [ 44.381900787353516, 46.85380840301514, 44.46752715110779,]
