best-result = 28.169101238250732
warmup-time = 29.04824423789978
all-measurements = [ 28.169101238250732, 28.524889707565308, 28.983344554901123,]
