best-result = 705.041109085083
warmup-time = 734.6526308059692
all-measurements = [ 705.041109085083, 710.7891857624054, 712.635826587677,]
