best-result = 174.1341209411621
warmup-time = 176.8433015346527
all-measurements = [ 174.32248520851135, 176.279230594635, 174.1341209411621,]
