best-result = 64.01130533218384
warmup-time = 68.35420942306519
all-measurements = [ 68.36454272270203, 64.01130533218384, 70.97645449638367,]
