best-result = 25.639766931533813
warmup-time = 26.438571214675903
all-measurements = [ 25.639766931533813, 26.30013942718506, 26.03041362762451,]
