best-result = 35.94683003425598
warmup-time = 37.08827614784241
all-measurements = [ 36.267390966415405, 37.944584369659424, 35.94683003425598,]
