best-result = 29.944120407104492
warmup-time = 30.846376657485962
all-measurements = [ 29.944120407104492, 31.17928147315979, 30.23239254951477,]
