best-result = 253.34334111213684
warmup-time = 259.1351137161255
all-measurements = [ 255.5337779521942, 253.34334111213684, 256.7391314506531,]
