best-result = 36.51834988594055
warmup-time = 36.48763298988342
all-measurements = [ 36.52236723899841, 36.51834988594055, 36.59718632698059,]
