best-result = 111.80372095108032
warmup-time = 117.84323763847351
all-measurements = [ 111.80372095108032, 112.65612840652466, 112.58875250816345,]
