best-result = 40.24738311767578
warmup-time = 40.75311470031738
all-measurements = [ 40.24738311767578, 41.847423791885376, 41.79769206047058,]
