best-result = 47.26726174354553
warmup-time = 46.96093511581421
all-measurements = [ 47.714369773864746, 47.72083640098572, 47.26726174354553,]
