best-result = 32.91943597793579
warmup-time = 33.67949557304382
all-measurements = [ 32.91943597793579, 33.151076793670654, 34.234681367874146,]
