best-result = 36.88269257545471
warmup-time = 38.38813376426697
all-measurements = [ 37.080702781677246, 37.114279985427856, 36.88269257545471,]
