best-result = 58.57785964012146
warmup-time = 64.46273422241211
all-measurements = [ 62.71324396133423, 58.57785964012146, 61.03729248046875,]
