best-result = 221.7329604625702
warmup-time = 228.7873339653015
all-measurements = [ 221.7329604625702, 224.5078022480011, 223.50416207313538,]
