best-result = 512.0343511104584
warmup-time = 519.2166745662689
all-measurements = [ 513.3984527587891, 513.8028090000153, 512.0343511104584,]
