best-result = 36.972649574279785
warmup-time = 36.328410148620605
all-measurements = [ 37.03326463699341, 37.4811065196991, 36.972649574279785,]
