best-result = 28.583560705184937
warmup-time = 29.154472827911377
all-measurements = [ 29.044946908950806, 28.583560705184937, 29.224807024002075,]
