best-result = 78.30597877502441
warmup-time = 78.99373173713684
all-measurements = [ 78.53281259536743, 81.05921792984009, 78.30597877502441,]
