best-result = 60.88421607017517
warmup-time = 62.421942949295044
all-measurements = [ 60.88421607017517, 62.786179542541504, 62.18853044509888,]
