best-result = 27.99308705329895
warmup-time = 27.664748430252075
all-measurements = [ 28.248009204864502, 27.99308705329895, 28.350728750228882,]
