best-result = 35.2201988697052
warmup-time = 35.62241721153259
all-measurements = [ 35.2201988697052, 35.9385347366333, 35.26281237602234,]
