best-result = 33.72716927528381
warmup-time = 34.38717579841614
all-measurements = [ 33.72716927528381, 35.78431725502014, 34.08557486534119,]
