best-result = 42.820101737976074
warmup-time = 43.28699469566345
all-measurements = [ 42.820101737976074, 43.0557758808136, 44.08043193817139,]
