best-result = 94.88346409797668
warmup-time = 97.07969760894775
all-measurements = [ 94.88346409797668, 95.39591598510742, 95.99289274215698,]
