best-result = 27.995109796524048
warmup-time = 28.217897653579712
all-measurements = [ 28.71876335144043, 29.35667657852173, 27.995109796524048,]
