best-result = 34.0802800655365
warmup-time = 34.798985958099365
all-measurements = [ 35.2409245967865, 34.303632736206055, 34.0802800655365,]
