best-result = 84.42120742797852
warmup-time = 88.39887571334839
all-measurements = [ 84.42120742797852, 92.11415696144104, 85.71452116966248,]
