best-result = 37.782281160354614
warmup-time = 38.25746703147888
all-measurements = [ 38.835368394851685, 37.782281160354614, 39.704925537109375,]
