best-result = 44.18533396720886
warmup-time = 44.88270425796509
all-measurements = [ 44.18533396720886, 46.02544116973877, 44.22134065628052,]
