best-result = 27.292524576187134
warmup-time = 28.89535665512085
all-measurements = [ 28.28562617301941, 27.525503635406494, 27.292524576187134,]
