best-result = 627.764279127121
warmup-time = 675.6971094608307
all-measurements = [ 636.0132281780243, 633.0962512493134, 627.764279127121,]
