best-result = 171.48807668685913
warmup-time = 176.06276679039001
all-measurements = [ 172.80823373794556, 174.42159509658813, 171.48807668685913,]
