best-result = 57.06475281715393
warmup-time = 66.75704526901245
all-measurements = [ 68.52549242973328, 57.06475281715393, 64.76594877243042,]
