best-result = 25.76314616203308
warmup-time = 26.41036605834961
all-measurements = [ 26.39867115020752, 25.95404887199402, 25.76314616203308,]
