best-result = 37.03679394721985
warmup-time = 38.933775424957275
all-measurements = [ 37.83799886703491, 38.1273033618927, 37.03679394721985,]
