best-result = 30.6886990070343
warmup-time = 30.641708374023438
all-measurements = [ 30.867191314697266, 30.6886990070343, 31.94578504562378,]
