best-result = 253.4645392894745
warmup-time = 260.09200620651245
all-measurements = [ 256.16633653640747, 253.4645392894745, 256.6433358192444,]
