best-result = 35.59112882614136
warmup-time = 36.36131453514099
all-measurements = [ 37.79503059387207, 35.96796464920044, 35.59112882614136,]
