best-result = 111.97354412078857
warmup-time = 116.0112521648407
all-measurements = [ 112.46763181686401, 111.97354412078857, 112.53396677970886,]
