best-result = 41.034459590911865
warmup-time = 43.99474787712097
all-measurements = [ 42.13049578666687, 41.034459590911865, 41.98614144325256,]
