best-result = 47.45784664154053
warmup-time = 47.88517737388611
all-measurements = [ 47.45784664154053, 48.71536374092102, 47.571993589401245,]
