best-result = 33.174941539764404
warmup-time = 33.1497700214386
all-measurements = [ 33.174941539764404, 33.43797564506531, 33.27270984649658,]
