best-result = 37.48971462249756
warmup-time = 38.17013168334961
all-measurements = [ 37.48971462249756, 37.6338095664978, 37.821866035461426,]
