best-result = 59.29878640174866
warmup-time = 61.45592737197876
all-measurements = [ 63.29579997062683, 61.00791668891907, 59.29878640174866,]
