best-result = 223.55323791503906
warmup-time = 226.81913900375366
all-measurements = [ 223.55323791503906, 224.8010950088501, 224.8633348941803,]
