best-result = 511.6946442127228
warmup-time = 518.082879781723
all-measurements = [ 511.6946442127228, 515.7230441570282, 515.2412421703339,]
