best-result = 36.24540114402771
warmup-time = 35.8373966217041
all-measurements = [ 36.95243048667908, 36.24540114402771, 37.03687834739685,]
