best-result = 28.777021408081055
warmup-time = 28.952046394348145
all-measurements = [ 29.39129900932312, 28.777021408081055, 28.792086601257324,]
