best-result = 69.2137062549591
warmup-time = 81.2066171169281
all-measurements = [ 71.57271027565002, 69.2137062549591, 83.91298794746399,]
