best-result = 61.457473278045654
warmup-time = 63.67565083503723
all-measurements = [ 62.97162127494812, 63.85707998275757, 61.457473278045654,]
