best-result = 27.16016983985901
warmup-time = 28.070206880569458
all-measurements = [ 28.069687604904175, 27.16016983985901, 27.179107904434204,]
