best-result = 34.91360282897949
warmup-time = 33.1711790561676
all-measurements = [ 35.06870222091675, 35.2861053943634, 34.91360282897949,]
