best-result = 32.79831576347351
warmup-time = 34.606072187423706
all-measurements = [ 33.481794357299805, 32.79831576347351, 33.187878370285034,]
