best-result = 42.575908184051514
warmup-time = 42.690640687942505
all-measurements = [ 45.38238286972046, 44.227673292160034, 42.575908184051514,]
