best-result = 95.40252470970154
warmup-time = 100.01307344436646
all-measurements = [ 95.40252470970154, 98.32101559638977, 97.46382713317871,]
