best-result = 28.93573570251465
warmup-time = 28.104716300964355
all-measurements = [ 29.04788851737976, 29.662095308303833, 28.93573570251465,]
