best-result = 34.1364471912384
warmup-time = 34.39133167266846
all-measurements = [ 34.92602229118347, 34.1364471912384, 35.11764931678772,]
