best-result = 90.33683443069458
warmup-time = 91.10450744628906
all-measurements = [ 90.33683443069458, 92.46513175964355, 95.89055490493774,]
