best-result = 37.967161893844604
warmup-time = 39.39376878738403
all-measurements = [ 37.967161893844604, 39.538036823272705, 38.5544593334198,]
