best-result = 43.052531242370605
warmup-time = 46.15547323226929
all-measurements = [ 43.052531242370605, 43.969053506851196, 44.670780658721924,]
