best-result = 28.560025691986084
warmup-time = 28.774465560913086
all-measurements = [ 28.560025691986084, 28.67650055885315, 28.5947425365448,]
