best-result = 636.0329439640045
warmup-time = 714.5490396022797
all-measurements = [ 636.0329439640045, 665.841808795929, 733.0617001056671,]
