best-result = 169.90552878379822
warmup-time = 174.3639051914215
all-measurements = [ 173.2227759361267, 171.98581767082214, 169.90552878379822,]
