best-result = 57.784324645996094
warmup-time = 56.73788785934448
all-measurements = [ 65.91337585449219, 64.9920756816864, 57.784324645996094,]
