best-result = 22.79195284843445
warmup-time = 22.59893298149109
all-measurements = [ 22.971917629241943, 23.12583613395691, 22.79195284843445,]
