best-result = 47.07855701446533
warmup-time = 64.08942651748657
all-measurements = [ 47.341774225234985, 47.102824687957764, 47.07855701446533,]
