best-result = 46.446107625961304
warmup-time = 58.49522686004639
all-measurements = [ 47.0262336730957, 47.095829248428345, 46.446107625961304,]
