best-result = 935.6455721855164
warmup-time = 1130.4487581253052
all-measurements = [ 939.4780783653259, 964.3072037696838, 935.6455721855164,]
