best-result = 85.10672950744629
warmup-time = 100.2855076789856
all-measurements = [ 85.10924339294434, 85.10672950744629, 85.5038673877716,]
