best-result = 81.51975131034851
warmup-time = 103.33502459526062
all-measurements = [ 81.51975131034851, 82.08458948135376, 81.91321396827698,]
