best-result = 70.23269772529602
warmup-time = 91.6996738910675
all-measurements = [ 70.52374148368835, 70.23269772529602, 70.52054738998413,]
