best-result = 90.62199425697327
warmup-time = 105.21940326690674
all-measurements = [ 91.40232563018799, 91.6988410949707, 90.62199425697327,]
