best-result = 644.6314942836761
warmup-time = 659.7378857135773
all-measurements = [ 648.9442381858826, 649.1273968219757, 644.6314942836761,]
