best-result = 65.08441805839539
warmup-time = 79.30131959915161
all-measurements = [ 66.38903880119324, 65.76465249061584, 65.08441805839539,]
