best-result = 221.18643379211426
warmup-time = 370.7955541610718
all-measurements = [ 223.09312081336975, 221.18643379211426, 223.46937704086304,]
