best-result = 438.9981894493103
warmup-time = 875.3301510810852
all-measurements = [ 444.6261477470398, 438.9981894493103, 439.831013917923,]
