best-result = 61.84257960319519
warmup-time = 80.83334803581238
all-measurements = [ 61.84257960319519, 62.42313194274902, 62.19392442703247,]
