best-result = 142.8184037208557
warmup-time = 175.03248023986816
all-measurements = [ 143.57283473014832, 144.17544770240784, 142.8184037208557,]
