best-result = 941.2697699069977
warmup-time = 969.2362656593323
all-measurements = [ 941.9376192092896, 941.2697699069977, 941.993480682373,]
