best-result = 27.130301237106323
warmup-time = 35.54124665260315
all-measurements = [ 27.450783491134644, 27.379837036132812, 27.130301237106323,]
