best-result = 58.669626235961914
warmup-time = 69.81538248062134
all-measurements = [ 58.669626235961914, 59.14289903640747, 59.23599052429199,]
