best-result = 59.21126651763916
warmup-time = 72.49929547309875
all-measurements = [ 59.930845975875854, 59.26507902145386, 59.21126651763916,]
