best-result = 111.06454730033875
warmup-time = 140.22564911842346
all-measurements = [ 111.06454730033875, 111.69120931625366, 112.37210416793823,]
