best-result = 784.5684912204742
warmup-time = 858.7007260322571
all-measurements = [ 784.5684912204742, 786.215411901474, 787.3650214672089,]
