best-result = 33.525572538375854
warmup-time = 42.45571780204773
all-measurements = [ 33.60689187049866, 33.525572538375854, 33.91022801399231,]
