best-result = 55.250736474990845
warmup-time = 71.25188994407654
all-measurements = [ 55.39955282211304, 55.250736474990845, 55.40883493423462,]
