best-result = 2140.3553445339203
warmup-time = 3273.277134180069
all-measurements = [ 2263.490137577057, 2411.2722811698914, 2140.3553445339203,]
