best-result = 49.53949570655823
warmup-time = 71.01713585853577
all-measurements = [ 49.53949570655823, 49.76723098754883, 50.232473850250244,]
