best-result = 78.4240984916687
warmup-time = 99.47811532020569
all-measurements = [ 78.53828883171082, 78.4240984916687, 78.99921560287476,]
