best-result = 36.16829705238342
warmup-time = 46.545337200164795
all-measurements = [ 36.773064851760864, 36.16829705238342, 36.6614670753479,]
