best-result = 341.52017402648926
warmup-time = 478.40287590026855
all-measurements = [ 341.52017402648926, 352.319584608078, 343.35361886024475,]
