best-result = 59.53397560119629
warmup-time = 60.449187994003296
all-measurements = [ 59.87767720222473, 59.53397560119629, 60.37790489196777,]
