best-result = 23.22126317024231
warmup-time = 23.397804498672485
all-measurements = [ 23.70548915863037, 23.63451385498047, 23.22126317024231,]
