best-result = 46.368144035339355
warmup-time = 62.79836654663086
all-measurements = [ 46.7480628490448, 46.50624895095825, 46.368144035339355,]
