best-result = 46.691709995269775
warmup-time = 58.41233253479004
all-measurements = [ 46.748274087905884, 46.691709995269775, 47.043925762176514,]
