best-result = 876.2976083755493
warmup-time = 1071.692948102951
all-measurements = [ 879.4605100154877, 876.2976083755493, 879.6304082870483,]
