best-result = 83.92555356025696
warmup-time = 96.97601652145386
all-measurements = [ 84.29005360603333, 84.61677598953247, 83.92555356025696,]
