best-result = 972.5310525894165
warmup-time = 1007.274537563324
all-measurements = [ 972.5310525894165, 975.2382211685181, 974.3182032108307,]
