best-result = 65.23770451545715
warmup-time = 80.01723861694336
all-measurements = [ 66.40252780914307, 65.23770451545715, 65.66374850273132,]
