best-result = 83.01206374168396
warmup-time = 102.63179850578308
all-measurements = [ 83.07706999778748, 83.01206374168396, 83.40650129318237,]
