best-result = 67.84997773170471
warmup-time = 89.71802377700806
all-measurements = [ 67.84997773170471, 68.80056643486023, 67.96682453155518,]
