best-result = 90.34574460983276
warmup-time = 103.7699043750763
all-measurements = [ 90.9394805431366, 91.47844457626343, 90.34574460983276,]
