best-result = 630.2944347858429
warmup-time = 646.7337465286255
all-measurements = [ 637.3577251434326, 630.2944347858429, 633.9270434379578,]
