best-result = 62.04462552070618
warmup-time = 77.08126902580261
all-measurements = [ 62.54912757873535, 62.04462552070618, 62.74128580093384,]
