best-result = 192.15864968299866
warmup-time = 343.6006956100464
all-measurements = [ 193.39073276519775, 192.25192141532898, 192.15864968299866,]
