best-result = 381.25252747535706
warmup-time = 823.8248541355133
all-measurements = [ 385.022141456604, 381.25252747535706, 386.36087942123413,]
