best-result = 61.60258984565735
warmup-time = 78.81812453269958
all-measurements = [ 62.52295756340027, 61.60258984565735, 62.7933623790741,]
