best-result = 40.001869678497314
warmup-time = 48.120248556137085
all-measurements = [ 40.001869678497314, 40.39250159263611, 40.14904546737671,]
