best-result = 133.4193594455719
warmup-time = 168.63398575782776
all-measurements = [ 144.91256093978882, 133.96961450576782, 133.4193594455719,]
