best-result = 909.2347803115845
warmup-time = 936.2458279132843
all-measurements = [ 911.1577610969543, 909.2347803115845, 912.803083896637,]
