best-result = 28.101829290390015
warmup-time = 35.31684160232544
all-measurements = [ 28.101829290390015, 28.78494143486023, 28.70399785041809,]
