best-result = 58.451655864715576
warmup-time = 67.92839169502258
all-measurements = [ 58.86646890640259, 60.14682722091675, 58.451655864715576,]
