best-result = 59.60810971260071
warmup-time = 73.35154819488525
all-measurements = [ 59.78681945800781, 59.60810971260071, 59.77908802032471,]
