best-result = 108.04537153244019
warmup-time = 135.97969245910645
all-measurements = [ 109.11030054092407, 109.89310598373413, 108.04537153244019,]
