best-result = 761.858341217041
warmup-time = 825.1860148906708
all-measurements = [ 764.0529670715332, 761.858341217041, 762.8202104568481,]
