best-result = 34.27587008476257
warmup-time = 42.602248430252075
all-measurements = [ 34.31489610671997, 34.78842782974243, 34.27587008476257,]
