best-result = 55.47485947608948
warmup-time = 70.34652614593506
all-measurements = [ 55.47485947608948, 55.511844635009766, 55.56735324859619,]
