best-result = 1424.2998673915863
warmup-time = 2187.15208029747
all-measurements = [ 1424.2998673915863, 2374.3693573474884, 1509.3438410758972,]
