best-result = 49.16531705856323
warmup-time = 70.33777475357056
all-measurements = [ 49.16531705856323, 50.243268966674805, 49.44144654273987,]
