best-result = 81.24692177772522
warmup-time = 101.64082551002502
all-measurements = [ 81.68426942825317, 82.16683864593506, 81.24692177772522,]
