best-result = 92.99805307388306
warmup-time = 115.14076948165894
all-measurements = [ 93.38006138801575, 92.99805307388306, 93.50319027900696,]
