best-result = 37.272491455078125
warmup-time = 46.12541222572327
all-measurements = [ 37.743446588516235, 37.71439743041992, 37.272491455078125,]
