best-result = 307.54112792015076
warmup-time = 447.67161989212036
all-measurements = [ 307.54112792015076, 308.7447929382324, 312.7056906223297,]
