best-result = 60.31051158905029
warmup-time = 59.966084003448486
all-measurements = [ 60.48666167259216, 60.42170476913452, 60.31051158905029,]
