best-result = 21.585647106170654
warmup-time = 21.874814748764038
all-measurements = [ 21.747032403945923, 21.949912309646606, 21.585647106170654,]
