best-result = 46.73207473754883
warmup-time = 63.28261709213257
all-measurements = [ 47.071325063705444, 46.73207473754883, 46.8365683555603,]
