best-result = 46.42941689491272
warmup-time = 58.335355281829834
all-measurements = [ 46.7106990814209, 46.42941689491272, 46.60151767730713,]
