best-result = 935.2344334125519
warmup-time = 1141.8663594722748
all-measurements = [ 939.7752833366394, 952.1647844314575, 935.2344334125519,]
