best-result = 81.65424489974976
warmup-time = 93.92635679244995
all-measurements = [ 81.65424489974976, 82.18933010101318, 83.0404109954834,]
