best-result = 78.32545971870422
warmup-time = 98.44170308113098
all-measurements = [ 78.32545971870422, 79.31012082099915, 78.77795815467834,]
