best-result = 68.75970005989075
warmup-time = 92.76642608642578
all-measurements = [ 68.75970005989075, 69.50907278060913, 68.92421269416809,]
