best-result = 84.11676335334778
warmup-time = 98.33486604690552
all-measurements = [ 84.11676335334778, 84.17554879188538, 84.81951999664307,]
