best-result = 593.9722881317139
warmup-time = 605.6501572132111
all-measurements = [ 594.887722492218, 593.9722881317139, 595.0496907234192,]
