best-result = 61.557084798812866
warmup-time = 76.95415043830872
all-measurements = [ 61.557084798812866, 62.189037799835205, 63.811734199523926,]
