best-result = 222.4311008453369
warmup-time = 373.72256112098694
all-measurements = [ 222.4311008453369, 224.29720544815063, 223.21780514717102,]
