best-result = 434.50775480270386
warmup-time = 878.089382648468
all-measurements = [ 434.50775480270386, 441.64244747161865, 438.55524492263794,]
