best-result = 59.73978853225708
warmup-time = 75.32786774635315
all-measurements = [ 59.854135274887085, 60.24762773513794, 59.73978853225708,]
