best-result = 851.3746342658997
warmup-time = 877.5607483386993
all-measurements = [ 851.3746342658997, 851.6291990280151, 853.0056598186493,]
