best-result = 26.74927544593811
warmup-time = 35.79117393493652
all-measurements = [ 26.986700773239136, 27.224151372909546, 26.74927544593811,]
