best-result = 57.79963755607605
warmup-time = 71.51764917373657
all-measurements = [ 57.857720613479614, 57.79963755607605, 57.81502938270569,]
