best-result = 56.24525809288025
warmup-time = 70.4008436203003
all-measurements = [ 56.5379376411438, 57.28146266937256, 56.24525809288025,]
