best-result = 108.569256067276
warmup-time = 136.73262286186218
all-measurements = [ 108.569256067276, 110.21559190750122, 108.77475690841675,]
