best-result = 757.9612655639648
warmup-time = 821.5332853794098
all-measurements = [ 757.9612655639648, 758.8108439445496, 758.7602214813232,]
