best-result = 33.58047103881836
warmup-time = 41.04959416389465
all-measurements = [ 34.05545115470886, 33.7971305847168, 33.58047103881836,]
