best-result = 53.29584217071533
warmup-time = 67.64843249320984
all-measurements = [ 53.741565465927124, 53.29584217071533, 53.57873868942261,]
