best-result = 48.94562649726868
warmup-time = 67.89955615997314
all-measurements = [ 49.10982322692871, 48.94562649726868, 49.23238205909729,]
