best-result = 78.80995297431946
warmup-time = 97.09949278831482
all-measurements = [ 79.50081396102905, 79.47360920906067, 78.80995297431946,]
