best-result = 35.6206955909729
warmup-time = 44.514445066452026
all-measurements = [ 35.637126445770264, 35.6206955909729, 36.356456995010376,]
