best-result = 329.20325207710266
warmup-time = 462.63000774383545
all-measurements = [ 333.7228124141693, 329.20325207710266, 330.98719358444214,]
