best-result = 101.94517230987549
warmup-time = 102.55386805534363
all-measurements = [ 101.94517230987549, 102.84849977493286, 102.18538689613342,]
