best-result = 23.49125647544861
warmup-time = 23.801215648651123
all-measurements = [ 23.72726321220398, 23.49125647544861, 23.753393173217773,]
