best-result = 47.34200668334961
warmup-time = 64.17244362831116
all-measurements = [ 47.46460676193237, 48.20377802848816, 47.34200668334961,]
