best-result = 47.4324631690979
warmup-time = 57.73855924606323
all-measurements = [ 47.4324631690979, 47.58762264251709, 47.5806782245636,]
