best-result = 906.2797014713287
warmup-time = 1061.3426287174225
all-measurements = [ 921.7790503501892, 907.9119691848755, 906.2797014713287,]
