best-result = 84.84704875946045
warmup-time = 98.72006011009216
all-measurements = [ 85.14835238456726, 84.98142313957214, 84.84704875946045,]
