best-result = 877.1171863079071
warmup-time = 903.7318961620331
all-measurements = [ 884.0963995456696, 880.1197137832642, 877.1171863079071,]
