best-result = 66.44748973846436
warmup-time = 82.35317540168762
all-measurements = [ 67.07112956047058, 67.26447176933289, 66.44748973846436,]
