best-result = 84.85665345191956
warmup-time = 106.27437376976013
all-measurements = [ 84.85665345191956, 85.76426434516907, 85.68754839897156,]
