best-result = 69.37750434875488
warmup-time = 87.73117136955261
all-measurements = [ 69.37750434875488, 69.76410794258118, 69.59831285476685,]
