best-result = 87.54986214637756
warmup-time = 100.83566617965698
all-measurements = [ 88.4952940940857, 87.54986214637756, 88.05576682090759,]
