best-result = 655.0458061695099
warmup-time = 667.4132678508759
all-measurements = [ 666.1064248085022, 655.0458061695099, 655.5821130275726,]
