best-result = 63.49317240715027
warmup-time = 79.44953274726868
all-measurements = [ 63.49317240715027, 63.9573335647583, 64.0250597000122,]
