best-result = 191.9652361869812
warmup-time = 346.91059827804565
all-measurements = [ 194.16247653961182, 191.9652361869812, 193.9521381855011,]
