best-result = 393.3361258506775
warmup-time = 827.2770440578461
all-measurements = [ 394.8414673805237, 393.3361258506775, 394.576828956604,]
