best-result = 63.71884512901306
warmup-time = 81.14513373374939
all-measurements = [ 64.1945436000824, 63.71884512901306, 63.889660358428955,]
