best-result = 41.636515378952026
warmup-time = 49.749844789505005
all-measurements = [ 41.659921169281006, 41.67789053916931, 41.636515378952026,]
