best-result = 135.69408202171326
warmup-time = 158.86805129051208
all-measurements = [ 135.69408202171326, 137.02981448173523, 137.01096487045288,]
