best-result = 929.3340742588043
warmup-time = 953.980865240097
all-measurements = [ 929.3340742588043, 933.4857261180878, 934.1186351776123,]
