best-result = 28.225510597229004
warmup-time = 37.26033806800842
all-measurements = [ 28.225510597229004, 28.80653476715088, 28.638517141342163,]
