best-result = 60.34450554847717
warmup-time = 70.2977442741394
all-measurements = [ 61.13377785682678, 60.97545504570007, 60.34450554847717,]
