best-result = 59.973278522491455
warmup-time = 72.82672047615051
all-measurements = [ 59.973278522491455, 60.57498478889465, 60.45567440986633,]
