best-result = 110.03456091880798
warmup-time = 138.93431496620178
all-measurements = [ 111.19317603111267, 110.66268539428711, 110.03456091880798,]
