best-result = 778.1400928497314
warmup-time = 847.0360209941864
all-measurements = [ 778.7875742912292, 778.1400928497314, 779.0463299751282,]
