best-result = 35.16503834724426
warmup-time = 42.31695199012756
all-measurements = [ 35.16503834724426, 35.21554970741272, 35.31239295005798,]
