best-result = 56.97613525390625
warmup-time = 72.41492414474487
all-measurements = [ 57.073116064071655, 56.97613525390625, 57.20963764190674,]
