best-result = 2585.555274248123
warmup-time = 3698.85915017128
all-measurements = [ 2585.555274248123, 2741.2534971237183, 3077.1459963321686,]
