best-result = 50.33269667625427
warmup-time = 71.30086088180542
all-measurements = [ 50.422359466552734, 50.33269667625427, 51.028937101364136,]
