best-result = 83.10568070411682
warmup-time = 100.3428885936737
all-measurements = [ 83.48466539382935, 83.23021101951599, 83.10568070411682,]
