best-result = 93.39116263389587
warmup-time = 115.83309602737427
all-measurements = [ 94.01796054840088, 93.39116263389587, 93.80419540405273,]
