best-result = 38.74629998207092
warmup-time = 48.947455644607544
all-measurements = [ 38.76606273651123, 38.81030750274658, 38.74629998207092,]
