best-result = 319.28697681427
warmup-time = 455.2158830165863
all-measurements = [ 319.28697681427, 327.83202171325684, 320.60464692115784,]
