best-result = 61.53701901435852
warmup-time = 61.497021198272705
all-measurements = [ 61.53701901435852, 61.62726664543152, 61.93618106842041,]
