best-result = 25.64553737640381
warmup-time = 25.950910091400146
all-measurements = [ 26.02655553817749, 25.781079053878784, 25.64553737640381,]
