best-result = 36.6153929233551
warmup-time = 38.39399790763855
all-measurements = [ 38.27061176300049, 37.959227085113525, 36.6153929233551,]
