best-result = 31.9693763256073
warmup-time = 32.6615788936615
all-measurements = [ 31.9693763256073, 33.41742944717407, 32.536535024642944,]
