best-result = 270.7837643623352
warmup-time = 277.1924583911896
all-measurements = [ 270.7837643623352, 274.64450669288635, 272.01885056495667,]
