best-result = 36.34033823013306
warmup-time = 37.3989520072937
all-measurements = [ 36.63685989379883, 36.34033823013306, 36.516090869903564,]
