best-result = 41.20617651939392
warmup-time = 44.37799119949341
all-measurements = [ 41.44095253944397, 41.20617651939392, 43.335444688797,]
