best-result = 46.40316581726074
warmup-time = 49.263816595077515
all-measurements = [ 46.40316581726074, 47.88398742675781, 47.91768717765808,]
