best-result = 34.723618268966675
warmup-time = 34.38796639442444
all-measurements = [ 35.64690589904785, 34.73916554450989, 34.723618268966675,]
