best-result = 37.77010250091553
warmup-time = 38.58775544166565
all-measurements = [ 38.050538301467896, 37.77010250091553, 38.55838632583618,]
