best-result = 61.70248293876648
warmup-time = 60.584999322891235
all-measurements = [ 61.70248293876648, 65.44124412536621, 65.58159899711609,]
