best-result = 221.9542942047119
warmup-time = 224.89809584617615
all-measurements = [ 222.7522451877594, 223.46922397613525, 221.9542942047119,]
