best-result = 550.1293292045593
warmup-time = 552.3777258396149
all-measurements = [ 550.1293292045593, 550.1477315425873, 551.6319069862366,]
