best-result = 36.598588705062866
warmup-time = 37.8622829914093
all-measurements = [ 36.598588705062866, 37.69402503967285, 38.76808714866638,]
