best-result = 64.53556752204895
warmup-time = 64.24937510490417
all-measurements = [ 65.39143943786621, 64.53556752204895, 65.88135576248169,]
