best-result = 27.69423794746399
warmup-time = 28.340039253234863
all-measurements = [ 27.806297302246094, 27.72400736808777, 27.69423794746399,]
