best-result = 32.6861310005188
warmup-time = 36.09569311141968
all-measurements = [ 35.63110852241516, 35.942992210388184, 32.6861310005188,]
