best-result = 32.93204092979431
warmup-time = 34.43145680427551
all-measurements = [ 35.976295948028564, 32.93204092979431, 34.235934019088745,]
