best-result = 42.05048131942749
warmup-time = 43.030879735946655
all-measurements = [ 42.05048131942749, 44.34512948989868, 42.894795179367065,]
