best-result = 101.30798935890198
warmup-time = 104.90796208381653
all-measurements = [ 101.65095829963684, 101.30798935890198, 102.96921253204346,]
