best-result = 28.813793659210205
warmup-time = 29.314882278442383
all-measurements = [ 29.217323303222656, 28.90006136894226, 28.813793659210205,]
