best-result = 33.5235116481781
warmup-time = 35.26872730255127
all-measurements = [ 33.5235116481781, 34.43340706825256, 34.54164719581604,]
