best-result = 89.44032883644104
warmup-time = 107.19397616386414
all-measurements = [ 115.79263424873352, 108.8809883594513, 89.44032883644104,]
