best-result = 39.53244972229004
warmup-time = 40.57901930809021
all-measurements = [ 41.01794767379761, 39.53244972229004, 41.05650234222412,]
