best-result = 42.9984564781189
warmup-time = 43.45523118972778
all-measurements = [ 42.9984564781189, 43.519680976867676, 46.03556680679321,]
