best-result = 28.97456455230713
warmup-time = 28.670090198516846
all-measurements = [ 28.97456455230713, 29.149694681167603, 29.368541955947876,]
