best-result = 165.00567197799683
warmup-time = 168.24326992034912
all-measurements = [ 167.96066188812256, 165.00567197799683, 169.53601670265198,]
