best-result = 44.159945487976074
warmup-time = 45.82694101333618
all-measurements = [ 44.159945487976074, 45.1048858165741, 45.16865921020508,]
