best-result = 25.601128578186035
warmup-time = 26.138329029083252
all-measurements = [ 25.601128578186035, 26.53014850616455, 26.190669536590576,]
