best-result = 34.97490429878235
warmup-time = 37.23951506614685
all-measurements = [ 37.69382691383362, 34.97490429878235, 38.05739974975586,]
