best-result = 31.012879848480225
warmup-time = 30.710242748260498
all-measurements = [ 31.012879848480225, 31.68204665184021, 31.823551416397095,]
