best-result = 263.07132506370544
warmup-time = 268.72762155532837
all-measurements = [ 266.9235489368439, 266.1865584850311, 263.07132506370544,]
