best-result = 36.07071924209595
warmup-time = 37.0838737487793
all-measurements = [ 36.07071924209595, 38.599292039871216, 36.78041124343872,]
