best-result = 111.9116599559784
warmup-time = 116.69589900970459
all-measurements = [ 113.68413043022156, 114.51629042625427, 111.9116599559784,]
