best-result = 41.523825883865356
warmup-time = 40.603768825531006
all-measurements = [ 41.523825883865356, 41.56944298744202, 41.86424422264099,]
