best-result = 47.17362141609192
warmup-time = 47.891505002975464
all-measurements = [ 47.5313766002655, 47.17362141609192, 48.15948176383972,]
