best-result = 32.73347616195679
warmup-time = 34.72294902801514
all-measurements = [ 34.6503586769104, 32.73347616195679, 33.64711666107178,]
