best-result = 36.62117052078247
warmup-time = 37.14629817008972
all-measurements = [ 37.09765124320984, 37.0835976600647, 36.62117052078247,]
