best-result = 62.247997999191284
warmup-time = 61.13539481163025
all-measurements = [ 62.247997999191284, 63.59892296791077, 64.17577266693115,]
