best-result = 226.18246793746948
warmup-time = 230.97698879241943
all-measurements = [ 226.18246793746948, 228.60510969161987, 232.35499620437622,]
