best-result = 524.1895687580109
warmup-time = 526.9396481513977
all-measurements = [ 527.5696563720703, 524.1895687580109, 524.775562286377,]
