best-result = 36.4315402507782
warmup-time = 36.82990312576294
all-measurements = [ 36.738399505615234, 36.4315402507782, 36.504178524017334,]
