best-result = 28.420585870742798
warmup-time = 28.911624670028687
all-measurements = [ 28.420585870742798, 28.97574210166931, 29.027607917785645,]
