best-result = 77.45475125312805
warmup-time = 75.83063316345215
all-measurements = [ 77.45475125312805, 79.98579359054565, 78.73351740837097,]
