best-result = 61.59901452064514
warmup-time = 63.45229434967041
all-measurements = [ 61.82003879547119, 62.7219340801239, 61.59901452064514,]
