best-result = 26.762835025787354
warmup-time = 29.03028178215027
all-measurements = [ 28.872581481933594, 27.230405569076538, 26.762835025787354,]
