best-result = 32.48095965385437
warmup-time = 36.30559182167053
all-measurements = [ 32.48095965385437, 35.76424598693848, 35.364405155181885,]
