best-result = 31.73156714439392
warmup-time = 34.69761610031128
all-measurements = [ 31.73156714439392, 33.623615980148315, 33.003188371658325,]
