best-result = 42.58376860618591
warmup-time = 44.802751302719116
all-measurements = [ 43.25983262062073, 42.58376860618591, 44.9087347984314,]
