best-result = 95.62145757675171
warmup-time = 99.13248920440674
all-measurements = [ 95.62145757675171, 97.15384936332703, 97.4395215511322,]
