best-result = 28.12953543663025
warmup-time = 29.44596529006958
all-measurements = [ 28.995684146881104, 29.02739381790161, 28.12953543663025,]
