best-result = 33.95626425743103
warmup-time = 34.678945541381836
all-measurements = [ 35.46492266654968, 33.988149642944336, 33.95626425743103,]
