best-result = 87.71410202980042
warmup-time = 90.3430917263031
all-measurements = [ 87.71410202980042, 90.37897944450378, 88.14941310882568,]
