best-result = 39.35031604766846
warmup-time = 38.553690910339355
all-measurements = [ 39.55907583236694, 39.35031604766846, 39.52409362792969,]
