best-result = 42.83317565917969
warmup-time = 45.836302518844604
all-measurements = [ 42.83317565917969, 44.407538414001465, 44.77241492271423,]
