best-result = 28.109543085098267
warmup-time = 27.465149402618408
all-measurements = [ 28.109543085098267, 28.569142818450928, 29.09180974960327,]
