best-result = 691.3787705898285
warmup-time = 727.6303768157959
all-measurements = [ 705.4802238941193, 691.3787705898285, 692.2156085968018,]
