best-result = 177.89029908180237
warmup-time = 178.40342259407043
all-measurements = [ 178.34370470046997, 177.89029908180237, 178.19127249717712,]
