best-result = 65.6534857749939
warmup-time = 67.52822256088257
all-measurements = [ 65.6534857749939, 67.31648898124695, 70.17755913734436,]
