best-result = 25.86180877685547
warmup-time = 27.25801110267639
all-measurements = [ 26.47905445098877, 25.86180877685547, 26.406878232955933,]
