best-result = 37.27655839920044
warmup-time = 38.22011137008667
all-measurements = [ 37.27655839920044, 38.52286243438721, 37.677541732788086,]
