best-result = 30.3873393535614
warmup-time = 31.72808599472046
all-measurements = [ 31.353176593780518, 30.85340166091919, 30.3873393535614,]
