best-result = 255.83667969703674
warmup-time = 262.613187789917
all-measurements = [ 255.83667969703674, 260.32170581817627, 258.84996914863586,]
