best-result = 35.73248100280762
warmup-time = 39.186851024627686
all-measurements = [ 37.7487096786499, 35.73248100280762, 36.765474796295166,]
