best-result = 111.75019121170044
warmup-time = 115.65949869155884
all-measurements = [ 111.75019121170044, 113.32428574562073, 113.12030601501465,]
