best-result = 33.79135179519653
warmup-time = 35.98908972740173
all-measurements = [ 35.41045165061951, 33.79135179519653, 34.82242727279663,]
