best-result = 41.5474910736084
warmup-time = 41.13122868537903
all-measurements = [ 41.5474910736084, 41.68961834907532, 42.34609389305115,]
