best-result = 48.241183042526245
warmup-time = 48.519036293029785
all-measurements = [ 48.241183042526245, 49.01977348327637, 49.241607666015625,]
