best-result = 33.482818365097046
warmup-time = 33.42238712310791
all-measurements = [ 33.534838914871216, 33.829575300216675, 33.482818365097046,]
