best-result = 37.49335193634033
warmup-time = 37.599525928497314
all-measurements = [ 38.03962063789368, 37.558199405670166, 37.49335193634033,]
