best-result = 58.860283613204956
warmup-time = 62.91245436668396
all-measurements = [ 61.28596043586731, 58.860283613204956, 65.13806247711182,]
