best-result = 222.31745791435242
warmup-time = 227.18267631530762
all-measurements = [ 225.09725952148438, 222.31745791435242, 223.31609463691711,]
