best-result = 510.61376428604126
warmup-time = 520.4329717159271
all-measurements = [ 512.6204369068146, 510.61376428604126, 518.0708274841309,]
