best-result = 35.08586573600769
warmup-time = 35.98596382141113
all-measurements = [ 35.08586573600769, 37.398011207580566, 37.67198443412781,]
