best-result = 28.82529616355896
warmup-time = 29.15556526184082
all-measurements = [ 28.827778339385986, 28.82529616355896, 29.496749877929688,]
