best-result = 75.89282488822937
warmup-time = 80.26529717445374
all-measurements = [ 75.89282488822937, 79.31844353675842, 79.92623162269592,]
