best-result = 61.95715856552124
warmup-time = 62.63594150543213
all-measurements = [ 62.4933295249939, 61.95715856552124, 63.48879647254944,]
