best-result = 27.95051074028015
warmup-time = 28.37910270690918
all-measurements = [ 27.95051074028015, 28.98930525779724, 28.758914470672607,]
