best-result = 32.64624762535095
warmup-time = 35.38712430000305
all-measurements = [ 35.54868173599243, 32.64624762535095, 35.13856053352356,]
