best-result = 33.009100675582886
warmup-time = 32.88212490081787
all-measurements = [ 33.71751832962036, 33.009100675582886, 35.480921506881714,]
