best-result = 42.51842546463013
warmup-time = 49.48104691505432
all-measurements = [ 48.3652503490448, 42.51842546463013, 44.24658226966858,]
