best-result = 95.40804195404053
warmup-time = 98.77035975456238
all-measurements = [ 95.40804195404053, 98.26012182235718, 95.84330368041992,]
