best-result = 27.554457664489746
warmup-time = 29.93928551673889
all-measurements = [ 29.90945601463318, 27.554457664489746, 28.359408617019653,]
