best-result = 33.72355651855469
warmup-time = 35.774346590042114
all-measurements = [ 33.72355651855469, 34.987383127212524, 35.362468242645264,]
