best-result = 92.27025413513184
warmup-time = 88.0012629032135
all-measurements = [ 97.05379962921143, 95.12813758850098, 92.27025413513184,]
