best-result = 39.46358680725098
warmup-time = 40.39361548423767
all-measurements = [ 40.24142622947693, 39.46358680725098, 39.49711894989014,]
