best-result = 42.30067324638367
warmup-time = 45.63099002838135
all-measurements = [ 44.80095720291138, 45.62217950820923, 42.30067324638367,]
