best-result = 49.96040320396423
warmup-time = 50.331637382507324
all-measurements = [ 49.96040320396423, 50.22262954711914, 50.27124834060669,]
