best-result = 28.86207342147827
warmup-time = 27.51759910583496
all-measurements = [ 29.243633031845093, 28.98723816871643, 28.86207342147827,]
