best-result = 642.5043857097626
warmup-time = 676.3407888412476
all-measurements = [ 642.5043857097626, 651.9958889484406, 645.6218116283417,]
