best-result = 172.465327501297
warmup-time = 172.11577320098877
all-measurements = [ 172.465327501297, 173.35921788215637, 173.1959183216095,]
