best-result = 63.97693681716919
warmup-time = 64.08632612228394
all-measurements = [ 70.0720603466034, 67.73317980766296, 63.97693681716919,]
