best-result = 25.492985725402832
warmup-time = 25.9452486038208
all-measurements = [ 25.720738649368286, 25.492985725402832, 25.507239818572998,]
