best-result = 38.0313766002655
warmup-time = 39.111713886260986
all-measurements = [ 38.39256167411804, 38.48299026489258, 38.0313766002655,]
