best-result = 32.55901336669922
warmup-time = 32.67240619659424
all-measurements = [ 32.55901336669922, 34.04726839065552, 32.79702615737915,]
