best-result = 282.99576926231384
warmup-time = 280.06402039527893
all-measurements = [ 282.99576926231384, 284.13713216781616, 283.79083490371704,]
