best-result = 36.73416447639465
warmup-time = 36.6801860332489
all-measurements = [ 36.80574178695679, 36.73416447639465, 37.63798236846924,]
