best-result = 41.3942174911499
warmup-time = 43.008277893066406
all-measurements = [ 43.24754810333252, 43.68711018562317, 41.3942174911499,]
