best-result = 51.654746532440186
warmup-time = 53.955952167510986
all-measurements = [ 51.654746532440186, 52.201616525650024, 51.877583742141724,]
