best-result = 34.560606718063354
warmup-time = 35.50297474861145
all-measurements = [ 34.560606718063354, 35.92141008377075, 35.587953329086304,]
