best-result = 39.02252793312073
warmup-time = 39.183292388916016
all-measurements = [ 39.61597442626953, 39.02252793312073, 39.26034593582153,]
