best-result = 58.310171365737915
warmup-time = 64.41568851470947
all-measurements = [ 60.67678761482239, 58.310171365737915, 65.35796070098877,]
