best-result = 253.36485624313354
warmup-time = 253.8586869239807
all-measurements = [ 253.45124864578247, 253.46969199180603, 253.36485624313354,]
