best-result = 581.0591425895691
warmup-time = 588.6695187091827
all-measurements = [ 586.2511706352234, 581.0591425895691, 587.4224989414215,]
