best-result = 35.70301175117493
warmup-time = 36.4584321975708
all-measurements = [ 36.876993894577026, 37.054123878479004, 35.70301175117493,]
