best-result = 67.08104586601257
warmup-time = 68.28636407852173
all-measurements = [ 70.4607162475586, 67.08104586601257, 67.39658331871033,]
