best-result = 28.42856740951538
warmup-time = 28.82574439048767
all-measurements = [ 28.644278049468994, 28.42856740951538, 29.08119010925293,]
