best-result = 37.12130689620972
warmup-time = 36.50356650352478
all-measurements = [ 37.21450328826904, 37.12130689620972, 37.37518048286438,]
