best-result = 33.09772443771362
warmup-time = 34.521403789520264
all-measurements = [ 33.48566794395447, 33.09772443771362, 33.75558543205261,]
