best-result = 43.02204632759094
warmup-time = 44.681679248809814
all-measurements = [ 43.02204632759094, 45.09417939186096, 43.70673704147339,]
