best-result = 103.80358171463013
warmup-time = 103.65867781639099
all-measurements = [ 103.80358171463013, 105.70270919799805, 104.31073522567749,]
