best-result = 28.415813446044922
warmup-time = 28.983957767486572
all-measurements = [ 28.415813446044922, 29.542726516723633, 29.481967449188232,]
