best-result = 34.20251178741455
warmup-time = 36.48273062705994
all-measurements = [ 34.50045323371887, 34.20251178741455, 35.94224810600281,]
