best-result = 41.343592405319214
warmup-time = 40.28410887718201
all-measurements = [ 42.43421721458435, 41.343592405319214, 41.85561275482178,]
