best-result = 44.804906368255615
warmup-time = 48.372807025909424
all-measurements = [ 44.804906368255615, 46.03880333900452, 45.55402588844299,]
