best-result = 27.965256690979004
warmup-time = 28.99618697166443
all-measurements = [ 30.213862419128418, 27.965256690979004, 29.059642791748047,]
