best-result = 719.5578374862671
warmup-time = 723.6025459766388
all-measurements = [ 720.8834271430969, 736.7133059501648, 719.5578374862671,]
