best-result = 190.72839951515198
warmup-time = 191.76475358009338
all-measurements = [ 195.19606351852417, 193.10957765579224, 190.72839951515198,]
