best-result = 44.42874717712402
warmup-time = 45.6426465511322
all-measurements = [ 44.42874717712402, 45.5477819442749, 45.99252271652222,]
