best-result = 24.653390407562256
warmup-time = 25.0449321269989
all-measurements = [ 25.080787420272827, 25.474981546401978, 24.653390407562256,]
