best-result = 36.970879793167114
warmup-time = 39.52254009246826
all-measurements = [ 36.970879793167114, 37.30353403091431, 37.04689121246338,]
