best-result = 31.45332098007202
warmup-time = 32.219056367874146
all-measurements = [ 31.738035678863525, 31.998435020446777, 31.45332098007202,]
