best-result = 290.22078132629395
warmup-time = 275.74825406074524
all-measurements = [ 290.22078132629395, 309.04653549194336, 296.31780529022217,]
