best-result = 35.77039647102356
warmup-time = 35.23799467086792
all-measurements = [ 36.523213386535645, 35.800694704055786, 35.77039647102356,]
