best-result = 41.290735721588135
warmup-time = 41.83320903778076
all-measurements = [ 41.290735721588135, 42.65160298347473, 41.52800488471985,]
