best-result = 50.01788687705994
warmup-time = 52.08937335014343
all-measurements = [ 52.572086572647095, 50.01788687705994, 50.157930850982666,]
