best-result = 32.84155488014221
warmup-time = 34.87930130958557
all-measurements = [ 34.677029848098755, 34.12338733673096, 32.84155488014221,]
