best-result = 37.05461120605469
warmup-time = 37.748443603515625
all-measurements = [ 37.623130559921265, 37.05461120605469, 38.027217388153076,]
