best-result = 59.31515717506409
warmup-time = 63.8319628238678
all-measurements = [ 62.66827917098999, 59.31515717506409, 60.60010004043579,]
