best-result = 241.35552716255188
warmup-time = 243.43787097930908
all-measurements = [ 241.35552716255188, 245.63516569137573, 242.72918152809143,]
