best-result = 546.5237596035004
warmup-time = 556.131106376648
all-measurements = [ 548.3041157722473, 547.516056060791, 546.5237596035004,]
