best-result = 36.47597646713257
warmup-time = 36.62996220588684
all-measurements = [ 36.75576138496399, 36.47597646713257, 37.55759024620056,]
