best-result = 64.91561198234558
warmup-time = 66.9016695022583
all-measurements = [ 67.68000102043152, 64.91561198234558, 65.68834400177002,]
