best-result = 26.68003821372986
warmup-time = 28.031865119934082
all-measurements = [ 27.387580156326294, 27.63190484046936, 26.68003821372986,]
