best-result = 33.63581705093384
warmup-time = 36.65682339668274
all-measurements = [ 33.63581705093384, 36.6738862991333, 36.323174238204956,]
