best-result = 32.292227029800415
warmup-time = 33.951940298080444
all-measurements = [ 32.90615367889404, 33.624948501586914, 32.292227029800415,]
