best-result = 42.42074751853943
warmup-time = 44.50499391555786
all-measurements = [ 44.039506673812866, 42.42074751853943, 43.406785011291504,]
