best-result = 98.16903424263
warmup-time = 100.17078828811646
all-measurements = [ 98.30593633651733, 98.7084755897522, 98.16903424263,]
