best-result = 26.826167583465576
warmup-time = 28.56666398048401
all-measurements = [ 27.253511428833008, 29.149168014526367, 26.826167583465576,]
