best-result = 33.95053505897522
warmup-time = 33.942158460617065
all-measurements = [ 34.04761338233948, 33.95053505897522, 34.446016788482666,]
