best-result = 38.863229274749756
warmup-time = 39.49557638168335
all-measurements = [ 40.766398668289185, 39.375272274017334, 38.863229274749756,]
