best-result = 42.0808265209198
warmup-time = 45.75948452949524
all-measurements = [ 42.0808265209198, 43.635497093200684, 45.72807002067566,]
