best-result = 27.55519413948059
warmup-time = 28.57591724395752
all-measurements = [ 28.274832248687744, 27.55519413948059, 27.914794445037842,]
