best-result = 700.8577032089233
warmup-time = 732.3914926052094
all-measurements = [ 700.8577032089233, 703.140958070755, 701.6395156383514,]
