best-result = 177.9068410396576
warmup-time = 182.0588276386261
all-measurements = [ 177.9068410396576, 179.165123462677, 183.60231924057007,]
