best-result = 42.08415341377258
warmup-time = 44.88965845108032
all-measurements = [ 42.08415341377258, 44.66367721557617, 44.63087701797485,]
