best-result = 26.026523113250732
warmup-time = 26.361446380615234
all-measurements = [ 26.222070932388306, 26.037460565567017, 26.026523113250732,]
