best-result = 35.95174717903137
warmup-time = 39.63395547866821
all-measurements = [ 35.95174717903137, 37.44254994392395, 37.54831099510193,]
