best-result = 31.311521291732788
warmup-time = 31.779465198516846
all-measurements = [ 31.46428084373474, 31.686290740966797, 31.311521291732788,]
