best-result = 262.5915529727936
warmup-time = 273.5339632034302
all-measurements = [ 268.3569428920746, 264.8540635108948, 262.5915529727936,]
