best-result = 36.517043352127075
warmup-time = 36.77002501487732
all-measurements = [ 37.160582065582275, 37.86469078063965, 36.517043352127075,]
