best-result = 41.261340379714966
warmup-time = 41.96653437614441
all-measurements = [ 42.93587899208069, 41.261340379714966, 42.221601247787476,]
