best-result = 48.54818058013916
warmup-time = 51.61345100402832
all-measurements = [ 48.54818058013916, 49.68050932884216, 49.9200918674469,]
