best-result = 31.874246835708618
warmup-time = 35.56171727180481
all-measurements = [ 31.874246835708618, 34.763503074645996, 33.31228518486023,]
