best-result = 36.23389673233032
warmup-time = 37.63813877105713
all-measurements = [ 37.869396448135376, 36.23389673233032, 37.54827809333801,]
