best-result = 59.939327001571655
warmup-time = 62.550408363342285
all-measurements = [ 59.939327001571655, 61.50123572349548, 64.66715145111084,]
