best-result = 226.89646744728088
warmup-time = 229.3384919166565
all-measurements = [ 229.0501892566681, 227.59986305236816, 226.89646744728088,]
