best-result = 523.7167956829071
warmup-time = 529.868287563324
all-measurements = [ 525.3589987754822, 526.8021318912506, 523.7167956829071,]
