best-result = 36.60708975791931
warmup-time = 37.18870711326599
all-measurements = [ 38.621164321899414, 36.60708975791931, 37.61904168128967,]
