best-result = 79.83132886886597
warmup-time = 80.28028440475464
all-measurements = [ 81.5798008441925, 81.4327495098114, 79.83132886886597,]
