best-result = 62.395278215408325
warmup-time = 63.03987383842468
all-measurements = [ 62.395278215408325, 62.77461385726929, 63.70100474357605,]
