best-result = 27.47099781036377
warmup-time = 28.472990036010742
all-measurements = [ 27.69941759109497, 27.47099781036377, 27.983365297317505,]
