best-result = 35.32857632637024
warmup-time = 33.672014236450195
all-measurements = [ 35.32857632637024, 36.12275433540344, 36.043248653411865,]
