best-result = 33.7907509803772
warmup-time = 34.05954694747925
all-measurements = [ 34.542320251464844, 33.7907509803772, 35.15131664276123,]
