best-result = 41.967273473739624
warmup-time = 42.800415992736816
all-measurements = [ 41.967273473739624, 43.479827642440796, 43.66496682167053,]
