best-result = 97.2754180431366
warmup-time = 97.1118676662445
all-measurements = [ 98.39970135688782, 98.33900332450867, 97.2754180431366,]
