best-result = 27.690375328063965
warmup-time = 29.49778652191162
all-measurements = [ 29.638485431671143, 28.405022621154785, 27.690375328063965,]
