best-result = 34.46932888031006
warmup-time = 35.27612257003784
all-measurements = [ 35.13552808761597, 34.46932888031006, 35.40748643875122,]
