best-result = 88.37273383140564
warmup-time = 90.00304198265076
all-measurements = [ 88.37273383140564, 89.15571570396423, 94.00730204582214,]
