best-result = 40.15099835395813
warmup-time = 39.95233488082886
all-measurements = [ 40.15099835395813, 40.32234239578247, 40.689024209976196,]
