best-result = 43.69758701324463
warmup-time = 46.67673397064209
all-measurements = [ 43.71298360824585, 43.69758701324463, 44.04750728607178,]
