best-result = 28.084914684295654
warmup-time = 29.207728385925293
all-measurements = [ 28.084914684295654, 28.128647565841675, 28.45089602470398,]
