best-result = 708.3848371505737
warmup-time = 735.7745790481567
all-measurements = [ 711.2828054428101, 708.3848371505737, 713.6938433647156,]
