best-result = 173.82363271713257
warmup-time = 177.22695970535278
all-measurements = [ 176.05355429649353, 178.22320103645325, 173.82363271713257,]
