best-result = 60.577056884765625
warmup-time = 70.3508563041687
all-measurements = [ 71.73354053497314, 61.120606899261475, 60.577056884765625,]
