best-result = 23.46879482269287
warmup-time = 23.923834085464478
all-measurements = [ 23.846604824066162, 23.46879482269287, 23.824129104614258,]
