best-result = 47.314555644989014
warmup-time = 65.02204918861389
all-measurements = [ 47.33367586135864, 47.675065994262695, 47.314555644989014,]
