best-result = 46.99711728096008
warmup-time = 58.715893030166626
all-measurements = [ 47.36401057243347, 47.516194105148315, 46.99711728096008,]
