best-result = 896.0773775577545
warmup-time = 1109.4054970741272
all-measurements = [ 896.0773775577545, 902.446818113327, 900.2352318763733,]
