best-result = 85.71842575073242
warmup-time = 99.99666166305542
all-measurements = [ 85.71842575073242, 86.5462532043457, 86.87785506248474,]
