best-result = 989.4549098014832
warmup-time = 1019.9869561195374
all-measurements = [ 990.9695146083832, 995.1927185058594, 989.4549098014832,]
