best-result = 84.12863564491272
warmup-time = 106.32735180854797
all-measurements = [ 84.26710224151611, 84.49737691879272, 84.12863564491272,]
