best-result = 68.22570037841797
warmup-time = 90.0608777999878
all-measurements = [ 68.62194323539734, 68.22570037841797, 68.80699014663696,]
