best-result = 91.7365505695343
warmup-time = 108.0714328289032
all-measurements = [ 92.84105801582336, 92.06006336212158, 91.7365505695343,]
