best-result = 650.3941552639008
warmup-time = 667.812224149704
all-measurements = [ 650.3941552639008, 653.719799041748, 653.5445396900177,]
