best-result = 63.31037735939026
warmup-time = 77.18773913383484
all-measurements = [ 63.73423218727112, 63.31037735939026, 63.42625832557678,]
