best-result = 204.11060428619385
warmup-time = 360.57012915611267
all-measurements = [ 204.31653475761414, 204.79020071029663, 204.11060428619385,]
