best-result = 384.07897782325745
warmup-time = 831.8133683204651
all-measurements = [ 384.07897782325745, 411.78345942497253, 390.8464696407318,]
