best-result = 63.16871237754822
warmup-time = 78.49916505813599
all-measurements = [ 63.5806040763855, 63.275808811187744, 63.16871237754822,]
