best-result = 40.99298071861267
warmup-time = 48.9012770652771
all-measurements = [ 40.99298071861267, 41.24800634384155, 41.08436989784241,]
