best-result = 135.9872488975525
warmup-time = 162.5024917125702
all-measurements = [ 136.58971786499023, 136.85775542259216, 135.9872488975525,]
