best-result = 933.8649320602417
warmup-time = 966.5781416893005
all-measurements = [ 935.0005128383636, 938.3678934574127, 933.8649320602417,]
