best-result = 28.376351594924927
warmup-time = 36.92263150215149
all-measurements = [ 28.376351594924927, 28.69016122817993, 28.55759596824646,]
