best-result = 57.765374183654785
warmup-time = 71.2411835193634
all-measurements = [ 58.0678551197052, 58.31811022758484, 57.765374183654785,]
