best-result = 61.195595026016235
warmup-time = 75.4117922782898
all-measurements = [ 61.195595026016235, 61.288822650909424, 62.18251609802246,]
