best-result = 110.73826742172241
warmup-time = 135.7741801738739
all-measurements = [ 111.08542251586914, 110.73826742172241, 111.10434317588806,]
