best-result = 775.427407503128
warmup-time = 844.7538063526154
all-measurements = [ 776.0142841339111, 778.8657641410828, 775.427407503128,]
