best-result = 34.41698408126831
warmup-time = 41.31678771972656
all-measurements = [ 34.57301998138428, 34.41698408126831, 34.49983215332031,]
