best-result = 56.1956250667572
warmup-time = 70.47011399269104
all-measurements = [ 56.515888690948486, 56.1956250667572, 56.513160943984985,]
