best-result = 1432.3179278373718
warmup-time = 1553.697078704834
all-measurements = [ 1432.3179278373718, 2463.5421085357666, 1499.3540856838226,]
