best-result = 49.351003885269165
warmup-time = 69.52433013916016
all-measurements = [ 49.768715381622314, 50.104944705963135, 49.351003885269165,]
