best-result = 83.48828053474426
warmup-time = 102.49759697914124
all-measurements = [ 84.27701377868652, 84.140371799469, 83.48828053474426,]
