best-result = 38.11044216156006
warmup-time = 47.64659285545349
all-measurements = [ 38.11044216156006, 38.76212477684021, 38.963748931884766,]
