best-result = 334.5285277366638
warmup-time = 473.33122420310974
all-measurements = [ 334.5285277366638, 337.04946851730347, 336.3068346977234,]
