best-result = 59.9183406829834
warmup-time = 60.66239833831787
all-measurements = [ 60.0009982585907, 59.9183406829834, 60.17271447181702,]
