best-result = 26.879038095474243
warmup-time = 27.20287013053894
all-measurements = [ 27.060502290725708, 26.897395849227905, 26.879038095474243,]
