best-result = 39.1820969581604
warmup-time = 41.91510891914368
all-measurements = [ 39.1820969581604, 40.460535764694214, 39.81438112258911,]
