best-result = 34.516401290893555
warmup-time = 35.439125061035156
all-measurements = [ 34.580748319625854, 35.10106301307678, 34.516401290893555,]
