best-result = 286.67482924461365
warmup-time = 287.3468265533447
all-measurements = [ 286.67482924461365, 287.2464807033539, 291.2870514392853,]
