best-result = 37.815401792526245
warmup-time = 38.109265089035034
all-measurements = [ 38.57271933555603, 37.815401792526245, 38.747705936431885,]
