best-result = 45.07466268539429
warmup-time = 44.835564613342285
all-measurements = [ 45.44446063041687, 45.07466268539429, 46.346291303634644,]
