best-result = 53.108022689819336
warmup-time = 53.523961305618286
all-measurements = [ 54.239012241363525, 53.578227043151855, 53.108022689819336,]
