best-result = 36.359389305114746
warmup-time = 37.82717514038086
all-measurements = [ 37.375447511672974, 36.359389305114746, 36.67302942276001,]
