best-result = 39.75652503967285
warmup-time = 42.05435872077942
all-measurements = [ 39.75652503967285, 41.0504891872406, 41.18491315841675,]
