best-result = 62.60409688949585
warmup-time = 62.64725971221924
all-measurements = [ 63.04778981208801, 62.60409688949585, 63.2751247882843,]
