best-result = 257.20812368392944
warmup-time = 258.46060037612915
all-measurements = [ 258.90919518470764, 257.20812368392944, 257.8290157318115,]
