best-result = 594.5296304225922
warmup-time = 595.9827816486359
all-measurements = [ 594.5296304225922, 598.2447137832642, 595.5975461006165,]
