best-result = 38.183788776397705
warmup-time = 38.61325788497925
all-measurements = [ 39.997440338134766, 38.793792724609375, 38.183788776397705,]
