best-result = 68.44702649116516
warmup-time = 70.48550844192505
all-measurements = [ 70.13148736953735, 68.44702649116516, 70.0864999294281,]
