best-result = 28.60696005821228
warmup-time = 29.867351770401
all-measurements = [ 31.489466428756714, 30.08117699623108, 28.60696005821228,]
