best-result = 38.26203203201294
warmup-time = 38.36028456687927
all-measurements = [ 38.26203203201294, 38.704936504364014, 38.5503511428833,]
