best-result = 35.60083818435669
warmup-time = 35.31350612640381
all-measurements = [ 38.15767168998718, 35.60083818435669, 37.352402687072754,]
