best-result = 45.132617712020874
warmup-time = 47.709606647491455
all-measurements = [ 47.009143352508545, 45.132617712020874, 45.878315925598145,]
