best-result = 104.27293157577515
warmup-time = 107.38170385360718
all-measurements = [ 104.27293157577515, 108.7811541557312, 108.06989455223083,]
