best-result = 30.535983324050903
warmup-time = 30.60554051399231
all-measurements = [ 30.705410957336426, 30.535983324050903, 30.623515844345093,]
