best-result = 37.466867208480835
warmup-time = 36.42126774787903
all-measurements = [ 37.466867208480835, 38.839669942855835, 39.00924587249756,]
