best-result = 42.39825463294983
warmup-time = 42.53094744682312
all-measurements = [ 42.39825463294983, 43.8357949256897, 43.098490715026855,]
