best-result = 46.79694080352783
warmup-time = 49.09783124923706
all-measurements = [ 47.50897574424744, 47.17889213562012, 46.79694080352783,]
