best-result = 28.992262363433838
warmup-time = 30.527182817459106
all-measurements = [ 31.247618675231934, 29.311535358428955, 28.992262363433838,]
