best-result = 751.0632865428925
warmup-time = 758.7214751243591
all-measurements = [ 751.0632865428925, 758.5745763778687, 761.464955329895,]
