best-result = 195.55168557167053
warmup-time = 197.9861204624176
all-measurements = [ 195.55168557167053, 201.15536618232727, 198.1977710723877,]
