best-result = 46.10959839820862
warmup-time = 46.67945170402527
all-measurements = [ 46.81293988227844, 49.29240679740906, 46.10959839820862,]
