best-result = 22.527117013931274
warmup-time = 22.980578660964966
all-measurements = [ 22.692721605300903, 22.527117013931274, 22.86097002029419,]
