best-result = 46.750004291534424
warmup-time = 63.62522602081299
all-measurements = [ 47.240766286849976, 46.750004291534424, 47.10160279273987,]
