best-result = 46.34688091278076
warmup-time = 58.487807750701904
all-measurements = [ 46.65864419937134, 46.34688091278076, 46.46795439720154,]
