best-result = 934.6447124481201
warmup-time = 1136.6061825752258
all-measurements = [ 937.304497718811, 941.682496547699, 934.6447124481201,]
