best-result = 84.53615689277649
warmup-time = 99.22834944725037
all-measurements = [ 84.53615689277649, 85.84667491912842, 85.0766499042511,]
