best-result = 82.14411354064941
warmup-time = 103.12779474258423
all-measurements = [ 82.23432636260986, 82.14411354064941, 83.36416506767273,]
