best-result = 70.2234365940094
warmup-time = 91.74081254005432
all-measurements = [ 70.2234365940094, 71.03461575508118, 70.67799234390259,]
