best-result = 90.55945873260498
warmup-time = 105.58660674095154
all-measurements = [ 90.55945873260498, 91.3371171951294, 92.15878224372864,]
