best-result = 632.5686936378479
warmup-time = 649.0244543552399
all-measurements = [ 636.2914304733276, 637.5788402557373, 632.5686936378479,]
