best-result = 64.03195524215698
warmup-time = 78.55122900009155
all-measurements = [ 64.52911138534546, 64.03195524215698, 64.39702796936035,]
