best-result = 223.62339401245117
warmup-time = 377.8365683555603
all-measurements = [ 224.18704915046692, 223.62339401245117, 224.66325306892395,]
