best-result = 440.8575007915497
warmup-time = 887.3756723403931
all-measurements = [ 444.44987893104553, 440.8575007915497, 447.1696434020996,]
