best-result = 61.727497577667236
warmup-time = 78.84233140945435
all-measurements = [ 61.727497577667236, 62.97644877433777, 62.085612058639526,]
