best-result = 140.22478222846985
warmup-time = 174.04716086387634
all-measurements = [ 140.22478222846985, 141.45389103889465, 140.59851813316345,]
