best-result = 886.6327624320984
warmup-time = 928.7068841457367
all-measurements = [ 892.1232571601868, 889.313173532486, 886.6327624320984,]
