best-result = 27.438540935516357
warmup-time = 36.70051407814026
all-measurements = [ 27.57748317718506, 27.438540935516357, 27.895321130752563,]
