best-result = 58.070409297943115
warmup-time = 69.64242744445801
all-measurements = [ 58.546363830566406, 59.67098689079285, 58.070409297943115,]
