best-result = 59.04441952705383
warmup-time = 73.69195294380188
all-measurements = [ 59.04441952705383, 59.34039282798767, 59.09352707862854,]
