best-result = 110.81976675987244
warmup-time = 140.17391395568848
all-measurements = [ 111.27009201049805, 110.81976675987244, 111.13103795051575,]
