best-result = 789.6848244667053
warmup-time = 885.5415906906128
all-measurements = [ 789.6848244667053, 792.0022234916687, 789.9894330501556,]
