best-result = 33.778791666030884
warmup-time = 42.37846755981445
all-measurements = [ 33.778791666030884, 34.15103483200073, 34.09679460525513,]
