best-result = 55.10768675804138
warmup-time = 71.69483375549316
all-measurements = [ 55.339322566986084, 55.10768675804138, 55.31320357322693,]
