best-result = 2579.311108112335
warmup-time = 2655.935275554657
all-measurements = [ 3468.8749227523804, 4275.160641670227, 2579.311108112335,]
