best-result = 49.11026382446289
warmup-time = 71.4858033657074
all-measurements = [ 49.455195903778076, 49.82911515235901, 49.11026382446289,]
