best-result = 78.95363140106201
warmup-time = 98.04919695854187
all-measurements = [ 79.02248954772949, 78.95363140106201, 79.46179151535034,]
