best-result = 36.67035698890686
warmup-time = 45.06076240539551
all-measurements = [ 36.67035698890686, 36.858720541000366, 37.116162061691284,]
