best-result = 357.4069197177887
warmup-time = 491.6958451271057
all-measurements = [ 358.92145919799805, 359.7631034851074, 357.4069197177887,]
