best-result = 58.65368413925171
warmup-time = 61.13535690307617
all-measurements = [ 58.65368413925171, 59.24778151512146, 59.48161864280701,]
