best-result = 22.46204137802124
warmup-time = 22.74387001991272
all-measurements = [ 22.765393495559692, 22.46204137802124, 22.891042232513428,]
