best-result = 47.229461908340454
warmup-time = 63.27808141708374
all-measurements = [ 47.37059450149536, 47.51506972312927, 47.229461908340454,]
