best-result = 46.626161098480225
warmup-time = 59.45939922332764
all-measurements = [ 46.626161098480225, 46.816203355789185, 46.744465589523315,]
