best-result = 955.4290828704834
warmup-time = 1157.0039031505585
all-measurements = [ 955.4290828704834, 973.0725929737091, 961.8783221244812,]
