best-result = 84.64529991149902
warmup-time = 99.19669961929321
all-measurements = [ 84.76708340644836, 84.64529991149902, 85.56545853614807,]
