best-result = 80.97248578071594
warmup-time = 102.94197249412537
all-measurements = [ 80.97248578071594, 81.23391819000244, 81.78761625289917,]
