best-result = 69.64437246322632
warmup-time = 92.05577993392944
all-measurements = [ 70.029452085495, 69.64437246322632, 69.64742708206177,]
