best-result = 90.33705806732178
warmup-time = 106.27288389205933
all-measurements = [ 90.88211703300476, 91.11209487915039, 90.33705806732178,]
