best-result = 613.7092032432556
warmup-time = 630.0039985179901
all-measurements = [ 615.8981709480286, 613.7092032432556, 616.3234448432922,]
