best-result = 64.63552594184875
warmup-time = 76.16245436668396
all-measurements = [ 64.63552594184875, 65.00800943374634, 64.65368604660034,]
