best-result = 217.18890500068665
warmup-time = 371.52505826950073
all-measurements = [ 217.18890500068665, 219.86207747459412, 219.1666281223297,]
