best-result = 440.56987833976746
warmup-time = 891.2375037670135
all-measurements = [ 440.56987833976746, 446.524929523468, 448.0302755832672,]
