best-result = 61.407920837402344
warmup-time = 76.5719485282898
all-measurements = [ 62.938292264938354, 61.407920837402344, 61.667107582092285,]
