best-result = 865.6430058479309
warmup-time = 900.5731203556061
all-measurements = [ 867.7809062004089, 865.6430058479309, 868.523312330246,]
