best-result = 27.514556169509888
warmup-time = 35.339072465896606
all-measurements = [ 27.514556169509888, 28.24522566795349, 27.59134793281555,]
