best-result = 57.88103675842285
warmup-time = 71.97212839126587
all-measurements = [ 58.167815923690796, 58.18573212623596, 57.88103675842285,]
