best-result = 58.40481185913086
warmup-time = 71.5226776599884
all-measurements = [ 58.40481185913086, 58.544700145721436, 59.04024863243103,]
