best-result = 110.32695436477661
warmup-time = 139.72061443328857
all-measurements = [ 110.32695436477661, 111.0234055519104, 110.64937424659729,]
