best-result = 774.6404974460602
warmup-time = 867.5768880844116
all-measurements = [ 774.6404974460602, 778.0577294826508, 778.6998782157898,]
