best-result = 34.00299072265625
warmup-time = 40.49050211906433
all-measurements = [ 34.70883750915527, 34.24823784828186, 34.00299072265625,]
