best-result = 53.70019745826721
warmup-time = 68.85757493972778
all-measurements = [ 54.266225814819336, 53.70019745826721, 53.87467956542969,]
