best-result = 1350.9443531036377
warmup-time = 1988.9278962612152
all-measurements = [ 2144.6247684955597, 1350.9443531036377, 2015.8378887176514,]
