best-result = 49.20882034301758
warmup-time = 71.57897233963013
all-measurements = [ 49.20882034301758, 49.687188148498535, 49.57163453102112,]
