best-result = 77.69508242607117
warmup-time = 98.66585493087769
all-measurements = [ 78.07982158660889, 77.69508242607117, 78.04071474075317,]
