best-result = 36.29603123664856
warmup-time = 46.74659562110901
all-measurements = [ 36.29603123664856, 36.87112736701965, 36.82498288154602,]
