best-result = 340.49921321868896
warmup-time = 479.4229643344879
all-measurements = [ 340.49921321868896, 347.2550411224365, 341.69710874557495,]
