best-result = 103.43172550201416
warmup-time = 128.19178175926208
all-measurements = [ 103.43172550201416, 104.94019412994385, 104.2053017616272,]
