best-result = 59.34131073951721
warmup-time = 58.59546399116516
all-measurements = [ 59.34131073951721, 78.51050019264221, 66.47322368621826,]
