best-result = 22.338654041290283
warmup-time = 22.596776485443115
all-measurements = [ 23.023183584213257, 22.69592046737671, 22.338654041290283,]
