best-result = 46.48989939689636
warmup-time = 65.35690784454346
all-measurements = [ 47.53324317932129, 46.48989939689636, 46.860759019851685,]
