best-result = 46.503968715667725
warmup-time = 58.587974071502686
all-measurements = [ 46.503968715667725, 46.68841624259949, 46.65333843231201,]
