best-result = 925.1238348484039
warmup-time = 1145.3101649284363
all-measurements = [ 925.1238348484039, 931.9493546485901, 947.3943357467651,]
