best-result = 84.59791302680969
warmup-time = 101.51354241371155
all-measurements = [ 86.24427962303162, 85.39143753051758, 84.59791302680969,]
