best-result = 980.788489818573
warmup-time = 1016.4513778686523
all-measurements = [ 986.7812075614929, 980.788489818573, 990.3148436546326,]
