best-result = 82.7835807800293
warmup-time = 105.17338871955872
all-measurements = [ 83.46269178390503, 82.7835807800293, 82.78994631767273,]
