best-result = 68.3048005104065
warmup-time = 88.65042924880981
all-measurements = [ 68.3048005104065, 68.40240120887756, 69.39141726493835,]
