best-result = 91.72798037528992
warmup-time = 106.85740160942078
all-measurements = [ 92.7458016872406, 91.96483278274536, 91.72798037528992,]
