best-result = 63.06832790374756
warmup-time = 78.84800291061401
all-measurements = [ 64.0506546497345, 63.06832790374756, 63.32668328285217,]
