best-result = 212.5778043270111
warmup-time = 372.69178557395935
all-measurements = [ 213.18598294258118, 213.4670295715332, 212.5778043270111,]
