best-result = 425.96447682380676
warmup-time = 880.5330216884613
all-measurements = [ 433.6087899208069, 426.00260615348816, 425.96447682380676,]
