best-result = 61.960211515426636
warmup-time = 78.24993991851807
all-measurements = [ 62.64379358291626, 61.960211515426636, 62.601463079452515,]
