best-result = 39.64850449562073
warmup-time = 48.07390832901001
all-measurements = [ 39.64850449562073, 39.703633308410645, 40.13591527938843,]
