best-result = 139.1038682460785
warmup-time = 159.76376461982727
all-measurements = [ 139.81845426559448, 139.33161091804504, 139.1038682460785,]
