best-result = 906.0142958164215
warmup-time = 934.5507435798645
all-measurements = [ 909.4201185703278, 911.8194851875305, 906.0142958164215,]
