best-result = 27.468508005142212
warmup-time = 36.24539875984192
all-measurements = [ 27.48128604888916, 27.468508005142212, 28.058285236358643,]
