best-result = 57.592767000198364
warmup-time = 71.65058326721191
all-measurements = [ 58.212889432907104, 58.57512879371643, 57.592767000198364,]
