best-result = 59.77639150619507
warmup-time = 75.94981360435486
all-measurements = [ 60.05873107910156, 59.77639150619507, 59.98808264732361,]
