best-result = 111.23680090904236
warmup-time = 140.7673463821411
all-measurements = [ 111.23680090904236, 111.61484670639038, 112.72804999351501,]
