best-result = 787.554445028305
warmup-time = 853.7879765033722
all-measurements = [ 787.554445028305, 788.2132923603058, 787.7316725254059,]
