best-result = 33.77425718307495
warmup-time = 41.04015231132507
all-measurements = [ 34.0595440864563, 33.926337480545044, 33.77425718307495,]
