best-result = 55.28098440170288
warmup-time = 71.82935452461243
all-measurements = [ 55.28098440170288, 56.422730445861816, 55.68093180656433,]
