best-result = 1453.3447620868683
warmup-time = 2191.549883365631
all-measurements = [ 2174.6636185646057, 1611.3393414020538, 1453.3447620868683,]
