best-result = 48.74462676048279
warmup-time = 70.80861330032349
all-measurements = [ 49.027382612228394, 48.959343910217285, 48.74462676048279,]
