best-result = 78.87488985061646
warmup-time = 96.33749556541443
all-measurements = [ 78.87488985061646, 78.97605037689209, 79.3131172657013,]
