best-result = 36.45657658576965
warmup-time = 46.39318013191223
all-measurements = [ 37.441312074661255, 36.45657658576965, 37.0967800617218,]
