best-result = 354.7009837627411
warmup-time = 498.0504860877991
all-measurements = [ 354.7009837627411, 355.4256479740143, 360.52650117874146,]
