best-result = 59.11237978935242
warmup-time = 59.842899560928345
all-measurements = [ 59.365065574645996, 59.11237978935242, 59.335625886917114,]
