best-result = 22.326392889022827
warmup-time = 22.46399211883545
all-measurements = [ 22.689181327819824, 22.326392889022827, 22.691570520401,]
