best-result = 46.90281581878662
warmup-time = 63.42313480377197
all-measurements = [ 47.17431354522705, 47.72561836242676, 46.90281581878662,]
