best-result = 46.61077952384949
warmup-time = 57.2936429977417
all-measurements = [ 46.61077952384949, 46.822128772735596, 46.6275794506073,]
