best-result = 948.3660264015198
warmup-time = 1160.1835114955902
all-measurements = [ 958.9956479072571, 948.3660264015198, 951.1740806102753,]
