best-result = 81.78127193450928
warmup-time = 96.33762335777283
all-measurements = [ 82.40733528137207, 82.24280619621277, 81.78127193450928,]
