best-result = 78.5141532421112
warmup-time = 99.74197483062744
all-measurements = [ 78.5141532421112, 78.56026196479797, 78.9586980342865,]
