best-result = 69.16972160339355
warmup-time = 94.0226137638092
all-measurements = [ 69.3721170425415, 69.16972160339355, 69.24530076980591,]
