best-result = 83.75766634941101
warmup-time = 99.04507875442505
all-measurements = [ 84.27395725250244, 83.80357646942139, 83.75766634941101,]
