best-result = 590.8110902309418
warmup-time = 606.7199738025665
all-measurements = [ 593.4206190109253, 593.6448431015015, 590.8110902309418,]
