best-result = 62.06296515464783
warmup-time = 75.49699354171753
all-measurements = [ 62.160011291503906, 62.43221926689148, 62.06296515464783,]
