best-result = 224.64927792549133
warmup-time = 382.75847864151
all-measurements = [ 228.02950525283813, 224.64927792549133, 226.9042785167694,]
