best-result = 443.17003750801086
warmup-time = 886.7204024791718
all-measurements = [ 443.17003750801086, 445.76734232902527, 447.36404061317444,]
