best-result = 60.329670667648315
warmup-time = 76.63219714164734
all-measurements = [ 60.329670667648315, 61.18049740791321, 60.43132829666138,]
