best-result = 848.0253801345825
warmup-time = 877.8209137916565
all-measurements = [ 848.0253801345825, 849.4238021373749, 851.5342354774475,]
