best-result = 26.806620121002197
warmup-time = 35.92953395843506
all-measurements = [ 26.806620121002197, 27.302866458892822, 27.59092092514038,]
