best-result = 57.97222399711609
warmup-time = 71.05474209785461
all-measurements = [ 57.97222399711609, 69.94888973236084, 64.48064184188843,]
