best-result = 55.926212787628174
warmup-time = 70.08531546592712
all-measurements = [ 56.735925912857056, 55.926212787628174, 56.670145750045776,]
