best-result = 108.18402981758118
warmup-time = 138.5156054496765
all-measurements = [ 108.64226794242859, 108.33530950546265, 108.18402981758118,]
