best-result = 759.6371483802795
warmup-time = 827.799459695816
all-measurements = [ 762.5661323070526, 761.6145861148834, 759.6371483802795,]
