best-result = 33.39972734451294
warmup-time = 40.53434348106384
all-measurements = [ 33.83190059661865, 33.39972734451294, 33.96428966522217,]
