best-result = 52.9857656955719
warmup-time = 67.72982907295227
all-measurements = [ 52.99983048439026, 53.19367837905884, 52.9857656955719,]
