best-result = 48.920449018478394
warmup-time = 67.33881163597107
all-measurements = [ 49.008856773376465, 50.10119676589966, 48.920449018478394,]
