best-result = 78.55756664276123
warmup-time = 98.2882308959961
all-measurements = [ 79.23953485488892, 78.55756664276123, 79.17803144454956,]
