best-result = 35.82409858703613
warmup-time = 44.86546230316162
all-measurements = [ 35.896777629852295, 35.88849425315857, 35.82409858703613,]
