best-result = 328.70640087127686
warmup-time = 472.3921387195587
all-measurements = [ 336.20365047454834, 328.70640087127686, 337.2668170928955,]
