best-result = 102.06744003295898
warmup-time = 102.86244916915894
all-measurements = [ 102.06744003295898, 102.1043906211853, 102.33934688568115,]
