best-result = 22.467320442199707
warmup-time = 22.36071801185608
all-measurements = [ 22.467320442199707, 22.76512598991394, 22.493968725204468,]
