best-result = 46.4005925655365
warmup-time = 62.54267454147339
all-measurements = [ 47.223061084747314, 46.4005925655365, 46.59149718284607,]
