best-result = 45.97717213630676
warmup-time = 58.98363924026489
all-measurements = [ 46.80688261985779, 47.003036975860596, 45.97717213630676,]
