best-result = 924.6761424541473
warmup-time = 1132.29713845253
all-measurements = [ 930.5064749717712, 925.2275958061218, 924.6761424541473,]
