best-result = 84.70411586761475
warmup-time = 99.48150825500488
all-measurements = [ 85.48811864852905, 84.70411586761475, 85.58841395378113,]
