best-result = 82.21097350120544
warmup-time = 103.83880949020386
all-measurements = [ 82.21097350120544, 82.74483871459961, 82.55652451515198,]
