best-result = 69.0940215587616
warmup-time = 93.17968964576721
all-measurements = [ 69.82696866989136, 69.0940215587616, 70.93752884864807,]
