best-result = 90.92281436920166
warmup-time = 104.64146375656128
all-measurements = [ 90.92281436920166, 92.33922386169434, 91.36367678642273,]
