best-result = 644.0354764461517
warmup-time = 660.7131400108337
all-measurements = [ 649.9572882652283, 644.0354764461517, 644.769296169281,]
