best-result = 63.9573073387146
warmup-time = 78.72933650016785
all-measurements = [ 64.91210556030273, 63.9573073387146, 64.43642258644104,]
