best-result = 209.27663826942444
warmup-time = 364.14277839660645
all-measurements = [ 210.937828540802, 209.27663826942444, 211.609210729599,]
