best-result = 432.67224645614624
warmup-time = 879.3364870548248
all-measurements = [ 435.41375827789307, 436.3222818374634, 432.67224645614624,]
