best-result = 61.95238423347473
warmup-time = 80.9294764995575
all-measurements = [ 61.95238423347473, 62.4334237575531, 62.648106813430786,]
