best-result = 140.51677060127258
warmup-time = 170.58986401557922
all-measurements = [ 140.88625168800354, 140.51677060127258, 141.0192608833313,]
