best-result = 880.5826165676117
warmup-time = 912.4722571372986
all-measurements = [ 896.4586689472198, 880.5826165676117, 889.9194574356079,]
