best-result = 27.200767278671265
warmup-time = 36.078726053237915
all-measurements = [ 27.816776752471924, 27.200767278671265, 27.660152673721313,]
