best-result = 58.2894983291626
warmup-time = 72.19838261604309
all-measurements = [ 58.86263966560364, 59.57520031929016, 58.2894983291626,]
