best-result = 59.17819380760193
warmup-time = 73.36316013336182
all-measurements = [ 60.736004114151, 59.17819380760193, 60.43149518966675,]
