best-result = 110.82391047477722
warmup-time = 138.72141551971436
all-measurements = [ 110.82391047477722, 111.44624948501587, 111.19943356513977,]
