best-result = 786.8318922519684
warmup-time = 889.6285836696625
all-measurements = [ 787.2241778373718, 786.8318922519684, 788.8931610584259,]
