best-result = 33.601574659347534
warmup-time = 41.48757481575012
all-measurements = [ 34.13831806182861, 33.85270929336548, 33.601574659347534,]
