best-result = 55.27970814704895
warmup-time = 70.4377658367157
all-measurements = [ 55.27970814704895, 55.418335914611816, 55.40960192680359,]
