best-result = 2867.4481258392334
warmup-time = 2505.2449424266815
all-measurements = [ 3125.13045835495, 3018.7187061309814, 2867.4481258392334,]
