best-result = 49.57317662239075
warmup-time = 69.33159565925598
all-measurements = [ 49.82574129104614, 49.58046054840088, 49.57317662239075,]
