best-result = 78.13840126991272
warmup-time = 98.92275929450989
all-measurements = [ 79.78879761695862, 78.13840126991272, 78.33072066307068,]
