best-result = 36.81637215614319
warmup-time = 46.522011280059814
all-measurements = [ 36.81637215614319, 37.275269508361816, 36.865039348602295,]
