best-result = 343.5138761997223
warmup-time = 494.6880033016205
all-measurements = [ 357.111451625824, 350.9039077758789, 343.5138761997223,]
