best-result = 59.00796890258789
warmup-time = 59.69471502304077
all-measurements = [ 59.914217472076416, 59.06761407852173, 59.00796890258789,]
