best-result = 22.394912004470825
warmup-time = 22.696245193481445
all-measurements = [ 23.218339681625366, 22.394912004470825, 22.546103954315186,]
