best-result = 46.40402674674988
warmup-time = 64.13541150093079
all-measurements = [ 46.99013638496399, 46.40402674674988, 47.162118434906006,]
