best-result = 45.875181436538696
warmup-time = 59.094719648361206
all-measurements = [ 46.32131791114807, 45.875181436538696, 46.17848777770996,]
