best-result = 920.3906583786011
warmup-time = 1144.7199308872223
all-measurements = [ 922.9100954532623, 921.8596096038818, 920.3906583786011,]
