best-result = 84.75629162788391
warmup-time = 100.66835045814514
all-measurements = [ 85.80759477615356, 84.75629162788391, 85.27528691291809,]
