best-result = 986.1896233558655
warmup-time = 1014.8033831119537
all-measurements = [ 987.5909807682037, 991.4687285423279, 986.1896233558655,]
