best-result = 82.75626683235168
warmup-time = 104.60928916931152
all-measurements = [ 83.02096152305603, 83.11682748794556, 82.75626683235168,]
