best-result = 68.22515177726746
warmup-time = 88.51117134094238
all-measurements = [ 68.5514349937439, 68.31521725654602, 68.22515177726746,]
