best-result = 91.1028847694397
warmup-time = 105.23434233665466
all-measurements = [ 91.1028847694397, 91.68608260154724, 91.98031640052795,]
