best-result = 63.89708113670349
warmup-time = 80.42956280708313
all-measurements = [ 64.03035521507263, 63.89708113670349, 64.06432008743286,]
