best-result = 210.10140538215637
warmup-time = 372.6084988117218
all-measurements = [ 210.10140538215637, 210.6324200630188, 211.31322622299194,]
