best-result = 429.63275027275085
warmup-time = 882.0916233062744
all-measurements = [ 429.63275027275085, 430.4309706687927, 431.23631501197815,]
