best-result = 62.412240982055664
warmup-time = 78.84074640274048
all-measurements = [ 62.412240982055664, 63.10044479370117, 62.71907091140747,]
