best-result = 39.071725606918335
warmup-time = 47.99823617935181
all-measurements = [ 39.88971400260925, 39.071725606918335, 39.517674922943115,]
