best-result = 137.7521538734436
warmup-time = 174.75086855888367
all-measurements = [ 137.7521538734436, 139.49289679527283, 139.54880142211914,]
