best-result = 902.9922578334808
warmup-time = 937.175304889679
all-measurements = [ 907.2389230728149, 909.0616528987885, 902.9922578334808,]
