best-result = 27.404974699020386
warmup-time = 35.14726781845093
all-measurements = [ 27.491119623184204, 27.748277187347412, 27.404974699020386,]
