best-result = 57.28761100769043
warmup-time = 71.27935099601746
all-measurements = [ 58.29007840156555, 57.28761100769043, 57.93748497962952,]
