best-result = 59.596965312957764
warmup-time = 74.77218437194824
all-measurements = [ 60.385021686553955, 60.76463270187378, 59.596965312957764,]
