best-result = 110.64440655708313
warmup-time = 138.27861666679382
all-measurements = [ 110.64440655708313, 111.80599546432495, 110.79571175575256,]
