best-result = 788.7759308815002
warmup-time = 863.4557070732117
all-measurements = [ 790.894593000412, 788.7759308815002, 790.6850562095642,]
