best-result = 33.56767392158508
warmup-time = 41.77708029747009
all-measurements = [ 33.693514585494995, 33.56767392158508, 34.682382345199585,]
