best-result = 55.27579951286316
warmup-time = 71.0660138130188
all-measurements = [ 55.67636322975159, 55.27579951286316, 55.51713466644287,]
