best-result = 1571.3467030525208
warmup-time = 1466.73588180542
all-measurements = [ 1571.3467030525208, 1988.2667119503021, 1765.5098042488098,]
