best-result = 48.84334588050842
warmup-time = 71.21345782279968
all-measurements = [ 49.13921022415161, 48.84334588050842, 48.88385057449341,]
