best-result = 77.92320895195007
warmup-time = 97.24738812446594
all-measurements = [ 78.14104342460632, 78.02460980415344, 77.92320895195007,]
