best-result = 37.11498165130615
warmup-time = 46.47279238700867
all-measurements = [ 37.211803913116455, 37.11498165130615, 37.1200692653656,]
