best-result = 352.2398829460144
warmup-time = 505.9130721092224
all-measurements = [ 352.86210441589355, 352.3482406139374, 352.2398829460144,]
