best-result = 59.03693222999573
warmup-time = 59.440295457839966
all-measurements = [ 59.20072317123413, 59.6751708984375, 59.03693222999573,]
