best-result = 25.49733877182007
warmup-time = 26.081493139266968
all-measurements = [ 25.762311458587646, 25.853686809539795, 25.49733877182007,]
