best-result = 36.0313286781311
warmup-time = 40.28043246269226
all-measurements = [ 36.0313286781311, 37.06653928756714, 37.84433054924011,]
