best-result = 30.88643527030945
warmup-time = 31.354707956314087
all-measurements = [ 31.646767139434814, 30.88643527030945, 30.92783236503601,]
