best-result = 265.3901855945587
warmup-time = 272.3898181915283
all-measurements = [ 269.3872239589691, 265.3901855945587, 266.67323327064514,]
