best-result = 36.44226431846619
warmup-time = 36.464845418930054
all-measurements = [ 36.568557262420654, 36.44226431846619, 36.911542892456055,]
