best-result = 40.30986833572388
warmup-time = 40.99500513076782
all-measurements = [ 40.9063925743103, 40.36189126968384, 40.30986833572388,]
