best-result = 48.74691820144653
warmup-time = 49.398364543914795
all-measurements = [ 48.74691820144653, 51.253220558166504, 50.0722496509552,]
