best-result = 33.11886215209961
warmup-time = 33.30884337425232
all-measurements = [ 34.782458782196045, 33.83423733711243, 33.11886215209961,]
