best-result = 37.15907907485962
warmup-time = 37.550331115722656
all-measurements = [ 37.42051672935486, 37.15907907485962, 37.503241777420044,]
