best-result = 61.96216654777527
warmup-time = 61.88155269622803
all-measurements = [ 61.96216654777527, 64.8967695236206, 63.0743362903595,]
