best-result = 226.36487913131714
warmup-time = 228.01205372810364
all-measurements = [ 228.08628368377686, 227.1939890384674, 226.36487913131714,]
