best-result = 521.9274768829346
warmup-time = 526.3973577022552
all-measurements = [ 521.9274768829346, 524.0874056816101, 525.5568780899048,]
