best-result = 35.32672667503357
warmup-time = 37.300421714782715
all-measurements = [ 37.46946430206299, 36.19977378845215, 35.32672667503357,]
