best-result = 75.98707699775696
warmup-time = 78.3384051322937
all-measurements = [ 77.659823179245, 75.98707699775696, 81.17755341529846,]
