best-result = 61.9735689163208
warmup-time = 65.39611315727234
all-measurements = [ 62.88755679130554, 61.9735689163208, 62.02647137641907,]
