best-result = 27.94261646270752
warmup-time = 28.15946936607361
all-measurements = [ 27.94261646270752, 27.98716378211975, 28.05278444290161,]
