best-result = 34.98629069328308
warmup-time = 35.58484745025635
all-measurements = [ 35.592456579208374, 34.98629069328308, 36.032588958740234,]
