best-result = 33.63746619224548
warmup-time = 34.58439230918884
all-measurements = [ 33.63746619224548, 34.498801946640015, 33.78781509399414,]
