best-result = 42.301878213882446
warmup-time = 44.599143505096436
all-measurements = [ 43.648109436035156, 45.08932876586914, 42.301878213882446,]
