best-result = 96.33485817909241
warmup-time = 95.50936579704285
all-measurements = [ 97.39417266845703, 96.58073854446411, 96.33485817909241,]
