best-result = 28.664327383041382
warmup-time = 28.867422580718994
all-measurements = [ 28.79678964614868, 28.664327383041382, 29.432328701019287,]
