best-result = 33.51022005081177
warmup-time = 35.71715307235718
all-measurements = [ 35.404972553253174, 33.51022005081177, 33.59851264953613,]
