best-result = 87.52768468856812
warmup-time = 93.98632526397705
all-measurements = [ 87.52768468856812, 90.74579572677612, 88.96280789375305,]
