best-result = 39.661104917526245
warmup-time = 39.05494427680969
all-measurements = [ 40.22646522521973, 39.774356842041016, 39.661104917526245,]
