best-result = 45.037672996520996
warmup-time = 47.46531534194946
all-measurements = [ 45.037672996520996, 45.10741353034973, 46.65005803108215,]
