best-result = 28.009616374969482
warmup-time = 28.78494620323181
all-measurements = [ 28.009616374969482, 28.112727165222168, 28.77628993988037,]
