best-result = 695.3961040973663
warmup-time = 736.8862020969391
all-measurements = [ 695.3961040973663, 703.3139600753784, 713.5802180767059,]
