best-result = 172.72219157218933
warmup-time = 179.3798806667328
all-measurements = [ 174.829847574234, 172.72219157218933, 174.99781727790833,]
