best-result = 58.29500222206116
warmup-time = 67.96756720542908
all-measurements = [ 64.91522574424744, 67.49034547805786, 58.29500222206116,]
