best-result = 25.75318670272827
warmup-time = 25.859312772750854
all-measurements = [ 25.833890676498413, 25.75318670272827, 26.46196675300598,]
