best-result = 37.27852463722229
warmup-time = 40.97181177139282
all-measurements = [ 38.689921855926514, 37.62105059623718, 37.27852463722229,]
