best-result = 31.58905529975891
warmup-time = 32.737895488739014
all-measurements = [ 31.58905529975891, 33.714261293411255, 33.3639280796051,]
