best-result = 280.9125220775604
warmup-time = 285.89655685424805
all-measurements = [ 284.43195056915283, 280.9125220775604, 282.5952925682068,]
