best-result = 36.205629110336304
warmup-time = 36.285900592803955
all-measurements = [ 37.37011480331421, 37.0607430934906, 36.205629110336304,]
