best-result = 43.29481506347656
warmup-time = 43.89333653450012
all-measurements = [ 44.18437623977661, 43.755170583724976, 43.29481506347656,]
