best-result = 51.37621474266052
warmup-time = 52.000815868377686
all-measurements = [ 52.20327591896057, 51.37621474266052, 51.41213607788086,]
