best-result = 34.977280139923096
warmup-time = 35.993287324905396
all-measurements = [ 36.08139657974243, 34.977280139923096, 36.06042742729187,]
