best-result = 36.954081535339355
warmup-time = 39.228187084198
all-measurements = [ 40.00042796134949, 36.954081535339355, 39.80196833610535,]
