best-result = 60.15291738510132
warmup-time = 63.57974123954773
all-measurements = [ 60.15291738510132, 60.99373722076416, 60.886720418930054,]
