best-result = 254.48921418190002
warmup-time = 252.93321871757507
all-measurements = [ 254.9941852092743, 254.48921418190002, 256.6081020832062,]
