best-result = 593.912570476532
warmup-time = 595.5621061325073
all-measurements = [ 593.912570476532, 598.9467628002167, 594.0636501312256,]
