best-result = 36.73419260978699
warmup-time = 38.37167835235596
all-measurements = [ 36.73419260978699, 36.96808338165283, 37.33691716194153,]
