best-result = 66.65320563316345
warmup-time = 66.47027611732483
all-measurements = [ 66.65320563316345, 67.49664378166199, 67.96781992912292,]
