best-result = 27.297181606292725
warmup-time = 26.854993104934692
all-measurements = [ 27.49702262878418, 27.297181606292725, 28.051488876342773,]
