best-result = 34.35314345359802
warmup-time = 37.210407972335815
all-measurements = [ 37.47472405433655, 34.35314345359802, 34.881986141204834,]
