best-result = 33.64168977737427
warmup-time = 33.33518195152283
all-measurements = [ 34.586649894714355, 33.703508615493774, 33.64168977737427,]
