best-result = 44.7648720741272
warmup-time = 45.73944878578186
all-measurements = [ 44.7648720741272, 45.46272683143616, 45.4400897026062,]
