best-result = 102.5206253528595
warmup-time = 106.52384281158447
all-measurements = [ 102.5206253528595, 103.31865644454956, 105.30786061286926,]
