best-result = 27.544684410095215
warmup-time = 29.17946982383728
all-measurements = [ 28.824917554855347, 27.76652216911316, 27.544684410095215,]
