best-result = 33.993632555007935
warmup-time = 34.66504406929016
all-measurements = [ 33.993632555007935, 35.27549886703491, 35.552335262298584,]
