best-result = 40.82310748100281
warmup-time = 42.06658458709717
all-measurements = [ 41.81506395339966, 41.54328727722168, 40.82310748100281,]
