best-result = 44.31571817398071
warmup-time = 45.27820682525635
all-measurements = [ 44.31571817398071, 47.66969347000122, 45.79686450958252,]
