best-result = 28.573492765426636
warmup-time = 29.06520962715149
all-measurements = [ 28.959179162979126, 28.72655439376831, 28.573492765426636,]
