best-result = 727.0167939662933
warmup-time = 730.545348405838
all-measurements = [ 727.0167939662933, 735.0229978561401, 735.9340002536774,]
