best-result = 196.18381142616272
warmup-time = 198.0214331150055
all-measurements = [ 200.51764035224915, 197.13680219650269, 196.18381142616272,]
