best-result = 44.96779704093933
warmup-time = 44.42085790634155
all-measurements = [ 46.039761543273926, 47.213963985443115, 44.96779704093933,]
