best-result = 24.149984121322632
warmup-time = 24.527305126190186
all-measurements = [ 24.334036350250244, 24.219974756240845, 24.149984121322632,]
