best-result = 47.96726846694946
warmup-time = 63.860188484191895
all-measurements = [ 47.96726846694946, 48.31208515167236, 48.10657620429993,]
