best-result = 47.63940215110779
warmup-time = 59.28617334365845
all-measurements = [ 47.96426963806152, 47.63940215110779, 47.967050552368164,]
