best-result = 902.843745470047
warmup-time = 1075.7240512371063
all-measurements = [ 902.843745470047, 914.7808377742767, 908.5048496723175,]
