best-result = 85.54266023635864
warmup-time = 100.59117674827576
all-measurements = [ 86.16479396820068, 86.07517862319946, 85.54266023635864,]
