best-result = 866.4567387104034
warmup-time = 913.9892256259918
all-measurements = [ 886.5114138126373, 866.4567387104034, 883.2293694019318,]
