best-result = 67.51213693618774
warmup-time = 82.4742169380188
all-measurements = [ 68.13874197006226, 68.26619076728821, 67.51213693618774,]
