best-result = 85.55293250083923
warmup-time = 104.18162178993225
all-measurements = [ 85.95312070846558, 85.55293250083923, 85.79225468635559,]
