best-result = 69.97831726074219
warmup-time = 90.05623483657837
all-measurements = [ 70.60252165794373, 69.97831726074219, 70.59530353546143,]
