best-result = 88.14017486572266
warmup-time = 101.59801626205444
all-measurements = [ 89.00704956054688, 88.9063286781311, 88.14017486572266,]
