best-result = 653.5065145492554
warmup-time = 669.3752520084381
all-measurements = [ 672.9613740444183, 653.5065145492554, 657.3573195934296,]
