best-result = 64.56624484062195
warmup-time = 75.89973616600037
all-measurements = [ 65.15306663513184, 64.56624484062195, 64.95826315879822,]
