best-result = 193.8890106678009
warmup-time = 349.40430665016174
all-measurements = [ 194.8789131641388, 195.14588403701782, 193.8890106678009,]
