best-result = 391.67996287345886
warmup-time = 826.916357755661
all-measurements = [ 399.1258702278137, 391.67996287345886, 395.526389837265,]
