best-result = 64.35653758049011
warmup-time = 79.72317028045654
all-measurements = [ 64.96479725837708, 64.35653758049011, 65.00070261955261,]
