best-result = 41.84936475753784
warmup-time = 49.692797899246216
all-measurements = [ 42.00766468048096, 41.84936475753784, 42.60658001899719,]
