best-result = 137.34848427772522
warmup-time = 169.90793466567993
all-measurements = [ 137.34848427772522, 137.78454661369324, 137.8560094833374,]
