best-result = 941.38964676857
warmup-time = 972.2407739162445
all-measurements = [ 946.0564596652985, 941.38964676857, 945.0513303279877,]
