best-result = 29.056905269622803
warmup-time = 38.35103797912598
all-measurements = [ 29.38492703437805, 29.156943559646606, 29.056905269622803,]
