best-result = 60.71670722961426
warmup-time = 70.72881484031677
all-measurements = [ 60.71670722961426, 61.03407096862793, 61.146796464920044,]
