best-result = 61.434489250183105
warmup-time = 74.51886367797852
all-measurements = [ 61.69278311729431, 61.434489250183105, 61.43664002418518,]
