best-result = 109.89085412025452
warmup-time = 138.9081952571869
all-measurements = [ 111.38585925102234, 109.89085412025452, 111.43973088264465,]
