best-result = 778.6104695796967
warmup-time = 846.4860467910767
all-measurements = [ 779.5065870285034, 778.6104695796967, 782.5117962360382,]
