best-result = 35.21079444885254
warmup-time = 43.47779369354248
all-measurements = [ 35.55076336860657, 35.77824020385742, 35.21079444885254,]
