best-result = 57.54226207733154
warmup-time = 73.11899662017822
all-measurements = [ 57.724853515625, 57.73909330368042, 57.54226207733154,]
