best-result = 1824.3663818836212
warmup-time = 2713.5073273181915
all-measurements = [ 2590.208014726639, 1824.3663818836212, 2607.268499851227,]
