best-result = 50.62979817390442
warmup-time = 72.10714626312256
all-measurements = [ 50.62979817390442, 50.94717597961426, 50.85272431373596,]
