best-result = 83.99876761436462
warmup-time = 99.32071709632874
all-measurements = [ 84.35990071296692, 83.99876761436462, 84.53406071662903,]
