best-result = 94.17764186859131
warmup-time = 118.4231116771698
all-measurements = [ 94.72830843925476, 94.35313010215759, 94.17764186859131,]
