best-result = 39.07164669036865
warmup-time = 47.90639662742615
all-measurements = [ 39.40332293510437, 39.33021688461304, 39.07164669036865,]
