best-result = 314.80307602882385
warmup-time = 466.09112524986267
all-measurements = [ 318.16212463378906, 314.80307602882385, 321.5492341518402,]
