best-result = 61.492133140563965
warmup-time = 63.57181096076965
all-measurements = [ 61.74793195724487, 61.492133140563965, 62.17002487182617,]
