best-result = 22.61617922782898
warmup-time = 23.344711780548096
all-measurements = [ 22.62986159324646, 22.61617922782898, 22.68033194541931,]
