best-result = 46.65136480331421
warmup-time = 63.781644344329834
all-measurements = [ 46.923951387405396, 46.69888114929199, 46.65136480331421,]
