best-result = 46.54240918159485
warmup-time = 58.1258978843689
all-measurements = [ 46.54240918159485, 46.90804672241211, 47.12605834007263,]
