best-result = 928.9865274429321
warmup-time = 1132.2835774421692
all-measurements = [ 928.9865274429321, 938.7847936153412, 951.0502150058746,]
