best-result = 85.62385630607605
warmup-time = 99.360600233078
all-measurements = [ 85.62385630607605, 85.94792675971985, 85.79546284675598,]
