best-result = 82.08551716804504
warmup-time = 102.63351321220398
all-measurements = [ 83.3318018913269, 82.08551716804504, 82.1711151599884,]
