best-result = 70.16691827774048
warmup-time = 91.81734704971313
all-measurements = [ 71.15083193778992, 70.61217379570007, 70.16691827774048,]
