best-result = 91.36920094490051
warmup-time = 105.19840884208679
all-measurements = [ 91.6359224319458, 91.36920094490051, 92.50622224807739,]
