best-result = 637.3940505981445
warmup-time = 662.0242547988892
all-measurements = [ 639.9229519367218, 638.2634673118591, 637.3940505981445,]
