best-result = 65.04048299789429
warmup-time = 79.34952020645142
all-measurements = [ 65.10369038581848, 65.46115469932556, 65.04048299789429,]
