best-result = 223.3008255958557
warmup-time = 371.9624779224396
all-measurements = [ 225.56896090507507, 223.3008255958557, 223.70242619514465,]
