best-result = 438.3401551246643
warmup-time = 891.3751792907715
all-measurements = [ 438.3401551246643, 441.52002596855164, 441.1361298561096,]
