best-result = 62.08616781234741
warmup-time = 78.78859829902649
all-measurements = [ 62.462851762771606, 62.76375412940979, 62.08616781234741,]
