best-result = 143.09875082969666
warmup-time = 165.20885825157166
all-measurements = [ 144.18805265426636, 143.74270343780518, 143.09875082969666,]
