best-result = 885.3874070644379
warmup-time = 924.1119973659515
all-measurements = [ 885.3874070644379, 885.6182334423065, 890.1931354999542,]
