best-result = 27.635103225708008
warmup-time = 38.02414107322693
all-measurements = [ 27.635103225708008, 28.373813152313232, 28.00296974182129,]
