best-result = 58.46468925476074
warmup-time = 72.12180471420288
all-measurements = [ 59.37862205505371, 59.043354749679565, 58.46468925476074,]
