best-result = 59.38128209114075
warmup-time = 74.93946576118469
all-measurements = [ 59.41973280906677, 59.38128209114075,]
