best-result = 110.05711889266968
warmup-time = 139.6717460155487
all-measurements = [ 111.59248566627502, 110.05711889266968, 110.99735260009766,]
