best-result = 788.0325586795807
warmup-time = 861.0648806095123
all-measurements = [ 806.4931771755219, 789.2388033866882, 788.0325586795807,]
