best-result = 33.69268012046814
warmup-time = 41.473087310791016
all-measurements = [ 34.084885358810425, 33.86452770233154, 33.69268012046814,]
