best-result = 54.668187379837036
warmup-time = 70.07424688339233
all-measurements = [ 54.668187379837036, 55.209944009780884, 55.20845031738281,]
