best-result = 2090.2270419597626
warmup-time = 4343.609166145325
all-measurements = [ 2090.2270419597626, 2252.319039106369, 2205.0209636688232,]
