best-result = 49.39037823677063
warmup-time = 71.1313989162445
all-measurements = [ 49.91611099243164, 49.39037823677063, 49.477102518081665,]
