best-result = 79.35336303710938
warmup-time = 99.03533983230591
all-measurements = [ 79.6460132598877, 79.35336303710938, 79.39563274383545,]
