best-result = 36.64892768859863
warmup-time = 46.17327165603638
all-measurements = [ 36.73463296890259, 36.996450424194336, 36.64892768859863,]
