best-result = 359.26663041114807
warmup-time = 496.0015435218811
all-measurements = [ 359.3914337158203, 359.26663041114807, 361.94050312042236,]
