best-result = 59.445764780044556
warmup-time = 59.8859977722168
all-measurements = [ 59.445764780044556, 60.21780610084534, 60.01077127456665,]
