best-result = 23.23848056793213
warmup-time = 23.648856163024902
all-measurements = [ 23.626567363739014, 23.662679433822632, 23.23848056793213,]
