best-result = 47.22262787818909
warmup-time = 64.85198044776917
all-measurements = [ 47.22262787818909, 47.70638608932495, 47.29362106323242,]
