best-result = 46.83254098892212
warmup-time = 58.93729615211487
all-measurements = [ 47.245813608169556, 47.08464193344116, 46.83254098892212,]
