best-result = 899.6624979972839
warmup-time = 1111.0611808300018
all-measurements = [ 904.697762966156, 899.6624979972839, 901.4745285511017,]
