best-result = 85.92117476463318
warmup-time = 99.27251148223877
all-measurements = [ 85.92117476463318, 87.65393829345703, 86.57652878761292,]
