best-result = 989.4472858905792
warmup-time = 1020.6741390228271
all-measurements = [ 993.0890073776245, 989.4472858905792, 999.2149300575256,]
