best-result = 84.1050193309784
warmup-time = 103.96283793449402
all-measurements = [ 84.1050193309784, 84.18066072463989, 85.13031315803528,]
