best-result = 68.4844069480896
warmup-time = 88.44978904724121
all-measurements = [ 68.71201920509338, 68.4844069480896, 68.8275978565216,]
