best-result = 92.25723528862
warmup-time = 105.02283906936646
all-measurements = [ 93.20709013938904, 92.25723528862, 92.89423108100891,]
