best-result = 650.9139494895935
warmup-time = 661.7427961826324
all-measurements = [ 653.614102602005, 655.1252541542053, 650.9139494895935,]
