best-result = 62.5422523021698
warmup-time = 76.75651144981384
all-measurements = [ 63.22640919685364, 62.881462812423706, 62.5422523021698,]
