best-result = 203.16818523406982
warmup-time = 352.8778250217438
all-measurements = [ 203.19548726081848, 204.4418523311615, 203.16818523406982,]
