best-result = 386.39188265800476
warmup-time = 829.8606836795807
all-measurements = [ 393.1502001285553, 386.58385491371155, 386.39188265800476,]
