best-result = 63.566744565963745
warmup-time = 80.08759069442749
all-measurements = [ 63.566744565963745, 64.50600361824036, 72.04359936714172,]
