best-result = 40.851868867874146
warmup-time = 57.94253921508789
all-measurements = [ 43.846566915512085, 40.851868867874146, 41.55447697639465,]
