best-result = 135.49314165115356
warmup-time = 157.51738238334656
all-measurements = [ 135.49314165115356, 136.16953444480896, 135.60724186897278,]
