best-result = 927.7452673912048
warmup-time = 963.3959226608276
all-measurements = [ 931.3341310024261, 927.7452673912048, 930.8888380527496,]
