best-result = 28.289567470550537
warmup-time = 36.22804117202759
all-measurements = [ 28.87454104423523, 28.289567470550537, 28.384658813476562,]
