best-result = 57.73092722892761
warmup-time = 71.03668880462646
all-measurements = [ 57.73092722892761, 58.24444341659546, 57.88687825202942,]
