best-result = 60.28937220573425
warmup-time = 74.03318333625793
all-measurements = [ 60.28937220573425, 60.91246747970581, 60.91803026199341,]
