best-result = 110.1881811618805
warmup-time = 138.72624039649963
all-measurements = [ 110.65915369987488, 110.1881811618805, 111.0588014125824,]
