best-result = 774.5935084819794
warmup-time = 846.8518273830414
all-measurements = [ 778.8035409450531, 776.2013573646545, 774.5935084819794,]
