best-result = 34.43096208572388
warmup-time = 41.13178730010986
all-measurements = [ 34.43096208572388, 35.161911487579346, 35.04354667663574,]
