best-result = 56.11930251121521
warmup-time = 70.80021619796753
all-measurements = [ 56.11930251121521, 56.4019980430603, 56.344921350479126,]
