best-result = 1636.2734677791595
warmup-time = 1405.4690318107605
all-measurements = [ 1636.2734677791595, 1660.127150774002, 2039.9604325294495,]
