best-result = 48.8297438621521
warmup-time = 70.19474601745605
all-measurements = [ 49.041937828063965, 49.2807822227478, 48.8297438621521,]
