best-result = 82.9815022945404
warmup-time = 100.61759114265442
all-measurements = [ 83.44562530517578, 83.34302520751953, 82.9815022945404,]
