best-result = 38.177401542663574
warmup-time = 46.28249192237854
all-measurements = [ 38.8942129611969, 38.177401542663574, 38.34876751899719,]
