best-result = 326.23261857032776
warmup-time = 477.4051179885864
all-measurements = [ 335.5680959224701, 332.2690894603729, 326.23261857032776,]
