best-result = 59.64323115348816
warmup-time = 60.48141932487488
all-measurements = [ 59.67673873901367, 59.763686656951904, 59.64323115348816,]
