best-result = 25.789538145065308
warmup-time = 26.239309072494507
all-measurements = [ 26.051168203353882, 25.830170392990112, 25.789538145065308,]
