best-result = 36.6608510017395
warmup-time = 37.79146075248718
all-measurements = [ 38.49441051483154, 36.6608510017395, 38.90543842315674,]
