best-result = 30.921204566955566
warmup-time = 32.54562592506409
all-measurements = [ 31.45570397377014, 32.208495140075684, 30.921204566955566,]
