best-result = 264.6735827922821
warmup-time = 271.1307475566864
all-measurements = [ 266.1589775085449, 264.6735827922821, 268.8978271484375,]
