best-result = 36.13374733924866
warmup-time = 36.824143171310425
all-measurements = [ 36.83428454399109, 36.13374733924866, 36.46807146072388,]
