best-result = 111.25025629997253
warmup-time = 113.23657464981079
all-measurements = [ 113.09943127632141, 114.08654260635376, 111.25025629997253,]
