best-result = 39.83682131767273
warmup-time = 41.10922861099243
all-measurements = [ 39.83682131767273, 41.921773195266724, 41.96531915664673,]
