best-result = 47.85202383995056
warmup-time = 48.36499381065369
all-measurements = [ 48.89963126182556, 49.07183790206909, 47.85202383995056,]
