best-result = 33.52141976356506
warmup-time = 32.90114212036133
all-measurements = [ 33.52141976356506, 35.36573338508606, 35.00582027435303,]
