best-result = 59.91708326339722
warmup-time = 61.0841965675354
all-measurements = [ 65.01988959312439, 61.12038564682007, 59.91708326339722,]
