best-result = 229.3304922580719
warmup-time = 231.2747483253479
all-measurements = [ 229.3304922580719, 230.13818264007568, 231.12821412086487,]
