best-result = 520.7926256656647
warmup-time = 528.5579917430878
all-measurements = [ 525.6765236854553, 528.4836437702179, 520.7926256656647,]
