best-result = 35.55019164085388
warmup-time = 36.50546431541443
all-measurements = [ 36.94725704193115, 35.55019164085388, 37.063148021698,]
