best-result = 29.212315797805786
warmup-time = 28.16615891456604
all-measurements = [ 29.212315797805786, 29.41329789161682, 29.212358474731445,]
