best-result = 73.53161954879761
warmup-time = 75.23218083381653
all-measurements = [ 87.9232268333435, 73.53161954879761, 78.38309979438782,]
