best-result = 61.66735219955444
warmup-time = 64.63639998435974
all-measurements = [ 61.84755492210388, 62.33883571624756, 61.66735219955444,]
