best-result = 27.709837198257446
warmup-time = 28.561570167541504
all-measurements = [ 28.530733108520508, 27.709837198257446, 28.653159141540527,]
