best-result = 32.040112018585205
warmup-time = 35.929542779922485
all-measurements = [ 32.040112018585205, 35.59219479560852, 32.73433446884155,]
