best-result = 34.237961530685425
warmup-time = 34.11231780052185
all-measurements = [ 34.8828010559082, 34.978724241256714, 34.237961530685425,]
