best-result = 42.59563493728638
warmup-time = 42.70114469528198
all-measurements = [ 43.282527685165405, 42.59563493728638, 42.703253746032715,]
