best-result = 96.99016165733337
warmup-time = 99.56604790687561
all-measurements = [ 99.4611759185791, 97.00695204734802, 96.99016165733337,]
