best-result = 28.681635856628418
warmup-time = 29.59659242630005
all-measurements = [ 29.330336093902588, 29.515657901763916, 28.681635856628418,]
