best-result = 34.06856656074524
warmup-time = 34.4764347076416
all-measurements = [ 34.393540382385254, 34.06856656074524, 34.45565867424011,]
