best-result = 87.99829244613647
warmup-time = 89.44088959693909
all-measurements = [ 89.2485122680664, 98.36970591545105, 87.99829244613647,]
