best-result = 38.44472146034241
warmup-time = 39.66970348358154
all-measurements = [ 39.38964486122131, 38.44472146034241, 38.65260457992554,]
