best-result = 45.36141347885132
warmup-time = 45.57768678665161
all-measurements = [ 47.03099083900452, 45.52655601501465, 45.36141347885132,]
