best-result = 27.389196634292603
warmup-time = 29.21175479888916
all-measurements = [ 27.389196634292603, 28.522040128707886, 29.119250297546387,]
