best-result = 691.5723912715912
warmup-time = 734.9274935722351
all-measurements = [ 704.2341129779816, 691.5723912715912, 697.6003172397614,]
