best-result = 175.78381443023682
warmup-time = 179.35592651367188
all-measurements = [ 175.78381443023682, 180.99076914787292, 176.51851677894592,]
