best-result = 54.724714040756226
warmup-time = 66.12847232818604
all-measurements = [ 68.56527280807495, 67.67511081695557, 54.724714040756226,]
