best-result = 25.723455905914307
warmup-time = 26.418343544006348
all-measurements = [ 26.264904975891113, 25.723455905914307, 25.783442735671997,]
