best-result = 37.310877084732056
warmup-time = 39.6769323348999
all-measurements = [ 39.86865568161011, 38.86306715011597, 37.310877084732056,]
