best-result = 31.268310070037842
warmup-time = 31.897255182266235
all-measurements = [ 31.268310070037842, 32.04611587524414, 31.67667031288147,]
