best-result = 258.3271863460541
warmup-time = 263.7543258666992
all-measurements = [ 258.3271863460541, 263.70303106307983, 260.9855651855469,]
