best-result = 34.8843891620636
warmup-time = 37.52523922920227
all-measurements = [ 36.76075267791748, 34.8843891620636, 36.7794554233551,]
