best-result = 118.11916732788086
warmup-time = 122.12908220291138
all-measurements = [ 121.98896288871765, 119.5179672241211, 118.11916732788086,]
