best-result = 40.26839208602905
warmup-time = 41.35929083824158
all-measurements = [ 40.533878803253174, 40.31930112838745, 40.26839208602905,]
