best-result = 48.10084581375122
warmup-time = 49.784478187561035
all-measurements = [ 48.10084581375122, 50.71859312057495, 49.494096994400024,]
