best-result = 33.395955085754395
warmup-time = 32.96190690994263
all-measurements = [ 33.74600315093994, 34.221031188964844, 33.395955085754395,]
