best-result = 37.657328844070435
warmup-time = 36.7992422580719
all-measurements = [ 38.220831871032715, 37.657328844070435, 38.16630816459656,]
