best-result = 59.35793876647949
warmup-time = 63.13958716392517
all-measurements = [ 61.09326672554016, 59.35793876647949, 63.56920289993286,]
