best-result = 229.3664071559906
warmup-time = 233.8850495815277
all-measurements = [ 229.3664071559906, 230.5702543258667, 231.02273559570312,]
