best-result = 514.0273230075836
warmup-time = 523.7159078121185
all-measurements = [ 514.0273230075836, 531.198077917099, 518.1078515052795,]
