best-result = 37.15044093132019
warmup-time = 36.83165764808655
all-measurements = [ 37.310222864151, 37.72864818572998, 37.15044093132019,]
