best-result = 28.893589735031128
warmup-time = 29.14704394340515
all-measurements = [ 28.893589735031128, 29.112271547317505, 29.51315426826477,]
