best-result = 73.17368078231812
warmup-time = 79.34290981292725
all-measurements = [ 73.17368078231812, 80.80175304412842, 77.5755455493927,]
