best-result = 61.59395718574524
warmup-time = 63.07802081108093
all-measurements = [ 63.60629391670227, 62.08628487586975, 61.59395718574524,]
