best-result = 28.087316036224365
warmup-time = 28.410999536514282
all-measurements = [ 28.087316036224365, 29.892629623413086, 28.2963445186615,]
