best-result = 34.873104095458984
warmup-time = 35.71712827682495
all-measurements = [ 35.62303900718689, 34.873104095458984, 35.37841081619263,]
