best-result = 34.937236309051514
warmup-time = 35.48528003692627
all-measurements = [ 34.937236309051514, 35.28767704963684, 36.249913454055786,]
