best-result = 43.27172303199768
warmup-time = 44.20269012451172
all-measurements = [ 43.80464005470276, 43.27172303199768, 43.76433229446411,]
