best-result = 96.21285247802734
warmup-time = 97.20832538604736
all-measurements = [ 96.21285247802734, 99.50092482566833, 97.18714690208435,]
