best-result = 28.380873680114746
warmup-time = 30.330283880233765
all-measurements = [ 28.87599229812622, 28.380873680114746, 29.74919080734253,]
