best-result = 34.66720271110535
warmup-time = 35.39214491844177
all-measurements = [ 34.66720271110535, 35.183692932128906, 35.7312114238739,]
