best-result = 88.0183277130127
warmup-time = 94.61082983016968
all-measurements = [ 90.3315498828888, 88.0183277130127, 94.30734586715698,]
