best-result = 39.36217212677002
warmup-time = 40.23965072631836
all-measurements = [ 40.412899017333984, 39.65094757080078, 39.36217212677002,]
