best-result = 45.39067983627319
warmup-time = 44.699702739715576
all-measurements = [ 46.339611530303955, 46.37243366241455, 45.39067983627319,]
