best-result = 28.44072961807251
warmup-time = 29.1315279006958
all-measurements = [ 29.167749643325806, 28.888740301132202, 28.44072961807251,]
