best-result = 663.8524708747864
warmup-time = 702.0889909267426
all-measurements = [ 663.8524708747864, 669.4839005470276, 670.2006661891937,]
