best-result = 173.338698387146
warmup-time = 175.88993787765503
all-measurements = [ 173.338698387146, 174.15413618087769, 178.21272802352905,]
