best-result = 66.93064737319946
warmup-time = 68.31224703788757
all-measurements = [ 68.16216731071472, 66.93064737319946, 67.05200505256653,]
