best-result = 22.63682222366333
warmup-time = 22.832446813583374
all-measurements = [ 22.63682222366333, 23.14150333404541, 22.766681671142578,]
