best-result = 46.51923751831055
warmup-time = 64.2282292842865
all-measurements = [ 46.51923751831055, 46.55831265449524, 46.65540051460266,]
