best-result = 46.435795068740845
warmup-time = 58.29867887496948
all-measurements = [ 47.113911867141724, 46.55470895767212, 46.435795068740845,]
