best-result = 927.9309821128845
warmup-time = 1121.9518263339996
all-measurements = [ 927.9309821128845, 933.4602029323578, 938.0610918998718,]
