best-result = 84.70715594291687
warmup-time = 99.56002879142761
all-measurements = [ 84.70715594291687, 85.39085364341736, 85.25404119491577,]
