best-result = 81.92149353027344
warmup-time = 103.75308537483215
all-measurements = [ 82.2675359249115, 81.92149353027344, 82.23658585548401,]
