best-result = 69.7193922996521
warmup-time = 94.57447695732117
all-measurements = [ 70.91641402244568, 70.81757020950317, 69.7193922996521,]
