best-result = 89.62336897850037
warmup-time = 104.17926287651062
all-measurements = [ 89.62336897850037, 91.00944995880127, 91.11660432815552,]
