best-result = 630.5804591178894
warmup-time = 648.635812997818
all-measurements = [ 632.2826132774353, 630.5804591178894, 632.1223757266998,]
