best-result = 65.22795581817627
warmup-time = 76.56448292732239
all-measurements = [ 65.23225378990173, 65.24018239974976, 65.22795581817627,]
