best-result = 220.52669310569763
warmup-time = 376.94526386260986
all-measurements = [ 221.95531606674194, 221.03167176246643, 220.52669310569763,]
