best-result = 436.2075924873352
warmup-time = 880.8675706386566
all-measurements = [ 436.2075924873352, 444.63805198669434, 442.01082372665405,]
