best-result = 61.785796880722046
warmup-time = 77.64060878753662
all-measurements = [ 62.082876443862915, 62.02265405654907, 61.785796880722046,]
