best-result = 142.95230293273926
warmup-time = 178.71371459960938
all-measurements = [ 143.7119243144989, 143.5117151737213, 142.95230293273926,]
