best-result = 880.0825023651123
warmup-time = 919.0334479808807
all-measurements = [ 891.5025577545166, 880.0825023651123, 889.5400850772858,]
