best-result = 27.312005758285522
warmup-time = 36.36460018157959
all-measurements = [ 27.724103212356567, 27.312005758285522, 27.932780027389526,]
