best-result = 58.5943398475647
warmup-time = 73.65248680114746
all-measurements = [ 58.785808086395264, 58.5943398475647, 73.07582902908325,]
