best-result = 58.555258989334106
warmup-time = 80.83495116233826
all-measurements = [ 59.5508246421814, 58.63687062263489, 58.555258989334106,]
