best-result = 110.25830817222595
warmup-time = 138.90053176879883
all-measurements = [ 110.25830817222595, 110.56355905532837, 111.48063397407532,]
