best-result = 783.8661668300629
warmup-time = 864.868435382843
all-measurements = [ 784.1370451450348, 783.8661668300629, 789.6310656070709,]
