best-result = 33.521687746047974
warmup-time = 42.20759558677673
all-measurements = [ 33.723294258117676, 34.519270181655884, 33.521687746047974,]
