best-result = 54.696250915527344
warmup-time = 71.77325081825256
all-measurements = [ 55.50525259971619, 54.696250915527344, 54.76757836341858,]
