best-result = 2442.0064980983734
warmup-time = 3055.569910287857
all-measurements = [ 3729.016951560974, 2442.0064980983734, 3084.093605041504,]
