best-result = 49.08007001876831
warmup-time = 72.08448433876038
all-measurements = [ 49.08007001876831, 49.901384592056274, 50.18647003173828,]
