best-result = 78.83719563484192
warmup-time = 98.33880543708801
all-measurements = [ 78.83719563484192, 79.33139634132385, 78.88807964324951,]
