best-result = 36.363449811935425
warmup-time = 45.751689195632935
all-measurements = [ 36.363449811935425, 36.85304832458496, 36.6361198425293,]
