best-result = 353.61079382896423
warmup-time = 483.56772541999817
all-measurements = [ 362.6512565612793, 355.43383598327637, 353.61079382896423,]
