best-result = 59.385579347610474
warmup-time = 60.390549659729004
all-measurements = [ 59.385579347610474, 59.49435615539551, 60.107850313186646,]
