best-result = 25.44161105155945
warmup-time = 26.179527521133423
all-measurements = [ 26.178020000457764, 25.44161105155945, 25.789024829864502,]
