best-result = 38.10082507133484
warmup-time = 35.669899702072144
all-measurements = [ 38.986302614212036, 38.29650831222534, 38.10082507133484,]
