best-result = 30.100404024124146
warmup-time = 31.353296756744385
all-measurements = [ 31.02325940132141, 30.100404024124146, 32.064788579940796,]
