best-result = 262.6267960071564
warmup-time = 272.6587746143341
all-measurements = [ 262.6267960071564, 268.2893807888031, 267.4650762081146,]
