best-result = 36.146031618118286
warmup-time = 38.538031816482544
all-measurements = [ 36.146031618118286, 37.21470665931702, 36.22157883644104,]
