best-result = 111.27599143981934
warmup-time = 114.27422952651978
all-measurements = [ 112.27807235717773, 112.70890974998474, 111.27599143981934,]
