best-result = 40.264466285705566
warmup-time = 41.67243981361389
all-measurements = [ 40.924095153808594, 40.264466285705566, 42.98603010177612,]
