best-result = 47.76475763320923
warmup-time = 48.49573588371277
all-measurements = [ 47.76475763320923, 48.376702308654785, 48.81189441680908,]
