best-result = 33.302268266677856
warmup-time = 34.74281716346741
all-measurements = [ 34.361642837524414, 33.302268266677856, 34.0706832408905,]
