best-result = 61.92843794822693
warmup-time = 63.6349401473999
all-measurements = [ 62.12553882598877, 61.92843794822693, 63.05441212654114,]
