best-result = 227.57436203956604
warmup-time = 231.68568515777588
all-measurements = [ 227.57436203956604, 229.15203285217285, 229.95217561721802,]
