best-result = 527.0953049659729
warmup-time = 530.8364894390106
all-measurements = [ 528.7992219924927, 527.0953049659729, 527.5515892505646,]
