best-result = 37.33804726600647
warmup-time = 37.001551151275635
all-measurements = [ 38.44140386581421, 37.33804726600647, 38.02159786224365,]
