best-result = 28.82640266418457
warmup-time = 28.627336263656616
all-measurements = [ 28.82640266418457, 29.382712841033936, 28.84225106239319,]
