best-result = 70.6411440372467
warmup-time = 86.11817860603333
all-measurements = [ 71.0985336303711, 79.81756472587585, 70.6411440372467,]
