best-result = 61.555317640304565
warmup-time = 63.47262907028198
all-measurements = [ 61.555317640304565, 61.60031747817993, 63.81274461746216,]
