best-result = 27.439096450805664
warmup-time = 27.9977605342865
all-measurements = [ 28.398425579071045, 28.11208415031433, 27.439096450805664,]
