best-result = 32.28091621398926
warmup-time = 35.32145833969116
all-measurements = [ 32.32646822929382, 32.28091621398926, 35.48993706703186,]
