best-result = 32.19713616371155
warmup-time = 34.080724477767944
all-measurements = [ 33.74332094192505, 32.620614767074585, 32.19713616371155,]
