best-result = 42.64180397987366
warmup-time = 42.6403443813324
all-measurements = [ 43.209598779678345, 42.64180397987366, 42.85788106918335,]
