best-result = 96.12766098976135
warmup-time = 100.07094407081604
all-measurements = [ 98.18223309516907, 96.12766098976135, 98.06219816207886,]
