best-result = 27.830573797225952
warmup-time = 28.917284727096558
all-measurements = [ 27.830573797225952, 27.890377283096313, 28.690508365631104,]
