best-result = 34.83137631416321
warmup-time = 34.754645586013794
all-measurements = [ 34.83137631416321, 34.84016942977905, 35.602261781692505,]
