best-result = 88.14248895645142
warmup-time = 89.61118006706238
all-measurements = [ 99.90436697006226, 88.14248895645142, 95.27028703689575,]
