best-result = 39.48015022277832
warmup-time = 39.68457221984863
all-measurements = [ 39.51874899864197, 39.48015022277832, 39.92264723777771,]
