best-result = 44.598201513290405
warmup-time = 44.66383957862854
all-measurements = [ 44.86001110076904, 46.07550644874573, 44.598201513290405,]
