best-result = 28.78827929496765
warmup-time = 28.420825004577637
all-measurements = [ 28.78827929496765, 29.07239532470703, 29.6257643699646,]
