best-result = 693.084864616394
warmup-time = 725.3526635169983
all-measurements = [ 700.2270648479462, 693.084864616394, 705.7465143203735,]
