best-result = 174.65070271492004
warmup-time = 175.85870552062988
all-measurements = [ 174.90564227104187, 174.84196138381958, 174.65070271492004,]
