best-result = 56.30001735687256
warmup-time = 59.01149225234985
all-measurements = [ 67.6669909954071, 56.30001735687256, 66.82784509658813,]
