best-result = 25.622138261795044
warmup-time = 26.61761450767517
all-measurements = [ 26.265324592590332, 26.022122859954834, 25.622138261795044,]
