best-result = 38.11559319496155
warmup-time = 37.79886174201965
all-measurements = [ 39.207666635513306, 38.11559319496155, 39.65825057029724,]
