best-result = 30.853551149368286
warmup-time = 31.873534202575684
all-measurements = [ 31.163350820541382, 32.250744342803955, 30.853551149368286,]
