best-result = 256.2867774963379
warmup-time = 268.55362486839294
all-measurements = [ 261.540611743927, 256.2867774963379, 259.68896985054016,]
