best-result = 35.221601486206055
warmup-time = 36.69460892677307
all-measurements = [ 36.23902940750122, 36.41980457305908, 35.221601486206055,]
