best-result = 118.27266383171082
warmup-time = 119.98474955558777
all-measurements = [ 119.9485969543457, 118.46356463432312, 118.27266383171082,]
