best-result = 39.55027413368225
warmup-time = 40.66563105583191
all-measurements = [ 41.57475209236145, 39.55027413368225, 42.02857804298401,]
