best-result = 48.13575506210327
warmup-time = 49.79863095283508
all-measurements = [ 48.13575506210327, 49.03343319892883, 48.70065498352051,]
