best-result = 33.481979846954346
warmup-time = 33.83201479911804
all-measurements = [ 33.50153160095215, 33.69630479812622, 33.481979846954346,]
