best-result = 36.62667441368103
warmup-time = 37.82115602493286
all-measurements = [ 36.78404974937439, 37.33825612068176, 36.62667441368103,]
