best-result = 58.56667160987854
warmup-time = 63.530312061309814
all-measurements = [ 58.56667160987854, 59.66559147834778, 63.84979557991028,]
