best-result = 227.31613850593567
warmup-time = 229.03346610069275
all-measurements = [ 229.82888293266296, 227.31613850593567, 231.04652667045593,]
