best-result = 514.7890582084656
warmup-time = 536.5832555294037
all-measurements = [ 519.5565013885498, 514.7890582084656, 515.5468552112579,]
