best-result = 35.93699526786804
warmup-time = 37.18935203552246
all-measurements = [ 35.93699526786804, 35.99417567253113, 37.502639293670654,]
