best-result = 29.066916704177856
warmup-time = 29.3045551776886
all-measurements = [ 29.472541093826294, 30.157443046569824, 29.066916704177856,]
