best-result = 66.37092185020447
warmup-time = 70.68667578697205
all-measurements = [ 72.485102891922, 66.37092185020447, 73.610182762146,]
