best-result = 62.7410032749176
warmup-time = 64.43667387962341
all-measurements = [ 64.05117559432983, 63.37374186515808, 62.7410032749176,]
