best-result = 28.466973781585693
warmup-time = 30.149178504943848
all-measurements = [ 28.61742401123047, 28.61138391494751, 28.466973781585693,]
