best-result = 33.38380026817322
warmup-time = 34.87371277809143
all-measurements = [ 35.67365598678589, 33.38380026817322, 35.6502628326416,]
