best-result = 35.06030488014221
warmup-time = 34.74708580970764
all-measurements = [ 35.06030488014221, 36.77957057952881, 35.385650634765625,]
