best-result = 42.255717754364014
warmup-time = 42.38730478286743
all-measurements = [ 43.95372462272644, 44.72597908973694, 42.255717754364014,]
