best-result = 93.73738884925842
warmup-time = 95.02622604370117
all-measurements = [ 93.73738884925842, 96.30177903175354, 96.5954155921936,]
