best-result = 28.448646545410156
warmup-time = 28.757256984710693
all-measurements = [ 28.582575798034668, 30.27945375442505, 28.448646545410156,]
