best-result = 34.60770034790039
warmup-time = 33.360676527023315
all-measurements = [ 35.034119606018066, 34.60770034790039, 35.156633138656616,]
