best-result = 93.83506751060486
warmup-time = 89.69133734703064
all-measurements = [ 96.1539158821106, 93.83506751060486, 96.50332427024841,]
