best-result = 39.189324140548706
warmup-time = 40.13376331329346
all-measurements = [ 41.055686950683594, 39.26043701171875, 39.189324140548706,]
