best-result = 43.00923728942871
warmup-time = 46.54207491874695
all-measurements = [ 43.00923728942871, 45.78950357437134, 45.73625087738037,]
