best-result = 27.42399573326111
warmup-time = 27.735167980194092
all-measurements = [ 27.880805492401123, 28.870779752731323, 27.42399573326111,]
