best-result = 653.9087584018707
warmup-time = 694.1852400302887
all-measurements = [ 662.5512204170227, 663.9266879558563, 653.9087584018707,]
