best-result = 171.5056824684143
warmup-time = 172.6542227268219
all-measurements = [ 172.391615152359, 171.5056824684143, 173.2755799293518,]
