best-result = 56.271599769592285
warmup-time = 59.67714810371399
all-measurements = [ 56.271599769592285, 69.67766046524048, 62.97697830200195,]
