best-result = 22.566083431243896
warmup-time = 22.771653413772583
all-measurements = [ 22.566083431243896, 23.25686740875244, 23.000786781311035,]
