best-result = 46.65767741203308
warmup-time = 64.26650619506836
all-measurements = [ 46.78081679344177, 46.65767741203308, 46.99995017051697,]
