best-result = 46.63776159286499
warmup-time = 58.76627588272095
all-measurements = [ 46.63776159286499, 47.008012533187866, 46.718729734420776,]
