best-result = 937.2366528511047
warmup-time = 1132.018468618393
all-measurements = [ 938.5516097545624, 937.2366528511047, 945.0361361503601,]
