best-result = 84.90067911148071
warmup-time = 100.83015322685242
all-measurements = [ 85.77710843086243, 84.90067911148071, 85.53519177436829,]
