best-result = 81.85142850875854
warmup-time = 102.48940181732178
all-measurements = [ 82.23971819877625, 82.10905241966248, 81.85142850875854,]
