best-result = 69.13771486282349
warmup-time = 93.03757762908936
all-measurements = [ 69.13771486282349, 70.60177397727966, 69.81866669654846,]
