best-result = 91.16424298286438
warmup-time = 105.00205063819885
all-measurements = [ 91.59881854057312, 91.5489490032196, 91.16424298286438,]
