best-result = 646.3013646602631
warmup-time = 672.6981117725372
all-measurements = [ 646.3013646602631, 647.3730540275574, 647.6461799144745,]
