best-result = 65.82430291175842
warmup-time = 78.41148018836975
all-measurements = [ 65.88603901863098, 65.82430291175842, 66.119460105896,]
