best-result = 220.2565577030182
warmup-time = 374.34535574913025
all-measurements = [ 221.19110822677612, 220.2565577030182, 223.40453243255615,]
