best-result = 438.6133711338043
warmup-time = 875.3139519691467
all-measurements = [ 439.21575450897217, 441.0627644062042, 438.6133711338043,]
