best-result = 61.86248445510864
warmup-time = 78.49251961708069
all-measurements = [ 61.86248445510864, 62.27942490577698, 62.29729080200195,]
