best-result = 143.2539258003235
warmup-time = 168.2943868637085
all-measurements = [ 143.2539258003235, 143.97235298156738, 143.7815215587616,]
