best-result = 900.4206082820892
warmup-time = 924.13987159729
all-measurements = [ 903.2368960380554, 900.4206082820892, 905.5121848583221,]
