best-result = 27.33911108970642
warmup-time = 36.29676127433777
all-measurements = [ 27.33911108970642, 27.560112476348877, 27.474424600601196,]
