best-result = 58.80347418785095
warmup-time = 72.4386351108551
all-measurements = [ 58.80347418785095, 59.07078456878662, 59.14060854911804,]
