best-result = 58.96840739250183
warmup-time = 70.94060683250427
all-measurements = [ 59.866066217422485, 58.96840739250183, 59.73399639129639,]
