best-result = 111.15265202522278
warmup-time = 138.30522060394287
all-measurements = [ 111.15265202522278, 111.7396650314331, 111.80395174026489,]
