best-result = 785.3227052688599
warmup-time = 854.8361713886261
all-measurements = [ 788.2150828838348, 789.6835701465607, 785.3227052688599,]
