best-result = 33.601752519607544
warmup-time = 42.094422578811646
all-measurements = [ 33.601752519607544, 34.605472564697266, 33.87041664123535,]
