best-result = 54.76729393005371
warmup-time = 70.68819332122803
all-measurements = [ 55.121413469314575, 55.32838034629822, 54.76729393005371,]
