best-result = 2094.9444212913513
warmup-time = 2800.328057527542
all-measurements = [ 2094.9444212913513, 2273.1962370872498, 2476.999953508377,]
