best-result = 49.45200061798096
warmup-time = 71.4917938709259
all-measurements = [ 49.775561571121216, 49.45200061798096, 50.779013872146606,]
