best-result = 78.39729285240173
warmup-time = 97.72441124916077
all-measurements = [ 79.18594264984131, 78.39729285240173, 78.79138684272766,]
