best-result = 36.63525176048279
warmup-time = 46.07976484298706
all-measurements = [ 36.82930636405945, 36.912333250045776, 36.63525176048279,]
