best-result = 350.6352684497833
warmup-time = 471.5841615200043
all-measurements = [ 354.34802436828613, 368.63359451293945, 350.6352684497833,]
