best-result = 59.81867718696594
warmup-time = 60.90001153945923
all-measurements = [ 60.118762493133545, 59.972686529159546, 59.81867718696594,]
