best-result = 26.05010747909546
warmup-time = 26.13771963119507
all-measurements = [ 26.05010747909546, 26.346426963806152, 26.089120388031006,]
