best-result = 36.343388080596924
warmup-time = 37.454365253448486
all-measurements = [ 36.343388080596924, 37.30635094642639, 37.48311972618103,]
