best-result = 31.65733242034912
warmup-time = 31.97962975502014
all-measurements = [ 31.72620916366577, 31.65733242034912, 31.9892258644104,]
