best-result = 267.4896602630615
warmup-time = 270.822585105896
all-measurements = [ 268.35212421417236, 267.4896602630615, 267.5039484500885,]
