best-result = 35.95596480369568
warmup-time = 37.40126180648804
all-measurements = [ 37.932762145996094, 37.93664860725403, 35.95596480369568,]
