best-result = 40.68144679069519
warmup-time = 41.990437030792236
all-measurements = [ 42.20797061920166, 40.68144679069519, 41.05899453163147,]
