best-result = 48.37051868438721
warmup-time = 48.96283960342407
all-measurements = [ 48.85143971443176, 48.37051868438721, 49.2336905002594,]
