best-result = 33.00798296928406
warmup-time = 34.3776638507843
all-measurements = [ 33.00798296928406, 34.72377896308899, 33.95208764076233,]
