best-result = 37.53044295310974
warmup-time = 38.80929732322693
all-measurements = [ 37.73479676246643, 37.53044295310974, 38.00004720687866,]
