best-result = 61.66157841682434
warmup-time = 64.57944297790527
all-measurements = [ 64.47818565368652, 61.66157841682434, 66.60385918617249,]
