best-result = 226.0213325023651
warmup-time = 228.2908489704132
all-measurements = [ 226.0213325023651, 227.73447394371033, 229.06567454338074,]
