best-result = 520.6212637424469
warmup-time = 535.4114036560059
all-measurements = [ 520.6212637424469, 521.1058738231659, 524.5800597667694,]
