best-result = 35.38631343841553
warmup-time = 38.27087426185608
all-measurements = [ 35.97915983200073, 35.38631343841553, 39.005642890930176,]
