best-result = 76.80019950866699
warmup-time = 83.56017279624939
all-measurements = [ 76.80019950866699, 82.21511602401733, 78.32829642295837,]
