best-result = 62.79327034950256
warmup-time = 63.48981213569641
all-measurements = [ 63.74623703956604, 62.79327034950256, 63.9463791847229,]
