best-result = 27.506747484207153
warmup-time = 28.144110679626465
all-measurements = [ 28.04277229309082, 27.506747484207153, 28.43307614326477,]
