best-result = 35.417203187942505
warmup-time = 35.84422254562378
all-measurements = [ 36.17140817642212, 35.417203187942505, 35.91529321670532,]
