best-result = 33.737082958221436
warmup-time = 34.50767278671265
all-measurements = [ 34.86630034446716, 33.737082958221436, 35.7229208946228,]
