best-result = 42.81257891654968
warmup-time = 41.59126091003418
all-measurements = [ 42.8211727142334, 45.092212200164795, 42.81257891654968,]
