best-result = 96.82070899009705
warmup-time = 98.71420192718506
all-measurements = [ 97.95106172561646, 96.82070899009705, 97.88864541053772,]
