best-result = 28.708967447280884
warmup-time = 28.410467624664307
all-measurements = [ 29.06414532661438, 28.75730872154236, 28.708967447280884,]
