best-result = 33.54061937332153
warmup-time = 34.78469109535217
all-measurements = [ 33.54061937332153, 34.42519760131836, 34.705355167388916,]
