best-result = 86.33066749572754
warmup-time = 91.27459979057312
all-measurements = [ 95.71980834007263, 86.33066749572754, 88.79000353813171,]
