best-result = 39.303661823272705
warmup-time = 39.03607130050659
all-measurements = [ 39.82715916633606, 39.303661823272705, 40.637444496154785,]
