best-result = 44.08276891708374
warmup-time = 46.282249212265015
all-measurements = [ 45.12909913063049, 44.697744846343994, 44.08276891708374,]
