best-result = 27.811051845550537
warmup-time = 27.14645028114319
all-measurements = [ 28.129475831985474, 27.811051845550537, 29.409488201141357,]
