best-result = 699.5199911594391
warmup-time = 737.4380178451538
all-measurements = [ 699.5199911594391, 708.4616582393646, 703.1447145938873,]
