best-result = 175.6483428478241
warmup-time = 176.68381428718567
all-measurements = [ 175.6483428478241, 177.74027943611145, 178.56172943115234,]
