best-result = 65.29552865028381
warmup-time = 67.56996822357178
all-measurements = [ 65.29552865028381, 67.57171583175659, 68.17596817016602,]
