best-result = 25.703706741333008
warmup-time = 26.70695161819458
all-measurements = [ 26.23700523376465, 25.703706741333008, 26.10485053062439,]
