best-result = 36.58283615112305
warmup-time = 37.93201994895935
all-measurements = [ 37.20728826522827, 36.58283615112305, 37.84428858757019,]
