best-result = 30.57405662536621
warmup-time = 31.076420307159424
all-measurements = [ 31.33713126182556, 30.57405662536621, 31.227638244628906,]
