best-result = 253.57208132743835
warmup-time = 261.2760319709778
all-measurements = [ 253.57208132743835, 256.7527151107788, 257.9604425430298,]
