best-result = 36.375508308410645
warmup-time = 36.80076599121094
all-measurements = [ 36.598124265670776, 36.375508308410645, 36.75178360939026,]
