best-result = 112.10602021217346
warmup-time = 113.65981197357178
all-measurements = [ 112.10602021217346, 114.24618744850159, 113.44943141937256,]
