best-result = 35.01595592498779
warmup-time = 34.731056451797485
all-measurements = [ 35.64407420158386, 36.65280723571777, 35.01595592498779,]
