best-result = 41.066565990448
warmup-time = 40.58015513420105
all-measurements = [ 41.70400094985962, 41.066565990448, 41.25070381164551,]
