best-result = 47.10997724533081
warmup-time = 47.489521741867065
all-measurements = [ 49.88368201255798, 47.10997724533081, 47.92022490501404,]
