best-result = 32.74169993400574
warmup-time = 33.27207398414612
all-measurements = [ 33.05942988395691, 33.43037176132202, 32.74169993400574,]
