best-result = 36.62569570541382
warmup-time = 37.82106375694275
all-measurements = [ 37.091240882873535, 36.817742586135864, 36.62569570541382,]
