best-result = 57.878889322280884
warmup-time = 62.06030631065369
all-measurements = [ 62.50106930732727, 57.878889322280884, 60.12772464752197,]
