best-result = 222.750075340271
warmup-time = 228.95461535453796
all-measurements = [ 223.79271149635315, 222.750075340271, 225.12552404403687,]
