best-result = 512.8320050239563
warmup-time = 521.1617851257324
all-measurements = [ 512.8320050239563, 516.6834845542908, 515.9095330238342,]
