best-result = 34.45392322540283
warmup-time = 36.86914372444153
all-measurements = [ 34.45392322540283, 38.65755820274353, 36.9679913520813,]
