best-result = 29.204448461532593
warmup-time = 29.085158348083496
all-measurements = [ 29.204448461532593, 29.356910943984985, 29.208251953125,]
