best-result = 76.71690559387207
warmup-time = 80.64849638938904
all-measurements = [ 80.1124279499054, 76.71690559387207, 79.1781017780304,]
