best-result = 61.275152921676636
warmup-time = 62.504723072052
all-measurements = [ 61.275373220443726, 61.275152921676636, 62.64727544784546,]
