best-result = 27.991156816482544
warmup-time = 28.757195234298706
all-measurements = [ 28.79132080078125, 27.991156816482544, 29.18912982940674,]
