best-result = 35.02935552597046
warmup-time = 34.65324521064758
all-measurements = [ 35.02935552597046, 35.17659854888916, 35.24948072433472,]
