best-result = 32.793177127838135
warmup-time = 34.273903608322144
all-measurements = [ 33.61085629463196, 32.94404220581055, 32.793177127838135,]
