best-result = 42.46909165382385
warmup-time = 43.849178314208984
all-measurements = [ 43.6888587474823, 43.46460747718811, 42.46909165382385,]
