best-result = 95.41118168830872
warmup-time = 95.06359052658081
all-measurements = [ 95.41118168830872, 97.79316091537476, 96.11021900177002,]
