best-result = 27.256035804748535
warmup-time = 27.7953519821167
all-measurements = [ 28.14777684211731, 29.064173936843872, 27.256035804748535,]
