best-result = 34.055625200271606
warmup-time = 34.880483627319336
all-measurements = [ 34.65253043174744, 34.055625200271606, 34.57283616065979,]
