best-result = 87.49704384803772
warmup-time = 97.15996885299683
all-measurements = [ 92.36635756492615, 88.83291506767273, 87.49704384803772,]
