best-result = 38.34588003158569
warmup-time = 37.8235502243042
all-measurements = [ 38.34588003158569, 38.90577816963196, 38.58648991584778,]
