best-result = 43.53762865066528
warmup-time = 46.48421049118042
all-measurements = [ 46.54499530792236, 45.49583554267883, 43.53762865066528,]
