best-result = 49.993597984313965
warmup-time = 50.81096005439758
all-measurements = [ 50.87761068344116, 50.10042405128479, 49.993597984313965,]
