best-result = 28.695688247680664
warmup-time = 28.2030189037323
all-measurements = [ 29.188939809799194, 28.778797388076782, 28.695688247680664,]
