best-result = 639.1659290790558
warmup-time = 679.7792513370514
all-measurements = [ 646.5029227733612, 639.1659290790558, 642.8698601722717,]
