best-result = 170.67624187469482
warmup-time = 176.31179761886597
all-measurements = [ 170.67624187469482, 175.54544401168823, 172.22329258918762,]
