best-result = 58.25848317146301
warmup-time = 67.61934661865234
all-measurements = [ 63.49689054489136, 64.10854816436768, 58.25848317146301,]
