best-result = 22.46811866760254
warmup-time = 22.661001682281494
all-measurements = [ 22.46811866760254, 22.596688508987427, 22.567014455795288,]
