best-result = 47.93969202041626
warmup-time = 67.20086646080017
all-measurements = [ 47.93969202041626, 48.080976486206055, 48.13560605049133,]
