best-result = 47.528146743774414
warmup-time = 60.695915937423706
all-measurements = [ 48.575785398483276, 47.528146743774414, 47.674402475357056,]
