best-result = 1006.9306170940399
warmup-time = 1216.8626766204834
all-measurements = [ 1018.438910484314, 1012.4597382545471, 1006.9306170940399,]
