best-result = 83.11787700653076
warmup-time = 97.49581527709961
all-measurements = [ 83.50098514556885, 84.02471232414246, 83.11787700653076,]
