best-result = 80.14789485931396
warmup-time = 105.51801943778992
all-measurements = [ 81.22839832305908, 80.21500778198242, 80.14789485931396,]
