best-result = 69.59544062614441
warmup-time = 94.76867151260376
all-measurements = [ 70.84524941444397, 70.60726761817932, 69.59544062614441,]
