best-result = 85.49116134643555
warmup-time = 100.28278923034668
all-measurements = [ 86.31637406349182, 85.49116134643555, 85.59788751602173,]
