best-result = 596.9420294761658
warmup-time = 609.4210569858551
all-measurements = [ 600.0817320346832, 596.9420294761658, 606.0516529083252,]
