best-result = 63.59386849403381
warmup-time = 78.26627159118652
all-measurements = [ 64.22214651107788, 63.59386849403381, 64.49352645874023,]
