best-result = 234.73078608512878
warmup-time = 424.1689074039459
all-measurements = [ 237.17469310760498, 235.5143404006958, 234.73078608512878,]
