best-result = 439.9378526210785
warmup-time = 961.4383471012115
all-measurements = [ 444.86710953712463, 449.38058972358704, 439.9378526210785,]
