best-result = 61.824342012405396
warmup-time = 79.9885048866272
all-measurements = [ 62.009146213531494, 61.824342012405396, 62.83360171318054,]
