best-result = 885.9778988361359
warmup-time = 925.3111610412598
all-measurements = [ 889.363242149353, 886.8521122932434, 885.9778988361359,]
