best-result = 27.85374093055725
warmup-time = 36.80493378639221
all-measurements = [ 27.85374093055725, 28.60668969154358, 28.141106843948364,]
