best-result = 56.221426010131836
warmup-time = 72.47957634925842
all-measurements = [ 56.70511865615845, 56.44429111480713, 56.221426010131836,]
