best-result = 111.54603600502014
warmup-time = 148.0703194141388
all-measurements = [ 111.89538407325745, 111.8289840221405, 111.54603600502014,]
