best-result = 776.1576869487762
warmup-time = 854.5646741390228
all-measurements = [ 784.3559193611145, 776.8276855945587, 776.1576869487762,]
