best-result = 53.87281370162964
warmup-time = 71.60444164276123
all-measurements = [ 54.37238359451294, 54.02116107940674, 53.87281370162964,]
