best-result = 50.63662552833557
warmup-time = 72.1134922504425
all-measurements = [ 53.02142930030823, 50.63662552833557, 50.762657165527344,]
