best-result = 79.80773115158081
warmup-time = 98.84120392799377
all-measurements = [ 79.80773115158081, 80.43951511383057, 80.00487279891968,]
