best-result = 36.1777184009552
warmup-time = 46.35318875312805
all-measurements = [ 36.269532203674316, 36.1777184009552, 36.186734437942505,]
