best-result = 359.00435280799866
warmup-time = 524.0013270378113
all-measurements = [ 359.00435280799866, 369.35581612586975, 362.32347559928894,]
