best-result = 105.13644552230835
warmup-time = 105.8102195262909
all-measurements = [ 105.15434956550598, 105.13644552230835, 105.1571216583252,]
