best-result = 26.659644603729248
warmup-time = 27.41353178024292
all-measurements = [ 26.659644603729248, 26.98829960823059, 27.205902576446533,]
