best-result = 35.817224740982056
warmup-time = 38.07006764411926
all-measurements = [ 38.72281289100647, 35.817224740982056, 38.848233461380005,]
