best-result = 32.20980215072632
warmup-time = 33.85035252571106
all-measurements = [ 32.78267049789429, 32.567049503326416, 32.20980215072632,]
