best-result = 267.4646828174591
warmup-time = 274.2876355648041
all-measurements = [ 267.4747529029846, 270.1530108451843, 267.4646828174591,]
