best-result = 37.21422743797302
warmup-time = 38.29962658882141
all-measurements = [ 37.21422743797302, 38.30277419090271, 38.914562940597534,]
