best-result = 115.07115530967712
warmup-time = 117.43706178665161
all-measurements = [ 117.69978523254395, 115.07115530967712, 118.52031230926514,]
