best-result = 41.724894762039185
warmup-time = 43.45787024497986
all-measurements = [ 42.53368091583252, 42.43059182167053, 41.724894762039185,]
