best-result = 48.487709522247314
warmup-time = 49.80946063995361
all-measurements = [ 49.21336841583252, 48.487709522247314, 49.58645582199097,]
