best-result = 34.9891574382782
warmup-time = 34.76572585105896
all-measurements = [ 35.000349283218384, 35.194241762161255, 34.9891574382782,]
