best-result = 38.226184606552124
warmup-time = 39.3974494934082
all-measurements = [ 38.226184606552124, 38.49884629249573, 38.60525035858154,]
