best-result = 62.52336931228638
warmup-time = 66.08794069290161
all-measurements = [ 62.52336931228638, 63.13941025733948, 64.78050971031189,]
