best-result = 231.9142405986786
warmup-time = 238.948059797287
all-measurements = [ 251.89420080184937, 231.9142405986786, 236.55734610557556,]
