best-result = 531.0224056243896
warmup-time = 534.0096049308777
all-measurements = [ 531.0224056243896, 534.0942008495331, 535.0480847358704,]
