best-result = 38.18994617462158
warmup-time = 39.480313777923584
all-measurements = [ 38.18994617462158, 38.81953263282776, 42.07151246070862,]
