best-result = 29.816068410873413
warmup-time = 29.55928325653076
all-measurements = [ 29.890602827072144, 29.816068410873413, 29.850502967834473,]
