best-result = 73.97253513336182
warmup-time = 81.02427625656128
all-measurements = [ 80.87171459197998, 73.97253513336182, 75.45917129516602,]
