best-result = 62.78327775001526
warmup-time = 62.87775993347168
all-measurements = [ 62.78327775001526, 63.07153511047363, 63.94626569747925,]
