best-result = 28.7783682346344
warmup-time = 29.29980993270874
all-measurements = [ 28.7783682346344, 28.94394040107727, 30.505993604660034,]
