best-result = 36.01893329620361
warmup-time = 33.471961975097656
all-measurements = [ 36.732197761535645, 37.50818347930908, 36.01893329620361,]
