best-result = 34.52795672416687
warmup-time = 34.048255920410156
all-measurements = [ 34.72563433647156, 34.52795672416687, 36.65402126312256,]
