best-result = 43.21835136413574
warmup-time = 43.758886098861694
all-measurements = [ 43.85566020011902, 43.21835136413574, 44.32436394691467,]
