best-result = 99.2806134223938
warmup-time = 99.37384939193726
all-measurements = [ 99.2806134223938, 100.54526448249817, 101.40998482704163,]
