best-result = 30.035123109817505
warmup-time = 30.25473713874817
all-measurements = [ 30.770644664764404, 30.26788020133972, 30.035123109817505,]
