best-result = 35.772411823272705
warmup-time = 36.03830575942993
all-measurements = [ 35.964006423950195, 35.772411823272705, 36.930147647857666,]
