best-result = 90.41540861129761
warmup-time = 93.4147801399231
all-measurements = [ 92.11232209205627, 103.53789186477661, 90.41540861129761,]
