best-result = 39.504125356674194
warmup-time = 40.30502533912659
all-measurements = [ 40.71825361251831, 40.02806735038757, 39.504125356674194,]
