best-result = 43.77770924568176
warmup-time = 45.03065586090088
all-measurements = [ 47.019163846969604, 45.87906217575073, 43.77770924568176,]
