best-result = 29.17804765701294
warmup-time = 28.845420360565186
all-measurements = [ 30.242512226104736, 29.17804765701294, 29.39919948577881,]
