best-result = 661.5523750782013
warmup-time = 697.1096568107605
all-measurements = [ 661.5523750782013, 664.907285451889, 666.6166613101959,]
