best-result = 176.2774040699005
warmup-time = 183.23911571502686
all-measurements = [ 180.08503246307373, 178.5349564552307, 176.2774040699005,]
