best-result = 70.69540548324585
warmup-time = 58.33117461204529
all-measurements = [ 73.27475094795227, 70.69540548324585, 73.95455551147461,]
