best-result = 25.681633234024048
warmup-time = 26.369483709335327
all-measurements = [ 26.493362426757812, 26.254407167434692, 25.681633234024048,]
