best-result = 36.81370282173157
warmup-time = 40.872801065444946
all-measurements = [ 38.936981439590454, 36.81370282173157, 38.417810678482056,]
