best-result = 31.85863757133484
warmup-time = 31.816027879714966
all-measurements = [ 31.85863757133484, 32.099817514419556, 33.00682735443115,]
