best-result = 282.16583132743835
warmup-time = 286.99507880210876
all-measurements = [ 282.4950792789459, 284.6722149848938, 282.16583132743835,]
