best-result = 36.22262263298035
warmup-time = 36.3700966835022
all-measurements = [ 37.06614327430725, 37.928404331207275, 36.22262263298035,]
