best-result = 43.543928384780884
warmup-time = 43.48743724822998
all-measurements = [ 45.25913906097412, 44.783138036727905, 43.543928384780884,]
