best-result = 50.72470045089722
warmup-time = 51.48654794692993
all-measurements = [ 53.265695333480835, 52.89904427528381, 50.72470045089722,]
