best-result = 35.504703760147095
warmup-time = 35.954076290130615
all-measurements = [ 35.84441351890564, 35.504703760147095, 35.6123309135437,]
