best-result = 38.890469789505005
warmup-time = 39.56894898414612
all-measurements = [ 38.890469789505005, 39.169655084609985, 39.525076389312744,]
