best-result = 61.20597314834595
warmup-time = 61.86702084541321
all-measurements = [ 61.20597314834595, 63.096569538116455, 63.887869119644165,]
