best-result = 253.98167085647583
warmup-time = 256.5366208553314
all-measurements = [ 255.0399947166443, 256.5956480503082, 253.98167085647583,]
