best-result = 582.989070892334
warmup-time = 587.7593171596527
all-measurements = [ 583.994930267334, 587.5324420928955, 582.989070892334,]
