best-result = 35.871580839157104
warmup-time = 38.111881256103516
all-measurements = [ 35.871580839157104, 38.47643971443176, 37.982109785079956,]
