best-result = 67.31150507926941
warmup-time = 66.62076234817505
all-measurements = [ 67.59263706207275, 67.31150507926941, 67.60773968696594,]
