best-result = 28.42743945121765
warmup-time = 28.427565336227417
all-measurements = [ 28.42743945121765, 29.211499214172363, 29.588814973831177,]
