best-result = 33.52822685241699
warmup-time = 37.63725304603577
all-measurements = [ 33.52822685241699, 36.85382127761841, 34.85582160949707,]
