best-result = 33.95933938026428
warmup-time = 32.9849796295166
all-measurements = [ 34.42554450035095, 33.95933938026428, 34.0972261428833,]
