best-result = 42.60623645782471
warmup-time = 44.48915481567383
all-measurements = [ 43.757760524749756, 42.60623645782471, 44.92603540420532,]
