best-result = 102.60005235671997
warmup-time = 102.39283585548401
all-measurements = [ 104.37731862068176, 105.58278918266296, 102.60005235671997,]
