best-result = 27.806840896606445
warmup-time = 28.181758880615234
all-measurements = [ 28.23296332359314, 27.806840896606445, 30.279812335968018,]
