best-result = 34.58430290222168
warmup-time = 35.78332805633545
all-measurements = [ 35.482486963272095, 35.21018576622009, 34.58430290222168,]
