best-result = 39.587740659713745
warmup-time = 40.34930205345154
all-measurements = [ 39.587740659713745, 40.920748472213745, 40.61223578453064,]
