best-result = 43.83501696586609
warmup-time = 45.10063982009888
all-measurements = [ 44.876511096954346, 43.83501696586609, 45.2191481590271,]
