best-result = 28.803969860076904
warmup-time = 28.897406339645386
all-measurements = [ 29.08886694908142, 28.803969860076904, 29.58025360107422,]
