best-result = 726.0859153270721
warmup-time = 724.5162227153778
all-measurements = [ 747.4947199821472, 729.6640629768372, 726.0859153270721,]
