best-result = 192.36418652534485
warmup-time = 192.5673794746399
all-measurements = [ 196.62766885757446, 192.36418652534485, 192.5758559703827,]
