best-result = 43.89172649383545
warmup-time = 46.145734786987305
all-measurements = [ 44.937007665634155, 43.89172649383545, 45.57255554199219,]
