best-result = 25.85462975502014
warmup-time = 26.016790628433228
all-measurements = [ 25.97135043144226, 25.896424531936646, 25.85462975502014,]
