best-result = 37.37800645828247
warmup-time = 37.40400242805481
all-measurements = [ 37.80002808570862, 37.51104760169983, 37.37800645828247,]
