best-result = 30.852311372756958
warmup-time = 31.598689317703247
all-measurements = [ 31.43032217025757, 31.53410816192627, 30.852311372756958,]
