best-result = 264.5843086242676
warmup-time = 268.9845464229584
all-measurements = [ 268.1603605747223, 264.5843086242676, 266.0556788444519,]
