best-result = 35.22092938423157
warmup-time = 37.61674785614014
all-measurements = [ 35.22092938423157, 36.93871545791626, 35.85032320022583,]
