best-result = 111.29007387161255
warmup-time = 114.47482204437256
all-measurements = [ 111.53533291816711, 114.37713360786438, 111.29007387161255,]
