best-result = 40.96659255027771
warmup-time = 42.92582964897156
all-measurements = [ 40.96659255027771, 43.91715145111084, 42.15141224861145,]
