best-result = 47.82719349861145
warmup-time = 47.56015467643738
all-measurements = [ 48.80621695518494, 48.196797370910645, 47.82719349861145,]
