best-result = 33.05356502532959
warmup-time = 33.76393961906433
all-measurements = [ 34.538004636764526, 34.06947922706604, 33.05356502532959,]
