best-result = 36.632993936538696
warmup-time = 37.77479290962219
all-measurements = [ 36.632993936538696, 37.453136920928955, 37.857547760009766,]
