best-result = 59.366316080093384
warmup-time = 64.77534461021423
all-measurements = [ 59.366316080093384, 62.99060034751892, 60.197335958480835,]
