best-result = 226.80803155899048
warmup-time = 231.2075674533844
all-measurements = [ 226.80803155899048, 229.301176071167, 230.1392285823822,]
