best-result = 523.5538964271545
warmup-time = 528.4057385921478
all-measurements = [ 523.918466091156, 523.9043524265289, 523.5538964271545,]
