best-result = 36.53738498687744
warmup-time = 37.162545680999756
all-measurements = [ 36.53738498687744, 36.847999572753906, 36.64336180686951,]
