best-result = 27.99928331375122
warmup-time = 29.611809968948364
all-measurements = [ 28.899824619293213, 27.99928331375122, 28.793436288833618,]
