best-result = 73.92191052436829
warmup-time = 77.26873660087585
all-measurements = [ 79.93637824058533, 73.92191052436829, 79.3916244506836,]
