best-result = 62.27382493019104
warmup-time = 65.76592111587524
all-measurements = [ 62.27382493019104, 62.30249094963074, 62.84523248672485,]
