best-result = 27.410409688949585
warmup-time = 27.92233896255493
all-measurements = [ 28.031275033950806, 28.140559196472168, 27.410409688949585,]
