best-result = 35.28239345550537
warmup-time = 32.2732412815094
all-measurements = [ 35.59674072265625, 35.48975610733032, 35.28239345550537,]
