best-result = 32.77684426307678
warmup-time = 33.88256788253784
all-measurements = [ 32.77684426307678, 34.15624523162842, 34.30719542503357,]
