best-result = 42.14798307418823
warmup-time = 42.894179821014404
all-measurements = [ 42.819552421569824, 42.14798307418823, 42.696141958236694,]
