best-result = 96.16128778457642
warmup-time = 101.2889666557312
all-measurements = [ 97.36527395248413, 97.43299269676208, 96.16128778457642,]
