best-result = 28.15841054916382
warmup-time = 27.719380617141724
all-measurements = [ 28.450677633285522, 28.15841054916382, 28.56263256072998,]
