best-result = 34.68870663642883
warmup-time = 34.166070222854614
all-measurements = [ 35.980412006378174, 35.35222601890564, 34.68870663642883,]
