best-result = 89.4043173789978
warmup-time = 89.91711664199829
all-measurements = [ 89.4043173789978, 99.84315943717957, 92.87035894393921,]
