best-result = 38.115676403045654
warmup-time = 38.30082154273987
all-measurements = [ 38.115676403045654, 39.57888317108154, 40.34023404121399,]
