best-result = 42.8415470123291
warmup-time = 47.192497968673706
all-measurements = [ 43.98930263519287, 43.473512411117554, 42.8415470123291,]
