best-result = 27.893523931503296
warmup-time = 28.84023356437683
all-measurements = [ 27.893523931503296, 28.174577474594116, 28.791402339935303,]
