best-result = 697.7571444511414
warmup-time = 720.4911158084869
all-measurements = [ 708.5916845798492, 699.7374238967896, 697.7571444511414,]
