best-result = 176.05050897598267
warmup-time = 175.77231645584106
all-measurements = [ 177.4600510597229, 178.4974069595337, 176.05050897598267,]
