best-result = 59.70790433883667
warmup-time = 64.56846070289612
all-measurements = [ 66.67069268226624, 68.82968258857727, 59.70790433883667,]
