best-result = 23.25249695777893
warmup-time = 23.406805992126465
all-measurements = [ 23.25249695777893, 23.429357290267944, 23.458970069885254,]
