best-result = 46.8297164440155
warmup-time = 63.9536395072937
all-measurements = [ 47.201070070266724, 47.01372671127319, 46.8297164440155,]
