best-result = 46.633862018585205
warmup-time = 58.073697090148926
all-measurements = [ 47.12939739227295, 49.86896896362305, 46.633862018585205,]
