best-result = 897.4425039291382
warmup-time = 1113.2516281604767
all-measurements = [ 902.7256848812103, 921.1231968402863, 897.4425039291382,]
