best-result = 85.55092453956604
warmup-time = 100.0852358341217
all-measurements = [ 85.55092453956604, 86.45519924163818, 87.12322092056274,]
