best-result = 984.8165595531464
warmup-time = 1015.2786319255829
all-measurements = [ 990.2017233371735, 984.8165595531464, 987.2128429412842,]
