best-result = 82.53251194953918
warmup-time = 104.52719306945801
all-measurements = [ 83.72751760482788, 82.53251194953918, 83.45211720466614,]
