best-result = 67.72397089004517
warmup-time = 89.27539157867432
all-measurements = [ 67.72397089004517, 68.6945013999939, 68.02647113800049,]
