best-result = 91.40128231048584
warmup-time = 105.60173916816711
all-measurements = [ 91.40128231048584, 91.68620777130127, 93.2346978187561,]
