best-result = 646.8165919780731
warmup-time = 657.2518796920776
all-measurements = [ 646.8165919780731, 652.5710310935974, 650.3277184963226,]
