best-result = 62.01643395423889
warmup-time = 78.68838930130005
all-measurements = [ 62.331326484680176, 62.01643395423889, 62.2488067150116,]
