best-result = 205.47464442253113
warmup-time = 365.3553042411804
all-measurements = [ 205.9343707561493, 206.249587059021, 205.47464442253113,]
