best-result = 427.0129358768463
warmup-time = 900.4716131687164
all-measurements = [ 429.04783749580383, 427.0129358768463, 428.60701417922974,]
