best-result = 62.9521963596344
warmup-time = 80.57543301582336
all-measurements = [ 62.9521963596344, 63.15109205245972, 63.65255427360535,]
