best-result = 40.12724709510803
warmup-time = 48.44678592681885
all-measurements = [ 40.60559964179993, 40.12724709510803, 40.88582706451416,]
