best-result = 135.65377163887024
warmup-time = 159.07145404815674
all-measurements = [ 135.76216435432434, 135.7899272441864, 135.65377163887024,]
