best-result = 914.1730091571808
warmup-time = 944.5904517173767
all-measurements = [ 916.3924398422241, 919.650714635849, 914.1730091571808,]
