best-result = 27.93734383583069
warmup-time = 37.33289051055908
all-measurements = [ 27.93734383583069, 28.141805410385132, 28.96666431427002,]
