best-result = 57.75597023963928
warmup-time = 70.68270635604858
all-measurements = [ 57.75597023963928, 57.92833137512207, 58.02348852157593,]
