best-result = 60.13183903694153
warmup-time = 77.51845407485962
all-measurements = [ 60.13183903694153, 60.94096922874451, 61.34231901168823,]
