best-result = 110.13402152061462
warmup-time = 139.02392601966858
all-measurements = [ 110.13402152061462, 110.61375713348389, 110.19269871711731,]
