best-result = 777.210216999054
warmup-time = 873.1622467041016
all-measurements = [ 779.5532484054565, 783.842118024826, 777.210216999054,]
