best-result = 34.22215795516968
warmup-time = 42.78536033630371
all-measurements = [ 34.22215795516968, 34.45179462432861, 34.28625011444092,]
