best-result = 55.706875801086426
warmup-time = 71.007572889328
all-measurements = [ 56.42814588546753, 55.706875801086426, 55.71879601478577,]
