best-result = 1506.8805186748505
warmup-time = 1432.6594524383545
all-measurements = [ 1506.8805186748505, 1754.8067455291748, 2226.6854207515717,]
