best-result = 48.471022605895996
warmup-time = 70.42211484909058
all-measurements = [ 48.9038987159729, 49.74549055099487, 48.471022605895996,]
