best-result = 80.69967937469482
warmup-time = 100.32993769645691
all-measurements = [ 81.0559298992157, 80.69967937469482, 81.59595346450806,]
