best-result = 37.37671256065369
warmup-time = 46.67396259307861
all-measurements = [ 37.67825746536255, 37.530818462371826, 37.37671256065369,]
