best-result = 333.16547322273254
warmup-time = 484.71386098861694
all-measurements = [ 333.16547322273254, 337.3792214393616, 337.29839396476746,]
