best-result = 59.09092688560486
warmup-time = 60.240832567214966
all-measurements = [ 59.09092688560486, 59.3483407497406, 59.85180354118347,]
