best-result = 23.50128197669983
warmup-time = 23.48750352859497
all-measurements = [ 23.50128197669983, 24.036906480789185, 24.252121686935425,]
