best-result = 46.929216384887695
warmup-time = 65.46262407302856
all-measurements = [ 46.929216384887695, 47.246694803237915, 47.540446043014526,]
