best-result = 46.94382357597351
warmup-time = 58.46452236175537
all-measurements = [ 46.94382357597351, 47.29231238365173, 47.32102370262146,]
