best-result = 892.2190628051758
warmup-time = 1108.7606234550476
all-measurements = [ 897.6553864479065, 910.387877702713, 892.2190628051758,]
