best-result = 86.21615505218506
warmup-time = 101.83877468109131
all-measurements = [ 86.21615505218506, 86.59609723091125,]
