best-result = 989.5510439872742
warmup-time = 1025.4048869609833
all-measurements = [ 989.606308221817, 993.6739032268524, 989.5510439872742,]
