best-result = 83.77791452407837
warmup-time = 104.79410409927368
all-measurements = [ 84.6002106666565, 85.76587557792664, 83.77791452407837,]
