best-result = 68.26454901695251
warmup-time = 87.88357019424438
all-measurements = [ 68.92734098434448, 68.26454901695251, 68.79027342796326,]
