best-result = 92.37265872955322
warmup-time = 105.23947095870972
all-measurements = [ 93.14767789840698, 92.49154758453369, 92.37265872955322,]
