best-result = 651.1028914451599
warmup-time = 667.0841479301453
all-measurements = [ 651.1028914451599, 653.2028651237488, 654.160952091217,]
