best-result = 62.95178985595703
warmup-time = 78.44782137870789
all-measurements = [ 62.95178985595703, 63.244863510131836, 63.21997332572937,]
