best-result = 206.03537344932556
warmup-time = 360.90317821502686
all-measurements = [ 206.03537344932556, 206.20419025421143, 206.24027180671692,]
