best-result = 386.521484375
warmup-time = 825.6296179294586
all-measurements = [ 386.521484375, 389.89535880088806, 389.402161359787,]
