best-result = 63.00695466995239
warmup-time = 78.88123178482056
all-measurements = [ 63.38126254081726, 63.00695466995239, 64.0435242652893,]
