best-result = 40.97813034057617
warmup-time = 48.8273606300354
all-measurements = [ 41.07443284988403, 41.237985372543335, 40.97813034057617,]
