best-result = 135.87845253944397
warmup-time = 161.9872443675995
all-measurements = [ 136.1900451183319, 135.90089511871338, 135.87845253944397,]
