best-result = 931.0973212718964
warmup-time = 960.0788607597351
all-measurements = [ 931.0973212718964, 962.9563336372375, 932.612054347992,]
