best-result = 28.221245050430298
warmup-time = 36.62210822105408
all-measurements = [ 28.60930824279785, 28.42647695541382, 28.221245050430298,]
