best-result = 57.64395332336426
warmup-time = 70.47763276100159
all-measurements = [ 57.64395332336426, 58.171788454055786, 58.2458279132843,]
