best-result = 60.174816846847534
warmup-time = 75.29126000404358
all-measurements = [ 61.56486368179321, 60.51259207725525, 60.174816846847534,]
