best-result = 110.79711079597473
warmup-time = 138.1359522342682
all-measurements = [ 110.8013744354248, 110.79711079597473, 110.91323232650757,]
