best-result = 776.5202896595001
warmup-time = 843.8606722354889
all-measurements = [ 776.5202896595001, 782.8145427703857, 781.2017645835876,]
