best-result = 34.31313347816467
warmup-time = 42.4490225315094
all-measurements = [ 34.660064458847046, 34.31313347816467, 34.9722957611084,]
