best-result = 56.108020305633545
warmup-time = 71.82340979576111
all-measurements = [ 56.36797308921814, 56.473392724990845, 56.108020305633545,]
