best-result = 1669.838146686554
warmup-time = 2552.7512383461
all-measurements = [ 1868.008755683899, 2927.09254693985, 1669.838146686554,]
