best-result = 49.208017349243164
warmup-time = 69.37840867042542
all-measurements = [ 49.494744300842285, 49.23355960845947, 49.208017349243164,]
