best-result = 83.16788697242737
warmup-time = 100.54684138298035
all-measurements = [ 84.48940873146057, 83.53614592552185, 83.16788697242737,]
