best-result = 38.183377265930176
warmup-time = 48.001312255859375
all-measurements = [ 38.24772834777832, 38.183377265930176, 38.97594738006592,]
