best-result = 328.26245307922363
warmup-time = 475.987361907959
all-measurements = [ 335.1989402770996, 328.26245307922363, 336.8784372806549,]
