best-result = 59.23556399345398
warmup-time = 60.05309057235718
all-measurements = [ 59.95908451080322, 59.38397455215454, 59.23556399345398,]
