best-result = 25.34227418899536
warmup-time = 25.515368461608887
all-measurements = [ 25.50016188621521, 25.662540197372437, 25.34227418899536,]
memory-traffic = 885
