best-result = 36.10407638549805
warmup-time = 38.48197102546692
all-measurements = [ 38.4133996963501, 36.10407638549805, 38.64981412887573,]
memory-traffic = 1153
