best-result = 31.055778980255127
warmup-time = 33.66275930404663
all-measurements = [ 32.117231607437134, 31.055778980255127, 33.155654430389404,]
memory-traffic = 967
