best-result = 264.9965093135834
warmup-time = 274.1022002696991
all-measurements = [ 264.9965093135834, 267.9745376110077, 265.15655636787415,]
memory-traffic = 15245
