best-result = 35.68980574607849
warmup-time = 38.416507959365845
all-measurements = [ 37.01333451271057, 35.68980574607849, 37.29260873794556,]
memory-traffic = 959
