best-result = 40.540242195129395
warmup-time = 43.47807741165161
all-measurements = [ 41.650169134140015, 42.493608713150024, 40.540242195129395,]
memory-traffic = 1499
