best-result = 49.91872715950012
warmup-time = 52.67983531951904
all-measurements = [ 49.91872715950012, 50.49889874458313, 50.13606071472168,]
memory-traffic = 2275
