best-result = 34.37212133407593
warmup-time = 37.03496789932251
all-measurements = [ 35.83483147621155, 34.84243726730347, 34.37212133407593,]
memory-traffic = 1005
