best-result = 37.78365731239319
warmup-time = 40.04544758796692
all-measurements = [ 38.00578737258911, 37.78365731239319, 48.09118437767029,]
memory-traffic = 1240
