best-result = 60.391740560531616
warmup-time = 66.29660511016846
all-measurements = [ 60.391740560531616, 64.78396344184875, 62.91950798034668,]
memory-traffic = 2483
