best-result = 226.26281762123108
warmup-time = 233.47573590278625
all-measurements = [ 227.78570532798767, 227.59090614318848, 226.26281762123108,]
memory-traffic = 11862
