best-result = 524.5809943675995
warmup-time = 528.6733539104462
all-measurements = [ 527.4911942481995, 526.7146732807159, 524.5809943675995,]
memory-traffic = 35194
