best-result = 34.331178188323975
warmup-time = 37.78995060920715
all-measurements = [ 35.63130259513855, 36.310290575027466, 34.331178188323975,]
memory-traffic = 1189
