best-result = 63.45136880874634
warmup-time = 65.03049159049988
all-measurements = [ 63.45136880874634, 63.80909538269043, 63.99084663391113,]
memory-traffic = 2925
