best-result = 27.281402587890625
warmup-time = 29.113813400268555
all-measurements = [ 27.281402587890625, 28.446869373321533, 27.627605199813843,]
memory-traffic = 586
