best-result = 35.76800298690796
warmup-time = 35.645132541656494
all-measurements = [ 35.76800298690796, 36.061354875564575, 36.13765621185303,]
memory-traffic = 847
