best-result = 32.62104082107544
warmup-time = 36.163504123687744
all-measurements = [ 33.93810153007507, 32.62104082107544, 32.84545135498047,]
memory-traffic = 1028
