best-result = 42.7173798084259
warmup-time = 46.716562271118164
all-measurements = [ 43.41677212715149, 45.50107431411743, 42.7173798084259,]
memory-traffic = 1802
