best-result = 98.03813791275024
warmup-time = 99.60509705543518
all-measurements = [ 98.3439416885376, 98.09197187423706, 98.03813791275024,]
memory-traffic = 5317
