best-result = 28.911552667617798
warmup-time = 30.893174409866333
all-measurements = [ 29.20384907722473, 28.911552667617798, 29.54313039779663,]
memory-traffic = 580
