best-result = 34.75165343284607
warmup-time = 37.44072890281677
all-measurements = [ 35.01098918914795, 34.75165343284607, 35.90092325210571,]
memory-traffic = 1016
