best-result = 91.9392147064209
warmup-time = 96.01500988006592
all-measurements = [ 94.1101438999176, 91.9392147064209, 92.46299076080322,]
memory-traffic = 7010
