best-result = 39.6386194229126
warmup-time = 41.399455547332764
all-measurements = [ 41.722171783447266, 39.6386194229126, 41.33535385131836,]
memory-traffic = 1389
