best-result = 44.18371844291687
warmup-time = 47.20675230026245
all-measurements = [ 44.18371844291687, 44.861249923706055, 45.84364604949951,]
memory-traffic = 1553
