best-result = 27.38380765914917
warmup-time = 30.885326623916626
all-measurements = [ 27.5641872882843, 28.043250799179077, 27.38380765914917,]
memory-traffic = 611
