best-result = 683.6000823974609
warmup-time = 709.1360082626343
all-measurements = [ 693.0073873996735, 694.7927808761597, 683.6000823974609,]
