best-result = 175.71567511558533
warmup-time = 175.80214166641235
all-measurements = [ 175.71567511558533, 179.4037401676178, 178.90433359146118,]
memory-traffic = 10974
