best-result = 41.33979105949402
warmup-time = 45.49946188926697
all-measurements = [ 42.71459221839905, 41.33979105949402, 42.55566644668579,]
memory-traffic = 1702
