best-result = 22.75149893760681
warmup-time = 22.90758442878723
all-measurements = [ 22.75149893760681, 22.980289459228516, 22.77095937728882,]
