best-result = 46.54408621788025
warmup-time = 63.33929443359375
all-measurements = [ 46.54408621788025, 47.09709978103638, 46.96955847740173,]
