best-result = 46.38012337684631
warmup-time = 59.20274353027344
all-measurements = [ 46.6732919216156, 46.3936550617218, 46.38012337684631,]
