best-result = 937.1246056556702
warmup-time = 1132.4883303642273
all-measurements = [ 942.7238352298737, 945.6205637454987, 937.1246056556702,]
