best-result = 84.53192615509033
warmup-time = 99.3702712059021
all-measurements = [ 84.53192615509033, 85.79707288742065, 85.51991152763367,]
