best-result = 82.44216656684875
warmup-time = 102.99297881126404
all-measurements = [ 82.44216656684875, 82.62192010879517, 90.8949556350708,]
