best-result = 69.85161519050598
warmup-time = 97.79000449180603
all-measurements = [ 70.97876071929932, 70.51351165771484, 69.85161519050598,]
