best-result = 90.5935320854187
warmup-time = 106.39314103126526
all-measurements = [ 91.0032000541687, 90.87092351913452, 90.5935320854187,]
