best-result = 630.0764057636261
warmup-time = 648.399739742279
all-measurements = [ 630.0764057636261, 633.786678314209, 633.0792829990387,]
