best-result = 65.06209564208984
warmup-time = 81.22143411636353
all-measurements = [ 65.11500310897827, 65.19775176048279, 65.06209564208984,]
