best-result = 221.10447788238525
warmup-time = 374.5612485408783
all-measurements = [ 221.10447788238525, 226.19537663459778, 223.13971090316772,]
