best-result = 438.19000458717346
warmup-time = 887.4625182151794
all-measurements = [ 440.6004972457886, 444.2436954975128, 438.19000458717346,]
