best-result = 62.07138156890869
warmup-time = 79.88048696517944
all-measurements = [ 62.07138156890869, 62.13500380516052, 62.740116357803345,]
