best-result = 142.70712661743164
warmup-time = 178.34844875335693
all-measurements = [ 142.85708236694336, 142.70712661743164, 142.98429012298584,]
