best-result = 882.5865166187286
warmup-time = 914.1487567424774
all-measurements = [ 890.1519587039948, 882.5865166187286, 888.9882657527924,]
