best-result = 27.318239212036133
warmup-time = 36.82768440246582
all-measurements = [ 27.318239212036133, 27.454425811767578, 27.765823364257812,]
