best-result = 58.68899083137512
warmup-time = 71.79675555229187
all-measurements = [ 59.14395713806152, 58.892101526260376, 58.68899083137512,]
