best-result = 59.74861288070679
warmup-time = 74.84191083908081
all-measurements = [ 59.74861288070679, 59.86347436904907, 76.12511396408081,]
