best-result = 110.2240788936615
warmup-time = 145.77591252326965
all-measurements = [ 111.19695663452148, 111.70419311523438, 110.2240788936615,]
