best-result = 788.6843855381012
warmup-time = 855.8205544948578
all-measurements = [ 790.7840275764465, 788.6843855381012, 788.919725894928,]
