best-result = 33.883973598480225
warmup-time = 41.16264867782593
all-measurements = [ 33.883973598480225, 34.369476079940796, 34.58238363265991,]
