best-result = 55.29023838043213
warmup-time = 71.41174602508545
all-measurements = [ 55.29023838043213, 55.59168362617493, 55.56009531021118,]
