best-result = 2200.353015899658
warmup-time = 2971.4024872779846
all-measurements = [ 2995.0660371780396, 2200.353015899658, 2823.0116815567017,]
