best-result = 49.456809520721436
warmup-time = 73.61170959472656
all-measurements = [ 49.58296751976013, 49.456809520721436, 50.00440192222595,]
