best-result = 78.76429224014282
warmup-time = 98.0741355419159
all-measurements = [ 78.76429224014282, 80.16821360588074, 79.25073599815369,]
