best-result = 36.72853755950928
warmup-time = 46.89873123168945
all-measurements = [ 36.72853755950928, 37.236655473709106, 36.97213292121887,]
