best-result = 352.82595348358154
warmup-time = 492.65818190574646
all-measurements = [ 354.8384816646576, 352.82595348358154, 356.18915128707886,]
