best-result = 59.642353773117065
warmup-time = 60.149230003356934
all-measurements = [ 59.642353773117065, 59.9002001285553, 60.212998151779175,]
