best-result = 26.05066418647766
warmup-time = 26.52840280532837
all-measurements = [ 26.117865800857544, 26.15946078300476, 26.05066418647766,]
