best-result = 37.254626750946045
warmup-time = 38.13750243186951
all-measurements = [ 38.632187366485596, 37.86491870880127, 37.254626750946045,]
