best-result = 30.996031284332275
warmup-time = 31.523557662963867
all-measurements = [ 32.05531978607178, 32.14336180686951, 30.996031284332275,]
