best-result = 262.6972608566284
warmup-time = 271.04361748695374
all-measurements = [ 266.13650155067444, 262.6972608566284, 266.0379755496979,]
