best-result = 36.774357318878174
warmup-time = 37.78345203399658
all-measurements = [ 36.774357318878174, 37.458157539367676, 37.24290060997009,]
