best-result = 39.79911422729492
warmup-time = 41.26910972595215
all-measurements = [ 41.26208209991455, 42.03443455696106, 39.79911422729492,]
