best-result = 48.940171003341675
warmup-time = 49.23375654220581
all-measurements = [ 50.633758306503296, 48.940171003341675, 50.48793148994446,]
