best-result = 32.52166724205017
warmup-time = 36.03549933433533
all-measurements = [ 34.450560092926025, 33.57634449005127, 32.52166724205017,]
