best-result = 36.2633421421051
warmup-time = 36.300018072128296
all-measurements = [ 37.1445415019989, 37.528215646743774, 36.2633421421051,]
