best-result = 63.16722774505615
warmup-time = 66.97060251235962
all-measurements = [ 63.16722774505615, 65.53659057617188, 66.16982364654541,]
