best-result = 224.98861241340637
warmup-time = 228.51836276054382
all-measurements = [ 225.449285030365, 231.75964307785034, 224.98861241340637,]
