best-result = 520.3439464569092
warmup-time = 527.6048469543457
all-measurements = [ 523.0118486881256, 523.757563829422, 520.3439464569092,]
