best-result = 36.793264627456665
warmup-time = 36.913554430007935
all-measurements = [ 36.793264627456665, 37.76694059371948, 37.094923973083496,]
