best-result = 79.93350911140442
warmup-time = 78.79871964454651
all-measurements = [ 79.93350911140442, 82.6589286327362, 81.35173535346985,]
