best-result = 61.887813329696655
warmup-time = 64.56601071357727
all-measurements = [ 61.887813329696655, 62.61382508277893, 62.181275367736816,]
