best-result = 28.80053162574768
warmup-time = 27.89799952507019
all-measurements = [ 28.86540651321411, 29.648226022720337, 28.80053162574768,]
