best-result = 35.66700768470764
warmup-time = 36.18511128425598
all-measurements = [ 36.056886196136475, 35.85406708717346, 35.66700768470764,]
