best-result = 34.10681939125061
warmup-time = 32.272831201553345
all-measurements = [ 34.111244440078735, 35.02808117866516, 34.10681939125061,]
