best-result = 42.31296634674072
warmup-time = 43.638041496276855
all-measurements = [ 44.263670444488525, 43.78895330429077, 42.31296634674072,]
