best-result = 98.00289988517761
warmup-time = 97.3111641407013
all-measurements = [ 98.00289988517761, 101.32639861106873, 98.0031590461731,]
