best-result = 28.298041343688965
warmup-time = 30.129820823669434
all-measurements = [ 29.91963481903076, 30.319509267807007, 28.298041343688965,]
