best-result = 34.48684072494507
warmup-time = 34.86451601982117
all-measurements = [ 34.64439821243286, 35.911296367645264, 34.48684072494507,]
