best-result = 87.7243127822876
warmup-time = 86.80103802680969
all-measurements = [ 87.7243127822876, 94.88812065124512, 87.99125576019287,]
