best-result = 38.4927442073822
warmup-time = 40.74457931518555
all-measurements = [ 40.65954113006592, 38.4927442073822, 39.52403235435486,]
