best-result = 45.0270881652832
warmup-time = 46.3620445728302
all-measurements = [ 45.141674757003784, 45.0270881652832, 46.24712109565735,]
