best-result = 28.12414050102234
warmup-time = 29.680201530456543
all-measurements = [ 29.12628436088562, 28.12414050102234, 29.008490085601807,]
