best-result = 699.6743516921997
warmup-time = 735.3016576766968
all-measurements = [ 699.6743516921997, 711.2006890773773, 706.0828504562378,]
