best-result = 175.962251663208
warmup-time = 174.97456455230713
all-measurements = [ 175.962251663208, 176.3738136291504, 178.8836760520935,]
