best-result = 59.5904278755188
warmup-time = 69.70132446289062
all-measurements = [ 59.5904278755188, 66.77415919303894, 65.68140697479248,]
