best-result = 25.44663405418396
warmup-time = 26.15968894958496
all-measurements = [ 25.829864025115967, 25.46241521835327, 25.44663405418396,]
