best-result = 35.56916356086731
warmup-time = 39.28569173812866
all-measurements = [ 35.56916356086731, 36.43725872039795, 36.64188480377197,]
