best-result = 30.514934062957764
warmup-time = 31.204694986343384
all-measurements = [ 31.278738260269165, 30.514934062957764, 31.293685913085938,]
