best-result = 260.3700406551361
warmup-time = 263.8740351200104
all-measurements = [ 265.9779706001282, 260.3700406551361, 267.4857225418091,]
