best-result = 35.914389848709106
warmup-time = 37.766844272613525
all-measurements = [ 37.09981894493103, 37.2881224155426, 35.914389848709106,]
