best-result = 40.93838095664978
warmup-time = 39.73413419723511
all-measurements = [ 41.77958798408508, 40.93838095664978, 42.559605836868286,]
