best-result = 48.12501859664917
warmup-time = 49.26101493835449
all-measurements = [ 48.12501859664917, 50.024879455566406, 49.102877140045166,]
