best-result = 33.355584144592285
warmup-time = 34.90288972854614
all-measurements = [ 33.355584144592285, 33.69602727890015, 33.94188618659973,]
