best-result = 36.74008369445801
warmup-time = 36.7604079246521
all-measurements = [ 36.74008369445801, 37.20816493034363, 38.258721590042114,]
