best-result = 61.279526472091675
warmup-time = 59.46249604225159
all-measurements = [ 61.279526472091675, 62.73388934135437, 61.630006074905396,]
