best-result = 226.20135402679443
warmup-time = 228.90757131576538
all-measurements = [ 227.45321035385132, 226.20135402679443, 226.50733542442322,]
