best-result = 522.3238773345947
warmup-time = 527.0485351085663
all-measurements = [ 524.8035616874695, 523.3951623439789, 522.3238773345947,]
