best-result = 36.30172324180603
warmup-time = 38.01611638069153
all-measurements = [ 38.87544393539429, 36.30172324180603, 36.456944704055786,]
