best-result = 73.31448602676392
warmup-time = 82.69162130355835
all-measurements = [ 73.31448602676392, 86.10390305519104, 80.29502725601196,]
