best-result = 61.22837042808533
warmup-time = 63.31647801399231
all-measurements = [ 62.59459948539734, 62.65376663208008, 61.22837042808533,]
