best-result = 26.62723422050476
warmup-time = 28.24680995941162
all-measurements = [ 26.62723422050476, 28.341994047164917, 28.8591468334198,]
