best-result = 35.7021222114563
warmup-time = 35.98906111717224
all-measurements = [ 35.7021222114563, 35.771464109420776, 36.1171441078186,]
