best-result = 32.855610609054565
warmup-time = 34.04217267036438
all-measurements = [ 33.75635886192322, 32.855610609054565, 33.15697264671326,]
