best-result = 42.422131299972534
warmup-time = 41.49006247520447
all-measurements = [ 43.40885925292969, 43.80055904388428, 42.422131299972534,]
