best-result = 94.81461548805237
warmup-time = 98.23150873184204
all-measurements = [ 97.52982115745544, 94.81461548805237, 98.11556553840637,]
