best-result = 27.72441291809082
warmup-time = 29.306942224502563
all-measurements = [ 27.747180223464966, 27.72441291809082, 29.095946311950684,]
