best-result = 34.09560561180115
warmup-time = 34.56565308570862
all-measurements = [ 34.09560561180115, 34.957030296325684, 34.78103160858154,]
