best-result = 88.00929021835327
warmup-time = 90.33431243896484
all-measurements = [ 88.94423341751099, 88.00929021835327, 92.1647641658783,]
