best-result = 38.50832200050354
warmup-time = 38.85307502746582
all-measurements = [ 39.19896578788757, 38.50832200050354, 39.37299299240112,]
