best-result = 44.01714372634888
warmup-time = 46.239988565444946
all-measurements = [ 44.01714372634888, 44.53957986831665, 44.097861528396606,]
