best-result = 27.86886191368103
warmup-time = 28.105329990386963
all-measurements = [ 28.400972604751587, 28.5225510597229, 27.86886191368103,]
