best-result = 715.8602352142334
warmup-time = 738.7685091495514
all-measurements = [ 718.5021994113922, 715.8602352142334, 720.9348587989807,]
