best-result = 172.86917400360107
warmup-time = 176.50691604614258
all-measurements = [ 176.88757801055908, 176.2961893081665, 172.86917400360107,]
