best-result = 64.04315900802612
warmup-time = 66.7063512802124
all-measurements = [ 64.04315900802612, 67.58133125305176, 67.3818871974945,]
