best-result = 23.35517168045044
warmup-time = 23.735495567321777
all-measurements = [ 23.807145833969116, 23.396924018859863, 23.35517168045044,]
