best-result = 46.79194259643555
warmup-time = 66.09087824821472
all-measurements = [ 46.79194259643555, 47.60403513908386, 47.22519135475159,]
