best-result = 46.5871365070343
warmup-time = 58.73174571990967
all-measurements = [ 46.5871365070343, 47.26588702201843, 46.680935859680176,]
