best-result = 898.314172744751
warmup-time = 1115.2621266841888
all-measurements = [ 906.6267995834351, 898.314172744751, 903.2437124252319,]
