best-result = 85.97689723968506
warmup-time = 101.25920796394348
all-measurements = [ 86.33041191101074, 85.97689723968506, 86.31231617927551,]
