best-result = 988.0650289058685
warmup-time = 1021.3465278148651
all-measurements = [ 988.0650289058685, 991.1685290336609, 988.3142864704132,]
