best-result = 83.83832621574402
warmup-time = 103.75105786323547
all-measurements = [ 83.83832621574402, 84.60995244979858, 85.06712222099304,]
