best-result = 68.0459041595459
warmup-time = 88.44876456260681
all-measurements = [ 68.0459041595459, 68.90446257591248, 68.45201063156128,]
