best-result = 91.54846096038818
warmup-time = 105.9043116569519
all-measurements = [ 92.4615969657898, 91.98093581199646, 91.54846096038818,]
