best-result = 647.7342827320099
warmup-time = 664.3382675647736
all-measurements = [ 648.9731390476227, 649.1458356380463, 647.7342827320099,]
