best-result = 62.14118695259094
warmup-time = 76.35549664497375
all-measurements = [ 63.25954294204712, 62.617448806762695, 62.14118695259094,]
