best-result = 202.0897514820099
warmup-time = 360.8857445716858
all-measurements = [ 203.12412667274475, 202.0897514820099, 204.9058005809784,]
