best-result = 386.52854013442993
warmup-time = 832.0173285007477
all-measurements = [ 388.3244092464447, 386.52854013442993, 388.84118127822876,]
