best-result = 63.23532056808472
warmup-time = 77.66164708137512
all-measurements = [ 63.3707332611084, 63.23532056808472, 63.71433997154236,]
