best-result = 40.34235119819641
warmup-time = 49.55058288574219
all-measurements = [ 40.48271322250366, 40.34235119819641, 41.100783824920654,]
