best-result = 135.57024335861206
warmup-time = 164.35951232910156
all-measurements = [ 135.6845760345459, 135.57024335861206, 135.79941844940186,]
