best-result = 914.7129492759705
warmup-time = 954.2471721172333
all-measurements = [ 914.7129492759705, 928.2984414100647, 930.7128350734711,]
