best-result = 28.3027765750885
warmup-time = 38.32673168182373
all-measurements = [ 28.677080392837524, 28.445165395736694, 28.3027765750885,]
