best-result = 57.493218183517456
warmup-time = 67.56458830833435
all-measurements = [ 57.69152474403381, 57.493218183517456, 57.59472918510437,]
