best-result = 60.43624019622803
warmup-time = 77.97075128555298
all-measurements = [ 60.43624019622803, 60.558615922927856, 60.761924028396606,]
