best-result = 109.95415925979614
warmup-time = 137.40229868888855
all-measurements = [ 110.13808703422546, 109.95415925979614, 110.57202196121216,]
