best-result = 773.0221619606018
warmup-time = 840.8358056545258
all-measurements = [ 800.5171895027161, 773.0221619606018, 797.6614077091217,]
