best-result = 34.04541373252869
warmup-time = 43.4657301902771
all-measurements = [ 34.32147407531738, 34.04541373252869, 34.09699892997742,]
