best-result = 55.7878520488739
warmup-time = 72.84035587310791
all-measurements = [ 55.7878520488739, 56.02782225608826, 56.54166269302368,]
