best-result = 1627.0450613498688
warmup-time = 1837.3585648536682
all-measurements = [ 2672.005408525467, 1627.0450613498688, 2686.271163225174,]
