best-result = 48.712785720825195
warmup-time = 70.76304578781128
all-measurements = [ 48.880534648895264, 48.712785720825195, 49.71265006065369,]
