best-result = 81.10011649131775
warmup-time = 98.70450043678284
all-measurements = [ 81.13355445861816, 81.32071352005005, 81.10011649131775,]
