best-result = 38.235166788101196
warmup-time = 46.23413014411926
all-measurements = [ 38.31149363517761, 38.23715043067932, 38.235166788101196,]
