best-result = 333.6632161140442
warmup-time = 475.9794747829437
all-measurements = [ 337.7922284603119, 336.3218820095062, 333.6632161140442,]
