best-result = 59.168089389801025
warmup-time = 60.25837564468384
all-measurements = [ 59.4831759929657, 60.8836874961853, 59.168089389801025,]
