best-result = 25.607604265213013
warmup-time = 25.87542486190796
all-measurements = [ 25.76152777671814, 25.607604265213013, 25.880745887756348,]
