best-result = 37.21720623970032
warmup-time = 41.33909487724304
all-measurements = [ 37.21720623970032, 39.03077840805054, 38.050198793411255,]
