best-result = 32.29811477661133
warmup-time = 33.125654458999634
all-measurements = [ 32.83174252510071, 32.29811477661133, 32.34135866165161,]
