best-result = 282.9704580307007
warmup-time = 284.92344665527344
all-measurements = [ 285.24589228630066, 282.9704580307007, 283.3643205165863,]
