best-result = 36.284197092056274
warmup-time = 36.161229610443115
all-measurements = [ 36.48737406730652, 36.88471555709839, 36.284197092056274,]
