best-result = 41.84931135177612
warmup-time = 43.23871874809265
all-measurements = [ 42.891727685928345, 41.84931135177612, 44.78144717216492,]
