best-result = 50.76510453224182
warmup-time = 49.658151626586914
all-measurements = [ 50.76510453224182, 51.81540584564209, 52.20158791542053,]
