best-result = 34.727773904800415
warmup-time = 35.43589639663696
all-measurements = [ 34.80106544494629, 34.727773904800415, 35.174402475357056,]
