best-result = 37.865761518478394
warmup-time = 38.22830128669739
all-measurements = [ 38.53357720375061, 38.59603238105774, 37.865761518478394,]
