best-result = 58.956361055374146
warmup-time = 64.45708799362183
all-measurements = [ 59.74660611152649, 58.956361055374146, 60.42487359046936,]
