best-result = 246.72565984725952
warmup-time = 251.79042649269104
all-measurements = [ 249.33431267738342, 248.4641079902649, 246.72565984725952,]
