best-result = 568.9835114479065
warmup-time = 568.0549802780151
all-measurements = [ 568.9835114479065, 569.6550621986389, 569.5918979644775,]
