best-result = 36.353806257247925
warmup-time = 35.853652000427246
all-measurements = [ 36.353806257247925, 37.22152304649353, 38.184481382369995,]
