best-result = 66.40835189819336
warmup-time = 67.09930610656738
all-measurements = [ 69.79456043243408, 66.40835189819336, 68.35423612594604,]
