best-result = 28.01102590560913
warmup-time = 28.563818216323853
all-measurements = [ 28.140640020370483, 29.324334383010864, 28.01102590560913,]
