best-result = 34.01978373527527
warmup-time = 33.85379958152771
all-measurements = [ 37.066630363464355, 37.29346013069153, 34.01978373527527,]
