best-result = 32.3668258190155
warmup-time = 34.13594317436218
all-measurements = [ 33.775367736816406, 33.45320177078247, 32.3668258190155,]
