best-result = 43.88760542869568
warmup-time = 43.79688215255737
all-measurements = [ 43.88760542869568, 45.37787628173828, 45.31341528892517,]
