best-result = 101.07812643051147
warmup-time = 101.67653179168701
all-measurements = [ 102.62778425216675, 101.45198798179626, 101.07812643051147,]
