best-result = 27.745683908462524
warmup-time = 27.806082487106323
all-measurements = [ 28.092267513275146, 27.745683908462524, 28.199676513671875,]
