best-result = 34.48071575164795
warmup-time = 35.93210744857788
all-measurements = [ 35.1008882522583, 34.48071575164795, 35.30312919616699,]
