best-result = 40.67438340187073
warmup-time = 41.829155683517456
all-measurements = [ 40.83301067352295, 40.67438340187073, 40.697293519973755,]
