best-result = 44.52131366729736
warmup-time = 46.6483314037323
all-measurements = [ 47.45723557472229, 44.52131366729736, 46.007498025894165,]
