best-result = 28.126630544662476
warmup-time = 28.780846118927002
all-measurements = [ 28.126630544662476, 28.56955575942993, 28.952653884887695,]
