best-result = 729.1166470050812
warmup-time = 712.5217673778534
all-measurements = [ 735.1954040527344, 729.1166470050812, 729.9642930030823,]
