best-result = 188.1862359046936
warmup-time = 190.72288393974304
all-measurements = [ 188.1862359046936, 188.85403656959534, 188.4389955997467,]
