best-result = 44.40133881568909
warmup-time = 46.20950627326965
all-measurements = [ 44.44503688812256, 44.40133881568909, 45.38453912734985,]
