best-result = 26.07331371307373
warmup-time = 26.49996066093445
all-measurements = [ 26.301371574401855, 26.133326292037964, 26.07331371307373,]
