best-result = 37.91609477996826
warmup-time = 37.60364890098572
all-measurements = [ 38.56316900253296, 38.4868266582489, 37.91609477996826,]
