best-result = 31.594016313552856
warmup-time = 32.0321159362793
all-measurements = [ 31.833247900009155, 32.23459076881409, 31.594016313552856,]
