best-result = 263.7285976409912
warmup-time = 271.6353838443756
all-measurements = [ 268.57804894447327, 263.7285976409912, 268.64119577407837,]
