best-result = 36.65422320365906
warmup-time = 37.38770389556885
all-measurements = [ 37.70544075965881, 36.77973389625549, 36.65422320365906,]
