best-result = 41.108694076538086
warmup-time = 41.78887891769409
all-measurements = [ 43.05590796470642, 41.96708059310913, 41.108694076538086,]
