best-result = 49.15133571624756
warmup-time = 49.19015645980835
all-measurements = [ 49.15133571624756, 50.022104263305664, 49.75536274909973,]
