best-result = 32.477426290512085
warmup-time = 34.21984267234802
all-measurements = [ 35.075177907943726, 32.477426290512085, 35.29136514663696,]
