best-result = 37.378095865249634
warmup-time = 38.48789024353027
all-measurements = [ 37.5413031578064, 37.378095865249634, 37.48349070549011,]
