best-result = 62.0243079662323
warmup-time = 62.17510223388672
all-measurements = [ 65.62860369682312, 63.94416403770447, 62.0243079662323,]
