best-result = 225.65142488479614
warmup-time = 233.73760294914246
all-measurements = [ 225.65142488479614, 227.62675976753235, 229.75280451774597,]
