best-result = 523.9538569450378
warmup-time = 524.4933443069458
all-measurements = [ 525.9287102222443, 525.7114901542664, 523.9538569450378,]
