best-result = 36.297102212905884
warmup-time = 37.723148345947266
all-measurements = [ 36.297102212905884, 36.48194336891174, 36.88527202606201,]
