best-result = 74.70770263671875
warmup-time = 80.25628304481506
all-measurements = [ 80.68667101860046, 74.70770263671875, 76.37866640090942,]
