best-result = 61.77168679237366
warmup-time = 63.82922649383545
all-measurements = [ 64.21742701530457, 62.348325967788696, 61.77168679237366,]
