best-result = 27.97397255897522
warmup-time = 28.998584985733032
all-measurements = [ 28.16260576248169, 27.97397255897522, 28.281946659088135,]
