best-result = 32.73730659484863
warmup-time = 36.437448501586914
all-measurements = [ 32.73730659484863, 35.64163899421692, 36.41669416427612,]
