best-result = 32.685405254364014
warmup-time = 34.90191292762756
all-measurements = [ 33.68031120300293, 33.6673629283905, 32.685405254364014,]
