best-result = 41.629660844802856
warmup-time = 43.90282154083252
all-measurements = [ 41.629660844802856, 42.004759073257446, 41.77147912979126,]
