best-result = 95.75117468833923
warmup-time = 99.21867084503174
all-measurements = [ 95.75117468833923, 97.93500900268555, 98.37561845779419,]
