best-result = 28.188090085983276
warmup-time = 30.08831238746643
all-measurements = [ 28.9246768951416, 28.188090085983276, 29.21774983406067,]
