best-result = 35.10293221473694
warmup-time = 35.39029121398926
all-measurements = [ 35.10293221473694, 35.48403286933899, 35.229332447052,]
