best-result = 87.42415523529053
warmup-time = 91.38976573944092
all-measurements = [ 97.11526918411255, 87.42415523529053, 95.66489863395691,]
