best-result = 39.768648624420166
warmup-time = 38.842705488204956
all-measurements = [ 40.563122272491455, 39.768648624420166, 40.90069007873535,]
