best-result = 44.06171226501465
warmup-time = 47.3434534072876
all-measurements = [ 44.06171226501465, 46.39755916595459, 45.46029210090637,]
