best-result = 28.054993391036987
warmup-time = 28.0989933013916
all-measurements = [ 28.807156801223755, 29.68232297897339, 28.054993391036987,]
