best-result = 703.4867272377014
warmup-time = 727.5890896320343
all-measurements = [ 710.7595036029816, 711.6822185516357, 703.4867272377014,]
