best-result = 173.85155081748962
warmup-time = 177.7186963558197
all-measurements = [ 174.9546356201172, 173.85155081748962, 176.9528419971466,]
