best-result = 64.80600094795227
warmup-time = 57.25072264671326
all-measurements = [ 70.15045070648193, 64.80600094795227, 67.49424171447754,]
