best-result = 21.641066074371338
warmup-time = 22.50575041770935
all-measurements = [ 22.375195741653442, 21.671170949935913, 21.641066074371338,]
