best-result = 47.24926400184631
warmup-time = 63.818642139434814
all-measurements = [ 47.24926400184631, 47.314167737960815, 47.35108017921448,]
