best-result = 46.81846284866333
warmup-time = 59.47056007385254
all-measurements = [ 47.00881767272949, 46.89278697967529, 46.81846284866333,]
