best-result = 981.5443289279938
warmup-time = 1165.09183883667
all-measurements = [ 992.3692398071289, 991.1285021305084, 981.5443289279938,]
