best-result = 82.13634085655212
warmup-time = 99.23132085800171
all-measurements = [ 82.13634085655212, 82.47064876556396, 82.16690468788147,]
