best-result = 78.57453966140747
warmup-time = 98.67885065078735
all-measurements = [ 78.57453966140747, 78.97406220436096, 79.45757174491882,]
