best-result = 69.00933384895325
warmup-time = 92.59034657478333
all-measurements = [ 69.00933384895325, 69.92456841468811, 69.36593627929688,]
