best-result = 83.51074719429016
warmup-time = 98.12166023254395
all-measurements = [ 84.99274849891663, 83.51074719429016, 85.31559205055237,]
