best-result = 594.9295518398285
warmup-time = 608.7803502082825
all-measurements = [ 594.9295518398285, 596.2114253044128, 596.6355311870575,]
