best-result = 62.35183668136597
warmup-time = 79.83737587928772
all-measurements = [ 62.35183668136597, 62.64496064186096, 62.56299924850464,]
