best-result = 230.35344886779785
warmup-time = 397.7874183654785
all-measurements = [ 232.13323259353638, 232.0653955936432, 230.35344886779785,]
