best-result = 447.07984042167664
warmup-time = 920.1148192882538
all-measurements = [ 449.8027617931366, 447.07984042167664, 448.27448534965515,]
