best-result = 60.29578447341919
warmup-time = 77.25908041000366
all-measurements = [ 60.29578447341919, 60.31369137763977, 61.134772300720215,]
