best-result = 860.9505803585052
warmup-time = 919.4896950721741
all-measurements = [ 863.7979085445404, 860.9505803585052, 867.4417819976807,]
