best-result = 27.114230394363403
warmup-time = 35.87023639678955
all-measurements = [ 27.273996114730835, 27.114230394363403, 27.952873945236206,]
