best-result = 58.34242129325867
warmup-time = 73.31909465789795
all-measurements = [ 58.34242129325867, 58.75410223007202, 58.698769330978394,]
