best-result = 56.166000843048096
warmup-time = 70.09049868583679
all-measurements = [ 56.166000843048096, 56.948729038238525, 56.31655025482178,]
