best-result = 108.59603643417358
warmup-time = 139.25401854515076
all-measurements = [ 109.51633787155151, 109.26040315628052, 108.59603643417358,]
