best-result = 769.2897861003876
warmup-time = 837.8530802726746
all-measurements = [ 773.4368326663971, 769.2897861003876, 770.6562840938568,]
