best-result = 33.798412799835205
warmup-time = 40.21176505088806
all-measurements = [ 34.115440368652344, 34.09094309806824, 33.798412799835205,]
