best-result = 53.285922050476074
warmup-time = 68.16796445846558
all-measurements = [ 53.82406973838806, 53.285922050476074, 54.5375714302063,]
