best-result = 49.848835706710815
warmup-time = 68.85304737091064
all-measurements = [ 49.848835706710815, 49.955658197402954, 50.344024658203125,]
