best-result = 79.95242762565613
warmup-time = 96.18301844596863
all-measurements = [ 81.11234951019287, 80.10106825828552, 79.95242762565613,]
