best-result = 35.86462044715881
warmup-time = 43.660240650177
all-measurements = [ 35.86462044715881, 36.075536489486694, 36.71876621246338,]
