best-result = 346.51870942115784
warmup-time = 488.46835923194885
all-measurements = [ 346.51870942115784, 361.56594800949097, 353.17567682266235,]
