best-result = 102.34342765808105
warmup-time = 103.48326063156128
all-measurements = [ 102.34342765808105, 102.8545651435852, 103.72391414642334,]
