best-result = 25.535659313201904
warmup-time = 26.309695959091187
all-measurements = [ 25.85103154182434, 25.57451319694519, 25.535659313201904,]
