best-result = 35.14443778991699
warmup-time = 38.532665491104126
all-measurements = [ 35.722512006759644, 35.14443778991699, 36.560044288635254,]
