best-result = 30.631099700927734
warmup-time = 31.681780338287354
all-measurements = [ 30.934155225753784, 30.631099700927734, 31.8618221282959,]
