best-result = 260.56003880500793
warmup-time = 269.9110472202301
all-measurements = [ 267.5062005519867, 263.1157250404358, 260.56003880500793,]
