best-result = 36.43623614311218
warmup-time = 37.4037024974823
all-measurements = [ 37.08128118515015, 36.709646701812744, 36.43623614311218,]
