best-result = 41.76876664161682
warmup-time = 40.04556465148926
all-measurements = [ 42.29301190376282, 41.786168575286865, 41.76876664161682,]
