best-result = 49.52112603187561
warmup-time = 50.669466495513916
all-measurements = [ 49.52112603187561, 52.938921213150024, 49.59796953201294,]
