best-result = 32.26046347618103
warmup-time = 34.44457411766052
all-measurements = [ 34.10836935043335, 32.26046347618103, 33.26328897476196,]
