best-result = 36.79481863975525
warmup-time = 37.58057260513306
all-measurements = [ 36.968109130859375, 37.30270719528198, 36.79481863975525,]
