best-result = 64.19841623306274
warmup-time = 64.67192244529724
all-measurements = [ 64.5854389667511, 64.19841623306274, 65.18813705444336,]
