best-result = 227.1153724193573
warmup-time = 229.82006645202637
all-measurements = [ 227.1994161605835, 227.1153724193573, 227.27555203437805,]
