best-result = 520.2951202392578
warmup-time = 523.1457469463348
all-measurements = [ 520.6529903411865, 520.8704800605774, 520.2951202392578,]
