best-result = 35.56491827964783
warmup-time = 36.31529974937439
all-measurements = [ 35.56491827964783, 36.02695345878601, 37.94393467903137,]
