best-result = 75.84240865707397
warmup-time = 82.55498242378235
all-measurements = [ 79.85918617248535, 78.7961356639862, 75.84240865707397,]
