best-result = 61.921223878860474
warmup-time = 63.103827714920044
all-measurements = [ 64.23165130615234, 61.921223878860474, 62.15465331077576,]
