best-result = 27.18511414527893
warmup-time = 27.604896306991577
all-measurements = [ 27.692564010620117, 28.738487243652344, 27.18511414527893,]
