best-result = 32.743064165115356
warmup-time = 35.33961486816406
all-measurements = [ 32.743064165115356, 35.486483335494995, 35.02795672416687,]
