best-result = 32.276766538619995
warmup-time = 32.55931639671326
all-measurements = [ 32.276766538619995, 33.24406433105469, 33.0604567527771,]
