best-result = 42.0403892993927
warmup-time = 42.347405433654785
all-measurements = [ 42.64807987213135, 43.12529158592224, 42.0403892993927,]
