best-result = 95.5866129398346
warmup-time = 98.21777486801147
all-measurements = [ 95.83191967010498, 95.61487674713135, 95.5866129398346,]
