best-result = 27.06238031387329
warmup-time = 29.297995805740356
all-measurements = [ 27.06238031387329, 28.112211227416992, 29.181206226348877,]
