best-result = 33.54266381263733
warmup-time = 32.92854285240173
all-measurements = [ 34.576035499572754, 33.54266381263733, 34.16308522224426,]
