best-result = 87.23780536651611
warmup-time = 91.05867528915405
all-measurements = [ 89.06873774528503, 87.75974893569946, 87.23780536651611,]
