best-result = 39.054898738861084
warmup-time = 39.822126150131226
all-measurements = [ 39.054898738861084, 39.970892906188965, 40.3197181224823,]
