best-result = 43.789391040802
warmup-time = 45.256969928741455
all-measurements = [ 44.46099853515625, 43.789391040802, 46.227306604385376,]
