best-result = 28.406774520874023
warmup-time = 28.38572120666504
all-measurements = [ 28.406774520874023, 28.671782732009888, 29.096479892730713,]
