best-result = 689.1430966854095
warmup-time = 729.6732335090637
all-measurements = [ 701.4004626274109, 700.0459568500519, 689.1430966854095,]
