best-result = 171.79533982276917
warmup-time = 173.79818654060364
all-measurements = [ 171.79533982276917, 175.57243847846985, 172.38137125968933,]
