best-result = 42.02103114128113
warmup-time = 42.84075450897217
all-measurements = [ 44.77483654022217, 42.02103114128113, 43.01714015007019,]
