best-result = 66.31589412689209
warmup-time = 67.18111205101013
all-measurements = [ 66.90104126930237, 66.31589412689209, 67.53467297554016,]
