best-result = 25.959845781326294
warmup-time = 26.19709849357605
all-measurements = [ 26.286762714385986, 25.96912121772766, 25.959845781326294,]
