best-result = 36.75783181190491
warmup-time = 38.9805691242218
all-measurements = [ 36.93664002418518, 37.748536586761475, 36.75783181190491,]
