best-result = 30.184484243392944
warmup-time = 30.29222536087036
all-measurements = [ 31.647244930267334, 30.184484243392944, 31.28841233253479,]
