best-result = 250.92144203186035
warmup-time = 258.3851089477539
all-measurements = [ 257.2135579586029, 256.00764083862305, 250.92144203186035,]
