best-result = 36.06185603141785
warmup-time = 36.930707693099976
all-measurements = [ 36.06185603141785, 36.696799516677856, 36.37554407119751,]
