best-result = 114.19571900367737
warmup-time = 113.96935367584229
all-measurements = [ 114.19571900367737, 114.79977989196777, 115.66087746620178,]
