best-result = 35.271098375320435
warmup-time = 35.99902606010437
all-measurements = [ 35.44372010231018, 35.271098375320435, 35.69533610343933,]
