best-result = 41.183929681777954
warmup-time = 41.022252559661865
all-measurements = [ 41.183929681777954, 42.334505796432495, 41.20073628425598,]
