best-result = 47.85055470466614
warmup-time = 48.59238409996033
all-measurements = [ 47.97026824951172, 48.152660846710205, 47.85055470466614,]
