best-result = 33.36982321739197
warmup-time = 34.77937340736389
all-measurements = [ 34.13472366333008, 33.36982321739197, 34.66757917404175,]
