best-result = 36.191298961639404
warmup-time = 37.50411343574524
all-measurements = [ 36.191298961639404, 37.34783673286438, 36.94183707237244,]
