best-result = 57.83900761604309
warmup-time = 62.952422857284546
all-measurements = [ 62.25034999847412, 57.83900761604309, 61.087796449661255,]
