best-result = 217.26077103614807
warmup-time = 225.95235013961792
all-measurements = [ 219.45969557762146, 217.26077103614807, 224.1643407344818,]
