best-result = 510.07481241226196
warmup-time = 514.868242263794
all-measurements = [ 514.0143179893494, 510.07481241226196, 513.1564228534698,]
