best-result = 35.55894923210144
warmup-time = 36.66265869140625
all-measurements = [ 37.593749046325684, 37.99396753311157, 35.55894923210144,]
