best-result = 33.010268688201904
warmup-time = 29.275718688964844
all-measurements = [ 37.827805042266846, 33.21400809288025, 33.010268688201904,]
