best-result = 74.97244501113892
warmup-time = 82.25636601448059
all-measurements = [ 83.2572968006134, 74.97244501113892, 77.93864250183105,]
