best-result = 61.65983438491821
warmup-time = 61.83905839920044
all-measurements = [ 61.79125618934631, 62.72084879875183, 61.65983438491821,]
