best-result = 28.56348180770874
warmup-time = 28.20512628555298
all-measurements = [ 28.66377902030945, 28.85093116760254, 28.56348180770874,]
