best-result = 35.193567514419556
warmup-time = 35.62090015411377
all-measurements = [ 35.193567514419556, 35.507447957992554, 35.245290994644165,]
