best-result = 32.85249900817871
warmup-time = 33.22097587585449
all-measurements = [ 34.071228981018066, 32.85249900817871, 33.70932936668396,]
