best-result = 41.80440425872803
warmup-time = 43.767988204956055
all-measurements = [ 43.17964196205139, 43.52244853973389, 41.80440425872803,]
