best-result = 97.37311816215515
warmup-time = 98.82473993301392
all-measurements = [ 97.37311816215515, 97.7092080116272, 97.87974262237549,]
