best-result = 27.80079412460327
warmup-time = 29.77279806137085
all-measurements = [ 29.6785945892334, 27.80079412460327, 29.00010657310486,]
