best-result = 34.38404107093811
warmup-time = 34.83971285820007
all-measurements = [ 35.765218019485474, 35.11624336242676, 34.38404107093811,]
