best-result = 88.56837272644043
warmup-time = 87.84763693809509
all-measurements = [ 91.51494908332825, 88.56837272644043, 94.81608533859253,]
