best-result = 38.0222430229187
warmup-time = 37.155051708221436
all-measurements = [ 40.12338089942932, 39.36708688735962, 38.0222430229187,]
