best-result = 44.225316524505615
warmup-time = 44.39203214645386
all-measurements = [ 45.178727865219116, 44.716240882873535, 44.225316524505615,]
