best-result = 49.90745162963867
warmup-time = 50.82986497879028
all-measurements = [ 50.178576946258545, 49.90745162963867, 50.782461404800415,]
