best-result = 27.275173664093018
warmup-time = 27.799962043762207
all-measurements = [ 29.09018039703369, 29.129646062850952, 27.275173664093018,]
