best-result = 639.0988993644714
warmup-time = 684.2234303951263
all-measurements = [ 644.6120088100433, 639.0988993644714, 660.9195046424866,]
