best-result = 167.63899421691895
warmup-time = 169.5020022392273
all-measurements = [ 168.47061681747437, 167.63899421691895, 169.3225109577179,]
