best-result = 63.568605184555054
warmup-time = 64.7979211807251
all-measurements = [ 68.11940813064575, 67.46615242958069, 63.568605184555054,]
