best-result = 25.785477876663208
warmup-time = 26.364081144332886
all-measurements = [ 25.785477876663208, 25.980610132217407, 25.927438735961914,]
