best-result = 36.544376373291016
warmup-time = 38.30120873451233
all-measurements = [ 38.45722723007202, 36.544376373291016, 38.594125270843506,]
