best-result = 31.148879289627075
warmup-time = 31.81750798225403
all-measurements = [ 31.148879289627075, 31.618550777435303, 31.66346526145935,]
