best-result = 265.08370661735535
warmup-time = 271.9636528491974
all-measurements = [ 267.68037033081055, 265.3731667995453, 265.08370661735535,]
