best-result = 36.463120222091675
warmup-time = 36.5318489074707
all-measurements = [ 36.560786724090576, 36.97151017189026, 36.463120222091675,]
