best-result = 111.71068978309631
warmup-time = 115.65560030937195
all-measurements = [ 114.18001556396484, 115.77926182746887, 111.71068978309631,]
