best-result = 41.173771142959595
warmup-time = 41.056506395339966
all-measurements = [ 41.77584648132324, 41.173771142959595, 42.357292890548706,]
