best-result = 47.97072458267212
warmup-time = 48.55235552787781
all-measurements = [ 49.755146503448486, 48.069963693618774, 47.97072458267212,]
