best-result = 33.50636172294617
warmup-time = 34.55583882331848
all-measurements = [ 34.71230888366699, 33.50636172294617, 34.232295751571655,]
