best-result = 61.188376903533936
warmup-time = 64.53866577148438
all-measurements = [ 63.340965270996094, 61.188376903533936, 61.557586908340454,]
