best-result = 227.00780153274536
warmup-time = 232.2271704673767
all-measurements = [ 229.44845175743103, 227.66335320472717, 227.00780153274536,]
