best-result = 526.7038531303406
warmup-time = 533.7015569210052
all-measurements = [ 526.7038531303406, 527.4423675537109, 528.1171691417694,]
