best-result = 35.93042230606079
warmup-time = 38.11877465248108
all-measurements = [ 36.499330282211304, 36.80040502548218, 35.93042230606079,]
