best-result = 28.279181718826294
warmup-time = 28.65138292312622
all-measurements = [ 29.44573664665222, 28.279181718826294, 28.866947412490845,]
