best-result = 70.95585656166077
warmup-time = 71.92736268043518
all-measurements = [ 77.56311345100403, 70.95585656166077, 78.35409784317017,]
