best-result = 61.804025650024414
warmup-time = 64.23264241218567
all-measurements = [ 65.13525795936584, 62.34212017059326, 61.804025650024414,]
