best-result = 27.35971736907959
warmup-time = 28.54442548751831
all-measurements = [ 28.3510959148407, 27.35971736907959, 28.712098598480225,]
