best-result = 35.15443444252014
warmup-time = 35.58140683174133
all-measurements = [ 35.49843740463257, 35.15443444252014, 35.2095787525177,]
