best-result = 33.11411380767822
warmup-time = 35.5332453250885
all-measurements = [ 33.11411380767822, 34.376270055770874, 33.370086908340454,]
