best-result = 42.23749351501465
warmup-time = 45.01095724105835
all-measurements = [ 42.23749351501465, 42.738823890686035, 44.24705934524536,]
