best-result = 96.76207733154297
warmup-time = 103.76889610290527
all-measurements = [ 99.3475079536438, 96.76207733154297, 98.50972890853882,]
