best-result = 27.22424578666687
warmup-time = 28.01305317878723
all-measurements = [ 30.00621724128723, 27.22424578666687, 28.600959062576294,]
