best-result = 33.00617003440857
warmup-time = 34.34934711456299
all-measurements = [ 33.46232342720032, 34.15258431434631, 33.00617003440857,]
