best-result = 93.15057516098022
warmup-time = 90.81325769424438
all-measurements = [ 98.19042897224426, 95.49108648300171, 93.15057516098022,]
