best-result = 38.47897386550903
warmup-time = 39.03389573097229
all-measurements = [ 39.06243848800659, 40.14162635803223, 38.47897386550903,]
