best-result = 42.59948945045471
warmup-time = 43.62680792808533
all-measurements = [ 42.60861849784851, 44.04020023345947, 42.59948945045471,]
