best-result = 28.002726316452026
warmup-time = 29.303548574447632
all-measurements = [ 28.002726316452026, 29.286680459976196, 29.031620025634766,]
