best-result = 693.7674412727356
warmup-time = 734.6281082630157
all-measurements = [ 708.4728972911835, 705.194810628891, 693.7674412727356,]
