best-result = 178.25852704048157
warmup-time = 177.45167064666748
all-measurements = [ 181.29880690574646, 180.8632960319519, 178.25852704048157,]
