best-result = 56.043742418289185
warmup-time = 64.58241605758667
all-measurements = [ 63.45525097846985, 69.2699670791626, 56.043742418289185,]
