best-result = 22.970818758010864
warmup-time = 22.744723081588745
all-measurements = [ 23.007490158081055, 22.970818758010864, 23.099629878997803,]
