best-result = 46.63228249549866
warmup-time = 64.64067101478577
all-measurements = [ 47.2079496383667, 47.097736835479736, 46.63228249549866,]
