best-result = 46.41305112838745
warmup-time = 59.49986505508423
all-measurements = [ 46.970725774765015, 46.41305112838745, 47.13519811630249,]
