best-result = 920.7313060760498
warmup-time = 1143.2080204486847
all-measurements = [ 922.9258000850677, 920.7313060760498, 926.6278338432312,]
