best-result = 85.24469041824341
warmup-time = 99.91501259803772
all-measurements = [ 86.30941653251648, 86.67619585990906, 85.24469041824341,]
