best-result = 994.4073741436005
warmup-time = 1021.9695038795471
all-measurements = [ 994.4073741436005, 996.0514137744904, 995.5246243476868,]
