best-result = 83.20896291732788
warmup-time = 103.69541835784912
all-measurements = [ 83.85064029693604, 84.24318766593933, 83.20896291732788,]
