best-result = 68.21435070037842
warmup-time = 90.06649160385132
all-measurements = [ 69.39147639274597, 68.21435070037842, 68.62542700767517,]
