best-result = 91.65527129173279
warmup-time = 105.94090723991394
all-measurements = [ 92.2661943435669, 91.82907032966614, 91.65527129173279,]
