best-result = 649.0407748222351
warmup-time = 668.2026708126068
all-measurements = [ 652.6140639781952, 654.0319707393646, 649.0407748222351,]
