best-result = 63.66772413253784
warmup-time = 77.12230014801025
all-measurements = [ 63.908350229263306, 63.879587173461914, 63.66772413253784,]
