best-result = 208.5221700668335
warmup-time = 372.70934224128723
all-measurements = [ 212.7117908000946, 213.03653693199158, 208.5221700668335,]
