best-result = 425.10362434387207
warmup-time = 894.1124219894409
all-measurements = [ 429.7001750469208, 425.10362434387207, 428.6769630908966,]
