best-result = 62.6259822845459
warmup-time = 79.77970170974731
all-measurements = [ 63.29303812980652, 62.6259822845459, 62.70428442955017,]
