best-result = 39.497519731521606
warmup-time = 47.762269020080566
all-measurements = [ 39.497519731521606, 39.69155168533325, 39.89373254776001,]
