best-result = 138.53651523590088
warmup-time = 167.84532070159912
all-measurements = [ 138.98242449760437, 138.66605687141418, 138.53651523590088,]
