best-result = 907.9667017459869
warmup-time = 942.4760091304779
all-measurements = [ 912.4780895709991, 907.9667017459869, 909.0416648387909,]
