best-result = 27.448500394821167
warmup-time = 36.58643555641174
all-measurements = [ 27.834943532943726, 27.448500394821167, 28.191112756729126,]
