best-result = 58.15847158432007
warmup-time = 71.88521099090576
all-measurements = [ 58.40497398376465, 58.15847158432007, 58.29028367996216,]
