best-result = 59.57241225242615
warmup-time = 74.11399102210999
all-measurements = [ 59.866865158081055, 59.57241225242615, 59.9373414516449,]
