best-result = 111.38531804084778
warmup-time = 139.50484442710876
all-measurements = [ 112.24757146835327, 111.38531804084778, 111.63163495063782,]
