best-result = 786.64617395401
warmup-time = 857.2660963535309
all-measurements = [ 786.64617395401, 788.2816727161407, 787.28417801857,]
