best-result = 33.73151135444641
warmup-time = 41.06466817855835
all-measurements = [ 34.11190414428711, 34.06893181800842, 33.73151135444641,]
