best-result = 55.33083367347717
warmup-time = 71.1419448852539
all-measurements = [ 55.33083367347717, 55.54617238044739, 55.756110429763794,]
