best-result = 1512.6693601608276
warmup-time = 1587.3864181041718
all-measurements = [ 1512.6693601608276, 2016.0422720909119, 2154.3548591136932,]
