best-result = 49.29124069213867
warmup-time = 69.52961874008179
all-measurements = [ 49.29124069213867, 49.35241508483887, 49.36526274681091,]
