best-result = 78.70692539215088
warmup-time = 98.30937814712524
all-measurements = [ 79.22502255439758, 78.70692539215088, 79.34908819198608,]
