best-result = 37.02958941459656
warmup-time = 46.61058020591736
all-measurements = [ 37.02958941459656, 37.71953082084656, 37.08835744857788,]
