best-result = 351.8126311302185
warmup-time = 486.4187955856323
all-measurements = [ 357.35471272468567, 359.64518189430237, 351.8126311302185,]
