best-result = 58.902610301971436
warmup-time = 59.21572518348694
all-measurements = [ 59.31743931770325, 58.902610301971436, 59.54971385002136,]
