best-result = 22.464967012405396
warmup-time = 22.491610288619995
all-measurements = [ 22.74507474899292, 22.475037574768066, 22.464967012405396,]
