best-result = 48.14894914627075
warmup-time = 67.5429356098175
all-measurements = [ 48.14894914627075, 48.34386157989502, 48.752617835998535,]
