best-result = 47.36097741127014
warmup-time = 61.627923011779785
all-measurements = [ 48.43484115600586, 47.36097741127014, 48.667722940444946,]
