best-result = 1004.0019614696503
warmup-time = 1227.3370254039764
all-measurements = [ 1004.3642067909241, 1014.3126027584076, 1004.0019614696503,]
