best-result = 83.198646068573
warmup-time = 98.09633326530457
all-measurements = [ 83.198646068573, 83.45635914802551, 83.71761274337769,]
