best-result = 78.90751433372498
warmup-time = 102.2554280757904
all-measurements = [ 79.74675917625427, 78.90751433372498, 80.09437489509583,]
