best-result = 69.84229564666748
warmup-time = 96.15889692306519
all-measurements = [ 70.81827473640442, 69.97065687179565, 69.84229564666748,]
