best-result = 85.85720372200012
warmup-time = 100.70650601387024
all-measurements = [ 85.85720372200012, 86.0088198184967, 86.88665127754211,]
