best-result = 598.3498685359955
warmup-time = 608.967442035675
all-measurements = [ 600.4621198177338, 598.3498685359955, 599.1241629123688,]
