best-result = 64.1192626953125
warmup-time = 74.83636999130249
all-measurements = [ 64.1192626953125, 64.45580291748047, 64.153883934021,]
