best-result = 235.69562149047852
warmup-time = 418.3299951553345
all-measurements = [ 237.20312309265137, 235.69562149047852, 235.7665719985962,]
