best-result = 442.89974427223206
warmup-time = 962.7347795963287
all-measurements = [ 442.89974427223206, 452.40021324157715, 446.09071373939514,]
