best-result = 60.84034299850464
warmup-time = 82.53272914886475
all-measurements = [ 60.944116830825806, 60.84034299850464, 61.57118630409241,]
