best-result = 889.8881328105927
warmup-time = 928.7068586349487
all-measurements = [ 894.8339996337891, 915.4790699481964, 889.8881328105927,]
