best-result = 27.7898108959198
warmup-time = 36.927141427993774
all-measurements = [ 28.442243337631226, 27.897944450378418, 27.7898108959198,]
