best-result = 59.539639949798584
warmup-time = 74.2906813621521
all-measurements = [ 59.539639949798584, 59.94073534011841, 60.59120988845825,]
