best-result = 56.48766255378723
warmup-time = 71.88109827041626
all-measurements = [ 56.48766255378723, 57.1405246257782, 57.17966437339783,]
