best-result = 110.64698553085327
warmup-time = 142.73940014839172
all-measurements = [ 110.73619532585144, 111.80679535865784, 110.64698553085327,]
