best-result = 780.2626678943634
warmup-time = 857.8866009712219
all-measurements = [ 784.0769367218018, 783.776926279068, 780.2626678943634,]
