best-result = 34.344077825546265
warmup-time = 41.806511878967285
all-measurements = [ 35.454970359802246, 35.0182831287384, 34.344077825546265,]
