best-result = 53.79707622528076
warmup-time = 70.6658365726471
all-measurements = [ 54.70251750946045, 53.79707622528076, 55.18884873390198,]
