best-result = 50.90632653236389
warmup-time = 71.49030351638794
all-measurements = [ 51.29680776596069, 51.740546226501465, 50.90632653236389,]
