best-result = 80.33319926261902
warmup-time = 99.85917496681213
all-measurements = [ 80.49020028114319, 80.33319926261902, 81.44204664230347,]
