best-result = 36.17025303840637
warmup-time = 45.319490909576416
all-measurements = [ 36.688199043273926, 36.74192929267883, 36.17025303840637,]
