best-result = 355.76211762428284
warmup-time = 518.1787881851196
all-measurements = [ 355.76211762428284, 357.2765166759491, 367.0336034297943,]
