best-result = 104.97401881217957
warmup-time = 105.4772469997406
all-measurements = [ 106.23660445213318, 105.65563797950745, 104.97401881217957,]
