best-result = 26.0159010887146
warmup-time = 26.410313367843628
all-measurements = [ 26.0159010887146, 26.38622498512268, 26.396982431411743,]
