best-result = 36.99301862716675
warmup-time = 39.019010066986084
all-measurements = [ 37.77573919296265, 37.13497614860535, 36.99301862716675,]
