best-result = 30.682297945022583
warmup-time = 31.723700284957886
all-measurements = [ 30.682297945022583, 31.734832286834717, 31.62327790260315,]
