best-result = 263.8366770744324
warmup-time = 272.1201162338257
all-measurements = [ 264.9036285877228, 267.96572375297546, 263.8366770744324,]
