best-result = 36.53135704994202
warmup-time = 37.141889572143555
all-measurements = [ 37.349021911621094, 37.51711869239807, 36.53135704994202,]
