best-result = 41.06714916229248
warmup-time = 43.57591891288757
all-measurements = [ 41.91891264915466, 41.06714916229248, 41.781763792037964,]
