best-result = 49.295923471450806
warmup-time = 50.80991840362549
all-measurements = [ 50.00980067253113, 49.39473843574524, 49.295923471450806,]
