best-result = 32.61346435546875
warmup-time = 34.45685791969299
all-measurements = [ 32.61346435546875, 33.918914556503296, 34.1780366897583,]
