best-result = 36.56458902359009
warmup-time = 38.26659154891968
all-measurements = [ 38.76987099647522, 38.04287099838257, 36.56458902359009,]
