best-result = 62.73042583465576
warmup-time = 64.69495177268982
all-measurements = [ 62.73042583465576, 65.59418988227844, 65.32432293891907,]
