best-result = 225.3337984085083
warmup-time = 228.05641722679138
all-measurements = [ 225.3337984085083, 226.30599117279053, 228.1191761493683,]
