best-result = 521.5161516666412
warmup-time = 524.1899704933167
all-measurements = [ 523.9216394424438, 521.5161516666412, 522.142669916153,]
