best-result = 36.439573526382446
warmup-time = 39.138145446777344
all-measurements = [ 37.15850591659546, 37.77461123466492, 36.439573526382446,]
