best-result = 71.66203117370605
warmup-time = 76.1323390007019
all-measurements = [ 75.98231959342957, 71.66203117370605, 78.96480870246887,]
