best-result = 61.707640647888184
warmup-time = 64.46809887886047
all-measurements = [ 62.87412428855896, 61.707640647888184, 63.22228288650513,]
