best-result = 29.033420085906982
warmup-time = 27.63874840736389
all-measurements = [ 29.033420085906982, 29.08673095703125, 29.452524423599243,]
