best-result = 32.93340611457825
warmup-time = 33.573843479156494
all-measurements = [ 35.91890048980713, 36.08776068687439, 32.93340611457825,]
