best-result = 33.78317880630493
warmup-time = 32.286213636398315
all-measurements = [ 33.78317880630493, 34.976134300231934, 34.69522404670715,]
