best-result = 42.10166668891907
warmup-time = 43.7849977016449
all-measurements = [ 44.72172570228577, 42.10166668891907, 42.83150553703308,]
