best-result = 95.14998078346252
warmup-time = 97.49144577980042
all-measurements = [ 99.268474817276, 96.84312963485718, 95.14998078346252,]
