best-result = 28.252622842788696
warmup-time = 29.036603689193726
all-measurements = [ 30.11261487007141, 28.252622842788696, 30.183659076690674,]
