best-result = 34.87342810630798
warmup-time = 35.28468441963196
all-measurements = [ 35.3668429851532, 34.87342810630798, 35.42740058898926,]
