best-result = 91.06856322288513
warmup-time = 95.72485899925232
all-measurements = [ 95.64627242088318, 91.06856322288513, 94.397047996521,]
