best-result = 38.51093935966492
warmup-time = 40.87686777114868
all-measurements = [ 39.003103494644165, 40.85560178756714, 38.51093935966492,]
