best-result = 44.86188292503357
warmup-time = 46.41279864311218
all-measurements = [ 47.139025926589966, 46.00956201553345, 44.86188292503357,]
