best-result = 28.46122455596924
warmup-time = 29.506293773651123
all-measurements = [ 29.439857244491577, 28.46122455596924, 29.444597482681274,]
