best-result = 708.2266893386841
warmup-time = 732.0451667308807
all-measurements = [ 708.2266893386841, 710.2055461406708, 715.3436431884766,]
