best-result = 172.2990803718567
warmup-time = 175.0628604888916
all-measurements = [ 172.2990803718567, 177.38160634040833, 172.53386664390564,]
