best-result = 59.541943073272705
warmup-time = 68.08603954315186
all-measurements = [ 61.106770277023315, 59.541943073272705, 63.91292214393616,]
