best-result = 26.774122953414917
warmup-time = 27.334761381149292
all-measurements = [ 27.690083742141724, 27.054665327072144, 26.774122953414917,]
