best-result = 39.3776912689209
warmup-time = 40.833826780319214
all-measurements = [ 40.4697642326355, 40.22000598907471, 39.3776912689209,]
