best-result = 34.11217641830444
warmup-time = 35.322044372558594
all-measurements = [ 35.49652147293091, 35.470327854156494, 34.11217641830444,]
