best-result = 281.81430649757385
warmup-time = 293.4065272808075
all-measurements = [ 281.81430649757385, 289.7187080383301, 289.3449170589447,]
