best-result = 38.21776509284973
warmup-time = 36.94929885864258
all-measurements = [ 38.26300311088562, 38.740163803100586, 38.21776509284973,]
