best-result = 44.86467790603638
warmup-time = 45.621742486953735
all-measurements = [ 46.65281844139099, 44.86467790603638, 45.45731854438782,]
