best-result = 53.36633062362671
warmup-time = 55.56391429901123
all-measurements = [ 54.44104504585266, 53.877331018447876, 53.36633062362671,]
