best-result = 36.1145875453949
warmup-time = 37.892346143722534
all-measurements = [ 37.91632294654846, 38.31691098213196, 36.1145875453949,]
