best-result = 41.24423933029175
warmup-time = 41.79577136039734
all-measurements = [ 41.304059743881226, 41.24423933029175, 42.36215281486511,]
