best-result = 64.10312485694885
warmup-time = 63.794090270996094
all-measurements = [ 64.10312485694885, 66.24797511100769, 65.68775248527527,]
