best-result = 254.7389781475067
warmup-time = 257.5232689380646
all-measurements = [ 254.7389781475067, 258.6477108001709, 261.05503511428833,]
