best-result = 597.794162273407
warmup-time = 603.4330236911774
all-measurements = [ 597.832861661911, 598.2100481987, 597.794162273407,]
