best-result = 36.49667525291443
warmup-time = 39.8876690864563
all-measurements = [ 36.49667525291443, 39.43504810333252, 40.22501301765442,]
