best-result = 68.59944009780884
warmup-time = 68.99635982513428
all-measurements = [ 69.11059045791626, 68.59944009780884, 69.16918778419495,]
