best-result = 29.40904998779297
warmup-time = 30.324575185775757
all-measurements = [ 29.40904998779297, 29.834897756576538, 29.557666540145874,]
