best-result = 34.855774879455566
warmup-time = 35.43130135536194
all-measurements = [ 35.76062798500061, 34.855774879455566, 35.71102213859558,]
