best-result = 46.01527285575867
warmup-time = 47.4639458656311
all-measurements = [ 46.01527285575867, 46.20070171356201, 46.73005747795105,]
