best-result = 106.88735032081604
warmup-time = 106.29303479194641
all-measurements = [ 108.46657705307007, 107.48085856437683, 106.88735032081604,]
