best-result = 30.16971468925476
warmup-time = 31.079928874969482
all-measurements = [ 30.16971468925476, 31.295120239257812, 31.286279678344727,]
