best-result = 36.701176166534424
warmup-time = 36.82238984107971
all-measurements = [ 37.934470891952515, 36.701176166534424, 37.30356168746948,]
