best-result = 42.60211420059204
warmup-time = 44.80903220176697
all-measurements = [ 43.64538049697876, 42.60211420059204, 43.9017539024353,]
