best-result = 45.59101438522339
warmup-time = 49.03218340873718
all-measurements = [ 45.59101438522339, 46.74171710014343, 47.99050521850586,]
