best-result = 29.11501669883728
warmup-time = 29.50831127166748
all-measurements = [ 30.104660511016846, 29.11501669883728, 30.637397289276123,]
