best-result = 740.9326741695404
warmup-time = 764.3790893554688
all-measurements = [ 740.9326741695404, 745.6511511802673, 742.2128210067749,]
