best-result = 194.6025369167328
warmup-time = 197.3217215538025
all-measurements = [ 199.41071462631226, 194.6025369167328, 199.83248043060303,]
