best-result = 44.53240704536438
warmup-time = 50.02949094772339
all-measurements = [ 48.609421730041504, 46.52644872665405, 44.53240704536438,]
