best-result = 21.889615058898926
warmup-time = 22.53364658355713
all-measurements = [ 22.37593173980713, 23.422181367874146, 21.889615058898926,]
