best-result = 47.57266569137573
warmup-time = 66.1800217628479
all-measurements = [ 48.15562343597412, 48.283915758132935, 47.57266569137573,]
