best-result = 47.077698945999146
warmup-time = 60.69390797615051
all-measurements = [ 47.515976905822754, 48.874311208724976, 47.077698945999146,]
