best-result = 993.9047753810883
warmup-time = 1206.8025522232056
all-measurements = [ 995.1429731845856, 993.9047753810883, 994.7593629360199,]
