best-result = 82.55556273460388
warmup-time = 100.39885568618774
all-measurements = [ 82.55556273460388, 82.85407972335815, 84.33076810836792,]
