best-result = 78.52322101593018
warmup-time = 103.56017780303955
all-measurements = [ 78.52322101593018, 79.77399730682373, 78.82542514801025,]
