best-result = 69.53445768356323
warmup-time = 94.75321364402771
all-measurements = [ 69.72073459625244, 69.53445768356323, 71.13216376304626,]
