best-result = 85.45398616790771
warmup-time = 101.89351344108582
all-measurements = [ 85.45398616790771, 86.20789384841919, 85.49859118461609,]
