best-result = 600.4159173965454
warmup-time = 612.135984659195
all-measurements = [ 603.4867181777954, 602.2716434001923, 600.4159173965454,]
