best-result = 63.78790736198425
warmup-time = 80.68692898750305
all-measurements = [ 64.10300660133362, 64.1013035774231, 63.78790736198425,]
