best-result = 232.9081060886383
warmup-time = 437.960485458374
all-measurements = [ 234.1282982826233, 235.59645080566406, 232.9081060886383,]
