best-result = 441.6476414203644
warmup-time = 968.2205560207367
all-measurements = [ 445.08112835884094, 441.6476414203644, 447.7759187221527,]
