best-result = 60.175705909729004
warmup-time = 78.57495379447937
all-measurements = [ 60.175705909729004, 61.617061614990234, 60.6210618019104,]
