best-result = 881.2058374881744
warmup-time = 916.8244254589081
all-measurements = [ 881.2058374881744, 885.4434378147125, 898.9676163196564,]
