best-result = 27.58903932571411
warmup-time = 35.879765033721924
all-measurements = [ 28.357096195220947, 27.60292363166809, 27.58903932571411,]
