best-result = 60.07634520530701
warmup-time = 76.1730010509491
all-measurements = [ 60.5139684677124, 60.07634520530701, 61.17944693565369,]
