best-result = 56.31353950500488
warmup-time = 71.58334040641785
all-measurements = [ 56.88736438751221, 57.375349283218384, 56.31353950500488,]
