best-result = 110.84951138496399
warmup-time = 140.9503014087677
all-measurements = [ 111.40153813362122, 112.57834982872009, 110.84951138496399,]
