best-result = 778.4134147167206
warmup-time = 860.7348155975342
all-measurements = [ 780.1510608196259, 781.4640090465546, 778.4134147167206,]
