best-result = 34.052976846694946
warmup-time = 41.2518527507782
all-measurements = [ 34.052976846694946, 34.77620482444763, 34.1853449344635,]
