best-result = 53.56336784362793
warmup-time = 71.57629227638245
all-measurements = [ 53.900612115859985, 53.56336784362793, 54.050527572631836,]
