best-result = 50.740703105926514
warmup-time = 70.36850357055664
all-measurements = [ 51.6915066242218, 50.740703105926514, 52.14562726020813,]
