best-result = 79.59268260002136
warmup-time = 101.11941075325012
all-measurements = [ 80.08571195602417, 79.59268260002136, 80.92258810997009,]
