best-result = 35.939764738082886
warmup-time = 46.12788128852844
all-measurements = [ 36.647074937820435, 36.14306831359863, 35.939764738082886,]
