best-result = 356.02219796180725
warmup-time = 511.6932406425476
all-measurements = [ 360.6753373146057, 356.02219796180725, 359.5626780986786,]
