best-result = 104.11917853355408
warmup-time = 104.27317976951599
all-measurements = [ 105.43708777427673, 104.11917853355408, 104.61551022529602,]
