best-result = 25.32634472846985
warmup-time = 25.719208478927612
all-measurements = [ 25.44186234474182, 25.621691703796387, 25.32634472846985,]
