best-result = 37.03141498565674
warmup-time = 37.57165718078613
all-measurements = [ 37.94839358329773, 38.301133155822754, 37.03141498565674,]
