best-result = 30.606762170791626
warmup-time = 30.66518807411194
all-measurements = [ 31.519951343536377, 30.606762170791626, 30.635089635849,]
