best-result = 264.86492896080017
warmup-time = 270.1258239746094
all-measurements = [ 264.86492896080017, 266.92378211021423, 266.51926493644714,]
