best-result = 36.17806100845337
warmup-time = 36.024126291275024
all-measurements = [ 36.97314167022705, 36.55127763748169, 36.17806100845337,]
