best-result = 39.548887968063354
warmup-time = 40.127490282058716
all-measurements = [ 40.8719744682312, 40.85969948768616, 39.548887968063354,]
