best-result = 48.466939210891724
warmup-time = 50.73689937591553
all-measurements = [ 48.681538581848145, 48.466939210891724, 48.5508496761322,]
