best-result = 33.16767978668213
warmup-time = 33.719029903411865
all-measurements = [ 33.16767978668213, 34.25227093696594, 33.41710591316223,]
