best-result = 36.964505195617676
warmup-time = 36.14709830284119
all-measurements = [ 36.99132466316223, 36.964505195617676, 37.1535165309906,]
