best-result = 62.76660490036011
warmup-time = 63.68533658981323
all-measurements = [ 62.76660490036011, 64.06641578674316, 64.33460688591003,]
