best-result = 226.2212312221527
warmup-time = 229.6890254020691
all-measurements = [ 226.2212312221527, 241.65707421302795, 228.84374141693115,]
