best-result = 517.9957242012024
warmup-time = 527.2336056232452
all-measurements = [ 523.4752128124237, 521.5186824798584, 517.9957242012024,]
