best-result = 36.72855091094971
warmup-time = 36.5644907951355
all-measurements = [ 37.22184681892395, 36.72855091094971, 37.23990750312805,]
