best-result = 76.52379631996155
warmup-time = 77.92003178596497
all-measurements = [ 76.52379631996155, 83.80001997947693, 82.52062892913818,]
