best-result = 60.90690994262695
warmup-time = 62.83636951446533
all-measurements = [ 61.549105167388916, 60.90690994262695, 63.17661166191101,]
