best-result = 26.940555334091187
warmup-time = 27.558132648468018
all-measurements = [ 28.56478214263916, 26.940555334091187, 28.21244239807129,]
