best-result = 32.548255920410156
warmup-time = 35.4897825717926
all-measurements = [ 35.35434699058533, 34.90559697151184, 32.548255920410156,]
