best-result = 32.77311587333679
warmup-time = 33.5824019908905
all-measurements = [ 34.476378440856934, 32.77311587333679, 34.6972382068634,]
