best-result = 42.49532723426819
warmup-time = 43.808950901031494
all-measurements = [ 42.49532723426819, 42.787129402160645, 43.419066190719604,]
