best-result = 95.57935857772827
warmup-time = 96.48096036911011
all-measurements = [ 98.60074782371521, 95.57935857772827, 96.21933817863464,]
