best-result = 28.157999515533447
warmup-time = 27.722079515457153
all-measurements = [ 28.860374927520752, 28.157999515533447, 29.22498869895935,]
