best-result = 33.2243812084198
warmup-time = 32.423808336257935
all-measurements = [ 34.002662658691406, 34.227723121643066, 33.2243812084198,]
