best-result = 87.37867259979248
warmup-time = 91.91597247123718
all-measurements = [ 91.93134307861328, 89.43341636657715, 87.37867259979248,]
