best-result = 38.45453071594238
warmup-time = 38.87744760513306
all-measurements = [ 38.45453071594238, 40.01985955238342, 38.89883899688721,]
