best-result = 45.72703576087952
warmup-time = 42.75505042076111
all-measurements = [ 45.75827407836914, 45.72703576087952, 45.97533965110779,]
