best-result = 27.312995433807373
warmup-time = 29.303785800933838
all-measurements = [ 27.531744480133057, 29.077081203460693, 27.312995433807373,]
