best-result = 688.4429340362549
warmup-time = 728.9696891307831
all-measurements = [ 697.9483485221863, 688.4429340362549, 698.276645898819,]
