best-result = 174.72395253181458
warmup-time = 175.1333873271942
all-measurements = [ 174.72395253181458, 175.07994771003723, 175.036554813385,]
