best-result = 41.85117483139038
warmup-time = 42.79742097854614
all-measurements = [ 41.85117483139038, 44.3591730594635, 42.738689661026,]
