best-result = 59.82930588722229
warmup-time = 66.57615876197815
all-measurements = [ 68.4020082950592, 62.649404525756836, 59.82930588722229,]
