best-result = 23.22551679611206
warmup-time = 23.44121241569519
all-measurements = [ 23.256900787353516, 23.603283643722534, 23.22551679611206,]
