best-result = 46.63532519340515
warmup-time = 63.17704749107361
all-measurements = [ 47.14874863624573, 46.63532519340515, 47.335920572280884,]
