best-result = 46.799906969070435
warmup-time = 58.234135389328
all-measurements = [ 46.799906969070435, 46.86255931854248, 46.8666558265686,]
