best-result = 878.0807213783264
warmup-time = 1049.7879242897034
all-measurements = [ 881.2636022567749, 878.0807213783264, 881.8377311229706,]
