best-result = 85.24405264854431
warmup-time = 101.2083945274353
all-measurements = [ 85.52659630775452, 85.41609811782837, 85.24405264854431,]
