best-result = 983.6038401126862
warmup-time = 1013.0565655231476
all-measurements = [ 989.8065056800842, 985.4909770488739, 983.6038401126862,]
