best-result = 65.88443732261658
warmup-time = 82.61229205131531
all-measurements = [ 66.92163968086243, 66.54727530479431, 65.88443732261658,]
