best-result = 82.69778084754944
warmup-time = 105.2134952545166
all-measurements = [ 83.84157752990723, 83.07998895645142, 82.69778084754944,]
