best-result = 68.41714835166931
warmup-time = 86.46137499809265
all-measurements = [ 69.32725071907043, 68.80629682540894, 68.41714835166931,]
