best-result = 91.52908539772034
warmup-time = 103.91752171516418
all-measurements = [ 91.52908539772034, 91.89559531211853, 91.70033645629883,]
