best-result = 631.424994468689
warmup-time = 653.5511302947998
all-measurements = [ 637.080575466156, 639.8011202812195, 631.424994468689,]
