best-result = 60.61366891860962
warmup-time = 77.94682741165161
all-measurements = [ 63.63925504684448, 60.61366891860962, 60.74699807167053,]
