best-result = 191.80790281295776
warmup-time = 346.2911591529846
all-measurements = [ 191.80790281295776, 194.60058736801147, 192.5732021331787,]
