best-result = 389.27550435066223
warmup-time = 825.0358006954193
all-measurements = [ 389.27550435066223, 397.9479467868805, 390.38670444488525,]
