best-result = 62.70689010620117
warmup-time = 78.37783193588257
all-measurements = [ 62.81453800201416, 62.867955446243286, 62.70689010620117,]
