best-result = 40.347116470336914
warmup-time = 47.977909326553345
all-measurements = [ 40.72308135032654, 40.347116470336914, 40.45999503135681,]
