best-result = 134.25567293167114
warmup-time = 166.1064100265503
all-measurements = [ 134.25567293167114, 134.92209553718567, 134.91236352920532,]
