best-result = 909.2190320491791
warmup-time = 981.526918888092
all-measurements = [ 921.9814100265503, 916.2258689403534, 909.2190320491791,]
