best-result = 28.234484672546387
warmup-time = 38.17752766609192
all-measurements = [ 28.331706285476685, 28.234484672546387, 28.35551118850708,]
