best-result = 59.410030364990234
warmup-time = 71.81285691261292
all-measurements = [ 59.410030364990234, 59.466116189956665, 59.53746557235718,]
