best-result = 60.07057332992554
warmup-time = 73.1077733039856
all-measurements = [ 60.07057332992554, 60.19052171707153, 60.516682863235474,]
