best-result = 109.22542786598206
warmup-time = 136.4179491996765
all-measurements = [ 110.42675948143005, 109.22542786598206, 109.78630781173706,]
