best-result = 763.2758705615997
warmup-time = 830.4595894813538
all-measurements = [ 763.7707717418671, 763.2758705615997, 768.5213601589203,]
