best-result = 34.30569505691528
warmup-time = 42.860894203186035
all-measurements = [ 34.76274275779724, 34.677218198776245, 34.30569505691528,]
