best-result = 56.04288411140442
warmup-time = 71.50574398040771
all-measurements = [ 56.04288411140442, 56.84605431556702, 60.38783288002014,]
