best-result = 1478.2492043972015
warmup-time = 2000.3516566753387
all-measurements = [ 1478.2492043972015, 1524.8459918498993, 2463.5850813388824,]
