best-result = 49.43185353279114
warmup-time = 70.00544548034668
all-measurements = [ 50.38315296173096, 49.65493297576904, 49.43185353279114,]
