best-result = 81.65454888343811
warmup-time = 101.15378618240356
all-measurements = [ 82.53849577903748, 81.65454888343811, 82.37286067008972,]
