best-result = 93.39079308509827
warmup-time = 114.72403168678284
all-measurements = [ 93.54125165939331, 93.52367496490479, 93.39079308509827,]
