best-result = 37.79013419151306
warmup-time = 46.939231395721436
all-measurements = [ 38.0132360458374, 37.79217839241028, 37.79013419151306,]
