best-result = 315.26340413093567
warmup-time = 462.2706575393677
all-measurements = [ 315.26340413093567, 339.6690754890442, 317.58529686927795,]
