best-result = 61.02741312980652
warmup-time = 61.16762948036194
all-measurements = [ 61.24587321281433, 61.15235781669617, 61.02741312980652,]
