best-result = 25.124269723892212
warmup-time = 25.425618648529053
all-measurements = [ 25.124269723892212, 25.56608819961548, 25.20061159133911,]
