best-result = 35.80050325393677
warmup-time = 36.1742308139801
all-measurements = [ 35.80050325393677, 37.512409925460815, 36.83466029167175,]
