best-result = 31.489644289016724
warmup-time = 32.546587228775024
all-measurements = [ 31.935272455215454, 32.146666526794434, 31.489644289016724,]
