best-result = 273.44900846481323
warmup-time = 275.1088321208954
all-measurements = [ 273.44900846481323, 277.62775897979736, 274.1729521751404,]
