best-result = 35.19427251815796
warmup-time = 35.090593338012695
all-measurements = [ 36.201183795928955, 35.19427251815796, 35.97763419151306,]
