best-result = 40.50803589820862
warmup-time = 41.165443658828735
all-measurements = [ 40.50803589820862, 42.859261989593506, 43.09618878364563,]
