best-result = 50.55757021903992
warmup-time = 52.12056827545166
all-measurements = [ 50.65657067298889, 50.55757021903992, 51.36484122276306,]
