best-result = 33.321852922439575
warmup-time = 33.77387452125549
all-measurements = [ 33.321852922439575, 33.841856956481934, 34.04080629348755,]
