best-result = 36.977997064590454
warmup-time = 37.97403407096863
all-measurements = [ 37.59461832046509, 37.84496188163757, 36.977997064590454,]
