best-result = 56.26124572753906
warmup-time = 56.525174617767334
all-measurements = [ 60.14295935630798, 63.014293909072876, 56.26124572753906,]
