best-result = 241.60612416267395
warmup-time = 243.7541561126709
all-measurements = [ 244.32232785224915, 241.74377012252808, 241.60612416267395,]
