best-result = 548.2777907848358
warmup-time = 551.1837928295135
all-measurements = [ 551.2314896583557, 548.6408758163452, 548.2777907848358,]
