best-result = 35.052003383636475
warmup-time = 35.8177227973938
all-measurements = [ 36.46274518966675, 35.052003383636475, 38.13030743598938,]
