best-result = 65.04563355445862
warmup-time = 67.0029456615448
all-measurements = [ 66.42621898651123, 65.04563355445862, 65.4241943359375,]
