best-result = 28.321435928344727
warmup-time = 28.30185103416443
all-measurements = [ 28.321435928344727, 28.35537362098694, 28.388155698776245,]
