best-result = 35.836238384246826
warmup-time = 36.56765651702881
all-measurements = [ 36.905113220214844, 35.836238384246826, 36.406306743621826,]
