best-result = 31.888282537460327
warmup-time = 32.222864389419556
all-measurements = [ 31.888282537460327, 32.48494219779968, 33.129425287246704,]
