best-result = 42.49358057975769
warmup-time = 42.46625852584839
all-measurements = [ 43.16788387298584, 43.503355264663696, 42.49358057975769,]
