best-result = 99.38364291191101
warmup-time = 100.39617085456848
all-measurements = [ 100.84161949157715, 99.38364291191101, 100.55158758163452,]
