best-result = 27.805184841156006
warmup-time = 27.649601936340332
all-measurements = [ 27.805184841156006, 28.240162134170532, 28.02343249320984,]
