best-result = 32.82968521118164
warmup-time = 34.244433879852295
all-measurements = [ 34.30000424385071, 33.75597882270813, 32.82968521118164,]
