best-result = 39.92089033126831
warmup-time = 40.15038466453552
all-measurements = [ 39.92089033126831, 40.664337396621704, 40.246726512908936,]
