best-result = 43.54693126678467
warmup-time = 47.217326641082764
all-measurements = [ 45.050007581710815, 43.966116189956665, 43.54693126678467,]
