best-result = 28.013409852981567
warmup-time = 27.461667776107788
all-measurements = [ 28.16343641281128, 28.418467044830322, 28.013409852981567,]
