best-result = 702.4043531417847
warmup-time = 721.5184345245361
all-measurements = [ 711.1288268566132, 716.6592860221863, 702.4043531417847,]
