best-result = 183.00275492668152
warmup-time = 182.9436378479004
all-measurements = [ 183.44990968704224, 185.4976089000702, 183.00275492668152,]
