best-result = 43.25043487548828
warmup-time = 42.57979106903076
all-measurements = [ 43.42596483230591, 43.25043487548828, 43.37906360626221,]
