best-result = 21.08204698562622
warmup-time = 21.808326721191406
all-measurements = [ 21.08204698562622, 21.53003239631653, 21.26484489440918,]
