best-result = 47.261605739593506
warmup-time = 61.99397349357605
all-measurements = [ 47.261605739593506, 47.4691104888916, 47.54054546356201,]
