best-result = 45.970853090286255
warmup-time = 58.87037968635559
all-measurements = [ 46.79042029380798, 46.29068183898926, 45.970853090286255,]
