best-result = 977.4538996219635
warmup-time = 1189.3099524974823
all-measurements = [ 977.4538996219635, 978.1347448825836, 981.9848787784576,]
