best-result = 80.62133145332336
warmup-time = 95.45538783073425
all-measurements = [ 80.62133145332336, 82.08103704452515, 81.31136059761047,]
