best-result = 78.24962949752808
warmup-time = 98.01094150543213
all-measurements = [ 78.24962949752808, 78.93896985054016, 78.39671277999878,]
