best-result = 68.40259766578674
warmup-time = 91.2128369808197
all-measurements = [ 70.36974573135376, 68.40259766578674, 68.62597322463989,]
