best-result = 83.58184599876404
warmup-time = 99.28048634529114
all-measurements = [ 83.86426305770874, 83.58184599876404, 84.71063923835754,]
