best-result = 591.4787967205048
warmup-time = 599.2297947406769
all-measurements = [ 591.4787967205048, 598.7296390533447, 592.2561295032501,]
