best-result = 61.62700629234314
warmup-time = 77.49721813201904
all-measurements = [ 62.279088735580444, 62.13959860801697, 61.62700629234314,]
