best-result = 232.00770258903503
warmup-time = 404.17408537864685
all-measurements = [ 232.00770258903503, 233.0028657913208, 232.53533363342285,]
