best-result = 440.9625449180603
warmup-time = 929.7663474082947
all-measurements = [ 442.73653411865234, 440.9625449180603, 442.73071217536926,]
