best-result = 59.43050193786621
warmup-time = 76.26169443130493
all-measurements = [ 60.16673469543457, 59.43050193786621, 59.46707201004028,]
