best-result = 863.4886558055878
warmup-time = 902.1690752506256
all-measurements = [ 870.2414042949677, 867.2080132961273, 863.4886558055878,]
