best-result = 26.19321632385254
warmup-time = 35.04569220542908
all-measurements = [ 26.19321632385254, 26.658613681793213, 26.866116762161255,]
