best-result = 57.78046894073486
warmup-time = 71.75212478637695
all-measurements = [ 57.78046894073486, 59.060415506362915, 57.89550232887268,]
