best-result = 55.35678029060364
warmup-time = 68.83285903930664
all-measurements = [ 55.38930368423462, 55.35678029060364, 55.71320056915283,]
