best-result = 108.56435251235962
warmup-time = 137.3695592880249
all-measurements = [ 108.64074850082397, 108.56435251235962, 109.23366022109985,]
