best-result = 775.4034466743469
warmup-time = 839.59437084198
all-measurements = [ 775.4034466743469, 778.5838003158569, 785.5554039478302,]
