best-result = 33.66818428039551
warmup-time = 46.58691740036011
all-measurements = [ 35.14775586128235, 33.66818428039551, 33.79110383987427,]
