best-result = 52.99877214431763
warmup-time = 68.4024977684021
all-measurements = [ 53.07158827781677, 52.99877214431763, 53.383782625198364,]
