best-result = 49.30492353439331
warmup-time = 67.84667015075684
all-measurements = [ 49.41044354438782, 49.55910325050354, 49.30492353439331,]
