best-result = 78.85616064071655
warmup-time = 99.48644423484802
all-measurements = [ 80.33340740203857, 78.97295761108398, 78.85616064071655,]
