best-result = 35.251614809036255
warmup-time = 43.9785590171814
all-measurements = [ 35.61574935913086, 35.251614809036255, 35.85520315170288,]
