best-result = 344.5277488231659
warmup-time = 500.1756110191345
all-measurements = [ 353.53873467445374, 344.5277488231659, 355.4154722690582,]
