best-result = 102.86832594871521
warmup-time = 102.69642901420593
all-measurements = [ 103.58531832695007, 102.86832594871521, 102.89255619049072,]
