best-result = 22.621471881866455
warmup-time = 22.753894567489624
all-measurements = [ 22.853293895721436, 23.062166929244995, 22.621471881866455,]
