best-result = 46.316543102264404
warmup-time = 63.6278510093689
all-measurements = [ 46.316543102264404, 46.832775354385376, 46.855854988098145,]
