best-result = 45.61404228210449
warmup-time = 58.69670224189758
all-measurements = [ 45.86317539215088, 46.223947525024414, 45.61404228210449,]
