best-result = 917.5728304386139
warmup-time = 1126.3106241226196
all-measurements = [ 940.9813508987427, 917.5728304386139, 940.6134233474731,]
