best-result = 84.22245383262634
warmup-time = 99.65508151054382
all-measurements = [ 85.35583543777466, 84.22245383262634, 84.25345730781555,]
