best-result = 982.4139568805695
warmup-time = 1013.1159665584564
all-measurements = [ 983.8081510066986, 984.3990375995636, 982.4139568805695,]
