best-result = 81.36137676239014
warmup-time = 103.64620065689087
all-measurements = [ 81.48413562774658, 81.36137676239014, 81.66774201393127,]
