best-result = 69.40495324134827
warmup-time = 91.39153552055359
all-measurements = [ 69.61302924156189, 69.40495324134827, 70.2479317188263,]
