best-result = 90.97783708572388
warmup-time = 104.24725675582886
all-measurements = [ 90.97783708572388, 91.08116722106934, 91.33755111694336,]
