best-result = 63.32994866371155
warmup-time = 80.63172626495361
all-measurements = [ 64.65895318984985, 63.32994866371155, 63.44391751289368,]
