best-result = 208.40127038955688
warmup-time = 362.42411732673645
all-measurements = [ 209.29352474212646, 208.40127038955688, 210.5183560848236,]
