best-result = 427.9982604980469
warmup-time = 873.634516954422
all-measurements = [ 428.0544013977051, 427.9982604980469, 430.67311000823975,]
