best-result = 61.87123107910156
warmup-time = 79.5904049873352
all-measurements = [ 61.87123107910156, 62.19515514373779, 62.36515736579895,]
