best-result = 39.352810859680176
warmup-time = 47.95886707305908
all-measurements = [ 39.352810859680176, 39.7323694229126, 39.53148341178894,]
