best-result = 140.23322248458862
warmup-time = 168.04446125030518
all-measurements = [ 140.44941234588623, 140.3973903656006, 140.23322248458862,]
