best-result = 902.6914656162262
warmup-time = 938.5408637523651
all-measurements = [ 902.6914656162262, 908.9910397529602, 904.9236793518066,]
