best-result = 27.206438541412354
warmup-time = 35.9073646068573
all-measurements = [ 27.333064794540405, 27.400973796844482, 27.206438541412354,]
