best-result = 58.064239501953125
warmup-time = 71.96670961380005
all-measurements = [ 58.064239501953125, 58.40049433708191, 59.31212544441223,]
