best-result = 59.51623344421387
warmup-time = 73.32872271537781
all-measurements = [ 59.86010956764221, 59.51623344421387, 59.719066858291626,]
