best-result = 109.94326400756836
warmup-time = 137.41217803955078
all-measurements = [ 110.63877725601196, 110.2905387878418, 109.94326400756836,]
