best-result = 784.4378821849823
warmup-time = 857.3692524433136
all-measurements = [ 803.9941873550415, 784.4378821849823, 784.5565021038055,]
