best-result = 33.4844183921814
warmup-time = 42.09655785560608
all-measurements = [ 33.94921016693115, 33.4844183921814, 33.52564454078674,]
