best-result = 54.93656373023987
warmup-time = 69.83474206924438
all-measurements = [ 55.051108598709106, 54.93656373023987, 55.49676465988159,]
