best-result = 1368.1235647201538
warmup-time = 1334.2110166549683
all-measurements = [ 1751.6514074802399, 1368.1235647201538, 1446.124916791916,]
