best-result = 49.16965317726135
warmup-time = 71.10290789604187
all-measurements = [ 49.38198685646057, 49.31867861747742, 49.16965317726135,]
