best-result = 78.01142263412476
warmup-time = 99.04555201530457
all-measurements = [ 78.0893018245697, 78.01142263412476, 78.29970264434814,]
