best-result = 36.65836548805237
warmup-time = 46.037824869155884
all-measurements = [ 36.65836548805237, 36.99885559082031, 37.33435916900635,]
