best-result = 345.0632438659668
warmup-time = 485.9137041568756
all-measurements = [ 356.606383562088, 349.6956796646118, 345.0632438659668,]
