best-result = 58.2164044380188
warmup-time = 59.57958984375
all-measurements = [ 58.40498208999634, 59.30877637863159, 58.2164044380188,]
