best-result = 25.833323001861572
warmup-time = 25.965922832489014
all-measurements = [ 25.833323001861572, 26.38300347328186, 26.211959838867188,]
