best-result = 36.06316137313843
warmup-time = 37.97140407562256
all-measurements = [ 36.968756914138794, 36.06316137313843, 38.15356421470642,]
