best-result = 30.709083318710327
warmup-time = 31.9609956741333
all-measurements = [ 31.250234365463257, 31.210024118423462, 30.709083318710327,]
