best-result = 254.0038025379181
warmup-time = 261.263592004776
all-measurements = [ 256.9556567668915, 254.0038025379181, 255.4609100818634,]
