best-result = 36.55749750137329
warmup-time = 37.92092037200928
all-measurements = [ 36.79618048667908, 36.63778471946716, 36.55749750137329,]
