best-result = 111.2553083896637
warmup-time = 114.42611479759216
all-measurements = [ 111.2553083896637, 114.72280526161194, 112.56597852706909,]
