best-result = 34.765247106552124
warmup-time = 35.650805711746216
all-measurements = [ 34.765247106552124, 34.94519877433777, 35.48619365692139,]
