best-result = 40.30118918418884
warmup-time = 41.624754905700684
all-measurements = [ 40.30118918418884, 41.146770000457764, 40.45379996299744,]
