best-result = 48.05160355567932
warmup-time = 47.621955156326294
all-measurements = [ 49.019620418548584, 49.3982789516449, 48.05160355567932,]
