best-result = 33.18045377731323
warmup-time = 34.12279200553894
all-measurements = [ 34.397634744644165, 33.18045377731323, 34.61543130874634,]
