best-result = 36.651214599609375
warmup-time = 36.78470063209534
all-measurements = [ 37.7111873626709, 36.9394850730896, 36.651214599609375,]
