best-result = 59.26251769065857
warmup-time = 60.91286087036133
all-measurements = [ 61.06307864189148, 64.07349872589111, 59.26251769065857,]
