best-result = 223.25988864898682
warmup-time = 226.55707693099976
all-measurements = [ 224.18700695037842, 223.25988864898682, 223.58042669296265,]
