best-result = 513.6279637813568
warmup-time = 521.0371973514557
all-measurements = [ 514.7084169387817, 517.0456185340881, 513.6279637813568,]
