best-result = 35.227418422698975
warmup-time = 36.601242542266846
all-measurements = [ 38.157785177230835, 35.227418422698975, 38.698856353759766,]
