best-result = 28.777766466140747
warmup-time = 29.23612117767334
all-measurements = [ 28.777766466140747, 29.28389286994934, 28.790255784988403,]
