best-result = 74.93289470672607
warmup-time = 71.28235745429993
all-measurements = [ 77.19573092460632, 74.93289470672607, 80.13871192932129,]
