best-result = 61.28611612319946
warmup-time = 62.648712396621704
all-measurements = [ 61.28611612319946, 62.85428524017334, 61.969401597976685,]
