best-result = 27.39425802230835
warmup-time = 28.069512844085693
all-measurements = [ 29.047947645187378, 28.589022874832153, 27.39425802230835,]
