best-result = 34.88492226600647
warmup-time = 35.17034077644348
all-measurements = [ 34.88492226600647, 35.354528188705444, 35.3994996547699,]
