best-result = 33.38066101074219
warmup-time = 33.83675503730774
all-measurements = [ 33.75202560424805, 34.174376249313354, 33.38066101074219,]
