best-result = 42.30772662162781
warmup-time = 41.84073281288147
all-measurements = [ 43.65702152252197, 43.815258741378784, 42.30772662162781,]
