best-result = 95.24685668945312
warmup-time = 95.65455484390259
all-measurements = [ 95.4544632434845, 95.98029351234436, 95.24685668945312,]
