best-result = 27.00625205039978
warmup-time = 28.958632707595825
all-measurements = [ 29.5111346244812, 28.78248929977417, 27.00625205039978,]
