best-result = 33.677473306655884
warmup-time = 35.25006461143494
all-measurements = [ 33.744118452072144, 35.72714424133301, 33.677473306655884,]
