best-result = 86.35697340965271
warmup-time = 88.17768001556396
all-measurements = [ 95.14609885215759, 95.78433728218079, 86.35697340965271,]
