best-result = 38.77283239364624
warmup-time = 38.58012652397156
all-measurements = [ 39.15258812904358, 38.834383964538574, 38.77283239364624,]
