best-result = 42.47395944595337
warmup-time = 44.236122846603394
all-measurements = [ 43.603463888168335, 43.5074827671051, 42.47395944595337,]
