best-result = 49.89679193496704
warmup-time = 50.48929166793823
all-measurements = [ 49.89679193496704, 50.6327018737793, 50.892998695373535,]
