best-result = 28.72816252708435
warmup-time = 28.96834683418274
all-measurements = [ 28.8029522895813, 28.72816252708435, 29.15566873550415,]
