best-result = 635.7784354686737
warmup-time = 680.4565896987915
all-measurements = [ 638.9412293434143, 635.7784354686737, 646.5046725273132,]
