best-result = 169.2090141773224
warmup-time = 173.85429310798645
all-measurements = [ 169.2090141773224, 174.1880497932434, 172.06321835517883,]
