best-result = 56.353501319885254
warmup-time = 68.18708086013794
all-measurements = [ 56.353501319885254, 68.17912673950195, 64.89289999008179,]
