best-result = 21.57848334312439
warmup-time = 22.066434860229492
all-measurements = [ 21.727694988250732, 21.57848334312439, 22.083709001541138,]
