best-result = 46.7581045627594
warmup-time = 63.88105487823486
all-measurements = [ 46.7581045627594, 46.992406368255615, 46.81246876716614,]
