best-result = 46.62681746482849
warmup-time = 59.09419560432434
all-measurements = [ 46.62681746482849, 46.6489098072052, 46.80224585533142,]
