best-result = 974.3881587982178
warmup-time = 1185.8099157810211
all-measurements = [ 979.4255170822144, 974.3881587982178, 985.9264078140259,]
