best-result = 81.21730637550354
warmup-time = 95.00437498092651
all-measurements = [ 81.80565547943115, 83.06792545318604, 81.21730637550354,]
