best-result = 77.5592896938324
warmup-time = 100.94451379776001
all-measurements = [ 78.98695778846741, 77.5592896938324, 78.19643187522888,]
