best-result = 68.71752309799194
warmup-time = 92.87108206748962
all-measurements = [ 68.71752309799194, 69.30835318565369, 68.85966920852661,]
