best-result = 84.27512240409851
warmup-time = 99.52548360824585
all-measurements = [ 84.46096396446228, 84.27512240409851, 84.57435774803162,]
