best-result = 595.9288923740387
warmup-time = 605.1698172092438
all-measurements = [ 595.9288923740387, 601.0227477550507, 598.4802713394165,]
