best-result = 62.440969705581665
warmup-time = 77.07033205032349
all-measurements = [ 63.50633001327515, 62.83412265777588, 62.440969705581665,]
