best-result = 230.5846710205078
warmup-time = 408.1406192779541
all-measurements = [ 232.75210404396057, 230.5846710205078, 232.51976251602173,]
