best-result = 440.2140233516693
warmup-time = 946.4116768836975
all-measurements = [ 451.3794958591461, 442.18103218078613, 440.2140233516693,]
