best-result = 59.566580295562744
warmup-time = 75.78979086875916
all-measurements = [ 59.566580295562744, 60.18976950645447, 59.83246374130249,]
