best-result = 865.1177115440369
warmup-time = 907.842521905899
all-measurements = [ 870.2776930332184, 866.0828948020935, 865.1177115440369,]
