best-result = 26.641377687454224
warmup-time = 36.78954887390137
all-measurements = [ 26.641377687454224, 27.001115560531616, 27.211707592010498,]
