best-result = 57.611379861831665
warmup-time = 72.06348466873169
all-measurements = [ 57.73114824295044, 58.103266954422, 57.611379861831665,]
