best-result = 55.382089376449585
warmup-time = 69.74135875701904
all-measurements = [ 55.382089376449585, 55.685922145843506, 55.42071080207825,]
