best-result = 108.08690810203552
warmup-time = 138.52406764030457
all-measurements = [ 108.08690810203552, 109.08484029769897, 109.90652370452881,]
