best-result = 768.188907623291
warmup-time = 844.3467676639557
all-measurements = [ 768.188907623291, 774.9013388156891, 773.9250013828278,]
