best-result = 33.67083954811096
warmup-time = 39.3709237575531
all-measurements = [ 34.052141427993774, 33.911831855773926, 33.67083954811096,]
