best-result = 52.91376495361328
warmup-time = 67.69416832923889
all-measurements = [ 53.20022916793823, 53.32760667800903, 52.91376495361328,]
