best-result = 49.408634424209595
warmup-time = 70.516282081604
all-measurements = [ 49.943708658218384, 49.59278225898743, 49.408634424209595,]
