best-result = 78.4855637550354
warmup-time = 98.3185544013977
all-measurements = [ 78.89647054672241, 78.4855637550354, 78.95257711410522,]
