best-result = 35.27938437461853
warmup-time = 45.23475384712219
all-measurements = [ 35.4619722366333, 36.11213183403015, 35.27938437461853,]
