best-result = 354.8497488498688
warmup-time = 503.026878118515
all-measurements = [ 371.9161353111267, 358.7048623561859, 354.8497488498688,]
