best-result = 103.10979652404785
warmup-time = 103.00792193412781
all-measurements = [ 103.2786796092987, 103.10979652404785, 103.22033905982971,]
