best-result = 25.935218572616577
warmup-time = 25.777724742889404
all-measurements = [ 26.290356636047363, 25.935218572616577, 26.0248441696167,]
