best-result = 35.604334115982056
warmup-time = 35.45857644081116
all-measurements = [ 37.32643127441406, 35.604334115982056, 36.93960666656494,]
