best-result = 31.159084796905518
warmup-time = 30.917883157730103
all-measurements = [ 31.159084796905518, 31.421669960021973, 31.50576639175415,]
