best-result = 262.91773653030396
warmup-time = 266.5738306045532
all-measurements = [ 262.91773653030396, 264.9960312843323, 263.2246127128601,]
