best-result = 35.461085081100464
warmup-time = 36.13556241989136
all-measurements = [ 37.0339834690094, 37.910099029541016, 35.461085081100464,]
