best-result = 40.99442100524902
warmup-time = 41.41111636161804
all-measurements = [ 41.069119691848755, 41.54627752304077, 40.99442100524902,]
