best-result = 49.66027021408081
warmup-time = 49.796241760253906
all-measurements = [ 49.92350387573242, 49.66027021408081, 50.48383450508118,]
