best-result = 32.44409251213074
warmup-time = 34.33137917518616
all-measurements = [ 34.30041003227234, 32.44409251213074, 33.81912589073181,]
