best-result = 37.23369264602661
warmup-time = 37.285969257354736
all-measurements = [ 37.23369264602661, 37.5714545249939, 37.553101539611816,]
