best-result = 64.36314153671265
warmup-time = 66.7196717262268
all-measurements = [ 66.789719581604, 65.43550109863281, 64.36314153671265,]
