best-result = 226.51230669021606
warmup-time = 229.4654097557068
all-measurements = [ 228.62731909751892, 226.51230669021606, 228.91387939453125,]
