best-result = 518.5357873439789
warmup-time = 522.9558668136597
all-measurements = [ 519.3334047794342, 518.5357873439789, 520.9259252548218,]
