best-result = 36.0176477432251
warmup-time = 36.619372844696045
all-measurements = [ 36.46883034706116, 36.0176477432251, 37.13872146606445,]
