best-result = 74.63469362258911
warmup-time = 80.02952861785889
all-measurements = [ 75.61349058151245, 88.65461659431458, 74.63469362258911,]
