best-result = 62.06087613105774
warmup-time = 64.5571837425232
all-measurements = [ 65.00934267044067, 62.06087613105774, 63.819276332855225,]
