best-result = 28.294231176376343
warmup-time = 26.995580911636353
all-measurements = [ 29.1728732585907, 28.625930547714233, 28.294231176376343,]
