best-result = 35.560075998306274
warmup-time = 36.00923800468445
all-measurements = [ 35.74480485916138, 35.560075998306274, 35.89932870864868,]
