best-result = 33.5146689414978
warmup-time = 35.08168888092041
all-measurements = [ 34.31396818161011, 35.12925863265991, 33.5146689414978,]
