best-result = 41.29141139984131
warmup-time = 41.79239749908447
all-measurements = [ 42.93815755844116, 42.7879683971405, 41.29141139984131,]
