best-result = 95.44313311576843
warmup-time = 96.150390625
all-measurements = [ 95.45923709869385, 95.44313311576843, 97.4487931728363,]
