best-result = 27.222463846206665
warmup-time = 30.241924285888672
all-measurements = [ 29.60152268409729, 28.755931854248047, 27.222463846206665,]
