best-result = 34.19100022315979
warmup-time = 34.335978984832764
all-measurements = [ 35.475178480148315, 34.19100022315979, 35.577747106552124,]
