best-result = 87.69198346138
warmup-time = 87.42035293579102
all-measurements = [ 87.69198346138, 95.38995242118835, 92.61619782447815,]
