best-result = 39.355883836746216
warmup-time = 40.012274503707886
all-measurements = [ 39.355883836746216, 39.91984963417053, 40.20417046546936,]
