best-result = 44.89381122589111
warmup-time = 46.605743646621704
all-measurements = [ 44.89381122589111, 45.43094801902771, 45.013190507888794,]
