best-result = 28.7587993144989
warmup-time = 27.978906631469727
all-measurements = [ 29.287302017211914, 28.861495971679688, 28.7587993144989,]
