best-result = 692.2644000053406
warmup-time = 723.6742970943451
all-measurements = [ 692.2644000053406, 698.9463279247284, 705.0697550773621,]
