best-result = 173.5999472141266
warmup-time = 175.35595154762268
all-measurements = [ 173.5999472141266, 174.37551379203796, 175.5378875732422,]
