best-result = 67.45945429801941
warmup-time = 69.5626335144043
all-measurements = [ 70.76749730110168, 69.97195959091187, 67.45945429801941,]
