best-result = 22.696232318878174
warmup-time = 22.598646879196167
all-measurements = [ 22.696232318878174, 22.854684591293335, 22.739495515823364,]
