best-result = 46.9497549533844
warmup-time = 76.41772317886353
all-measurements = [ 55.802647829055786, 51.99948859214783, 46.9497549533844,]
