best-result = 45.917356967926025
warmup-time = 58.11264896392822
all-measurements = [ 46.30847764015198, 45.917356967926025, 46.05278420448303,]
