best-result = 943.3617191314697
warmup-time = 1147.0794897079468
all-measurements = [ 953.2865152359009, 943.3617191314697, 950.0162930488586,]
