best-result = 83.72597980499268
warmup-time = 99.08289551734924
all-measurements = [ 86.14964842796326, 83.72597980499268, 84.41468214988708,]
