best-result = 80.14460611343384
warmup-time = 103.85526609420776
all-measurements = [ 81.03535795211792, 80.14460611343384, 80.98929595947266,]
