best-result = 69.628981590271
warmup-time = 91.03521656990051
all-measurements = [ 69.82989263534546, 69.628981590271, 69.71287560462952,]
