best-result = 89.1941168308258
warmup-time = 104.08639669418335
all-measurements = [ 90.86912202835083, 90.21631979942322, 89.1941168308258,]
