best-result = 618.6345429420471
warmup-time = 634.8031506538391
all-measurements = [ 618.6345429420471, 620.6648473739624, 622.3777515888214,]
