best-result = 64.19950985908508
warmup-time = 79.54861521720886
all-measurements = [ 64.77340340614319, 64.19950985908508, 65.07430481910706,]
