best-result = 221.3429617881775
warmup-time = 371.3926594257355
all-measurements = [ 221.9787836074829, 221.96443057060242, 221.3429617881775,]
