best-result = 438.33230352401733
warmup-time = 883.9585282802582
all-measurements = [ 442.77834606170654, 445.0429148674011, 438.33230352401733,]
