best-result = 60.875812292099
warmup-time = 79.02739262580872
all-measurements = [ 62.46585154533386, 61.20533204078674, 60.875812292099,]
