best-result = 141.81022596359253
warmup-time = 174.5718595981598
all-measurements = [ 141.81022596359253, 142.29411220550537, 142.08887004852295,]
