best-result = 866.0142593383789
warmup-time = 891.248827457428
all-measurements = [ 866.0142593383789, 866.8476750850677, 871.4631292819977,]
