best-result = 27.247716903686523
warmup-time = 35.864434003829956
all-measurements = [ 27.38788628578186, 27.247716903686523, 27.267667055130005,]
