best-result = 57.21134400367737
warmup-time = 71.5169026851654
all-measurements = [ 57.738022565841675, 57.21134400367737, 57.476885080337524,]
