best-result = 58.084471702575684
warmup-time = 72.33833193778992
all-measurements = [ 59.23842430114746, 59.16215515136719, 58.084471702575684,]
