best-result = 108.65708208084106
warmup-time = 139.7877333164215
all-measurements = [ 109.83020567893982, 108.65708208084106, 109.71571493148804,]
