best-result = 775.9707026481628
warmup-time = 844.4506633281708
all-measurements = [ 775.9707026481628, 781.1182627677917, 781.4836347103119,]
