best-result = 33.6567268371582
warmup-time = 41.74940538406372
all-measurements = [ 34.24057745933533, 33.6567268371582, 33.901514291763306,]
