best-result = 52.90267992019653
warmup-time = 68.83181428909302
all-measurements = [ 53.6317400932312, 52.90267992019653, 53.46513819694519,]
