best-result = 1372.2991018295288
warmup-time = 1988.7338469028473
all-measurements = [ 2924.4539408683777, 1372.2991018295288, 1803.6823418140411,]
