best-result = 49.04343056678772
warmup-time = 72.5671067237854
all-measurements = [ 50.275497913360596, 49.57498788833618, 49.04343056678772,]
