best-result = 77.41546678543091
warmup-time = 98.4016420841217
all-measurements = [ 77.41546678543091, 78.522953748703, 78.17267727851868,]
