best-result = 36.22997164726257
warmup-time = 44.711337089538574
all-measurements = [ 36.532506465911865, 36.22997164726257, 36.342480421066284,]
