best-result = 335.69598364830017
warmup-time = 480.58945202827454
all-measurements = [ 339.576886177063, 335.69598364830017, 340.5408079624176,]
