best-result = 103.94898843765259
warmup-time = 128.87582087516785
all-measurements = [ 104.06231546401978, 103.94898843765259, 104.08844304084778,]
