best-result = 58.421496629714966
warmup-time = 58.705172061920166
all-measurements = [ 58.421496629714966, 58.97228407859802, 59.0996298789978,]
