best-result = 21.4004328250885
warmup-time = 22.00411105155945
all-measurements = [ 21.4004328250885, 22.11507225036621, 21.502469778060913,]
