best-result = 46.716064453125
warmup-time = 62.76206302642822
all-measurements = [ 47.7285590171814, 46.716064453125, 46.74572253227234,]
