best-result = 46.485249519348145
warmup-time = 58.90970158576965
all-measurements = [ 46.485249519348145, 47.065030336380005, 46.49500489234924,]
