best-result = 975.2641396522522
warmup-time = 1174.1825337409973
all-measurements = [ 975.2641396522522, 976.7608835697174, 975.8241493701935,]
