best-result = 81.24813294410706
warmup-time = 93.82585978507996
all-measurements = [ 81.24813294410706, 81.78929305076599, 81.4785041809082,]
