best-result = 78.05699706077576
warmup-time = 98.13203382492065
all-measurements = [ 78.33765125274658, 78.05699706077576, 78.1076226234436,]
