best-result = 69.1239025592804
warmup-time = 90.85251665115356
all-measurements = [ 69.88331913948059, 69.20391201972961, 69.1239025592804,]
