best-result = 83.94559979438782
warmup-time = 97.76238918304443
all-measurements = [ 83.98979115486145, 83.94559979438782, 84.03170919418335,]
