best-result = 588.5830264091492
warmup-time = 597.2830758094788
all-measurements = [ 594.4503848552704, 590.1696231365204, 588.5830264091492,]
