best-result = 62.02511978149414
warmup-time = 78.54007625579834
all-measurements = [ 62.3060097694397, 62.02786993980408, 62.02511978149414,]
