best-result = 231.55830788612366
warmup-time = 396.68281269073486
all-measurements = [ 232.21990394592285, 231.55830788612366, 232.4645504951477,]
