best-result = 439.3864493370056
warmup-time = 907.4905800819397
all-measurements = [ 439.3864493370056, 439.92186999320984, 442.51833391189575,]
