best-result = 59.15104818344116
warmup-time = 74.93612551689148
all-measurements = [ 59.792580127716064, 59.15104818344116, 59.33213782310486,]
