best-result = 853.3229384422302
warmup-time = 896.1668691635132
all-measurements = [ 857.8710737228394, 861.0094537734985, 853.3229384422302,]
