best-result = 26.82658886909485
warmup-time = 36.02403235435486
all-measurements = [ 27.34269142150879, 26.82658886909485, 27.468729972839355,]
