best-result = 58.0383083820343
warmup-time = 71.943528175354
all-measurements = [ 59.2495481967926, 58.0383083820343, 58.8445200920105,]
