best-result = 55.17493486404419
warmup-time = 67.43344521522522
all-measurements = [ 55.375142335891724, 55.17493486404419, 55.936320066452026,]
