best-result = 108.3876805305481
warmup-time = 137.06559252738953
all-measurements = [ 108.3876805305481, 108.56654500961304, 109.08087968826294,]
