best-result = 770.2168302536011
warmup-time = 836.0816185474396
all-measurements = [ 770.2168302536011, 770.3315606117249, 770.3473160266876,]
