best-result = 33.371453523635864
warmup-time = 39.71108961105347
all-measurements = [ 33.508137464523315, 33.38591432571411, 33.371453523635864,]
