best-result = 53.13664269447327
warmup-time = 66.45398879051208
all-measurements = [ 53.13664269447327, 53.17476511001587, 53.432591676712036,]
