best-result = 49.05298161506653
warmup-time = 68.60040521621704
all-measurements = [ 49.05298161506653, 49.059720277786255, 49.43973231315613,]
