best-result = 78.44465708732605
warmup-time = 97.41174721717834
all-measurements = [ 79.56375241279602, 78.47745776176453, 78.44465708732605,]
