best-result = 35.67613434791565
warmup-time = 54.979456424713135
all-measurements = [ 40.20467162132263, 39.22099304199219, 35.67613434791565,]
