best-result = 347.97273206710815
warmup-time = 484.7315056324005
all-measurements = [ 347.97273206710815, 348.5841281414032, 349.72628140449524,]
