best-result = 102.2022213935852
warmup-time = 102.80360388755798
all-measurements = [ 102.2022213935852, 102.50846695899963, 102.86284899711609,]
