best-result = 25.598798990249634
warmup-time = 26.567772150039673
all-measurements = [ 25.983065605163574, 25.668001890182495, 25.598798990249634,]
