best-result = 36.32625675201416
warmup-time = 37.300241231918335
all-measurements = [ 37.23221206665039, 37.69794774055481, 36.32625675201416,]
