best-result = 30.995197057724
warmup-time = 30.315237522125244
all-measurements = [ 31.626713275909424, 30.995197057724, 31.78002643585205,]
