best-result = 255.02005100250244
warmup-time = 259.01937985420227
all-measurements = [ 256.9141821861267, 255.02005100250244, 255.22991180419922,]
