best-result = 36.15479898452759
warmup-time = 35.686604261398315
all-measurements = [ 36.98886847496033, 36.15479898452759, 36.28485894203186,]
