best-result = 114.3156189918518
warmup-time = 113.90229558944702
all-measurements = [ 115.38715720176697, 114.3156189918518, 114.54238200187683,]
