best-result = 34.977267265319824
warmup-time = 35.478206157684326
all-measurements = [ 34.977267265319824, 35.43545365333557, 35.6681923866272,]
