best-result = 40.76547193527222
warmup-time = 44.085407972335815
all-measurements = [ 41.73605990409851, 40.76547193527222, 41.267601013183594,]
