best-result = 47.89591026306152
warmup-time = 47.595133781433105
all-measurements = [ 48.11946940422058, 48.83805513381958, 47.89591026306152,]
