best-result = 33.95331811904907
warmup-time = 34.858269929885864
all-measurements = [ 34.21434688568115, 33.98610329627991, 33.95331811904907,]
