best-result = 36.39196276664734
warmup-time = 37.40727114677429
all-measurements = [ 37.34096693992615, 36.39196276664734, 37.34095025062561,]
