best-result = 57.92517924308777
warmup-time = 63.09994626045227
all-measurements = [ 60.86502027511597, 58.02779483795166, 57.92517924308777,]
