best-result = 223.29954767227173
warmup-time = 225.92081832885742
all-measurements = [ 223.9047782421112, 223.29954767227173, 226.0801374912262,]
