best-result = 511.4843075275421
warmup-time = 525.3331108093262
all-measurements = [ 515.001384973526, 511.4843075275421, 514.302943944931,]
