best-result = 36.473387479782104
warmup-time = 36.69754099845886
all-measurements = [ 37.87248635292053, 36.473387479782104, 38.43850255012512,]
