best-result = 28.709790229797363
warmup-time = 29.43374013900757
all-measurements = [ 28.709790229797363, 28.853275775909424, 29.751015424728394,]
