best-result = 70.96210050582886
warmup-time = 74.28999328613281
all-measurements = [ 80.01740884780884, 70.96210050582886, 71.60064435005188,]
