best-result = 61.3516058921814
warmup-time = 62.56205749511719
all-measurements = [ 61.63749051094055, 61.3516058921814, 61.50050973892212,]
