best-result = 27.710451126098633
warmup-time = 29.060638666152954
all-measurements = [ 27.710451126098633, 27.991042852401733, 28.030416011810303,]
