best-result = 32.001646995544434
warmup-time = 32.677597999572754
all-measurements = [ 32.001646995544434, 33.21358394622803, 35.31501269340515,]
