best-result = 32.481311082839966
warmup-time = 32.67625117301941
all-measurements = [ 33.16978359222412, 33.65225386619568, 32.481311082839966,]
