best-result = 42.20588445663452
warmup-time = 43.763421297073364
all-measurements = [ 44.3707640171051, 42.20588445663452, 44.06115126609802,]
