best-result = 93.50878310203552
warmup-time = 96.47821283340454
all-measurements = [ 96.99647378921509, 93.50878310203552, 95.72315716743469,]
