best-result = 28.687570571899414
warmup-time = 28.122581720352173
all-measurements = [ 29.635266542434692, 29.25650143623352, 28.687570571899414,]
