best-result = 33.18384838104248
warmup-time = 34.388752937316895
all-measurements = [ 33.18384838104248, 34.06034803390503, 34.61558437347412,]
