best-result = 93.64498662948608
warmup-time = 87.28600001335144
all-measurements = [ 93.64498662948608, 96.06255650520325, 94.42082953453064,]
