best-result = 38.28149962425232
warmup-time = 39.19588661193848
all-measurements = [ 39.02489352226257, 38.28149962425232, 38.862526416778564,]
