best-result = 43.88926982879639
warmup-time = 45.49046993255615
all-measurements = [ 45.27964210510254, 43.88926982879639, 44.6155161857605,]
