best-result = 49.69581198692322
warmup-time = 50.07981252670288
all-measurements = [ 50.150723934173584, 49.69581198692322, 50.17205739021301,]
