best-result = 28.679828643798828
warmup-time = 28.856497764587402
all-measurements = [ 28.846417903900146, 28.679828643798828, 28.90081787109375,]
