best-result = 641.0754470825195
warmup-time = 685.7856833934784
all-measurements = [ 649.2960367202759, 641.0754470825195, 643.8531563282013,]
