best-result = 172.0526943206787
warmup-time = 174.25183534622192
all-measurements = [ 175.3700451850891, 175.233567237854, 172.0526943206787,]
