best-result = 53.60649013519287
warmup-time = 55.41938233375549
all-measurements = [ 57.88880920410156, 53.60649013519287, 65.44226408004761,]
