best-result = 22.673144102096558
warmup-time = 23.20913028717041
all-measurements = [ 22.92479705810547, 22.673144102096558, 23.373496532440186,]
