best-result = 46.010079860687256
warmup-time = 62.6251015663147
all-measurements = [ 46.22670030593872, 46.83810019493103, 46.010079860687256,]
