best-result = 45.964064598083496
warmup-time = 58.22570180892944
all-measurements = [ 46.883132457733154, 45.964064598083496, 45.97571015357971,]
