best-result = 892.9135172367096
warmup-time = 1102.565318107605
all-measurements = [ 892.9135172367096, 896.4066095352173, 895.6187613010406,]
