best-result = 84.89141821861267
warmup-time = 99.75187683105469
all-measurements = [ 84.89141821861267, 84.97866773605347, 85.59769225120544,]
