best-result = 977.3905518054962
warmup-time = 1008.1148161888123
all-measurements = [ 981.8297016620636, 977.3905518054962, 984.0633780956268,]
