best-result = 81.95899820327759
warmup-time = 102.39208984375
all-measurements = [ 81.95899820327759, 82.19548749923706, 82.30915784835815,]
