best-result = 67.11204171180725
warmup-time = 86.95994687080383
all-measurements = [ 67.11204171180725, 67.25335955619812, 67.58475470542908,]
