best-result = 91.22060537338257
warmup-time = 105.66635346412659
all-measurements = [ 91.22060537338257, 91.41824579238892, 91.35991716384888,]
