best-result = 642.5016298294067
warmup-time = 660.707982301712
all-measurements = [ 642.5016298294067, 648.507654428482, 643.5656626224518,]
