best-result = 61.11859893798828
warmup-time = 77.03681635856628
all-measurements = [ 61.640294313430786, 61.11859893798828, 61.558345317840576,]
