best-result = 207.33649945259094
warmup-time = 354.3625338077545
all-measurements = [ 207.33649945259094, 208.01730132102966, 207.88971996307373,]
