best-result = 419.2813529968262
warmup-time = 868.4675176143646
all-measurements = [ 419.2813529968262, 429.44451904296875, 440.0448639392853,]
