best-result = 61.44146370887756
warmup-time = 79.51067852973938
all-measurements = [ 62.890419483184814, 61.44146370887756, 62.10556650161743,]
