best-result = 39.26525354385376
warmup-time = 48.14099884033203
all-measurements = [ 39.78576731681824, 39.26525354385376, 40.041887283325195,]
