best-result = 132.5622432231903
warmup-time = 160.79243540763855
all-measurements = [ 132.5622432231903, 133.46808171272278, 133.31023383140564,]
