best-result = 892.2624664306641
warmup-time = 922.7270300388336
all-measurements = [ 892.2624664306641, 899.5310151576996, 900.8435580730438,]
