best-result = 27.579417943954468
warmup-time = 35.86778235435486
all-measurements = [ 27.579417943954468, 27.862242221832275, 27.94245147705078,]
