best-result = 56.49575734138489
warmup-time = 70.0980749130249
all-measurements = [ 57.448522090911865, 56.49575734138489, 57.2534613609314,]
