best-result = 59.17488217353821
warmup-time = 74.0811083316803
all-measurements = [ 60.14757704734802, 59.17488217353821, 59.839234352111816,]
