best-result = 109.4082772731781
warmup-time = 135.11619234085083
all-measurements = [ 109.44119882583618, 109.73233652114868, 109.4082772731781,]
