best-result = 771.9455468654633
warmup-time = 843.1230819225311
all-measurements = [ 771.9455468654633, 776.8309903144836, 774.7752568721771,]
