best-result = 33.9623818397522
warmup-time = 43.18620681762695
all-measurements = [ 34.160189151763916, 34.73290395736694, 33.9623818397522,]
