best-result = 54.88996338844299
warmup-time = 70.38525795936584
all-measurements = [ 55.248104095458984, 54.88996338844299, 55.0425066947937,]
