best-result = 1462.4393162727356
warmup-time = 1598.7516026496887
all-measurements = [ 1462.4393162727356, 2009.7421252727509, 1823.105928659439,]
