best-result = 47.659672498703
warmup-time = 69.77131652832031
all-measurements = [ 48.11886763572693, 47.659672498703, 48.50897693634033,]
