best-result = 77.68206453323364
warmup-time = 95.76451206207275
all-measurements = [ 77.8761374950409, 77.89817357063293, 77.68206453323364,]
