best-result = 37.43304395675659
warmup-time = 46.61334562301636
all-measurements = [ 37.533910512924194, 37.613587856292725, 37.43304395675659,]
