best-result = 332.5178716182709
warmup-time = 484.4218330383301
all-measurements = [ 332.5178716182709, 340.4442768096924, 337.3802809715271,]
