best-result = 58.144227027893066
warmup-time = 58.42722702026367
all-measurements = [ 58.24166440963745, 58.144227027893066, 58.670329093933105,]
