best-result = 23.15984344482422
warmup-time = 23.42026114463806
all-measurements = [ 23.15984344482422, 23.278031587600708, 23.51916265487671,]
