best-result = 46.59938335418701
warmup-time = 62.38803434371948
all-measurements = [ 46.59938335418701, 46.789567708969116, 46.808594703674316,]
