best-result = 46.05673813819885
warmup-time = 58.07040548324585
all-measurements = [ 46.21696400642395, 46.41271996498108, 46.05673813819885,]
