best-result = 894.0766077041626
warmup-time = 1109.3533136844635
all-measurements = [ 899.8186733722687, 897.4773306846619, 894.0766077041626,]
