best-result = 85.58093333244324
warmup-time = 102.67823481559753
all-measurements = [ 86.27076888084412, 85.65001106262207, 85.58093333244324,]
