best-result = 979.4606640338898
warmup-time = 1012.5468215942383
all-measurements = [ 979.4606640338898, 989.7862417697906, 985.9044256210327,]
