best-result = 82.5858702659607
warmup-time = 103.41659951210022
all-measurements = [ 82.5858702659607, 82.97258639335632, 83.21485948562622,]
