best-result = 67.82316279411316
warmup-time = 87.492830991745
all-measurements = [ 68.07040309906006, 68.20876741409302, 67.82316279411316,]
