best-result = 90.2017080783844
warmup-time = 106.27027750015259
all-measurements = [ 91.34750056266785, 92.49997425079346, 90.2017080783844,]
