best-result = 642.2692549228668
warmup-time = 660.294341802597
all-measurements = [ 645.8862302303314, 642.2692549228668, 643.557713508606,]
