best-result = 61.69541549682617
warmup-time = 76.68381428718567
all-measurements = [ 62.072776317596436, 61.69541549682617, 61.928770303726196,]
