best-result = 205.9662847518921
warmup-time = 361.2806088924408
all-measurements = [ 207.84436535835266, 205.9662847518921, 206.01434755325317,]
