best-result = 421.37618374824524
warmup-time = 864.1479425430298
all-measurements = [ 421.37618374824524, 424.9427442550659, 429.13146781921387,]
