best-result = 62.55571508407593
warmup-time = 82.23856019973755
all-measurements = [ 63.13555073738098, 62.55571508407593, 62.95047402381897,]
