best-result = 40.046954870224
warmup-time = 48.17572498321533
all-measurements = [ 40.521849155426025, 40.046954870224, 40.06452178955078,]
