best-result = 134.6669545173645
warmup-time = 161.0196452140808
all-measurements = [ 135.4331293106079, 134.8658411502838, 134.6669545173645,]
