best-result = 912.1481020450592
warmup-time = 944.9511303901672
all-measurements = [ 912.8420784473419, 912.1481020450592, 915.2216944694519,]
