best-result = 27.961405992507935
warmup-time = 36.44929075241089
all-measurements = [ 28.087607383728027, 27.961405992507935, 28.08244228363037,]
