best-result = 57.02501153945923
warmup-time = 68.03458094596863
all-measurements = [ 58.38220739364624, 57.38352870941162, 57.02501153945923,]
