best-result = 61.049280405044556
warmup-time = 80.21884393692017
all-measurements = [ 68.82635283470154, 71.4227135181427, 61.049280405044556,]
