best-result = 109.47735095024109
warmup-time = 137.91914415359497
all-measurements = [ 110.11341643333435, 109.47735095024109, 109.86099576950073,]
