best-result = 777.25483751297
warmup-time = 845.8830394744873
all-measurements = [ 778.9825322628021, 777.25483751297, 778.0707883834839,]
