best-result = 34.20063638687134
warmup-time = 41.54820275306702
all-measurements = [ 34.41229176521301, 34.20063638687134, 35.127309799194336,]
