best-result = 55.88781762123108
warmup-time = 71.3602397441864
all-measurements = [ 55.889400243759155, 55.96848106384277, 55.88781762123108,]
