best-result = 1912.072898864746
warmup-time = 2997.5886464118958
all-measurements = [ 2101.067940711975, 1912.072898864746, 2581.9693257808685,]
