best-result = 48.32037949562073
warmup-time = 69.18016290664673
all-measurements = [ 48.32037949562073, 48.99952459335327, 49.14454936981201,]
