best-result = 77.72168278694153
warmup-time = 98.68004035949707
all-measurements = [ 77.72168278694153, 78.11099314689636, 78.01376175880432,]
