best-result = 37.434823513031006
warmup-time = 45.999722957611084
all-measurements = [ 37.434823513031006, 37.49589395523071, 37.84546971321106,]
