best-result = 330.9783034324646
warmup-time = 470.08806467056274
all-measurements = [ 339.1911156177521, 343.86904978752136, 330.9783034324646,]
