best-result = 58.121774435043335
warmup-time = 59.32750749588013
all-measurements = [ 58.74072623252869, 58.121774435043335, 58.96174740791321,]
