best-result = 22.14582371711731
warmup-time = 22.215391397476196
all-measurements = [ 22.248352766036987, 22.14582371711731, 22.19239068031311,]
