best-result = 46.89664912223816
warmup-time = 63.57587432861328
all-measurements = [ 46.99853825569153, 47.185291051864624, 46.89664912223816,]
