best-result = 46.561561822891235
warmup-time = 58.77827548980713
all-measurements = [ 46.691346883773804, 46.561561822891235, 46.702916860580444,]
