best-result = 945.4555759429932
warmup-time = 1160.6539223194122
all-measurements = [ 964.8042521476746, 952.0126669406891, 945.4555759429932,]
