best-result = 81.7708957195282
warmup-time = 97.04688787460327
all-measurements = [ 82.03231596946716, 81.7708957195282, 81.91672086715698,]
