best-result = 78.41020917892456
warmup-time = 98.8349974155426
all-measurements = [ 78.75085687637329, 78.81205081939697, 78.41020917892456,]
