best-result = 69.23777413368225
warmup-time = 91.7211639881134
all-measurements = [ 70.40420413017273, 69.36254549026489, 69.23777413368225,]
