best-result = 83.590580701828
warmup-time = 97.05554461479187
all-measurements = [ 83.79217195510864, 84.80926704406738, 83.590580701828,]
