best-result = 591.9182243347168
warmup-time = 608.7290081977844
all-measurements = [ 591.9182243347168, 594.1390209197998, 596.600959777832,]
