best-result = 61.77762269973755
warmup-time = 75.49138045310974
all-measurements = [ 62.192216634750366, 62.33057951927185, 61.77762269973755,]
