best-result = 222.68712782859802
warmup-time = 375.3323652744293
all-measurements = [ 230.94107699394226, 222.68712782859802, 223.69255876541138,]
