best-result = 438.5184736251831
warmup-time = 884.2527668476105
all-measurements = [ 442.8938353061676, 438.99548411369324, 438.5184736251831,]
