best-result = 60.223777532577515
warmup-time = 75.74465298652649
all-measurements = [ 60.54883790016174, 60.223777532577515, 61.494810342788696,]
