best-result = 847.2898826599121
warmup-time = 876.460794210434
all-measurements = [ 849.7324392795563, 847.2898826599121, 848.0262582302094,]
