best-result = 27.084237813949585
warmup-time = 35.29911422729492
all-measurements = [ 27.084237813949585, 28.43695068359375, 27.358966827392578,]
