best-result = 58.04019737243652
warmup-time = 71.32386183738708
all-measurements = [ 58.04019737243652, 58.31729078292847, 58.74167847633362,]
