best-result = 55.77358841896057
warmup-time = 69.16997075080872
all-measurements = [ 55.77358841896057, 56.97292184829712, 56.14281988143921,]
