best-result = 108.08931708335876
warmup-time = 137.98884797096252
all-measurements = [ 108.08931708335876, 108.68463587760925, 109.03627634048462,]
