best-result = 759.2537412643433
warmup-time = 822.9988615512848
all-measurements = [ 762.8860466480255, 764.2088911533356, 759.2537412643433,]
