best-result = 33.62093663215637
warmup-time = 40.79179644584656
all-measurements = [ 33.858020305633545, 34.39860820770264, 33.62093663215637,]
