best-result = 53.052300214767456
warmup-time = 68.34981346130371
all-measurements = [ 53.2054340839386, 53.052300214767456, 53.605653524398804,]
