best-result = 49.23765325546265
warmup-time = 68.5519597530365
all-measurements = [ 49.408188343048096, 49.23765325546265, 49.40528893470764,]
