best-result = 79.15184569358826
warmup-time = 97.60166192054749
all-measurements = [ 79.67915368080139, 79.15184569358826, 79.72205424308777,]
