best-result = 35.3426079750061
warmup-time = 45.27087092399597
all-measurements = [ 35.686814308166504, 35.99714684486389, 35.3426079750061,]
