best-result = 336.0292134284973
warmup-time = 483.51634883880615
all-measurements = [ 336.1201949119568, 336.0292134284973, 336.48637890815735,]
