best-result = 102.3136420249939
warmup-time = 102.60109639167786
all-measurements = [ 102.51089310646057, 102.3136420249939, 103.06866097450256,]
