best-result = 21.211641550064087
warmup-time = 21.435380220413208
all-measurements = [ 21.60709500312805, 21.211641550064087, 21.45369243621826,]
