best-result = 46.565250396728516
warmup-time = 61.81229782104492
all-measurements = [ 47.00555205345154, 46.565250396728516, 46.62234973907471,]
