best-result = 46.402827739715576
warmup-time = 59.73483109474182
all-measurements = [ 46.45091724395752, 46.614155530929565, 46.402827739715576,]
