best-result = 977.8379333019257
warmup-time = 1188.6758255958557
all-measurements = [ 977.8379333019257, 979.5934908390045, 983.4146704673767,]
