best-result = 80.85522651672363
warmup-time = 94.47851777076721
all-measurements = [ 80.85522651672363, 81.73610615730286, 82.04932498931885,]
