best-result = 77.52062749862671
warmup-time = 100.45489978790283
all-measurements = [ 78.3419771194458, 77.52062749862671, 78.49968910217285,]
