best-result = 69.07449197769165
warmup-time = 92.83099722862244
all-measurements = [ 69.08796834945679, 69.81807518005371, 69.07449197769165,]
