best-result = 83.90415930747986
warmup-time = 98.49827218055725
all-measurements = [ 83.90415930747986, 84.64959716796875, 84.28700852394104,]
