best-result = 590.3436965942383
warmup-time = 610.2102718353271
all-measurements = [ 595.5734045505524, 590.3436965942383, 593.6814661026001,]
