best-result = 61.96589207649231
warmup-time = 77.90100359916687
all-measurements = [ 61.96589207649231, 62.16044282913208, 62.01499104499817,]
