best-result = 231.0737578868866
warmup-time = 402.19593262672424
all-measurements = [ 231.4432954788208, 231.0737578868866, 233.44554996490479,]
