best-result = 440.4680655002594
warmup-time = 933.2186501026154
all-measurements = [ 444.3087959289551, 442.7413456439972, 440.4680655002594,]
