best-result = 60.02474665641785
warmup-time = 75.43840742111206
all-measurements = [ 60.071932554244995, 60.02474665641785, 60.054975271224976,]
