best-result = 863.7008826732635
warmup-time = 901.3632967472076
all-measurements = [ 865.3957736492157, 863.7008826732635, 865.1963965892792,]
