best-result = 26.81037449836731
warmup-time = 34.6020450592041
all-measurements = [ 26.967914581298828, 27.31502604484558, 26.81037449836731,]
