best-result = 57.788527965545654
warmup-time = 72.30446696281433
all-measurements = [ 57.788527965545654, 58.23979043960571, 58.081634521484375,]
