best-result = 54.825228214263916
warmup-time = 69.30383706092834
all-measurements = [ 55.197508811950684, 55.29181432723999, 54.825228214263916,]
