best-result = 108.43355107307434
warmup-time = 138.25340008735657
all-measurements = [ 108.43355107307434, 108.57504534721375, 109.45342373847961,]
