best-result = 776.9960935115814
warmup-time = 846.3215951919556
all-measurements = [ 776.9960935115814, 778.1134781837463, 788.4185032844543,]
