best-result = 33.77059745788574
warmup-time = 45.50103259086609
all-measurements = [ 33.780953884124756, 33.778454065322876, 33.77059745788574,]
