best-result = 52.90396523475647
warmup-time = 67.86663675308228
all-measurements = [ 52.90396523475647, 53.5365195274353, 53.30271625518799,]
