best-result = 48.793094635009766
warmup-time = 68.39841103553772
all-measurements = [ 49.37137413024902, 48.793094635009766, 48.941789865493774,]
