best-result = 78.91583847999573
warmup-time = 97.02832531929016
all-measurements = [ 78.91583847999573, 79.4362735748291, 78.94826364517212,]
