best-result = 35.2986536026001
warmup-time = 44.61853814125061
all-measurements = [ 35.32205271720886, 35.60818958282471, 35.2986536026001,]
