best-result = 345.6962921619415
warmup-time = 495.3663966655731
all-measurements = [ 351.41696190834045, 352.37804079055786, 345.6962921619415,]
