best-result = 102.5254294872284
warmup-time = 102.96326231956482
all-measurements = [ 102.60205888748169, 102.5254294872284, 103.56305623054504,]
