best-result = 25.953054428100586
warmup-time = 25.967017889022827
all-measurements = [ 26.048523426055908, 26.372427463531494, 25.953054428100586,]
