best-result = 36.941259145736694
warmup-time = 38.363099336624146
all-measurements = [ 37.11618161201477, 36.941259145736694, 39.16423416137695,]
