best-result = 30.891640186309814
warmup-time = 31.538995027542114
all-measurements = [ 31.019096851348877, 30.896690845489502, 30.891640186309814,]
