best-result = 262.8191318511963
warmup-time = 268.49154329299927
all-measurements = [ 263.86930298805237, 264.84086060523987, 262.8191318511963,]
