best-result = 37.02125263214111
warmup-time = 37.76514935493469
all-measurements = [ 37.667614459991455, 38.28543138504028, 37.02125263214111,]
