best-result = 41.073840856552124
warmup-time = 41.110336780548096
all-measurements = [ 42.473116874694824, 41.907076358795166, 41.073840856552124,]
