best-result = 49.05579662322998
warmup-time = 49.638771295547485
all-measurements = [ 50.33400845527649, 49.64417862892151, 49.05579662322998,]
