best-result = 33.73706007003784
warmup-time = 33.31593608856201
all-measurements = [ 33.73706007003784, 33.82126307487488, 34.36244583129883,]
