best-result = 35.6141357421875
warmup-time = 37.373995542526245
all-measurements = [ 35.6141357421875, 37.04658389091492, 37.23754930496216,]
