best-result = 62.41169571876526
warmup-time = 62.846269607543945
all-measurements = [ 64.9247829914093, 63.290778398513794, 62.41169571876526,]
