best-result = 225.46625971794128
warmup-time = 232.74749088287354
all-measurements = [ 225.46625971794128, 228.35169959068298, 228.55215883255005,]
