best-result = 522.1832935810089
warmup-time = 529.8088355064392
all-measurements = [ 523.1646590232849, 523.2056624889374, 522.1832935810089,]
