best-result = 35.68238377571106
warmup-time = 37.27938532829285
all-measurements = [ 36.441049575805664, 36.04829406738281, 35.68238377571106,]
