best-result = 71.3117036819458
warmup-time = 81.28065252304077
all-measurements = [ 78.53655076026917, 74.58368849754333, 71.3117036819458,]
