best-result = 60.809727907180786
warmup-time = 62.89898109436035
all-measurements = [ 60.809727907180786, 64.58483600616455, 63.864816665649414,]
