best-result = 27.419241905212402
warmup-time = 28.093031406402588
all-measurements = [ 27.419241905212402, 28.46302580833435, 28.46595048904419,]
