best-result = 33.464457273483276
warmup-time = 36.309521436691284
all-measurements = [ 33.464457273483276, 35.50641083717346, 35.69338583946228,]
