best-result = 32.68308138847351
warmup-time = 33.37176465988159
all-measurements = [ 35.44829821586609, 34.4358651638031, 32.68308138847351,]
