best-result = 42.27772378921509
warmup-time = 42.32949995994568
all-measurements = [ 42.62673878669739, 42.27772378921509, 42.28647470474243,]
