best-result = 95.6206865310669
warmup-time = 99.49204015731812
all-measurements = [ 95.6206865310669, 99.66990351676941, 97.74770379066467,]
