best-result = 28.032484769821167
warmup-time = 30.36838674545288
all-measurements = [ 28.032484769821167, 29.425482988357544, 29.14767360687256,]
