best-result = 34.32866072654724
warmup-time = 35.069663763046265
all-measurements = [ 34.32866072654724, 35.97176432609558, 35.876561641693115,]
