best-result = 87.73097777366638
warmup-time = 100.35953402519226
all-measurements = [ 87.73097777366638, 88.65190625190735, 88.1851704120636,]
