best-result = 38.5457649230957
warmup-time = 39.95945763587952
all-measurements = [ 40.225412368774414, 38.815993309020996, 38.5457649230957,]
