best-result = 44.66913557052612
warmup-time = 45.30313444137573
all-measurements = [ 45.05491590499878, 44.66913557052612, 45.26201796531677,]
