best-result = 28.81679344177246
warmup-time = 28.96717405319214
all-measurements = [ 29.208141803741455, 28.885534286499023, 28.81679344177246,]
