best-result = 712.5908529758453
warmup-time = 739.56867146492
all-measurements = [ 721.8544545173645, 720.8257205486298, 712.5908529758453,]
