best-result = 173.42185807228088
warmup-time = 174.09859085083008
all-measurements = [ 173.42185807228088, 175.81525421142578, 174.71337962150574,]
