best-result = 59.46921443939209
warmup-time = 69.47593903541565
all-measurements = [ 66.62551474571228, 68.72911381721497, 59.46921443939209,]
