best-result = 22.765114784240723
warmup-time = 22.797857522964478
all-measurements = [ 22.95853543281555, 22.765114784240723, 22.77461528778076,]
