best-result = 46.291661977767944
warmup-time = 64.38611483573914
all-measurements = [ 47.00018811225891, 46.92945098876953, 46.291661977767944,]
