best-result = 45.927356481552124
warmup-time = 58.482340812683105
all-measurements = [ 46.082719802856445, 45.927356481552124, 46.41877222061157,]
