best-result = 899.6753284931183
warmup-time = 1118.6438055038452
all-measurements = [ 901.8876700401306, 899.6753284931183, 900.235237121582,]
