best-result = 84.59947514533997
warmup-time = 98.96031069755554
all-measurements = [ 84.7482852935791, 84.59947514533997, 85.93527603149414,]
