best-result = 978.8004817962646
warmup-time = 1004.2231254577637
all-measurements = [ 981.2401676177979, 980.5920720100403, 978.8004817962646,]
