best-result = 82.17655301094055
warmup-time = 101.50484299659729
all-measurements = [ 82.40635681152344, 82.17655301094055, 82.6329870223999,]
