best-result = 67.25930905342102
warmup-time = 85.8300290107727
all-measurements = [ 67.25930905342102, 67.31895589828491, 67.45065069198608,]
