best-result = 90.93447661399841
warmup-time = 104.45847010612488
all-measurements = [ 91.21593141555786, 91.28057718276978, 90.93447661399841,]
