best-result = 644.2728364467621
warmup-time = 654.3457632064819
all-measurements = [ 644.2728364467621, 646.0230271816254, 644.4392657279968,]
