best-result = 61.34325194358826
warmup-time = 79.7907509803772
all-measurements = [ 62.59224843978882, 61.34325194358826, 61.43899989128113,]
