best-result = 207.02911400794983
warmup-time = 356.37097930908203
all-measurements = [ 207.02911400794983, 209.11314582824707, 209.40826773643494,]
