best-result = 422.8722767829895
warmup-time = 865.339182138443
all-measurements = [ 422.8722767829895, 424.3453962802887, 423.94368529319763,]
