best-result = 61.24435639381409
warmup-time = 77.16673946380615
all-measurements = [ 62.415178298950195, 61.24435639381409, 63.07550597190857,]
