best-result = 46.5857310295105
warmup-time = 48.33011603355408
all-measurements = [ 48.75680732727051, 46.5857310295105, 50.339590549468994,]
