best-result = 134.61411547660828
warmup-time = 160.13960599899292
all-measurements = [ 134.83533906936646, 135.54470038414001, 134.61411547660828,]
