best-result = 899.7751145362854
warmup-time = 932.7762866020203
all-measurements = [ 899.7751145362854, 901.7324075698853, 901.2730431556702,]
