best-result = 27.527156591415405
warmup-time = 36.58937883377075
all-measurements = [ 27.527156591415405, 27.92806363105774, 27.722810745239258,]
