best-result = 56.86750507354736
warmup-time = 67.56026148796082
all-measurements = [ 56.86750507354736, 57.13267159461975, 57.07542085647583,]
