best-result = 59.78709697723389
warmup-time = 74.47439742088318
all-measurements = [ 59.78709697723389, 60.01050639152527, 59.89564895629883,]
