best-result = 108.58847999572754
warmup-time = 134.19402647018433
all-measurements = [ 108.58847999572754, 109.65280055999756, 110.75381827354431,]
