best-result = 774.0964679718018
warmup-time = 841.6204524040222
all-measurements = [ 778.7479155063629, 774.0964679718018, 776.5072658061981,]
