best-result = 33.669790267944336
warmup-time = 41.72394299507141
all-measurements = [ 33.79008221626282, 33.938029766082764, 33.669790267944336,]
