best-result = 54.9704704284668
warmup-time = 71.1076922416687
all-measurements = [ 55.34256339073181, 54.9704704284668, 55.22626328468323,]
