best-result = 1541.3629076480865
warmup-time = 1949.8731055259705
all-measurements = [ 1777.638320684433, 1541.3629076480865, 2059.438814163208,]
