best-result = 48.33681654930115
warmup-time = 68.62063455581665
all-measurements = [ 48.48575520515442, 48.33681654930115, 49.14489984512329,]
