best-result = 77.9985740184784
warmup-time = 95.55518198013306
all-measurements = [ 78.05175995826721, 77.9985740184784, 78.49924731254578,]
