best-result = 36.74493741989136
warmup-time = 46.38952112197876
all-measurements = [ 36.74493741989136, 37.20734763145447, 37.03708004951477,]
