best-result = 336.5473806858063
warmup-time = 482.7161431312561
all-measurements = [ 338.1239130496979, 336.5473806858063, 337.7966568470001,]
