best-result = 58.37838649749756
warmup-time = 58.813061237335205
all-measurements = [ 58.59850001335144, 58.37838649749756, 58.49076700210571,]
