best-result = 23.10270357131958
warmup-time = 23.582722425460815
all-measurements = [ 23.350034952163696, 23.10270357131958, 23.913727045059204,]
