best-result = 46.65319085121155
warmup-time = 63.63268065452576
all-measurements = [ 46.813462018966675, 46.65319085121155, 47.323768854141235,]
