best-result = 47.12316036224365
warmup-time = 58.35576033592224
all-measurements = [ 47.12316036224365, 47.25383973121643, 47.1703884601593,]
