best-result = 876.4677164554596
warmup-time = 1058.8610861301422
all-measurements = [ 890.9741504192352, 910.2996382713318, 876.4677164554596,]
