best-result = 84.28785753250122
warmup-time = 98.7845675945282
all-measurements = [ 84.28785753250122, 84.471022605896, 85.59606099128723,]
