best-result = 978.3464348316193
warmup-time = 1003.3499834537506
all-measurements = [ 978.3464348316193, 978.3925678730011, 982.1666378974915,]
