best-result = 66.29048085212708
warmup-time = 81.81247115135193
all-measurements = [ 66.84672260284424, 66.29048085212708, 66.80385875701904,]
