best-result = 82.98914790153503
warmup-time = 103.05558180809021
all-measurements = [ 82.98914790153503, 83.64152669906616, 83.54447031021118,]
