best-result = 68.6763801574707
warmup-time = 88.42846822738647
all-measurements = [ 69.09684562683105, 68.6763801574707, 68.68397617340088,]
