best-result = 90.83344960212708
warmup-time = 104.42117142677307
all-measurements = [ 91.61953210830688, 90.83344960212708, 90.97863221168518,]
