best-result = 633.9855697154999
warmup-time = 652.1883747577667
all-measurements = [ 638.9252686500549, 636.6806037425995, 633.9855697154999,]
