best-result = 62.31337857246399
warmup-time = 77.4067714214325
all-measurements = [ 62.31337857246399, 62.60290479660034, 62.59146308898926,]
