best-result = 190.3554244041443
warmup-time = 343.9280049800873
all-measurements = [ 191.04468655586243, 190.3554244041443, 190.63455057144165,]
