best-result = 386.44706559181213
warmup-time = 826.6640710830688
all-measurements = [ 386.44706559181213, 386.60701298713684, 386.6594150066376,]
