best-result = 62.40933585166931
warmup-time = 78.4490122795105
all-measurements = [ 62.514291763305664, 62.40933585166931, 62.96717667579651,]
