best-result = 40.533400535583496
warmup-time = 47.929373025894165
all-measurements = [ 40.533400535583496, 40.603394985198975, 40.59615445137024,]
