best-result = 133.9517366886139
warmup-time = 166.28317618370056
all-measurements = [ 135.08173871040344, 134.08668327331543, 133.9517366886139,]
