best-result = 918.8204879760742
warmup-time = 945.0822892189026
all-measurements = [ 919.3561944961548, 920.187349319458, 918.8204879760742,]
