best-result = 28.127808094024658
warmup-time = 37.18576622009277
all-measurements = [ 28.457531452178955, 28.375070095062256, 28.127808094024658,]
