best-result = 58.66481852531433
warmup-time = 69.07019305229187
all-measurements = [ 59.57466197013855, 59.7526593208313, 58.66481852531433,]
