best-result = 60.28276038169861
warmup-time = 73.55076479911804
all-measurements = [ 60.55610013008118, 60.28276038169861, 60.495126247406006,]
