best-result = 109.2495927810669
warmup-time = 136.79935026168823
all-measurements = [ 110.1890230178833, 109.2495927810669, 109.72795152664185,]
