best-result = 760.9934365749359
warmup-time = 851.8493280410767
all-measurements = [ 762.5786941051483, 760.9934365749359, 765.3212673664093,]
