best-result = 34.38828229904175
warmup-time = 41.82037591934204
all-measurements = [ 34.54440379142761, 34.38828229904175,]
