best-result = 55.87530303001404
warmup-time = 70.73989391326904
all-measurements = [ 55.87530303001404, 56.25829601287842, 55.88457775115967,]
