best-result = 1212.0369465351105
warmup-time = 1609.9623250961304
all-measurements = [ 1416.4876701831818, 1212.0369465351105, 1352.2499856948853,]
