best-result = 49.458858251571655
warmup-time = 69.77805495262146
all-measurements = [ 49.964028120040894, 49.458858251571655, 50.32343530654907,]
