best-result = 81.82488560676575
warmup-time = 100.64948844909668
all-measurements = [ 81.82488560676575, 82.43340039253235, 82.22370505332947,]
