best-result = 92.8633553981781
warmup-time = 115.57250332832336
all-measurements = [ 93.50410199165344, 92.8633553981781, 93.04029679298401,]
