best-result = 37.82525396347046
warmup-time = 47.592172384262085
all-measurements = [ 37.82525396347046, 38.020074129104614, 38.122713565826416,]
