best-result = 306.4241273403168
warmup-time = 496.78618836402893
all-measurements = [ 312.77572298049927, 306.4241273403168, 311.7312502861023,]
