best-result = 60.09219789505005
warmup-time = 60.34328365325928
all-measurements = [ 60.76482558250427, 60.09219789505005, 60.513331174850464,]
