best-result = 22.55601215362549
warmup-time = 22.52984094619751
all-measurements = [ 22.55601215362549, 22.566561698913574, 22.58573865890503,]
