best-result = 46.786319971084595
warmup-time = 63.76567077636719
all-measurements = [ 46.786319971084595, 47.66663336753845, 47.03261995315552,]
