best-result = 46.09099745750427
warmup-time = 58.16488027572632
all-measurements = [ 46.09099745750427, 46.55309510231018, 46.72858023643494,]
