best-result = 933.8357379436493
warmup-time = 1125.200707912445
all-measurements = [ 933.8357379436493, 944.8221092224121, 935.7715268135071,]
