best-result = 84.22041463851929
warmup-time = 101.15637588500977
all-measurements = [ 84.69209241867065, 84.41766023635864, 84.22041463851929,]
