best-result = 81.93189787864685
warmup-time = 102.54963326454163
all-measurements = [ 82.26394748687744, 83.18117117881775, 81.93189787864685,]
