best-result = 69.91881346702576
warmup-time = 92.27545523643494
all-measurements = [ 70.13909268379211, 69.91881346702576, 69.99488520622253,]
