best-result = 91.35095715522766
warmup-time = 104.6580331325531
all-measurements = [ 92.08808922767639, 91.81396198272705, 91.35095715522766,]
