best-result = 648.2905995845795
warmup-time = 657.0455496311188
all-measurements = [ 658.3237552642822, 648.3864471912384, 648.2905995845795,]
