best-result = 66.22590637207031
warmup-time = 78.87241649627686
all-measurements = [ 66.22590637207031, 66.24600434303284, 66.38950657844543,]
