best-result = 219.18388772010803
warmup-time = 376.8159475326538
all-measurements = [ 219.18388772010803, 220.3780243396759, 221.76053953170776,]
