best-result = 432.6384451389313
warmup-time = 878.6307065486908
all-measurements = [ 435.61140513420105, 432.6384451389313, 443.2831618785858,]
