best-result = 60.930482387542725
warmup-time = 79.54285740852356
all-measurements = [ 60.930482387542725, 61.59546709060669, 63.026041746139526,]
