best-result = 143.87960124015808
warmup-time = 173.30041551589966
all-measurements = [ 145.03520941734314, 143.9857943058014, 143.87960124015808,]
