best-result = 895.7670259475708
warmup-time = 933.2822737693787
all-measurements = [ 895.7670259475708, 896.2557814121246, 896.2035915851593,]
