best-result = 27.039957761764526
warmup-time = 36.550809383392334
all-measurements = [ 27.737162590026855, 27.039957761764526, 27.31965184211731,]
