best-result = 58.36721658706665
warmup-time = 71.84137868881226
all-measurements = [ 58.36721658706665, 59.1366012096405, 59.125056982040405,]
