best-result = 58.91148376464844
warmup-time = 72.80281496047974
all-measurements = [ 59.02019190788269, 58.91148376464844, 60.093589305877686,]
