best-result = 111.3037326335907
warmup-time = 135.9504234790802
all-measurements = [ 111.98609900474548, 111.3037326335907, 112.00032472610474,]
