best-result = 786.4279773235321
warmup-time = 854.2794728279114
all-measurements = [ 792.7046175003052, 789.4863607883453, 786.4279773235321,]
