best-result = 33.81532573699951
warmup-time = 41.133084774017334
all-measurements = [ 33.890581130981445, 34.11566495895386, 33.81532573699951,]
