best-result = 54.92490315437317
warmup-time = 70.70871829986572
all-measurements = [ 55.25919771194458, 54.92490315437317, 55.5318443775177,]
