best-result = 1848.6777863502502
warmup-time = 1938.4824957847595
all-measurements = [ 1848.6777863502502, 2283.6924443244934, 2599.3844764232635,]
