best-result = 49.186490297317505
warmup-time = 72.26419401168823
all-measurements = [ 49.38442802429199, 49.186490297317505, 49.54663801193237,]
