best-result = 78.54328632354736
warmup-time = 97.63946080207825
all-measurements = [ 78.54328632354736, 79.31088066101074, 79.43187046051025,]
