best-result = 36.49132227897644
warmup-time = 46.35031723976135
all-measurements = [ 36.72185754776001, 36.49132227897644, 36.56291484832764,]
