best-result = 344.7299973964691
warmup-time = 480.0012540817261
all-measurements = [ 351.20490169525146, 344.7299973964691, 351.87616086006165,]
