best-result = 59.78363084793091
warmup-time = 61.37788438796997
all-measurements = [ 60.50861859321594, 61.234368324279785, 59.78363084793091,]
