best-result = 25.752345085144043
warmup-time = 25.871567010879517
all-measurements = [ 25.752345085144043, 26.426525831222534, 26.210357189178467,]
