best-result = 36.30674862861633
warmup-time = 37.61214804649353
all-measurements = [ 36.30674862861633, 37.61266326904297, 37.38790035247803,]
