best-result = 31.016345024108887
warmup-time = 31.617587566375732
all-measurements = [ 31.274195194244385, 31.016345024108887, 31.767410278320312,]
