best-result = 254.46675610542297
warmup-time = 256.85397386550903
all-measurements = [ 254.46675610542297, 258.3471574783325, 262.58157181739807,]
