best-result = 36.28862428665161
warmup-time = 37.0984582901001
all-measurements = [ 36.42404294013977, 36.28862428665161, 36.46472978591919,]
