best-result = 113.61301445960999
warmup-time = 113.27212023735046
all-measurements = [ 113.61301445960999, 113.71854948997498, 115.4113700389862,]
