best-result = 34.47068977355957
warmup-time = 35.138370752334595
all-measurements = [ 34.774964332580566, 34.827998876571655, 34.47068977355957,]
