best-result = 39.55551505088806
warmup-time = 43.193795680999756
all-measurements = [ 41.13060259819031, 39.55551505088806, 43.02315592765808,]
