best-result = 47.671422719955444
warmup-time = 47.9016330242157
all-measurements = [ 48.11968779563904, 47.671422719955444, 48.838443756103516,]
