best-result = 32.773677587509155
warmup-time = 33.32129621505737
all-measurements = [ 32.773677587509155, 33.36027693748474, 34.99775290489197,]
