best-result = 37.005346059799194
warmup-time = 38.98101186752319
all-measurements = [ 37.35973906517029, 37.005346059799194, 37.59379291534424,]
