best-result = 58.64338779449463
warmup-time = 59.506540298461914
all-measurements = [ 63.29395842552185, 60.10908603668213, 58.64338779449463,]
