best-result = 220.06532192230225
warmup-time = 225.9015600681305
all-measurements = [ 224.22697162628174, 226.74026346206665, 220.06532192230225,]
