best-result = 513.3958177566528
warmup-time = 519.2298395633698
all-measurements = [ 516.1036961078644, 513.3958177566528, 513.4355113506317,]
