best-result = 35.36959433555603
warmup-time = 36.59490489959717
all-measurements = [ 36.99644708633423, 35.36959433555603, 37.371148109436035,]
