best-result = 28.55168914794922
warmup-time = 28.631426334381104
all-measurements = [ 28.55168914794922, 28.691460132598877, 28.699413776397705,]
