best-result = 70.04417014122009
warmup-time = 75.4594292640686
all-measurements = [ 70.04417014122009, 79.13534116744995, 72.0108745098114,]
