best-result = 60.62942719459534
warmup-time = 60.82129383087158
all-measurements = [ 60.94363474845886, 60.98639941215515, 60.62942719459534,]
