best-result = 27.020618200302124
warmup-time = 29.062301635742188
all-measurements = [ 28.130109786987305, 27.020618200302124, 27.38964009284973,]
