best-result = 32.39015078544617
warmup-time = 32.51342415809631
all-measurements = [ 34.823219299316406, 35.26194739341736, 32.39015078544617,]
