best-result = 33.11519742012024
warmup-time = 33.74885559082031
all-measurements = [ 33.81196570396423, 33.11519742012024, 33.11950445175171,]
