best-result = 42.55816459655762
warmup-time = 43.56519103050232
all-measurements = [ 45.324809074401855, 42.55816459655762, 44.33993220329285,]
