best-result = 95.08777236938477
warmup-time = 97.59886837005615
all-measurements = [ 98.17267918586731, 95.08777236938477, 95.9499568939209,]
