best-result = 27.18892812728882
warmup-time = 28.06846022605896
all-measurements = [ 27.296482801437378, 27.18892812728882, 28.356876850128174,]
