best-result = 34.056416034698486
warmup-time = 34.64568781852722
all-measurements = [ 35.60756707191467, 34.056416034698486, 34.925705909729004,]
