best-result = 87.71334147453308
warmup-time = 97.61384797096252
all-measurements = [ 87.71334147453308, 96.36560797691345, 87.77111721038818,]
