best-result = 38.33829426765442
warmup-time = 39.09156584739685
all-measurements = [ 38.33829426765442, 39.254244565963745, 39.56553053855896,]
