best-result = 42.87120819091797
warmup-time = 45.14808249473572
all-measurements = [ 42.87120819091797, 44.74009346961975, 45.02588438987732,]
