best-result = 49.373650312423706
warmup-time = 49.82806348800659
all-measurements = [ 49.373650312423706, 50.58729553222656, 49.62629985809326,]
