best-result = 28.338446378707886
warmup-time = 28.535025358200073
all-measurements = [ 28.632557153701782, 28.338446378707886, 28.969396829605103,]
