best-result = 626.6163866519928
warmup-time = 674.4704687595367
all-measurements = [ 626.6163866519928, 636.4657101631165, 629.4953718185425,]
