best-result = 170.9334373474121
warmup-time = 171.91960740089417
all-measurements = [ 175.45168781280518, 170.9334373474121, 172.06428408622742,]
