best-result = 57.84772825241089
warmup-time = 66.49969816207886
all-measurements = [ 65.69185733795166, 67.91761445999146, 57.84772825241089,]
