best-result = 25.92750906944275
warmup-time = 27.265631198883057
all-measurements = [ 26.098104000091553, 25.92750906944275, 26.298358917236328,]
