best-result = 35.81285810470581
warmup-time = 38.44307279586792
all-measurements = [ 37.44061279296875, 35.81285810470581, 36.64000654220581,]
