best-result = 30.812171697616577
warmup-time = 30.445262908935547
all-measurements = [ 30.812171697616577, 31.80305576324463, 30.933870315551758,]
