best-result = 254.60510540008545
warmup-time = 260.639746427536
all-measurements = [ 255.27061367034912, 255.68092799186707, 254.60510540008545,]
