best-result = 36.23755192756653
warmup-time = 38.43693923950195
all-measurements = [ 36.766425371170044, 36.95186471939087, 36.23755192756653,]
