best-result = 112.71985077857971
warmup-time = 116.10774731636047
all-measurements = [ 113.60558247566223, 115.0631914138794, 112.71985077857971,]
