best-result = 39.6796658039093
warmup-time = 41.00834345817566
all-measurements = [ 40.62854266166687, 39.6796658039093, 41.87349724769592,]
