best-result = 46.85682153701782
warmup-time = 47.84854507446289
all-measurements = [ 47.859487533569336, 46.85682153701782, 47.273096561431885,]
