best-result = 32.57509756088257
warmup-time = 34.535101652145386
all-measurements = [ 33.50235462188721, 33.35888314247131, 32.57509756088257,]
