best-result = 36.72304177284241
warmup-time = 38.42930579185486
all-measurements = [ 36.99016499519348, 37.207878828048706, 36.72304177284241,]
