best-result = 61.99235129356384
warmup-time = 59.71837520599365
all-measurements = [ 63.27869009971619, 62.0079128742218, 61.99235129356384,]
