best-result = 224.78853130340576
warmup-time = 225.8153474330902
all-measurements = [ 226.08576583862305, 226.13821244239807, 224.78853130340576,]
