best-result = 516.4647059440613
warmup-time = 522.8337633609772
all-measurements = [ 516.4647059440613, 519.6309087276459, 516.8927896022797,]
