best-result = 36.685434341430664
warmup-time = 36.38788199424744
all-measurements = [ 37.40679216384888, 36.685434341430664, 37.43372082710266,]
