best-result = 28.50325298309326
warmup-time = 28.662469148635864
all-measurements = [ 28.50325298309326, 29.02991271018982, 29.088231086730957,]
