best-result = 75.68446898460388
warmup-time = 75.84010148048401
all-measurements = [ 80.13850808143616, 75.68446898460388, 83.03389525413513,]
