best-result = 60.77538514137268
warmup-time = 61.965818881988525
all-measurements = [ 61.32138395309448, 60.77538514137268, 61.75284290313721,]
