best-result = 27.580495357513428
warmup-time = 27.55928063392639
all-measurements = [ 27.82631540298462, 27.580495357513428, 28.60781192779541,]
