best-result = 33.587196826934814
warmup-time = 35.10918855667114
all-measurements = [ 33.587196826934814, 34.69179153442383, 35.55223226547241,]
