best-result = 32.08221960067749
warmup-time = 35.02767252922058
all-measurements = [ 32.08221960067749, 34.72749090194702, 34.18706965446472,]
