best-result = 42.05299377441406
warmup-time = 43.394044637680054
all-measurements = [ 43.23008751869202, 43.29302477836609, 42.05299377441406,]
