best-result = 95.47651553153992
warmup-time = 98.37082123756409
all-measurements = [ 95.86741995811462, 95.47651553153992, 96.44631218910217,]
