best-result = 27.270326614379883
warmup-time = 29.205730676651
all-measurements = [ 27.270326614379883, 27.940940141677856, 29.382068872451782,]
