best-result = 34.241426944732666
warmup-time = 35.11340832710266
all-measurements = [ 34.241426944732666, 34.250614166259766, 34.82291650772095,]
