best-result = 89.4522213935852
warmup-time = 91.1100423336029
all-measurements = [ 94.52849316596985, 95.25728845596313, 89.4522213935852,]
