best-result = 38.41521215438843
warmup-time = 40.330172538757324
all-measurements = [ 40.38662028312683, 38.975836753845215, 38.41521215438843,]
