best-result = 44.702003479003906
warmup-time = 45.34837007522583
all-measurements = [ 45.78532648086548, 44.702003479003906, 45.60469651222229,]
