best-result = 27.610588550567627
warmup-time = 29.408477067947388
all-measurements = [ 29.132482767105103, 27.610588550567627, 28.429677486419678,]
