best-result = 635.0605628490448
warmup-time = 678.9584143161774
all-measurements = [ 635.0605628490448, 636.8479979038239, 640.5708432197571,]
