best-result = 172.77376747131348
warmup-time = 174.42564034461975
all-measurements = [ 173.4447922706604, 172.78068780899048, 172.77376747131348,]
