best-result = 62.22061324119568
warmup-time = 67.1093201637268
all-measurements = [ 68.91089940071106, 62.22061324119568, 66.38009428977966,]
