best-result = 25.78561496734619
warmup-time = 26.348739624023438
all-measurements = [ 25.900094270706177, 25.78561496734619, 26.362762928009033,]
