best-result = 36.28543186187744
warmup-time = 36.74005746841431
all-measurements = [ 38.387712717056274, 36.28543186187744, 37.8362603187561,]
