best-result = 30.66751742362976
warmup-time = 30.573161363601685
all-measurements = [ 31.391472101211548, 30.795491456985474, 30.66751742362976,]
