best-result = 258.5557224750519
warmup-time = 266.70319533348083
all-measurements = [ 258.5557224750519, 263.4944818019867, 261.4937062263489,]
