best-result = 36.70538568496704
warmup-time = 36.36028051376343
all-measurements = [ 37.340686321258545, 36.70538568496704, 36.74536681175232,]
