best-result = 112.16034364700317
warmup-time = 115.36337423324585
all-measurements = [ 112.16034364700317, 113.97767639160156, 112.96252584457397,]
