best-result = 40.52743697166443
warmup-time = 41.34107685089111
all-measurements = [ 40.605623722076416, 40.52743697166443, 41.295127153396606,]
