best-result = 46.26333570480347
warmup-time = 48.922292709350586
all-measurements = [ 47.161120891571045, 47.210248708724976, 46.26333570480347,]
