best-result = 33.02760148048401
warmup-time = 33.63137745857239
all-measurements = [ 33.02760148048401, 33.443857192993164, 34.07622718811035,]
