best-result = 35.32829213142395
warmup-time = 37.097243547439575
all-measurements = [ 38.34470844268799, 36.82584571838379, 35.32829213142395,]
