best-result = 59.12872338294983
warmup-time = 57.98561406135559
all-measurements = [ 61.332605600357056, 63.06022810935974, 59.12872338294983,]
