best-result = 222.53154015541077
warmup-time = 228.93801856040955
all-measurements = [ 224.160001039505, 222.53154015541077, 227.0747857093811,]
