best-result = 511.80239486694336
warmup-time = 517.5187830924988
all-measurements = [ 511.80239486694336, 517.1158821582794, 512.496440410614,]
