best-result = 35.573113679885864
warmup-time = 38.420449018478394
all-measurements = [ 36.17542219161987, 35.573113679885864, 38.12538957595825,]
