best-result = 28.532761573791504
warmup-time = 28.64617919921875
all-measurements = [ 28.909005165100098, 29.76822280883789, 28.532761573791504,]
