best-result = 71.34338450431824
warmup-time = 79.7777886390686
all-measurements = [ 71.34338450431824, 78.10338878631592, 79.72457218170166,]
