best-result = 60.2647066116333
warmup-time = 61.24103760719299
all-measurements = [ 60.842158794403076, 60.39466309547424, 60.2647066116333,]
