best-result = 27.631136178970337
warmup-time = 27.41180682182312
all-measurements = [ 27.97183847427368, 27.631136178970337, 27.664451837539673,]
