best-result = 35.108393907547
warmup-time = 35.13644289970398
all-measurements = [ 35.38072228431702, 35.30279040336609, 35.108393907547,]
