best-result = 32.483370304107666
warmup-time = 32.97781777381897
all-measurements = [ 32.483370304107666, 33.824700593948364, 32.69679141044617,]
