best-result = 41.82195520401001
warmup-time = 42.361836194992065
all-measurements = [ 43.41912531852722, 41.82195520401001, 43.4060800075531,]
