best-result = 94.86840319633484
warmup-time = 95.37686824798584
all-measurements = [ 94.86840319633484, 96.39007019996643, 95.00677061080933,]
