best-result = 27.445393085479736
warmup-time = 29.82346534729004
all-measurements = [ 29.720557928085327, 27.50370192527771, 27.445393085479736,]
