best-result = 33.97459602355957
warmup-time = 33.2574622631073
all-measurements = [ 35.44672250747681, 33.97459602355957, 35.18013405799866,]
