best-result = 93.01678991317749
warmup-time = 87.11757349967957
all-measurements = [ 95.57490062713623, 93.01678991317749, 98.32499957084656,]
