best-result = 38.31422185897827
warmup-time = 38.48207378387451
all-measurements = [ 38.48297047615051, 39.134689807891846, 38.31422185897827,]
