best-result = 43.71552610397339
warmup-time = 44.815964221954346
all-measurements = [ 43.71552610397339, 44.547696113586426, 45.246097803115845,]
