best-result = 28.880758047103882
warmup-time = 28.596749782562256
all-measurements = [ 29.02603507041931, 28.990309476852417, 28.880758047103882,]
