best-result = 636.1732478141785
warmup-time = 674.8373115062714
all-measurements = [ 651.0410525798798, 643.428169965744, 636.1732478141785,]
