best-result = 172.69977164268494
warmup-time = 173.5542938709259
all-measurements = [ 173.22384476661682, 172.69977164268494, 175.07881617546082,]
