best-result = 62.87433910369873
warmup-time = 65.59879565238953
all-measurements = [ 62.87433910369873, 64.49913907051086, 69.03356409072876,]
