best-result = 23.226009845733643
warmup-time = 23.97889733314514
all-measurements = [ 23.84647035598755, 23.226009845733643, 23.45346975326538,]
