best-result = 46.643728733062744
warmup-time = 63.004826068878174
all-measurements = [ 46.8014075756073, 46.643728733062744, 47.31442880630493,]
