best-result = 46.663532733917236
warmup-time = 58.19122910499573
all-measurements = [ 46.663532733917236, 47.33883738517761, 47.44441103935242,]
