best-result = 874.1792747974396
warmup-time = 1060.6110389232635
all-measurements = [ 874.1792747974396, 901.2727422714233, 876.3011934757233,]
