best-result = 85.21909499168396
warmup-time = 99.60643482208252
all-measurements = [ 85.65847063064575, 85.21909499168396, 85.31107211112976,]
