best-result = 970.4669392108917
warmup-time = 1009.5063726902008
all-measurements = [ 970.4669392108917, 977.4898509979248, 983.5926909446716,]
