best-result = 66.39445924758911
warmup-time = 79.23590803146362
all-measurements = [ 67.04100728034973, 67.2931432723999, 66.39445924758911,]
