best-result = 82.75434803962708
warmup-time = 103.89955759048462
all-measurements = [ 83.73159670829773, 82.75434803962708, 83.2296633720398,]
