best-result = 68.24250912666321
warmup-time = 88.11740398406982
all-measurements = [ 68.41087412834167, 68.27305245399475, 68.24250912666321,]
