best-result = 90.76673245429993
warmup-time = 104.07903289794922
all-measurements = [ 91.75500893592834, 90.76673245429993, 90.88772535324097,]
