best-result = 635.6898281574249
warmup-time = 652.6608905792236
all-measurements = [ 635.6898281574249, 637.3354680538177, 638.4636173248291,]
