best-result = 62.72557830810547
warmup-time = 72.88800883293152
all-measurements = [ 62.896007776260376, 62.72557830810547, 62.93385601043701,]
