best-result = 189.6262171268463
warmup-time = 349.46167969703674
all-measurements = [ 189.6262171268463, 192.68499302864075, 191.22897052764893,]
