best-result = 386.7999348640442
warmup-time = 829.0941970348358
all-measurements = [ 386.7999348640442, 388.0618824958801, 390.9390754699707,]
