best-result = 62.576449394226074
warmup-time = 80.0934886932373
all-measurements = [ 63.02857494354248, 62.82746481895447, 62.576449394226074,]
