best-result = 40.782474756240845
warmup-time = 48.91638946533203
all-measurements = [ 40.83268404006958, 40.782474756240845, 41.11235070228577,]
