best-result = 133.81417298316956
warmup-time = 162.27191734313965
all-measurements = [ 133.81417298316956, 134.91129994392395, 134.27559232711792,]
