best-result = 915.2498645782471
warmup-time = 951.5650362968445
all-measurements = [ 916.1271510124207, 922.3304829597473, 915.2498645782471,]
