best-result = 27.98485231399536
warmup-time = 36.44132328033447
all-measurements = [ 28.26988935470581, 28.483187675476074, 27.98485231399536,]
