best-result = 59.0636682510376
warmup-time = 71.44545221328735
all-measurements = [ 59.97929096221924, 59.51300382614136, 59.0636682510376,]
