best-result = 59.76507496833801
warmup-time = 74.03448820114136
all-measurements = [ 59.76507496833801, 60.271626710891724, 60.69052767753601,]
