best-result = 110.08469939231873
warmup-time = 137.09657287597656
all-measurements = [ 110.17737054824829, 110.08469939231873, 110.43331813812256,]
