best-result = 762.8474864959717
warmup-time = 827.6321220397949
all-measurements = [ 768.369264125824, 784.384147644043, 762.8474864959717,]
