best-result = 34.45465445518494
warmup-time = 42.683696031570435
all-measurements = [ 34.45465445518494, 35.30202054977417, 34.54406428337097,]
