best-result = 55.60623908042908
warmup-time = 70.98873567581177
all-measurements = [ 55.92333197593689, 55.60623908042908, 55.774906873703,]
