best-result = 1395.3625252246857
warmup-time = 2187.4017827510834
all-measurements = [ 1395.3625252246857, 2245.600223302841, 1983.295122385025,]
