best-result = 49.6062548160553
warmup-time = 70.12013721466064
all-measurements = [ 49.84010362625122, 49.850329875946045, 49.6062548160553,]
