best-result = 82.29142332077026
warmup-time = 101.4553210735321
all-measurements = [ 83.0556149482727, 82.94407892227173, 82.29142332077026,]
