best-result = 92.79054355621338
warmup-time = 115.30189394950867
all-measurements = [ 93.88636755943298, 93.98808455467224, 92.79054355621338,]
