best-result = 37.74603724479675
warmup-time = 45.77554631233215
all-measurements = [ 37.74603724479675, 37.817002296447754, 38.5299928188324,]
