best-result = 314.51030349731445
warmup-time = 462.59694242477417
all-measurements = [ 314.51030349731445, 323.1396715641022, 315.40190625190735,]
