best-result = 60.692946910858154
warmup-time = 61.417405128479004
all-measurements = [ 61.22056531906128, 61.08193922042847, 60.692946910858154,]
