best-result = 26.387295246124268
warmup-time = 26.92002844810486
all-measurements = [ 26.387295246124268, 26.546524047851562, 27.192392826080322,]
