best-result = 37.17523789405823
warmup-time = 38.63801598548889
all-measurements = [ 37.582810401916504, 37.17523789405823, 37.9908709526062,]
