best-result = 31.32955503463745
warmup-time = 31.80567717552185
all-measurements = [ 31.751316785812378, 31.823447942733765, 31.32955503463745,]
