best-result = 230.82951712608337
warmup-time = 236.8753364086151
all-measurements = [ 231.67635822296143, 233.54516625404358, 230.82951712608337,]
