best-result = 37.18839430809021
warmup-time = 37.136507749557495
all-measurements = [ 37.18839430809021, 37.758047103881836, 37.95770621299744,]
