best-result = 111.26275062561035
warmup-time = 116.37630701065063
all-measurements = [ 111.26275062561035, 112.1562123298645, 112.50334596633911,]
