best-result = 34.02200698852539
warmup-time = 35.94976091384888
all-measurements = [ 35.93669891357422, 34.02200698852539, 35.05111908912659,]
