best-result = 40.74835705757141
warmup-time = 40.63003468513489
all-measurements = [ 42.85241770744324, 40.74835705757141, 42.024144411087036,]
