best-result = 47.35641384124756
warmup-time = 49.46828556060791
all-measurements = [ 48.96779227256775, 47.35641384124756, 48.162097692489624,]
