best-result = 31.643489360809326
warmup-time = 34.05578017234802
all-measurements = [ 33.640798807144165, 31.643489360809326, 34.29316568374634,]
