best-result = 37.25912809371948
warmup-time = 37.89833402633667
all-measurements = [ 37.25912809371948, 37.383079051971436, 37.91826367378235,]
