best-result = 61.1010582447052
warmup-time = 64.78922581672668
all-measurements = [ 62.1521372795105, 61.1010582447052, 61.33758568763733,]
