best-result = 220.27486038208008
warmup-time = 223.81476545333862
all-measurements = [ 222.50575590133667, 220.27486038208008, 220.92224431037903,]
