best-result = 502.74761748313904
warmup-time = 506.5514965057373
all-measurements = [ 503.31812381744385, 505.02905321121216, 502.74761748313904,]
