best-result = 34.248971939086914
warmup-time = 36.87325119972229
all-measurements = [ 34.248971939086914, 36.377989768981934, 36.10110783576965,]
