best-result = 28.892203330993652
warmup-time = 29.524301528930664
all-measurements = [ 28.892203330993652, 29.509870052337646, 29.12871265411377,]
