best-result = 72.27962040901184
warmup-time = 82.55557870864868
all-measurements = [ 80.26643347740173, 72.27962040901184, 76.61634635925293,]
