best-result = 60.99474096298218
warmup-time = 61.40599584579468
all-measurements = [ 64.96402025222778, 60.99474096298218, 61.55945038795471,]
