best-result = 27.842978715896606
warmup-time = 28.36949133872986
all-measurements = [ 27.842978715896606, 28.774760961532593, 30.21737575531006,]
