best-result = 35.43850541114807
warmup-time = 35.83525848388672
all-measurements = [ 35.43850541114807, 35.472541093826294, 35.72658681869507,]
