best-result = 31.837129592895508
warmup-time = 33.67177653312683
all-measurements = [ 33.74844479560852, 31.837129592895508, 34.5107901096344,]
