best-result = 41.476627349853516
warmup-time = 43.357608795166016
all-measurements = [ 41.476627349853516, 43.485008239746094, 42.48223042488098,]
