best-result = 93.38870763778687
warmup-time = 93.20116710662842
all-measurements = [ 98.45968461036682, 96.49002861976624, 93.38870763778687,]
