best-result = 27.747339010238647
warmup-time = 29.438087224960327
all-measurements = [ 27.747339010238647, 28.328838109970093, 29.450050354003906,]
