best-result = 34.387922525405884
warmup-time = 33.940173625946045
all-measurements = [ 35.44539666175842, 35.0197651386261, 34.387922525405884,]
