best-result = 86.20712041854858
warmup-time = 89.52747821807861
all-measurements = [ 96.70580101013184, 90.28365969657898, 86.20712041854858,]
