best-result = 39.190032958984375
warmup-time = 40.442009925842285
all-measurements = [ 39.98244905471802, 39.958874225616455, 39.190032958984375,]
