best-result = 45.068618297576904
warmup-time = 46.06010723114014
all-measurements = [ 46.4803524017334, 45.20488905906677, 45.068618297576904,]
