best-result = 50.74610638618469
warmup-time = 50.250550508499146
all-measurements = [ 50.84855842590332, 50.74610638618469, 51.51079726219177,]
