best-result = 28.82795524597168
warmup-time = 28.813230991363525
all-measurements = [ 28.82795524597168, 29.27020025253296, 28.938629388809204,]
