best-result = 667.9270787239075
warmup-time = 714.0934720039368
all-measurements = [ 669.5864372253418, 674.7821385860443, 667.9270787239075,]
