best-result = 166.19108366966248
warmup-time = 169.59759163856506
all-measurements = [ 166.19108366966248, 166.32304739952087, 166.90810227394104,]
