best-result = 58.830803632736206
warmup-time = 70.18049192428589
all-measurements = [ 58.830803632736206, 66.02705073356628, 64.5141487121582,]
