best-result = 23.358357667922974
warmup-time = 23.599985599517822
all-measurements = [ 23.526684284210205, 23.712972164154053, 23.358357667922974,]
