best-result = 47.11601233482361
warmup-time = 64.55035328865051
all-measurements = [ 47.40105080604553, 47.11601233482361, 47.26849961280823,]
