best-result = 46.97322964668274
warmup-time = 58.446595430374146
all-measurements = [ 47.42514395713806, 47.18957042694092, 46.97322964668274,]
