best-result = 903.4352991580963
warmup-time = 1115.794374704361
all-measurements = [ 903.4352991580963, 922.9731547832489, 921.8587584495544,]
