best-result = 86.92871952056885
warmup-time = 101.03010988235474
all-measurements = [ 87.62868666648865, 86.92871952056885, 86.97171306610107,]
