best-result = 991.1491966247559
warmup-time = 1016.4623222351074
all-measurements = [ 994.5469188690186, 993.126127243042, 991.1491966247559,]
