best-result = 84.21130752563477
warmup-time = 105.93348956108093
all-measurements = [ 85.04594802856445, 85.01083087921143, 84.21130752563477,]
