best-result = 68.15631866455078
warmup-time = 89.65252900123596
all-measurements = [ 68.59165382385254, 68.15631866455078, 69.26617312431335,]
