best-result = 92.55268979072571
warmup-time = 106.06513452529907
all-measurements = [ 92.55268979072571, 92.60767316818237, 92.66808080673218,]
