best-result = 649.9557104110718
warmup-time = 663.2596788406372
all-measurements = [ 649.9557104110718, 651.4416353702545, 654.0276618003845,]
