best-result = 62.39972639083862
warmup-time = 78.68076729774475
all-measurements = [ 63.36519646644592, 62.39972639083862, 62.67765760421753,]
