best-result = 205.95221734046936
warmup-time = 354.1146049499512
all-measurements = [ 209.01051378250122, 205.95221734046936, 206.33230686187744,]
