best-result = 388.3363673686981
warmup-time = 825.9858121871948
all-measurements = [ 388.3363673686981, 410.1796007156372, 389.5963246822357,]
