best-result = 62.76170301437378
warmup-time = 79.75622272491455
all-measurements = [ 64.45892572402954, 63.017125368118286, 62.76170301437378,]
