best-result = 40.512428760528564
warmup-time = 48.995285511016846
all-measurements = [ 40.512428760528564, 41.25768685340881, 41.53866934776306,]
