best-result = 135.65664553642273
warmup-time = 159.52043271064758
all-measurements = [ 136.22712874412537, 136.71274662017822, 135.65664553642273,]
