best-result = 930.9277534484863
warmup-time = 964.9676883220673
all-measurements = [ 932.6555666923523, 930.9277534484863, 943.3499963283539,]
