best-result = 28.154959201812744
warmup-time = 36.76094079017639
all-measurements = [ 28.92698907852173, 28.676074266433716, 28.154959201812744,]
