best-result = 57.67852854728699
warmup-time = 70.329594373703
all-measurements = [ 58.260133266448975, 57.67852854728699, 58.08887720108032,]
