best-result = 60.971760272979736
warmup-time = 74.9362587928772
all-measurements = [ 61.48730754852295, 61.53420066833496, 60.971760272979736,]
