best-result = 109.48803901672363
warmup-time = 137.51795959472656
all-measurements = [ 111.16540479660034, 110.85835480690002, 109.48803901672363,]
