best-result = 773.9913439750671
warmup-time = 844.7157917022705
all-measurements = [ 777.2294535636902, 780.3894879817963, 773.9913439750671,]
