best-result = 34.37041091918945
warmup-time = 40.89385175704956
all-measurements = [ 34.77106070518494, 34.665244340896606, 34.37041091918945,]
