best-result = 55.966089725494385
warmup-time = 70.3907642364502
all-measurements = [ 56.42113924026489, 55.966089725494385, 56.23727035522461,]
