best-result = 1388.0696551799774
warmup-time = 1532.660549402237
all-measurements = [ 1665.2044641971588, 2374.1421208381653, 1388.0696551799774,]
