best-result = 48.840964555740356
warmup-time = 69.39952993392944
all-measurements = [ 49.33292865753174, 49.33985924720764, 48.840964555740356,]
