best-result = 83.03907704353333
warmup-time = 101.72668981552124
all-measurements = [ 83.74177932739258, 83.03907704353333, 83.76607418060303,]
