best-result = 38.36426401138306
warmup-time = 47.08300805091858
all-measurements = [ 38.53431177139282, 39.22874212265015, 38.36426401138306,]
