best-result = 333.05334091186523
warmup-time = 474.1062319278717
all-measurements = [ 333.05334091186523, 339.6535675525665, 337.7522509098053,]
