best-result = 59.073201417922974
warmup-time = 59.94338417053223
all-measurements = [ 60.26054310798645, 60.09856986999512, 59.073201417922974,]
