best-result = 26.0041344165802
warmup-time = 26.760716915130615
all-measurements = [ 26.108870029449463, 26.045910596847534, 26.0041344165802,]
