best-result = 36.4546594619751
warmup-time = 37.879085540771484
all-measurements = [ 38.26310729980469, 36.4546594619751, 36.814799547195435,]
