best-result = 31.278473138809204
warmup-time = 31.62901544570923
all-measurements = [ 31.786986351013184, 31.278473138809204, 31.781562089920044,]
