best-result = 260.5064232349396
warmup-time = 269.94985842704773
all-measurements = [ 260.5064232349396, 264.58058190345764, 263.0815238952637,]
