best-result = 36.082438468933105
warmup-time = 38.32479238510132
all-measurements = [ 36.082438468933105, 37.76971888542175, 36.99947690963745,]
