best-result = 111.5362606048584
warmup-time = 114.40017104148865
all-measurements = [ 112.72684717178345, 113.23607730865479, 111.5362606048584,]
