best-result = 39.66936135292053
warmup-time = 41.756539821624756
all-measurements = [ 39.66936135292053, 41.557841062545776, 41.03621697425842,]
