best-result = 47.492084980010986
warmup-time = 49.78454041481018
all-measurements = [ 47.5402672290802, 47.492084980010986, 48.196168661117554,]
