best-result = 33.677913665771484
warmup-time = 34.16876268386841
all-measurements = [ 34.49312233924866, 33.677913665771484, 34.504019260406494,]
