best-result = 36.64974331855774
warmup-time = 36.92710208892822
all-measurements = [ 37.169538259506226, 36.64974331855774, 36.75737762451172,]
