best-result = 61.96926021575928
warmup-time = 60.40915012359619
all-measurements = [ 63.07324576377869, 61.96926021575928, 62.11770725250244,]
