best-result = 223.92885637283325
warmup-time = 226.68615341186523
all-measurements = [ 223.92885637283325, 227.7803132534027, 225.49692153930664,]
