best-result = 517.8349742889404
warmup-time = 527.3955299854279
all-measurements = [ 517.8349742889404, 523.2320652008057, 522.2302553653717,]
