best-result = 36.77587103843689
warmup-time = 39.95276665687561
all-measurements = [ 36.974509477615356, 36.77587103843689, 38.52739644050598,]
