best-result = 28.98532772064209
warmup-time = 28.841195106506348
all-measurements = [ 29.315405130386353, 29.166422128677368, 28.98532772064209,]
