best-result = 72.49360299110413
warmup-time = 69.3711359500885
all-measurements = [ 77.52428150177002, 72.49360299110413, 73.18637943267822,]
