best-result = 61.01913118362427
warmup-time = 63.38781428337097
all-measurements = [ 61.3687310218811, 62.71381330490112, 61.01913118362427,]
