best-result = 27.49921178817749
warmup-time = 27.565906524658203
all-measurements = [ 29.24009680747986, 27.744518280029297, 27.49921178817749,]
