best-result = 35.4046950340271
warmup-time = 35.141640424728394
all-measurements = [ 35.4046950340271, 35.46764779090881, 35.412856578826904,]
