best-result = 32.18535542488098
warmup-time = 34.17553973197937
all-measurements = [ 33.738189935684204, 32.18535542488098, 34.16690707206726,]
