best-result = 42.19199013710022
warmup-time = 44.003013610839844
all-measurements = [ 42.55821514129639, 42.19199013710022, 43.19244050979614,]
