best-result = 95.40892052650452
warmup-time = 100.88800239562988
all-measurements = [ 95.48741793632507, 95.40892052650452, 97.08606386184692,]
