best-result = 27.733898401260376
warmup-time = 28.45127582550049
all-measurements = [ 29.640999794006348, 28.452894926071167, 27.733898401260376,]
