best-result = 34.895633935928345
warmup-time = 33.85555386543274
all-measurements = [ 35.36317753791809, 34.93869662284851, 34.895633935928345,]
