best-result = 87.60920786857605
warmup-time = 98.84860634803772
all-measurements = [ 87.60920786857605, 94.00608277320862, 90.1022527217865,]
