best-result = 37.672133684158325
warmup-time = 40.38520884513855
all-measurements = [ 37.71861457824707, 37.672133684158325, 39.64387035369873,]
