best-result = 43.432920932769775
warmup-time = 45.662057876586914
all-measurements = [ 46.449607610702515, 44.33204627037048, 43.432920932769775,]
