best-result = 28.408953428268433
warmup-time = 29.14065909385681
all-measurements = [ 28.408953428268433, 28.840009927749634, 29.424924850463867,]
