best-result = 654.2175707817078
warmup-time = 677.8233957290649
all-measurements = [ 654.2175707817078, 655.4241547584534, 656.5074872970581,]
