best-result = 174.53322076797485
warmup-time = 175.92791056632996
all-measurements = [ 174.53322076797485, 176.33246302604675, 176.51655292510986,]
