best-result = 58.87916040420532
warmup-time = 69.53105211257935
all-measurements = [ 58.903733015060425, 65.287846326828, 58.87916040420532,]
