best-result = 22.539295196533203
warmup-time = 23.31527328491211
all-measurements = [ 22.54906415939331, 22.539295196533203, 22.77372121810913,]
