best-result = 47.0091655254364
warmup-time = 65.69772052764893
all-measurements = [ 47.0091655254364, 47.36734962463379, 47.46737623214722,]
