best-result = 46.34440565109253
warmup-time = 59.12511730194092
all-measurements = [ 46.805537700653076, 46.8188111782074, 46.34440565109253,]
