best-result = 914.3795216083527
warmup-time = 1145.9339895248413
all-measurements = [ 914.3795216083527, 921.160370349884, 921.9780113697052,]
