best-result = 84.86742234230042
warmup-time = 99.56054997444153
all-measurements = [ 85.49053287506104, 85.01437878608704, 84.86742234230042,]
