best-result = 979.6623737812042
warmup-time = 1010.5000510215759
all-measurements = [ 979.6623737812042, 994.1249005794525, 990.3887386322021,]
