best-result = 81.56231236457825
warmup-time = 105.05530977249146
all-measurements = [ 81.56231236457825, 82.19526410102844, 82.22594881057739,]
