best-result = 68.23342299461365
warmup-time = 87.92530512809753
all-measurements = [ 68.23363494873047, 68.23342299461365, 68.62922143936157,]
