best-result = 91.26231789588928
warmup-time = 104.29151821136475
all-measurements = [ 91.37876439094543, 92.30328917503357, 91.26231789588928,]
