best-result = 645.9316515922546
warmup-time = 662.9945783615112
all-measurements = [ 649.5681009292603, 650.8558983802795, 645.9316515922546,]
