best-result = 63.3132266998291
warmup-time = 74.98831129074097
all-measurements = [ 63.77152705192566, 63.3132266998291, 63.74209547042847,]
