best-result = 209.23724508285522
warmup-time = 363.1172454357147
all-measurements = [ 209.36937594413757, 209.23724508285522, 211.14269995689392,]
