best-result = 425.47779393196106
warmup-time = 876.5895864963531
all-measurements = [ 430.06216287612915, 425.47779393196106, 428.3482823371887,]
