best-result = 62.78056716918945
warmup-time = 78.01428866386414
all-measurements = [ 62.80846452713013, 62.78056716918945, 62.80752468109131,]
