best-result = 39.65040636062622
warmup-time = 47.09292769432068
all-measurements = [ 40.60320687294006, 39.95854687690735, 39.65040636062622,]
