best-result = 138.77521586418152
warmup-time = 167.5306372642517
all-measurements = [ 139.26057362556458, 138.77521586418152, 139.13574171066284,]
