best-result = 909.5695185661316
warmup-time = 966.2275273799896
all-measurements = [ 910.9384722709656, 910.3750712871552, 909.5695185661316,]
