best-result = 27.411866426467896
warmup-time = 35.62248992919922
all-measurements = [ 27.411866426467896, 28.089583158493042, 27.74399447441101,]
