best-result = 57.87488794326782
warmup-time = 68.11742901802063
all-measurements = [ 57.87488794326782, 58.11529612541199, 58.24109435081482,]
