best-result = 59.127278327941895
warmup-time = 73.5180766582489
all-measurements = [ 59.127278327941895, 60.100067138671875, 59.90764355659485,]
