best-result = 110.90789127349854
warmup-time = 138.52527832984924
all-measurements = [ 110.90789127349854, 111.5568618774414, 111.47001004219055,]
