best-result = 785.7709307670593
warmup-time = 854.0880477428436
all-measurements = [ 787.7139840126038, 785.7709307670593, 788.4684193134308,]
