best-result = 33.70651650428772
warmup-time = 42.676517486572266
all-measurements = [ 33.70651650428772, 34.20740509033203, 33.727341413497925,]
