best-result = 55.57885146141052
warmup-time = 70.92188310623169
all-measurements = [ 55.57885146141052, 55.67254161834717, 55.608328104019165,]
