best-result = 1456.1707792282104
warmup-time = 2259.342338323593
all-measurements = [ 1672.1517450809479, 2127.9826095104218, 1456.1707792282104,]
