best-result = 48.25047969818115
warmup-time = 70.67440152168274
all-measurements = [ 48.309781551361084, 48.25047969818115, 48.99668598175049,]
