best-result = 77.36851143836975
warmup-time = 99.74991989135742
all-measurements = [ 77.36851143836975, 77.66373705863953, 77.9748203754425,]
