best-result = 36.83213686943054
warmup-time = 47.01544189453125
all-measurements = [ 36.86589455604553, 36.94293546676636, 36.83213686943054,]
