best-result = 346.89847588539124
warmup-time = 496.9063332080841
all-measurements = [ 346.89847588539124, 356.2174406051636, 354.4027268886566,]
