best-result = 58.320266008377075
warmup-time = 59.56639003753662
all-measurements = [ 59.661810636520386, 58.320266008377075, 59.49100470542908,]
