best-result = 22.717414379119873
warmup-time = 22.871913194656372
all-measurements = [ 22.717414379119873, 23.554152965545654, 22.966851472854614,]
