best-result = 46.79102396965027
warmup-time = 64.86204838752747
all-measurements = [ 47.145511627197266, 46.79102396965027, 47.02161931991577,]
