best-result = 46.42786192893982
warmup-time = 58.79574966430664
all-measurements = [ 46.51279044151306, 46.46240019798279, 46.42786192893982,]
