best-result = 923.1069087982178
warmup-time = 1138.1404225826263
all-measurements = [ 926.2054448127747, 923.1069087982178, 935.2769064903259,]
