best-result = 85.26515173912048
warmup-time = 100.10293436050415
all-measurements = [ 85.59026026725769, 85.98605537414551, 85.26515173912048,]
