best-result = 992.8211455345154
warmup-time = 1020.923282623291
all-measurements = [ 993.7459781169891, 992.8211455345154, 1001.1485953330994,]
