best-result = 82.71820211410522
warmup-time = 102.24259996414185
all-measurements = [ 83.25541996955872, 83.05064463615417, 82.71820211410522,]
