best-result = 68.29332256317139
warmup-time = 89.0587010383606
all-measurements = [ 69.14950370788574, 68.65785646438599, 68.29332256317139,]
