best-result = 91.40221500396729
warmup-time = 105.28106021881104
all-measurements = [ 91.56604933738708, 91.40221500396729, 91.64565944671631,]
