best-result = 651.8644235134125
warmup-time = 662.3883631229401
all-measurements = [ 651.8779320716858, 651.8644235134125, 652.7934744358063,]
