best-result = 63.28465294837952
warmup-time = 76.10320353507996
all-measurements = [ 63.28465294837952, 63.94270181655884, 63.48958992958069,]
