best-result = 209.70232248306274
warmup-time = 372.65829586982727
all-measurements = [ 209.70232248306274, 212.0180275440216, 211.9287543296814,]
