best-result = 424.23968410491943
warmup-time = 876.3448393344879
all-measurements = [ 450.9787018299103, 428.4105224609375, 424.23968410491943,]
