best-result = 62.62847280502319
warmup-time = 79.56788635253906
all-measurements = [ 63.179847717285156, 62.62847280502319, 63.3416006565094,]
