best-result = 40.21633768081665
warmup-time = 48.62029767036438
all-measurements = [ 40.422274112701416, 40.21633768081665, 40.516369342803955,]
