best-result = 138.17140221595764
warmup-time = 165.18665957450867
all-measurements = [ 139.19544744491577, 138.87758493423462, 138.17140221595764,]
