best-result = 912.4068579673767
warmup-time = 939.3584280014038
all-measurements = [ 912.4068579673767, 913.0169100761414, 915.4116690158844,]
