best-result = 27.552263975143433
warmup-time = 35.121941328048706
all-measurements = [ 27.552263975143433, 27.720656394958496, 28.242602109909058,]
