best-result = 57.73938608169556
warmup-time = 71.79672312736511
all-measurements = [ 58.99777555465698, 57.73938608169556, 58.13230872154236,]
