best-result = 59.46320199966431
warmup-time = 73.76874947547913
all-measurements = [ 60.787564516067505, 60.53692960739136, 59.46320199966431,]
