best-result = 110.75625109672546
warmup-time = 139.23919820785522
all-measurements = [ 111.98292803764343, 111.17680072784424, 110.75625109672546,]
