best-result = 785.4538862705231
warmup-time = 856.5212020874023
all-measurements = [ 785.4538862705231, 788.3712124824524, 787.299868106842,]
