best-result = 33.7113721370697
warmup-time = 42.854158878326416
all-measurements = [ 34.29687976837158, 33.7113721370697, 33.71328902244568,]
