best-result = 55.54050660133362
warmup-time = 71.21343803405762
all-measurements = [ 56.020833015441895, 55.54050660133362, 55.638490438461304,]
