best-result = 1321.6664781570435
warmup-time = 1529.8975541591644
all-measurements = [ 1588.8434147834778, 2187.942169904709, 1321.6664781570435,]
