best-result = 48.51539897918701
warmup-time = 70.27091479301453
all-measurements = [ 48.51539897918701, 49.434749126434326, 49.76181364059448,]
