best-result = 79.1256537437439
warmup-time = 100.02478957176208
all-measurements = [ 80.22140836715698, 79.1256537437439, 79.32266092300415,]
