best-result = 36.52231478691101
warmup-time = 46.00428342819214
all-measurements = [ 36.52231478691101, 37.13766407966614, 36.766438007354736,]
