best-result = 347.91259145736694
warmup-time = 496.9395010471344
all-measurements = [ 353.15135073661804, 350.39042019844055, 347.91259145736694,]
