best-result = 59.13840460777283
warmup-time = 59.48140263557434
all-measurements = [ 59.13840460777283, 59.218809366226196, 59.73578333854675,]
