best-result = 22.502598524093628
warmup-time = 22.995399713516235
all-measurements = [ 22.671862602233887, 22.502598524093628, 22.947319984436035,]
