best-result = 46.70306444168091
warmup-time = 63.596068143844604
all-measurements = [ 46.70306444168091, 47.259862661361694, 46.91540217399597,]
