best-result = 46.321422815322876
warmup-time = 58.84031295776367
all-measurements = [ 47.47471904754639, 46.60709619522095, 46.321422815322876,]
