best-result = 993.9012751579285
warmup-time = 1184.5745027065277
all-measurements = [ 996.9613575935364, 993.9012751579285, 998.7176640033722,]
