best-result = 85.51346588134766
warmup-time = 98.40234851837158
all-measurements = [ 85.70996904373169, 85.51346588134766, 85.96557569503784,]
