best-result = 81.91880822181702
warmup-time = 102.42966294288635
all-measurements = [ 81.91880822181702, 82.4686107635498, 81.96203827857971,]
