best-result = 70.8246202468872
warmup-time = 92.75878691673279
all-measurements = [ 70.8246202468872, 71.14337873458862, 70.86721205711365,]
