best-result = 92.13923668861389
warmup-time = 105.09186172485352
all-measurements = [ 92.13923668861389, 92.70671486854553, 92.27690744400024,]
