best-result = 654.8370959758759
warmup-time = 671.8141942024231
all-measurements = [ 657.5090913772583, 654.8370959758759, 661.1329965591431,]
