best-result = 65.8132426738739
warmup-time = 81.34098052978516
all-measurements = [ 66.5356822013855, 65.8132426738739, 66.95164775848389,]
