best-result = 222.56742572784424
warmup-time = 373.5888149738312
all-measurements = [ 223.4781129360199, 224.59316563606262, 222.56742572784424,]
