best-result = 437.9941189289093
warmup-time = 880.751708984375
all-measurements = [ 438.6417553424835, 440.024338722229, 437.9941189289093,]
