best-result = 61.81184911727905
warmup-time = 77.63662314414978
all-measurements = [ 61.84349489212036, 61.81184911727905, 62.28850436210632,]
