best-result = 143.7331404685974
warmup-time = 182.10257863998413
all-measurements = [ 145.62874388694763, 143.7331404685974, 144.9903347492218,]
