best-result = 935.8688082695007
warmup-time = 975.6408987045288
all-measurements = [ 935.8688082695007, 941.1170167922974, 942.2157099246979,]
