best-result = 27.43337631225586
warmup-time = 36.81058073043823
all-measurements = [ 27.781299114227295, 28.02133846282959, 27.43337631225586,]
