best-result = 59.72724413871765
warmup-time = 73.42387008666992
all-measurements = [ 59.72724413871765, 60.40711545944214, 60.04083180427551,]
