best-result = 59.57037043571472
warmup-time = 73.4003336429596
all-measurements = [ 60.38563275337219, 59.57037043571472, 59.675421476364136,]
