best-result = 112.47814273834229
warmup-time = 140.43627953529358
all-measurements = [ 112.47814273834229, 113.04074597358704, 113.18705868721008,]
