best-result = 795.7598235607147
warmup-time = 857.2712817192078
all-measurements = [ 813.89049077034, 798.5780026912689, 795.7598235607147,]
