best-result = 33.524054288864136
warmup-time = 43.30392146110535
all-measurements = [ 33.524054288864136, 33.840821743011475, 33.73734664916992,]
