best-result = 55.45006966590881
warmup-time = 72.34409165382385
all-measurements = [ 55.58004307746887, 55.736775159835815, 55.45006966590881,]
