best-result = 2210.209146261215
warmup-time = 2137.8860335350037
all-measurements = [ 2210.209146261215, 2548.309991121292, 2711.9821367263794,]
