best-result = 49.626365423202515
warmup-time = 71.2251615524292
all-measurements = [ 49.626365423202515, 50.05216121673584, 50.0362012386322,]
