best-result = 79.35150146484375
warmup-time = 99.61701273918152
all-measurements = [ 79.35150146484375, 80.5531702041626, 80.57296991348267,]
