best-result = 36.74653625488281
warmup-time = 45.32669711112976
all-measurements = [ 36.820117473602295, 37.1482629776001, 36.74653625488281,]
