best-result = 344.92997097969055
warmup-time = 481.8789339065552
all-measurements = [ 344.92997097969055, 349.00513648986816, 364.3335266113281,]
