best-result = 60.916311264038086
warmup-time = 61.039494037628174
all-measurements = [ 60.944159746170044, 60.916311264038086, 61.16442656517029,]
