best-result = 22.644603967666626
warmup-time = 22.82001757621765
all-measurements = [ 22.644603967666626, 22.824825048446655, 22.736164569854736,]
