best-result = 46.38241744041443
warmup-time = 63.44548463821411
all-measurements = [ 47.205235958099365, 46.38241744041443, 46.749719858169556,]
