best-result = 45.83896994590759
warmup-time = 58.86318111419678
all-measurements = [ 45.83896994590759, 46.61677360534668, 46.20241069793701,]
