best-result = 917.3627676963806
warmup-time = 1111.8350338935852
all-measurements = [ 924.5339248180389, 917.3627676963806, 922.2055563926697,]
