best-result = 84.85037040710449
warmup-time = 100.23858642578125
all-measurements = [ 84.85037040710449, 85.81614422798157, 85.00042963027954,]
