best-result = 82.04680609703064
warmup-time = 102.90662050247192
all-measurements = [ 82.04680609703064, 82.17817378044128, 82.29880094528198,]
