best-result = 69.2179856300354
warmup-time = 90.5383243560791
all-measurements = [ 70.31689739227295, 69.84701490402222, 69.2179856300354,]
