best-result = 90.90337347984314
warmup-time = 104.69084906578064
all-measurements = [ 90.90337347984314, 91.47865533828735, 91.55041027069092,]
