best-result = 643.4938192367554
warmup-time = 657.93199467659
all-measurements = [ 643.4938192367554, 645.5885376930237, 658.0415096282959,]
