best-result = 63.52179026603699
warmup-time = 74.395756483078
all-measurements = [ 63.75208306312561, 63.52179026603699, 63.85066819190979,]
