best-result = 212.36271214485168
warmup-time = 367.86719703674316
all-measurements = [ 212.36271214485168, 215.716570854187, 212.41231966018677,]
