best-result = 426.9867069721222
warmup-time = 873.5207023620605
all-measurements = [ 429.6570043563843, 430.15121245384216, 426.9867069721222,]
