best-result = 62.0597128868103
warmup-time = 79.10595774650574
all-measurements = [ 62.94636535644531, 62.56716346740723, 62.0597128868103,]
