best-result = 39.28622889518738
warmup-time = 47.98734450340271
all-measurements = [ 39.82640600204468, 39.6834180355072, 39.28622889518738,]
