best-result = 140.0736048221588
warmup-time = 169.47437691688538
all-measurements = [ 140.0736048221588, 140.34873986244202, 140.46110320091248,]
