best-result = 897.6400351524353
warmup-time = 930.7782504558563
all-measurements = [ 897.6400351524353, 903.272381067276, 900.1072835922241,]
