best-result = 27.38120460510254
warmup-time = 35.217029094696045
all-measurements = [ 27.86159324645996, 27.516515016555786, 27.38120460510254,]
