best-result = 58.026043176651
warmup-time = 72.40381169319153
all-measurements = [ 58.91933250427246, 58.026043176651, 58.56353569030762,]
