best-result = 59.05688977241516
warmup-time = 72.75205516815186
all-measurements = [ 59.89094805717468, 59.05688977241516, 59.06480860710144,]
