best-result = 109.85063457489014
warmup-time = 138.89271569252014
all-measurements = [ 111.2997555732727, 111.17673301696777, 109.85063457489014,]
