best-result = 783.6015889644623
warmup-time = 855.5749561786652
all-measurements = [ 786.1223924160004, 785.9642248153687, 783.6015889644623,]
