best-result = 33.39898324012756
warmup-time = 42.83847761154175
all-measurements = [ 33.69324064254761, 33.501022815704346, 33.39898324012756,]
