best-result = 54.61195206642151
warmup-time = 71.0638496875763
all-measurements = [ 55.36436605453491, 54.61195206642151, 54.8040874004364,]
