best-result = 1671.3570408821106
warmup-time = 1423.808792591095
all-measurements = [ 1967.9930210113525, 1857.0270142555237, 1671.3570408821106,]
