best-result = 49.756033420562744
warmup-time = 71.12706017494202
all-measurements = [ 49.85333824157715, 49.78571438789368, 49.756033420562744,]
