best-result = 78.15792107582092
warmup-time = 98.09292411804199
all-measurements = [ 79.1307897567749, 78.15792107582092, 78.72391891479492,]
