best-result = 36.569199085235596
warmup-time = 46.81212902069092
all-measurements = [ 36.6228289604187, 36.569199085235596, 37.024471282958984,]
