best-result = 350.5776491165161
warmup-time = 484.2623870372772
all-measurements = [ 350.5776491165161, 353.6157577037811, 376.22294569015503,]
