best-result = 59.02286958694458
warmup-time = 60.17418551445007
all-measurements = [ 59.02286958694458, 59.51588773727417, 59.97523379325867,]
