best-result = 22.297538995742798
warmup-time = 22.58611488342285
all-measurements = [ 22.706135034561157, 22.297538995742798, 22.724512577056885,]
