best-result = 48.26417946815491
warmup-time = 67.95479345321655
all-measurements = [ 49.1696093082428, 48.26417946815491, 48.27464723587036,]
