best-result = 47.89365744590759
warmup-time = 60.42597246170044
all-measurements = [ 49.055179834365845, 48.32928705215454, 47.89365744590759,]
