best-result = 1005.9403250217438
warmup-time = 1224.923262834549
all-measurements = [ 1006.7835040092468, 1005.9403250217438, 1012.1506280899048,]
