best-result = 82.9619562625885
warmup-time = 98.41891121864319
all-measurements = [ 82.9619562625885, 83.06491470336914, 83.16135787963867,]
