best-result = 78.95450329780579
warmup-time = 103.7012882232666
all-measurements = [ 78.95450329780579, 79.29395604133606, 79.37859582901001,]
