best-result = 70.2183403968811
warmup-time = 95.55503487586975
all-measurements = [ 70.2183403968811, 70.76009607315063, 71.45444631576538,]
