best-result = 85.94640588760376
warmup-time = 100.97159242630005
all-measurements = [ 86.261714220047, 85.94640588760376, 87.0191285610199,]
