best-result = 602.7434730529785
warmup-time = 610.1060371398926
all-measurements = [ 604.4040153026581, 602.7434730529785, 602.980263710022,]
