best-result = 63.810447216033936
warmup-time = 80.3319661617279
all-measurements = [ 63.810447216033936, 64.80330848693848, 63.94060134887695,]
