best-result = 234.035573720932
warmup-time = 419.3861651420593
all-measurements = [ 237.63986206054688, 236.384179353714, 234.035573720932,]
