best-result = 442.26380372047424
warmup-time = 962.086900472641
all-measurements = [ 451.0070641040802, 443.93094062805176, 442.26380372047424,]
