best-result = 60.880908250808716
warmup-time = 78.66199731826782
all-measurements = [ 61.75222563743591, 60.880908250808716, 62.084189653396606,]
