best-result = 890.8029243946075
warmup-time = 928.4550020694733
all-measurements = [ 890.8029243946075, 891.8423519134521, 894.5147802829742,]
