best-result = 27.447046756744385
warmup-time = 36.48090386390686
all-measurements = [ 27.447046756744385, 28.195308208465576, 27.5867657661438,]
