best-result = 60.23674917221069
warmup-time = 75.00999402999878
all-measurements = [ 60.23674917221069, 73.27272486686707, 63.60003471374512,]
