best-result = 56.64543271064758
warmup-time = 70.25630617141724
all-measurements = [ 56.64543271064758, 57.69020318984985, 56.701308250427246,]
