best-result = 111.34191370010376
warmup-time = 142.33353209495544
all-measurements = [ 112.06411814689636, 112.05086898803711, 111.34191370010376,]
