best-result = 778.0786955356598
warmup-time = 861.390969991684
all-measurements = [ 780.3519942760468, 778.0786955356598, 782.7710611820221,]
