best-result = 34.24972701072693
warmup-time = 42.414902687072754
all-measurements = [ 34.492769956588745, 34.49648189544678, 34.24972701072693,]
