best-result = 54.052064180374146
warmup-time = 71.83050632476807
all-measurements = [ 54.052064180374146, 55.100563049316406, 54.41951560974121,]
