best-result = 50.93018555641174
warmup-time = 72.42989683151245
all-measurements = [ 52.01383924484253, 50.93018555641174, 50.99938774108887,]
