best-result = 79.47529911994934
warmup-time = 100.2378454208374
all-measurements = [ 81.27898621559143, 79.47529911994934, 80.46487832069397,]
