best-result = 36.237035274505615
warmup-time = 45.63331460952759
all-measurements = [ 36.237035274505615, 36.7832453250885, 36.59906816482544,]
