best-result = 354.95282077789307
warmup-time = 520.0216357707977
all-measurements = [ 363.59548115730286, 359.77832198143005, 354.95282077789307,]
