best-result = 104.80685424804688
warmup-time = 104.86881422996521
all-measurements = [ 105.8063268661499, 104.80685424804688, 105.06819605827332,]
