best-result = 21.223601579666138
warmup-time = 21.519301176071167
all-measurements = [ 21.223601579666138, 21.504745721817017, 21.49318289756775,]
