best-result = 47.05528140068054
warmup-time = 62.76624798774719
all-measurements = [ 47.05528140068054, 47.2878315448761, 47.18016028404236,]
