best-result = 46.472750186920166
warmup-time = 57.60921597480774
all-measurements = [ 47.11358141899109, 46.472750186920166, 46.96369647979736,]
