best-result = 970.9528560638428
warmup-time = 1174.1211986541748
all-measurements = [ 981.4547772407532, 974.3178062438965, 970.9528560638428,]
