best-result = 81.62588119506836
warmup-time = 93.25203967094421
all-measurements = [ 81.62588119506836, 81.7396731376648, 82.13898134231567,]
