best-result = 78.49209475517273
warmup-time = 97.81604623794556
all-measurements = [ 78.49209475517273, 78.83130097389221, 78.93769145011902,]
