best-result = 68.19793319702148
warmup-time = 90.14663743972778
all-measurements = [ 68.19793319702148, 68.36359167098999, 69.39959144592285,]
