best-result = 83.82161903381348
warmup-time = 98.45845532417297
all-measurements = [ 84.58969616889954, 83.82161903381348, 84.44999504089355,]
