best-result = 589.1845843791962
warmup-time = 628.4683034420013
all-measurements = [ 589.1845843791962, 591.5653247833252, 590.2665040493011,]
