best-result = 61.89475131034851
warmup-time = 75.77369356155396
all-measurements = [ 61.89475131034851, 62.05596089363098, 62.2708044052124,]
