best-result = 230.8471438884735
warmup-time = 393.11142015457153
all-measurements = [ 230.8471438884735, 231.89327239990234, 230.879900932312,]
