best-result = 439.4509949684143
warmup-time = 906.7522099018097
all-measurements = [ 441.9892792701721, 439.4509949684143, 443.53983545303345,]
