best-result = 59.902336835861206
warmup-time = 75.67492437362671
all-measurements = [ 59.95725464820862, 59.902336835861206, 59.97300934791565,]
