best-result = 858.4850976467133
warmup-time = 894.6605191230774
all-measurements = [ 858.4850976467133, 861.4831154346466, 859.9882774353027,]
