best-result = 26.73415517807007
warmup-time = 34.95730757713318
all-measurements = [ 27.461495399475098, 26.73415517807007, 27.02565860748291,]
