best-result = 57.97596478462219
warmup-time = 68.51136755943298
all-measurements = [ 58.1330840587616, 57.97596478462219, 58.13475465774536,]
