best-result = 55.98400926589966
warmup-time = 69.55678582191467
all-measurements = [ 55.98400926589966, 56.946187019348145, 56.69615721702576,]
