best-result = 108.53642153739929
warmup-time = 136.61924958229065
all-measurements = [ 108.65461730957031, 108.53642153739929, 108.93120074272156,]
