best-result = 767.2154593467712
warmup-time = 838.3927938938141
all-measurements = [ 771.0255925655365, 767.2283008098602, 767.2154593467712,]
