best-result = 33.45321607589722
warmup-time = 39.22345972061157
all-measurements = [ 33.45321607589722, 34.04562735557556, 33.5070424079895,]
