best-result = 53.0964150428772
warmup-time = 68.15773630142212
all-measurements = [ 53.0964150428772, 53.56226921081543, 53.659842014312744,]
