best-result = 49.43569564819336
warmup-time = 68.24687886238098
all-measurements = [ 49.46395969390869, 49.72004151344299, 49.43569564819336,]
