best-result = 78.70983052253723
warmup-time = 97.00870633125305
all-measurements = [ 78.70983052253723, 80.30735850334167, 79.01043248176575,]
