best-result = 35.55728244781494
warmup-time = 43.53825116157532
all-measurements = [ 35.55728244781494, 35.57431697845459, 35.606295585632324,]
