best-result = 347.8059718608856
warmup-time = 492.82085156440735
all-measurements = [ 347.8059718608856, 353.75065636634827, 364.6629478931427,]
