best-result = 102.17089438438416
warmup-time = 101.62518763542175
all-measurements = [ 102.17089438438416, 102.52989339828491, 102.46211671829224,]
