best-result = 23.139548778533936
warmup-time = 23.55763006210327
all-measurements = [ 23.54731798171997, 23.67242407798767, 23.139548778533936,]
