best-result = 47.03219938278198
warmup-time = 61.94658970832825
all-measurements = [ 47.03219938278198, 47.67687439918518, 47.248993158340454,]
