best-result = 46.99817705154419
warmup-time = 58.4436981678009
all-measurements = [ 46.99817705154419, 47.119656801223755, 47.475104570388794,]
