best-result = 899.8249680995941
warmup-time = 1083.0980026721954
all-measurements = [ 900.4825096130371, 900.6383655071259, 899.8249680995941,]
