best-result = 85.43454718589783
warmup-time = 99.03088569641113
all-measurements = [ 85.66520023345947, 85.43454718589783, 85.88877630233765,]
