best-result = 979.5145418643951
warmup-time = 1015.1491284370422
all-measurements = [ 991.4470810890198, 988.5748105049133, 979.5145418643951,]
