best-result = 65.98717665672302
warmup-time = 81.4835946559906
all-measurements = [ 65.98717665672302, 67.14250898361206, 67.33758068084717,]
