best-result = 83.71162104606628
warmup-time = 105.049471616745
all-measurements = [ 83.71162104606628, 84.05958533287048, 84.24002003669739,]
