best-result = 68.67009019851685
warmup-time = 88.18532299995422
all-measurements = [ 68.67009019851685, 69.25198316574097, 69.19723129272461,]
