best-result = 91.66084218025208
warmup-time = 105.91843271255493
all-measurements = [ 91.66084218025208, 92.94650912284851, 91.75945043563843,]
