best-result = 637.7259457111359
warmup-time = 660.7970850467682
all-measurements = [ 645.8585424423218, 637.7259457111359, 640.4540128707886,]
