best-result = 63.092310428619385
warmup-time = 74.37244272232056
all-measurements = [ 63.092310428619385, 63.17815542221069, 63.260985136032104,]
