best-result = 192.92524313926697
warmup-time = 344.62244963645935
all-measurements = [ 193.3016333580017, 192.92524313926697, 195.9423110485077,]
