best-result = 382.9018054008484
warmup-time = 826.306887626648
all-measurements = [ 386.27463459968567, 382.9018054008484, 389.25508308410645,]
