best-result = 62.552584648132324
warmup-time = 79.4986264705658
all-measurements = [ 62.71718382835388, 62.552584648132324, 63.021305561065674,]
