best-result = 40.45473599433899
warmup-time = 48.66552925109863
all-measurements = [ 41.09918451309204, 40.45473599433899, 41.814013957977295,]
