best-result = 134.92205548286438
warmup-time = 161.02622246742249
all-measurements = [ 136.5303430557251, 134.92205548286438, 136.1656768321991,]
