best-result = 930.693701505661
warmup-time = 960.7352976799011
all-measurements = [ 932.7370381355286, 940.196503162384, 930.693701505661,]
