best-result = 28.279931783676147
warmup-time = 37.1125111579895
all-measurements = [ 28.523940801620483, 28.279931783676147, 28.938941955566406,]
