best-result = 59.37118649482727
warmup-time = 69.31854891777039
all-measurements = [ 59.87485384941101, 59.502630949020386, 59.37118649482727,]
