best-result = 61.25448775291443
warmup-time = 75.17281007766724
all-measurements = [ 61.39418911933899, 61.510740756988525, 61.25448775291443,]
