best-result = 111.17682957649231
warmup-time = 136.4179401397705
all-measurements = [ 111.61111044883728, 111.4897358417511, 111.17682957649231,]
