best-result = 769.6283273696899
warmup-time = 838.6807923316956
all-measurements = [ 769.6283273696899, 773.3773567676544, 775.14857006073,]
