best-result = 34.779492139816284
warmup-time = 42.79637026786804
all-measurements = [ 34.779492139816284, 35.44424629211426, 35.09740710258484,]
