best-result = 56.0293128490448
warmup-time = 72.86665058135986
all-measurements = [ 56.40466642379761, 56.16934657096863, 56.0293128490448,]
