best-result = 2471.645608663559
warmup-time = 2010.799040555954
all-measurements = [ 2642.004519701004, 2471.645608663559, 2485.0475096702576,]
