best-result = 49.520522594451904
warmup-time = 71.83660340309143
all-measurements = [ 49.520522594451904, 49.947957277297974, 50.174808502197266,]
