best-result = 83.01977252960205
warmup-time = 103.93602275848389
all-measurements = [ 83.3047890663147, 83.01977252960205, 83.29733371734619,]
