best-result = 94.05653786659241
warmup-time = 114.4378068447113
all-measurements = [ 94.05653786659241, 94.75670647621155, 94.27715587615967,]
