best-result = 38.13406229019165
warmup-time = 46.41027617454529
all-measurements = [ 38.13406229019165, 38.71025252342224, 38.26354265213013,]
