best-result = 312.2563545703888
warmup-time = 463.93316292762756
all-measurements = [ 312.2563545703888, 314.4640336036682, 322.5178849697113,]
