best-result = 60.157859563827515
warmup-time = 61.55594205856323
all-measurements = [ 60.7513542175293, 60.77429223060608, 60.157859563827515,]
