best-result = 22.488022327423096
warmup-time = 22.926853895187378
all-measurements = [ 23.031646013259888, 22.488022327423096, 22.529334545135498,]
