best-result = 47.28088879585266
warmup-time = 63.75634479522705
all-measurements = [ 47.648961544036865, 47.28088879585266, 47.79597783088684,]
