best-result = 46.91955375671387
warmup-time = 59.433085918426514
all-measurements = [ 47.449148416519165, 46.91955375671387, 46.98925304412842,]
