best-result = 951.827056646347
warmup-time = 1149.0592687129974
all-measurements = [ 956.7325522899628, 951.827056646347, 962.3206748962402,]
