best-result = 84.89874768257141
warmup-time = 101.95168328285217
all-measurements = [ 85.00744128227234, 85.69392967224121, 84.89874768257141,]
