best-result = 80.38161039352417
warmup-time = 100.71426391601562
all-measurements = [ 80.41664528846741, 80.89206051826477, 80.38161039352417,]
