best-result = 69.65858864784241
warmup-time = 91.73636198043823
all-measurements = [ 69.80061197280884, 70.33854627609253, 69.65858864784241,]
