best-result = 90.6308524608612
warmup-time = 105.94506621360779
all-measurements = [ 91.03092837333679, 90.69446921348572, 90.6308524608612,]
