best-result = 615.6534051895142
warmup-time = 634.4181115627289
all-measurements = [ 618.7957987785339, 618.2336049079895, 615.6534051895142,]
