best-result = 64.70196008682251
warmup-time = 79.42828702926636
all-measurements = [ 64.70196008682251, 64.72038078308105, 65.11637759208679,]
