best-result = 221.5897409915924
warmup-time = 371.4589912891388
all-measurements = [ 221.5897409915924, 223.39220786094666, 223.26049613952637,]
