best-result = 443.24357438087463
warmup-time = 890.8386766910553
all-measurements = [ 443.24357438087463, 447.0598268508911, 445.2758023738861,]
