best-result = 61.8002495765686
warmup-time = 78.35814309120178
all-measurements = [ 62.287111043930054, 62.405680656433105, 61.8002495765686,]
