best-result = 858.6624991893768
warmup-time = 893.7466690540314
all-measurements = [ 873.1403753757477, 858.6624991893768, 861.5174612998962,]
