best-result = 27.118080139160156
warmup-time = 35.15143823623657
all-measurements = [ 27.118080139160156, 28.225558280944824, 27.917176246643066,]
