best-result = 57.96552133560181
warmup-time = 71.73422408103943
all-measurements = [ 57.96552133560181, 58.33914828300476, 58.06977462768555,]
