best-result = 58.82146453857422
warmup-time = 72.48422741889954
all-measurements = [ 59.03460192680359, 59.461506843566895, 58.82146453857422,]
