best-result = 110.0117700099945
warmup-time = 136.85986828804016
all-measurements = [ 110.35158967971802, 110.0117700099945, 110.07655096054077,]
