best-result = 778.3717930316925
warmup-time = 850.4980525970459
all-measurements = [ 778.3717930316925, 805.9522976875305, 780.6348648071289,]
