best-result = 33.969900369644165
warmup-time = 40.30208945274353
all-measurements = [ 34.056713342666626, 34.135019302368164, 33.969900369644165,]
