best-result = 53.675097703933716
warmup-time = 69.58166909217834
all-measurements = [ 53.67902684211731, 54.014859199523926, 53.675097703933716,]
