best-result = 1870.0027468204498
warmup-time = 2149.269434452057
all-measurements = [ 2218.0643377304077, 2195.6533732414246, 1870.0027468204498,]
