best-result = 49.784496545791626
warmup-time = 72.62514734268188
all-measurements = [ 49.851457357406616, 50.34188961982727, 49.784496545791626,]
