best-result = 80.77080631256104
warmup-time = 100.03676915168762
all-measurements = [ 81.54234504699707, 80.92934012413025, 80.77080631256104,]
