best-result = 36.19133257865906
warmup-time = 45.91769886016846
all-measurements = [ 36.497137784957886, 36.19133257865906, 36.37796115875244,]
