best-result = 344.0937795639038
warmup-time = 482.1874442100525
all-measurements = [ 344.0937795639038, 347.3606586456299, 348.3652095794678,]
