best-result = 103.99172186851501
warmup-time = 104.41854906082153
all-measurements = [ 104.48054838180542, 105.23234248161316, 103.99172186851501,]
