best-result = 22.867833614349365
warmup-time = 23.720260620117188
all-measurements = [ 23.277917861938477, 22.867833614349365, 23.048420906066895,]
