best-result = 46.55213928222656
warmup-time = 64.19975328445435
all-measurements = [ 47.002476930618286, 46.55213928222656, 46.69080328941345,]
