best-result = 46.48054885864258
warmup-time = 58.5254921913147
all-measurements = [ 46.48054885864258, 46.84373211860657, 47.024178981781006,]
