best-result = 935.8787014484406
warmup-time = 1145.0026633739471
all-measurements = [ 935.8787014484406, 941.8250319957733, 945.341546535492,]
