best-result = 84.9831702709198
warmup-time = 99.73728227615356
all-measurements = [ 85.36439347267151, 84.9831702709198, 85.18326234817505,]
