best-result = 82.65189576148987
warmup-time = 101.8271541595459
all-measurements = [ 82.99286484718323, 82.65189576148987, 83.17298603057861,]
