best-result = 70.57588124275208
warmup-time = 92.83786821365356
all-measurements = [ 71.18326210975647, 70.58840298652649, 70.57588124275208,]
