best-result = 91.83798241615295
warmup-time = 106.02539658546448
all-measurements = [ 92.14986538887024, 91.83798241615295, 92.06071639060974,]
