best-result = 634.6650385856628
warmup-time = 649.7485375404358
all-measurements = [ 634.6650385856628, 636.6444520950317, 636.7184433937073,]
