best-result = 64.9848301410675
warmup-time = 80.04210209846497
all-measurements = [ 64.9848301410675, 65.51734185218811, 65.88215160369873,]
