best-result = 222.09856724739075
warmup-time = 372.58931946754456
all-measurements = [ 222.20370888710022, 222.09856724739075, 224.00046920776367,]
