best-result = 439.34599685668945
warmup-time = 881.1973838806152
all-measurements = [ 439.34599685668945, 441.26606154441833, 446.11627411842346,]
