best-result = 62.40774750709534
warmup-time = 77.73599767684937
all-measurements = [ 62.94386172294617, 62.40774750709534, 62.61997437477112,]
