best-result = 143.73850798606873
warmup-time = 176.03110003471375
all-measurements = [ 143.87234544754028, 143.73850798606873, 143.97155332565308,]
