best-result = 885.5803065299988
warmup-time = 918.5731146335602
all-measurements = [ 885.5803065299988, 888.768342256546, 886.350145816803,]
