best-result = 27.303189516067505
warmup-time = 36.53648138046265
all-measurements = [ 27.72918939590454, 27.303189516067505, 28.274150133132935,]
