best-result = 59.08645296096802
warmup-time = 72.04931592941284
all-measurements = [ 59.08645296096802, 59.22273063659668, 59.12376022338867,]
