best-result = 59.211023569107056
warmup-time = 74.64995741844177
all-measurements = [ 59.211023569107056, 60.54364824295044, 59.33954453468323,]
