best-result = 110.38477849960327
warmup-time = 138.3254656791687
all-measurements = [ 110.38477849960327, 111.74997472763062, 110.86097240447998,]
