best-result = 786.7573323249817
warmup-time = 877.2256002426147
all-measurements = [ 786.7573323249817, 790.6292741298676, 790.4407570362091,]
