best-result = 33.588951587677
warmup-time = 40.772839069366455
all-measurements = [ 33.61718821525574, 33.99982666969299, 33.588951587677,]
