best-result = 55.37276911735535
warmup-time = 70.84978222846985
all-measurements = [ 55.6965491771698, 55.58753180503845, 55.37276911735535,]
