best-result = 2341.814210653305
warmup-time = 2529.2281856536865
all-measurements = [ 3500.493415117264, 2341.814210653305, 2385.6806020736694,]
