best-result = 49.10813641548157
warmup-time = 70.98680305480957
all-measurements = [ 49.10813641548157, 50.03333616256714, 49.713908195495605,]
