best-result = 78.80519962310791
warmup-time = 100.1024796962738
all-measurements = [ 79.07579231262207, 79.14191365242004, 78.80519962310791,]
