best-result = 37.07290244102478
warmup-time = 47.100099086761475
all-measurements = [ 37.79291605949402, 37.07290244102478, 37.27247142791748,]
