best-result = 358.34315371513367
warmup-time = 496.499951839447
all-measurements = [ 366.81362199783325, 358.34315371513367, 358.7010133266449,]
