best-result = 59.13239312171936
warmup-time = 59.934608936309814
all-measurements = [ 59.620676040649414, 59.13239312171936, 60.55106711387634,]
