best-result = 23.439122438430786
warmup-time = 23.635854721069336
all-measurements = [ 23.572447061538696, 23.494007349014282, 23.439122438430786,]
