best-result = 47.49934720993042
warmup-time = 63.82357954978943
all-measurements = [ 47.50456190109253, 47.632216691970825, 47.49934720993042,]
