best-result = 46.910088539123535
warmup-time = 57.97200632095337
all-measurements = [ 46.91010236740112, 46.910088539123535, 47.61081504821777,]
