best-result = 898.6366572380066
warmup-time = 1099.3946640491486
all-measurements = [ 902.2039303779602, 898.9523797035217, 898.6366572380066,]
