best-result = 85.60419511795044
warmup-time = 101.50300669670105
all-measurements = [ 85.60419511795044, 86.84490036964417, 85.91002821922302,]
