best-result = 985.6939430236816
warmup-time = 1030.3425080776215
all-measurements = [ 991.2602517604828, 992.2171249389648, 985.6939430236816,]
