best-result = 83.83247828483582
warmup-time = 105.34708213806152
all-measurements = [ 83.83247828483582, 84.60279822349548, 85.1129982471466,]
