best-result = 68.13491916656494
warmup-time = 89.24998164176941
all-measurements = [ 68.27688527107239, 68.13491916656494, 68.96913814544678,]
