best-result = 92.19402575492859
warmup-time = 105.71631050109863
all-measurements = [ 93.47783207893372, 92.30381441116333, 92.19402575492859,]
