best-result = 645.729211807251
warmup-time = 673.242014169693
all-measurements = [ 650.2332668304443, 645.729211807251, 648.8227376937866,]
