best-result = 62.3551390171051
warmup-time = 73.02011585235596
all-measurements = [ 62.3551390171051, 62.46845865249634, 63.00931096076965,]
