best-result = 203.94509840011597
warmup-time = 361.01268339157104
all-measurements = [ 203.94509840011597, 207.18372797966003, 205.68142986297607,]
