best-result = 385.6456377506256
warmup-time = 829.4183521270752
all-measurements = [ 389.1155514717102, 387.861688375473, 385.6456377506256,]
