best-result = 62.837647676467896
warmup-time = 79.87102365493774
all-measurements = [ 62.837647676467896, 63.729214668273926, 63.78389930725098,]
