best-result = 40.41749858856201
warmup-time = 48.929017305374146
all-measurements = [ 40.59703493118286, 40.82582497596741, 40.41749858856201,]
