best-result = 134.95773839950562
warmup-time = 168.75487303733826
all-measurements = [ 135.21748781204224, 134.95773839950562, 135.8179919719696,]
