best-result = 920.911378622055
warmup-time = 985.676183462143
all-measurements = [ 929.8196420669556, 921.9141669273376, 920.911378622055,]
