best-result = 28.122283935546875
warmup-time = 37.63531517982483
all-measurements = [ 28.122283935546875, 28.915596961975098, 28.335489511489868,]
