best-result = 57.86389493942261
warmup-time = 70.89576148986816
all-measurements = [ 57.86389493942261, 58.17775583267212, 58.130608558654785,]
