best-result = 60.71425819396973
warmup-time = 76.15908932685852
all-measurements = [ 61.31265115737915, 60.71425819396973, 61.407384157180786,]
