best-result = 110.1697096824646
warmup-time = 139.3336751461029
all-measurements = [ 111.300940990448, 110.1697096824646, 110.47868585586548,]
