best-result = 772.4187414646149
warmup-time = 839.1024005413055
all-measurements = [ 772.4187414646149, 777.5513803958893, 785.9565210342407,]
