best-result = 34.364214181900024
warmup-time = 43.34601974487305
all-measurements = [ 34.47736144065857, 34.364214181900024, 34.72828459739685,]
