best-result = 55.86621880531311
warmup-time = 73.22439479827881
all-measurements = [ 55.86621880531311, 56.0106635093689, 56.84814739227295,]
