best-result = 1745.0116772651672
warmup-time = 2091.4604613780975
all-measurements = [ 1745.0116772651672, 2971.011565685272, 2525.6240248680115,]
