best-result = 49.174692153930664
warmup-time = 70.62432837486267
all-measurements = [ 49.25177335739136, 49.46247601509094, 49.174692153930664,]
