best-result = 81.92576885223389
warmup-time = 101.02656817436218
all-measurements = [ 83.03178405761719, 81.92576885223389, 82.2022294998169,]
