best-result = 38.100319385528564
warmup-time = 47.21705961227417
all-measurements = [ 38.42565107345581, 38.100319385528564, 38.29198098182678,]
