best-result = 333.7960510253906
warmup-time = 477.37847352027893
all-measurements = [ 334.7678442001343, 333.7960510253906, 337.9856638908386,]
