best-result = 59.681854248046875
warmup-time = 59.927623987197876
all-measurements = [ 59.69688105583191, 59.80350732803345, 59.681854248046875,]
