best-result = 25.48912739753723
warmup-time = 26.329793691635132
all-measurements = [ 25.48912739753723, 25.59574294090271, 26.05379605293274,]
