best-result = 37.3041410446167
warmup-time = 36.319735050201416
all-measurements = [ 37.3041410446167, 38.55381464958191, 37.646037578582764,]
