best-result = 30.011586904525757
warmup-time = 31.953890085220337
all-measurements = [ 31.211087942123413, 30.011586904525757, 31.734050989151,]
