best-result = 264.1175935268402
warmup-time = 267.8083701133728
all-measurements = [ 264.1175935268402, 265.5106933116913, 265.14146637916565,]
