best-result = 36.65779685974121
warmup-time = 37.26968717575073
all-measurements = [ 37.22590708732605, 36.99023413658142, 36.65779685974121,]
