best-result = 114.06573295593262
warmup-time = 116.5459566116333
all-measurements = [ 115.93785214424133, 116.43176817893982, 114.06573295593262,]
