best-result = 40.48123860359192
warmup-time = 41.75098466873169
all-measurements = [ 41.43550133705139, 40.48123860359192, 41.37072801589966,]
