best-result = 48.58180236816406
warmup-time = 49.480400800704956
all-measurements = [ 48.58180236816406, 50.013734340667725, 48.761202335357666,]
