best-result = 32.915316581726074
warmup-time = 33.65692949295044
all-measurements = [ 32.915316581726074, 33.70769500732422, 33.05279493331909,]
