best-result = 59.702373027801514
warmup-time = 65.04200768470764
all-measurements = [ 64.23937487602234, 59.702373027801514, 64.71839118003845,]
