best-result = 225.58460903167725
warmup-time = 231.1848499774933
all-measurements = [ 225.58460903167725, 227.462632894516, 226.09635162353516,]
