best-result = 521.1442291736603
warmup-time = 527.6538436412811
all-measurements = [ 521.1442291736603, 521.1840531826019, 521.932213306427,]
