best-result = 35.561283349990845
warmup-time = 38.0751097202301
all-measurements = [ 36.54061484336853, 36.51125383377075, 35.561283349990845,]
