best-result = 28.48404026031494
warmup-time = 29.244322538375854
all-measurements = [ 28.963154077529907, 28.48404026031494, 29.11079430580139,]
