best-result = 73.64944362640381
warmup-time = 76.404061794281
all-measurements = [ 73.64944362640381, 77.30398058891296, 77.86357140541077,]
