best-result = 61.82308268547058
warmup-time = 62.32087850570679
all-measurements = [ 63.352853298187256, 63.48274326324463, 61.82308268547058,]
