best-result = 27.342225074768066
warmup-time = 27.75018620491028
all-measurements = [ 27.342225074768066, 27.686962604522705, 27.553350687026978,]
