best-result = 35.27392315864563
warmup-time = 35.33978748321533
all-measurements = [ 35.50928497314453, 35.27392315864563, 35.40882992744446,]
