best-result = 33.02998638153076
warmup-time = 34.30427575111389
all-measurements = [ 33.58422827720642, 33.03997254371643, 33.02998638153076,]
