best-result = 42.326643228530884
warmup-time = 44.389450550079346
all-measurements = [ 43.990391969680786, 42.326643228530884, 43.14425301551819,]
