best-result = 94.60313487052917
warmup-time = 96.06896209716797
all-measurements = [ 94.60313487052917, 96.46610927581787, 98.21760272979736,]
