best-result = 27.463555812835693
warmup-time = 29.150938987731934
all-measurements = [ 28.588138103485107, 29.286788940429688, 27.463555812835693,]
