best-result = 33.602880001068115
warmup-time = 35.09567451477051
all-measurements = [ 35.00322246551514, 35.44359278678894, 33.602880001068115,]
