best-result = 86.87690711021423
warmup-time = 89.7683916091919
all-measurements = [ 93.03195214271545, 96.66086935997009, 86.87690711021423,]
