best-result = 37.93662977218628
warmup-time = 39.40920901298523
all-measurements = [ 40.11512541770935, 37.93662977218628, 38.90675377845764,]
