best-result = 44.180957317352295
warmup-time = 45.0111129283905
all-measurements = [ 44.180957317352295, 44.33745813369751, 45.499407052993774,]
