best-result = 27.012011528015137
warmup-time = 28.842393398284912
all-measurements = [ 28.603233098983765, 28.465663194656372, 27.012011528015137,]
