best-result = 693.13876080513
warmup-time = 726.8879528045654
all-measurements = [ 704.9418811798096, 693.13876080513, 706.1216006278992,]
