best-result = 173.29951691627502
warmup-time = 175.08498072624207
all-measurements = [ 173.29951691627502, 178.393470287323, 175.17912101745605,]
