best-result = 62.73476481437683
warmup-time = 64.42604637145996
all-measurements = [ 62.73476481437683, 65.06054306030273, 70.6645827293396,]
