best-result = 25.860460996627808
warmup-time = 26.068758249282837
all-measurements = [ 26.524339199066162, 26.124871253967285, 25.860460996627808,]
