best-result = 36.84227132797241
warmup-time = 36.16238737106323
all-measurements = [ 36.84227132797241, 37.226887464523315, 37.5074565410614,]
