best-result = 30.991974353790283
warmup-time = 31.045745134353638
all-measurements = [ 30.991974353790283, 31.35667324066162, 31.445367574691772,]
