best-result = 255.15279603004456
warmup-time = 259.2524256706238
all-measurements = [ 255.40859127044678, 255.15279603004456, 256.193519115448,]
