best-result = 36.19099044799805
warmup-time = 36.47605085372925
all-measurements = [ 36.480313777923584, 36.19099044799805, 36.36305856704712,]
