best-result = 112.22234272956848
warmup-time = 115.01865577697754
all-measurements = [ 113.39153599739075, 112.77585458755493, 112.22234272956848,]
