best-result = 34.04712128639221
warmup-time = 35.5214684009552
all-measurements = [ 35.13432550430298, 35.557103872299194, 34.04712128639221,]
