best-result = 39.380255937576294
warmup-time = 42.34789204597473
all-measurements = [ 41.78617000579834, 39.380255937576294, 40.64908480644226,]
