best-result = 47.68167567253113
warmup-time = 48.732691526412964
all-measurements = [ 48.899423360824585, 47.68167567253113, 50.45087504386902,]
