best-result = 33.7046754360199
warmup-time = 34.52772283554077
all-measurements = [ 34.68536591529846, 33.81152701377869, 33.7046754360199,]
