best-result = 35.806211948394775
warmup-time = 37.86815285682678
all-measurements = [ 35.99271249771118, 35.806211948394775, 36.842710733413696,]
