best-result = 60.268410205841064
warmup-time = 61.02579736709595
all-measurements = [ 60.268410205841064, 61.25251793861389, 60.30148124694824,]
