best-result = 223.9821846485138
warmup-time = 226.99354195594788
all-measurements = [ 225.72726202011108, 225.21358442306519, 223.9821846485138,]
