best-result = 514.3022131919861
warmup-time = 518.6961541175842
all-measurements = [ 514.3231091499329, 517.4046688079834, 514.3022131919861,]
