best-result = 35.714805364608765
warmup-time = 37.293769121170044
all-measurements = [ 35.714805364608765, 36.34039926528931, 37.270431995391846,]
