best-result = 29.13195252418518
warmup-time = 29.01872968673706
all-measurements = [ 29.13195252418518, 29.138328552246094, 29.48829460144043,]
