best-result = 72.90231204032898
warmup-time = 71.28447246551514
all-measurements = [ 72.90231204032898, 80.03346419334412, 73.8599853515625,]
