best-result = 61.62505125999451
warmup-time = 61.287007570266724
all-measurements = [ 62.17095994949341, 62.32753539085388, 61.62505125999451,]
