best-result = 28.11901044845581
warmup-time = 27.89464282989502
all-measurements = [ 28.44348406791687, 28.11901044845581, 28.392178773880005,]
