best-result = 34.917805910110474
warmup-time = 35.539459466934204
all-measurements = [ 35.22510623931885, 34.917805910110474, 35.27000975608826,]
