best-result = 32.04498052597046
warmup-time = 35.01174521446228
all-measurements = [ 32.04498052597046, 33.86342787742615, 34.1112220287323,]
