best-result = 42.834394693374634
warmup-time = 41.91644859313965
all-measurements = [ 43.968050479888916, 43.140525102615356, 42.834394693374634,]
