best-result = 92.90573644638062
warmup-time = 97.62171459197998
all-measurements = [ 92.90573644638062, 95.9828155040741, 97.44911408424377,]
