best-result = 27.281182527542114
warmup-time = 27.619629621505737
all-measurements = [ 28.981492519378662, 27.281182527542114, 29.80747413635254,]
