best-result = 34.25932288169861
warmup-time = 34.06868076324463
all-measurements = [ 34.25932288169861, 34.29116892814636, 34.97838568687439,]
