best-result = 84.55666470527649
warmup-time = 93.3262231349945
all-measurements = [ 87.37996220588684, 84.55666470527649, 86.34699153900146,]
