best-result = 37.94504165649414
warmup-time = 39.29578685760498
all-measurements = [ 39.77614188194275, 37.94504165649414, 38.90660905838013,]
