best-result = 43.5499541759491
warmup-time = 45.07363748550415
all-measurements = [ 44.7611289024353, 43.5499541759491, 43.890684843063354,]
