best-result = 49.339670181274414
warmup-time = 49.52869391441345
all-measurements = [ 50.603598833084106, 49.339670181274414, 50.438700914382935,]
