best-result = 28.606159210205078
warmup-time = 28.797746896743774
all-measurements = [ 28.67282199859619, 29.13830590248108, 28.606159210205078,]
