best-result = 170.13018679618835
warmup-time = 171.14318823814392
all-measurements = [ 171.41759943962097, 173.59902811050415, 170.13018679618835,]
