best-result = 54.93903565406799
warmup-time = 66.13147592544556
all-measurements = [ 66.50788164138794, 54.93903565406799, 68.44008469581604,]
