best-result = 25.734492540359497
warmup-time = 26.01412534713745
all-measurements = [ 26.12176012992859, 26.06256866455078, 25.734492540359497,]
