best-result = 37.183141231536865
warmup-time = 39.721635818481445
all-measurements = [ 38.17230272293091, 37.183141231536865, 38.81785607337952,]
