best-result = 30.52243399620056
warmup-time = 30.808671236038208
all-measurements = [ 31.27997636795044, 30.81816267967224, 30.52243399620056,]
