best-result = 263.0631408691406
warmup-time = 267.40685844421387
all-measurements = [ 263.45146775245667, 263.0631408691406, 268.29108119010925,]
