best-result = 36.57141876220703
warmup-time = 38.43329453468323
all-measurements = [ 37.118738889694214, 36.57141876220703, 37.039133071899414,]
