best-result = 40.810816526412964
warmup-time = 41.85748219490051
all-measurements = [ 41.515440225601196, 41.88716769218445, 40.810816526412964,]
