best-result = 49.32380247116089
warmup-time = 49.37713932991028
all-measurements = [ 49.768465757369995, 49.32380247116089, 49.84079551696777,]
