best-result = 33.35682559013367
warmup-time = 33.400641441345215
all-measurements = [ 34.086912393569946, 33.839112758636475, 33.35682559013367,]
