best-result = 36.815757751464844
warmup-time = 37.31298899650574
all-measurements = [ 37.50814890861511, 37.389726877212524, 36.815757751464844,]
