best-result = 60.04555153846741
warmup-time = 64.71399068832397
all-measurements = [ 62.47865891456604, 60.04555153846741, 61.61201190948486,]
