best-result = 226.26242089271545
warmup-time = 228.06178307533264
all-measurements = [ 226.8134639263153, 226.55127024650574, 226.26242089271545,]
