best-result = 523.7715051174164
warmup-time = 525.2444486618042
all-measurements = [ 523.7715051174164, 525.4955730438232, 526.0345644950867,]
