best-result = 36.03298020362854
warmup-time = 37.12792253494263
all-measurements = [ 36.03298020362854, 37.464964151382446, 36.80245399475098,]
