best-result = 75.3940782546997
warmup-time = 79.31958627700806
all-measurements = [ 79.9651529788971, 77.15292263031006, 75.3940782546997,]
