best-result = 61.6409695148468
warmup-time = 63.03748083114624
all-measurements = [ 62.044851541519165, 61.6409695148468, 61.682579040527344,]
