best-result = 27.7976553440094
warmup-time = 26.994458198547363
all-measurements = [ 29.090087890625, 28.2657151222229, 27.7976553440094,]
