best-result = 34.89745306968689
warmup-time = 33.207866191864014
all-measurements = [ 35.14643573760986, 34.89745306968689, 35.70691204071045,]
