best-result = 32.69678711891174
warmup-time = 34.46962642669678
all-measurements = [ 32.69678711891174, 34.363170862197876, 35.1147518157959,]
