best-result = 42.48582673072815
warmup-time = 43.47123646736145
all-measurements = [ 43.133739948272705, 42.48582673072815, 44.01162815093994,]
