best-result = 95.49091625213623
warmup-time = 97.35291075706482
all-measurements = [ 99.971431016922, 98.58886861801147, 95.49091625213623,]
