best-result = 27.91920495033264
warmup-time = 27.589519739151
all-measurements = [ 28.87588596343994, 28.997578620910645, 27.91920495033264,]
