best-result = 33.83043384552002
warmup-time = 35.07618474960327
all-measurements = [ 34.630916595458984, 34.826770544052124, 33.83043384552002,]
