best-result = 88.43135333061218
warmup-time = 89.09514784812927
all-measurements = [ 88.43135333061218, 92.83256602287292, 94.46725130081177,]
