best-result = 37.5249183177948
warmup-time = 38.192152976989746
all-measurements = [ 38.728620529174805, 37.5249183177948, 39.12463903427124,]
