best-result = 44.18067669868469
warmup-time = 46.179856061935425
all-measurements = [ 45.434061765670776, 44.18067669868469, 44.39482092857361,]
