best-result = 27.633759260177612
warmup-time = 27.788296461105347
all-measurements = [ 27.633759260177612, 28.761003494262695, 28.578627109527588,]
