best-result = 705.0797348022461
warmup-time = 748.2296528816223
all-measurements = [ 720.5462698936462, 709.7352175712585, 705.0797348022461,]
