best-result = 173.5075387954712
warmup-time = 179.6984977722168
all-measurements = [ 173.5075387954712, 175.59755325317383, 176.26703023910522,]
