best-result = 55.64087891578674
warmup-time = 70.87176370620728
all-measurements = [ 55.64087891578674, 69.13753461837769, 68.1905996799469,]
