best-result = 24.97213387489319
warmup-time = 24.986857652664185
all-measurements = [ 24.985353469848633, 25.102492332458496, 24.97213387489319,]
