best-result = 34.991005659103394
warmup-time = 37.987393617630005
all-measurements = [ 36.602264642715454, 37.65900659561157, 34.991005659103394,]
