best-result = 30.500284671783447
warmup-time = 31.569966793060303
all-measurements = [ 30.500284671783447, 32.063841342926025, 31.499425888061523,]
