best-result = 275.1193890571594
warmup-time = 278.12641525268555
all-measurements = [ 276.69957637786865, 275.82732939720154, 275.1193890571594,]
