best-result = 35.191543102264404
warmup-time = 36.479923248291016
all-measurements = [ 37.696080923080444, 35.29985547065735, 35.191543102264404,]
