best-result = 40.38586068153381
warmup-time = 41.097975969314575
all-measurements = [ 41.57528066635132, 40.38586068153381, 41.50621843338013,]
