best-result = 50.118722438812256
warmup-time = 51.95040941238403
all-measurements = [ 50.118722438812256, 51.38973879814148, 50.90386152267456,]
