best-result = 33.70331287384033
warmup-time = 35.152785301208496
all-measurements = [ 33.70331287384033, 34.16306447982788, 34.62819242477417,]
