best-result = 37.38130974769592
warmup-time = 38.36905074119568
all-measurements = [ 38.059162855148315, 37.38130974769592, 37.59618544578552,]
