best-result = 59.677878856658936
warmup-time = 60.570873737335205
all-measurements = [ 61.327985763549805, 62.398115396499634, 59.677878856658936,]
