best-result = 241.94905853271484
warmup-time = 244.81415843963623
all-measurements = [ 243.3261523246765, 242.6486701965332, 241.94905853271484,]
