best-result = 546.8738012313843
warmup-time = 551.0842251777649
all-measurements = [ 549.7812485694885, 546.8738012313843, 547.3460354804993,]
