best-result = 33.946640729904175
warmup-time = 35.72621703147888
all-measurements = [ 33.946640729904175, 35.378779888153076, 37.815500259399414,]
