best-result = 64.1545307636261
warmup-time = 65.68259811401367
all-measurements = [ 64.1545307636261, 64.81160593032837, 65.07084465026855,]
