best-result = 26.78684377670288
warmup-time = 27.978813886642456
all-measurements = [ 27.471731662750244, 26.78684377670288, 26.978434562683105,]
