best-result = 36.181169748306274
warmup-time = 36.625768423080444
all-measurements = [ 36.36476445198059, 36.25439739227295, 36.181169748306274,]
