best-result = 32.30495309829712
warmup-time = 33.37829566001892
all-measurements = [ 33.83378982543945, 32.30495309829712, 32.98467493057251,]
