best-result = 42.51086378097534
warmup-time = 44.42678165435791
all-measurements = [ 42.51086378097534, 43.727309226989746, 42.90475082397461,]
