best-result = 97.71942710876465
warmup-time = 101.18917417526245
all-measurements = [ 99.14564323425293, 101.77723288536072, 97.71942710876465,]
