best-result = 28.14447593688965
warmup-time = 28.859203100204468
all-measurements = [ 28.88634157180786, 28.14447593688965, 28.748497009277344,]
