best-result = 33.19673800468445
warmup-time = 34.97825074195862
all-measurements = [ 34.825207233428955, 33.19673800468445, 33.31721878051758,]
