best-result = 38.94912362098694
warmup-time = 38.43426585197449
all-measurements = [ 39.715999364852905, 38.94912362098694, 39.88957405090332,]
