best-result = 42.0768096446991
warmup-time = 44.867257833480835
all-measurements = [ 44.893532514572144, 45.31980848312378, 42.0768096446991,]
