best-result = 27.0681734085083
warmup-time = 28.397637367248535
all-measurements = [ 27.0681734085083, 28.572508573532104, 27.72713541984558,]
