best-result = 703.6233489513397
warmup-time = 724.6061022281647
all-measurements = [ 703.6233489513397, 712.6431040763855, 704.0772995948792,]
