best-result = 179.62543940544128
warmup-time = 183.82998752593994
all-measurements = [ 179.62543940544128, 181.43238830566406, 184.34405660629272,]
