best-result = 43.09042716026306
warmup-time = 43.29755163192749
all-measurements = [ 44.458953857421875, 43.3564178943634, 43.09042716026306,]
