best-result = 24.831871032714844
warmup-time = 25.084091186523438
all-measurements = [ 24.831871032714844, 24.97939395904541, 25.402490854263306,]
