best-result = 36.41725444793701
warmup-time = 38.45920658111572
all-measurements = [ 37.98423218727112, 36.41725444793701, 36.71590495109558,]
