best-result = 30.89100956916809
warmup-time = 31.154552459716797
all-measurements = [ 31.909462928771973, 31.07479238510132, 30.89100956916809,]
