best-result = 271.5705771446228
warmup-time = 274.8929395675659
all-measurements = [ 271.5705771446228, 272.14581203460693, 271.6041338443756,]
