best-result = 34.879621267318726
warmup-time = 35.84188532829285
all-measurements = [ 34.879621267318726, 35.77476716041565, 36.58612895011902,]
