best-result = 40.94862341880798
warmup-time = 41.092926263809204
all-measurements = [ 41.223228454589844, 40.94862341880798, 42.05654454231262,]
