best-result = 49.75483155250549
warmup-time = 50.013474225997925
all-measurements = [ 49.776986598968506, 49.75483155250549, 50.37393927574158,]
