best-result = 33.523102045059204
warmup-time = 34.56515622138977
all-measurements = [ 33.959736585617065, 33.523102045059204, 33.72600245475769,]
