best-result = 37.62123727798462
warmup-time = 38.05205750465393
all-measurements = [ 37.63129377365112, 38.151580810546875, 37.62123727798462,]
