best-result = 59.11224031448364
warmup-time = 59.59565782546997
all-measurements = [ 63.578556060791016, 59.11224031448364, 60.101462602615356,]
