best-result = 239.90940380096436
warmup-time = 240.90366077423096
all-measurements = [ 239.90940380096436, 240.09189820289612, 241.4974970817566,]
