best-result = 543.6281864643097
warmup-time = 548.9016208648682
all-measurements = [ 543.6281864643097, 545.067985534668, 545.6631774902344,]
