best-result = 35.14792084693909
warmup-time = 35.800193071365356
all-measurements = [ 37.503138303756714, 35.60113787651062, 35.14792084693909,]
