best-result = 64.7269492149353
warmup-time = 64.53087043762207
all-measurements = [ 65.00563383102417, 64.7269492149353, 64.85855197906494,]
