best-result = 27.06998920440674
warmup-time = 27.327264308929443
all-measurements = [ 27.21802806854248, 27.06998920440674, 28.25597381591797,]
