best-result = 35.92971634864807
warmup-time = 35.66561532020569
all-measurements = [ 36.030747175216675, 36.16785001754761, 35.92971634864807,]
