best-result = 32.80975842475891
warmup-time = 33.05441164970398
all-measurements = [ 32.80975842475891, 33.10914611816406, 32.94432830810547,]
