best-result = 43.289140462875366
warmup-time = 44.71751952171326
all-measurements = [ 44.14519000053406, 43.289140462875366, 43.74071216583252,]
