best-result = 98.88002967834473
warmup-time = 100.54379940032959
all-measurements = [ 98.88002967834473, 102.51566171646118, 100.69358086585999,]
