best-result = 28.246691465377808
warmup-time = 26.847612142562866
all-measurements = [ 29.117047548294067, 28.506683111190796, 28.246691465377808,]
