best-result = 31.432783603668213
warmup-time = 34.812400579452515
all-measurements = [ 33.85081076622009, 33.48393678665161, 31.432783603668213,]
