best-result = 39.65920972824097
warmup-time = 40.280827045440674
all-measurements = [ 39.76447510719299, 39.65920972824097, 39.69938063621521,]
