best-result = 43.31279015541077
warmup-time = 43.132303953170776
all-measurements = [ 44.78783941268921, 43.31279015541077, 44.96262884140015,]
