best-result = 27.78854274749756
warmup-time = 28.65080499649048
all-measurements = [ 27.78854274749756, 28.124725103378296, 27.791484117507935,]
