best-result = 706.3871712684631
warmup-time = 719.7128233909607
all-measurements = [ 706.3871712684631, 715.9819355010986, 710.9907042980194,]
