best-result = 179.2634482383728
warmup-time = 181.3454270362854
all-measurements = [ 179.2634482383728, 180.48033666610718, 179.91323137283325,]
