best-result = 42.51345443725586
warmup-time = 45.90428876876831
all-measurements = [ 42.51345443725586, 43.30233812332153, 44.500577211380005,]
