best-result = 24.98917293548584
warmup-time = 25.379546642303467
all-measurements = [ 24.98917293548584, 25.212553024291992, 25.617249250411987,]
