best-result = 37.27135705947876
warmup-time = 39.759676456451416
all-measurements = [ 38.417877435684204, 37.939104080200195, 37.27135705947876,]
