best-result = 31.67684555053711
warmup-time = 31.890088319778442
all-measurements = [ 32.484217405319214, 32.337480545043945, 31.67684555053711,]
