best-result = 267.7189462184906
warmup-time = 274.20880103111267
all-measurements = [ 270.0283217430115, 270.0305325984955, 267.7189462184906,]
