best-result = 35.90772199630737
warmup-time = 36.018317461013794
all-measurements = [ 35.90772199630737, 36.332337617874146, 37.517409324645996,]
