best-result = 41.41169190406799
warmup-time = 41.2117018699646
all-measurements = [ 43.51189994812012, 42.52100586891174, 41.41169190406799,]
