best-result = 49.64264941215515
warmup-time = 50.71765208244324
all-measurements = [ 50.35955882072449, 49.64264941215515, 51.04733681678772,]
