best-result = 34.69774341583252
warmup-time = 33.85499382019043
all-measurements = [ 34.69774341583252, 35.89227104187012, 36.67503213882446,]
