best-result = 37.89019799232483
warmup-time = 38.554102182388306
all-measurements = [ 38.09398531913757, 38.83725023269653, 37.89019799232483,]
