best-result = 57.73143458366394
warmup-time = 62.736652851104736
all-measurements = [ 57.73143458366394, 64.6300163269043, 61.40205144882202,]
