best-result = 232.65585350990295
warmup-time = 233.48112797737122
all-measurements = [ 233.40037560462952, 232.65585350990295, 232.82110285758972,]
