best-result = 528.7471654415131
warmup-time = 536.2506308555603
all-measurements = [ 528.7471654415131, 530.8471698760986, 530.9037363529205,]
