best-result = 34.63067436218262
warmup-time = 36.38205003738403
all-measurements = [ 34.63067436218262, 35.848339557647705, 37.819639444351196,]
