best-result = 62.8260498046875
warmup-time = 64.18287515640259
all-measurements = [ 63.42257499694824, 62.8260498046875, 65.91001605987549,]
