best-result = 27.890147924423218
warmup-time = 27.882038354873657
all-measurements = [ 28.043850421905518, 27.890147924423218, 28.040157079696655,]
