best-result = 33.12411856651306
warmup-time = 36.24327206611633
all-measurements = [ 33.12411856651306, 33.1835241317749, 35.83679151535034,]
