best-result = 32.7096004486084
warmup-time = 34.21012544631958
all-measurements = [ 32.7096004486084, 33.6105318069458, 33.11781096458435,]
