best-result = 42.4173264503479
warmup-time = 43.299721002578735
all-measurements = [ 44.572041273117065, 42.4173264503479, 43.317253828048706,]
