best-result = 97.72487568855286
warmup-time = 99.48333287239075
all-measurements = [ 98.27198028564453, 97.72487568855286, 99.80561661720276,]
