best-result = 28.317176342010498
warmup-time = 29.126492500305176
all-measurements = [ 28.317176342010498, 29.202098608016968, 28.55174469947815,]
