best-result = 33.33436942100525
warmup-time = 34.17399477958679
all-measurements = [ 34.65315389633179, 33.67638373374939, 33.33436942100525,]
