best-result = 39.716763973236084
warmup-time = 39.54689383506775
all-measurements = [ 40.45663285255432, 40.735127210617065, 39.716763973236084,]
