best-result = 44.240572690963745
warmup-time = 46.68591070175171
all-measurements = [ 44.31735134124756, 44.240572690963745, 46.2926504611969,]
