best-result = 27.14230442047119
warmup-time = 28.700101613998413
all-measurements = [ 27.14230442047119, 28.624634504318237, 28.290703058242798,]
