best-result = 695.945826292038
warmup-time = 718.6574597358704
all-measurements = [ 695.945826292038, 698.8737993240356, 697.3268139362335,]
