best-result = 178.35647463798523
warmup-time = 182.30947947502136
all-measurements = [ 178.35647463798523, 178.9941918849945, 178.59711003303528,]
