best-result = 43.634283781051636
warmup-time = 44.55136775970459
all-measurements = [ 44.06267189979553, 43.634283781051636, 43.886152029037476,]
