best-result = 21.27107071876526
warmup-time = 21.699739933013916
all-measurements = [ 21.569838047027588, 21.3939425945282, 21.27107071876526,]
