best-result = 46.66443204879761
warmup-time = 63.134767293930054
all-measurements = [ 46.66443204879761, 46.83790183067322, 46.78012299537659,]
