best-result = 46.34964632987976
warmup-time = 57.99196267127991
all-measurements = [ 46.34964632987976, 52.305734395980835, 53.17275905609131,]
