best-result = 968.2778894901276
warmup-time = 1164.575269460678
all-measurements = [ 974.5594112873077, 972.4105312824249, 968.2778894901276,]
