best-result = 80.73949837684631
warmup-time = 95.92155241966248
all-measurements = [ 80.73949837684631, 82.02428698539734, 81.58649134635925,]
