best-result = 77.81856608390808
warmup-time = 98.44580578804016
all-measurements = [ 77.81856608390808, 77.90578365325928, 78.22275114059448,]
