best-result = 68.05793070793152
warmup-time = 90.73243427276611
all-measurements = [ 68.35148501396179, 68.05793070793152, 69.05252718925476,]
