best-result = 82.62003517150879
warmup-time = 97.61086392402649
all-measurements = [ 83.4299669265747, 83.62133193016052, 82.62003517150879,]
