best-result = 589.4831435680389
warmup-time = 610.5763807296753
all-measurements = [ 591.5658054351807, 589.4831435680389, 590.7003810405731,]
