best-result = 61.964026927948
warmup-time = 73.79778218269348
all-measurements = [ 61.98564863204956, 61.964026927948, 62.113468647003174,]
