best-result = 231.97493863105774
warmup-time = 396.1011235713959
all-measurements = [ 233.34747862815857, 234.2177619934082, 231.97493863105774,]
