best-result = 440.2622649669647
warmup-time = 900.9084057807922
all-measurements = [ 443.0367479324341, 440.2622649669647, 441.1782968044281,]
