best-result = 59.20294785499573
warmup-time = 75.76641464233398
all-measurements = [ 59.830559492111206, 59.20294785499573, 60.12314009666443,]
