best-result = 853.621203660965
warmup-time = 889.7753791809082
all-measurements = [ 855.1863949298859, 859.7956862449646, 853.621203660965,]
