best-result = 26.56918168067932
warmup-time = 34.56916356086731
all-measurements = [ 26.56918168067932, 26.93050265312195, 27.059757232666016,]
