best-result = 58.095853090286255
warmup-time = 71.16415524482727
all-measurements = [ 58.125022888183594, 58.558860540390015, 58.095853090286255,]
