best-result = 54.469385385513306
warmup-time = 68.68511915206909
all-measurements = [ 55.27245593070984, 54.469385385513306, 56.17748546600342,]
