best-result = 107.80269122123718
warmup-time = 136.33920311927795
all-measurements = [ 108.36638522148132, 109.42893719673157, 107.80269122123718,]
