best-result = 765.5388262271881
warmup-time = 831.7020449638367
all-measurements = [ 765.5388262271881, 768.6011707782745, 768.2983121871948,]
