best-result = 33.07344889640808
warmup-time = 41.10975384712219
all-measurements = [ 33.276570081710815, 33.07344889640808, 33.494383573532104,]
