best-result = 52.20072817802429
warmup-time = 67.98605942726135
all-measurements = [ 53.45569968223572, 52.20072817802429, 53.08153486251831,]
