best-result = 49.03210473060608
warmup-time = 66.98303556442261
all-measurements = [ 49.24227213859558, 49.03210473060608, 49.92525243759155,]
