best-result = 78.17722988128662
warmup-time = 97.8641312122345
all-measurements = [ 78.51568078994751, 78.17722988128662, 79.16589832305908,]
