best-result = 35.218120098114014
warmup-time = 44.54283905029297
all-measurements = [ 35.2413010597229, 35.35837268829346, 35.218120098114014,]
