best-result = 347.6018497943878
warmup-time = 493.14507126808167
all-measurements = [ 349.7787072658539, 347.6018497943878, 357.5826003551483,]
