best-result = 101.98570108413696
warmup-time = 101.72690987586975
all-measurements = [ 102.78252387046814, 102.84794473648071, 101.98570108413696,]
