best-result = 26.090721130371094
warmup-time = 25.882455110549927
all-measurements = [ 26.090721130371094, 26.143044471740723, 26.117141723632812,]
