best-result = 34.841877937316895
warmup-time = 40.43859314918518
all-measurements = [ 37.75471258163452, 34.841877937316895, 38.60765790939331,]
