best-result = 30.489434957504272
warmup-time = 31.778414011001587
all-measurements = [ 31.576751708984375, 30.489434957504272, 31.191015005111694,]
