best-result = 264.7622368335724
warmup-time = 270.75753259658813
all-measurements = [ 267.1578674316406, 266.523313999176, 264.7622368335724,]
