best-result = 37.0746169090271
warmup-time = 37.46297740936279
all-measurements = [ 37.16368627548218, 37.0746169090271, 37.42320489883423,]
