best-result = 41.2446985244751
warmup-time = 41.378756284713745
all-measurements = [ 42.50158905982971, 41.2446985244751, 42.43325877189636,]
