best-result = 48.99957633018494
warmup-time = 50.772077798843384
all-measurements = [ 50.61898398399353, 48.99957633018494, 50.915125131607056,]
