best-result = 34.012988328933716
warmup-time = 33.442153215408325
all-measurements = [ 34.012988328933716, 34.8945198059082, 34.47232627868652,]
