best-result = 37.58033299446106
warmup-time = 37.62833523750305
all-measurements = [ 37.58033299446106, 37.94100260734558, 38.01462244987488,]
