best-result = 58.5337073802948
warmup-time = 62.8482460975647
all-measurements = [ 58.5337073802948, 59.07736158370972, 60.261210203170776,]
