best-result = 224.43595814704895
warmup-time = 229.9639766216278
all-measurements = [ 224.43595814704895, 227.60631227493286, 226.13817048072815,]
