best-result = 520.2490174770355
warmup-time = 524.9983372688293
all-measurements = [ 520.2490174770355, 523.7863631248474, 522.754611492157,]
