best-result = 35.672805309295654
warmup-time = 36.30903172492981
all-measurements = [ 37.37103319168091, 36.7327721118927, 35.672805309295654,]
