best-result = 73.89965796470642
warmup-time = 79.46354699134827
all-measurements = [ 83.40441274642944, 73.89965796470642, 84.10476350784302,]
