best-result = 63.50472569465637
warmup-time = 65.86748814582825
all-measurements = [ 63.9242467880249, 63.50472569465637, 64.53500938415527,]
