best-result = 27.460083484649658
warmup-time = 27.71859073638916
all-measurements = [ 28.11770510673523, 27.460083484649658, 28.574719429016113,]
