best-result = 35.59915113449097
warmup-time = 36.083550214767456
all-measurements = [ 35.59915113449097, 35.67532825469971, 35.630510091781616,]
