best-result = 33.99167466163635
warmup-time = 35.43843984603882
all-measurements = [ 35.066689252853394, 33.99167466163635, 35.066097021102905,]
