best-result = 43.224644899368286
warmup-time = 42.31610369682312
all-measurements = [ 43.25097703933716, 43.224644899368286, 44.30306816101074,]
