best-result = 96.64979434013367
warmup-time = 99.39293193817139
all-measurements = [ 96.64979434013367, 98.68162226676941, 98.12921023368835,]
