best-result = 28.90656304359436
warmup-time = 29.91743540763855
all-measurements = [ 28.90656304359436, 29.254510402679443, 29.55146050453186,]
