best-result = 34.44179606437683
warmup-time = 35.190542459487915
all-measurements = [ 34.44179606437683, 36.015344858169556, 35.74401116371155,]
