best-result = 87.57410931587219
warmup-time = 88.70560836791992
all-measurements = [ 93.08562541007996, 87.57410931587219, 95.32037925720215,]
