best-result = 37.973811864852905
warmup-time = 41.43870782852173
all-measurements = [ 41.05976390838623, 41.00591278076172, 37.973811864852905,]
