best-result = 43.59434127807617
warmup-time = 43.77043581008911
all-measurements = [ 46.61185073852539, 44.25747084617615, 43.59434127807617,]
