best-result = 27.8538019657135
warmup-time = 28.383150100708008
all-measurements = [ 28.980342149734497, 29.266400814056396, 27.8538019657135,]
