best-result = 710.0641977787018
warmup-time = 739.2828204631805
all-measurements = [ 710.0641977787018, 723.7511422634125, 720.7367444038391,]
