best-result = 173.5445659160614
warmup-time = 176.03388381004333
all-measurements = [ 174.83370351791382, 173.5445659160614, 175.34474635124207,]
