best-result = 58.521929025650024
warmup-time = 69.27003002166748
all-measurements = [ 58.521929025650024, 70.07987904548645, 70.60333132743835,]
