best-result = 21.3691725730896
warmup-time = 21.803157567977905
all-measurements = [ 21.459447383880615, 21.469712018966675, 21.3691725730896,]
