best-result = 47.25534629821777
warmup-time = 63.31350660324097
all-measurements = [ 47.3331983089447, 47.5610089302063, 47.25534629821777,]
