best-result = 46.54573106765747
warmup-time = 58.39347863197327
all-measurements = [ 46.68979334831238, 46.59461808204651, 46.54573106765747,]
