best-result = 975.6990699768066
warmup-time = 1185.235322713852
all-measurements = [ 978.7868926525116, 985.884762763977, 975.6990699768066,]
