best-result = 81.67378449440002
warmup-time = 93.36900186538696
all-measurements = [ 81.67378449440002, 81.91208910942078, 82.21047139167786,]
