best-result = 79.044686794281
warmup-time = 98.03409242630005
all-measurements = [ 79.45585036277771, 79.044686794281, 79.22676348686218,]
