best-result = 68.15824031829834
warmup-time = 90.46996903419495
all-measurements = [ 68.15824031829834, 69.63882398605347, 68.55205988883972,]
