best-result = 83.84837627410889
warmup-time = 98.63024187088013
all-measurements = [ 83.86381554603577, 84.51424598693848, 83.84837627410889,]
