best-result = 591.408933877945
warmup-time = 630.1144387722015
all-measurements = [ 596.4049015045166, 591.408933877945, 591.6605815887451,]
