best-result = 61.655871629714966
warmup-time = 74.89531016349792
all-measurements = [ 62.3992645740509, 61.655871629714966, 62.308040380477905,]
