best-result = 227.22248077392578
warmup-time = 399.0236072540283
all-measurements = [ 231.25519251823425, 230.33535051345825, 227.22248077392578,]
