best-result = 439.3500325679779
warmup-time = 908.1817245483398
all-measurements = [ 439.3500325679779, 445.7864525318146, 443.4766414165497,]
