best-result = 59.32680630683899
warmup-time = 76.62468647956848
all-measurements = [ 59.32680630683899, 60.69033885002136, 59.6275520324707,]
