best-result = 859.587997674942
warmup-time = 893.753148317337
all-measurements = [ 867.8066697120667, 859.587997674942, 861.7868890762329,]
