best-result = 27.021294832229614
warmup-time = 35.944037199020386
all-measurements = [ 27.148526906967163, 27.021294832229614, 27.251380443572998,]
