best-result = 57.9241738319397
warmup-time = 72.49678373336792
all-measurements = [ 57.9241738319397, 58.21427845954895, 58.74894165992737,]
