best-result = 55.163923501968384
warmup-time = 69.07928109169006
all-measurements = [ 55.163923501968384, 55.715739250183105, 55.96863889694214,]
