best-result = 108.52690887451172
warmup-time = 137.41949272155762
all-measurements = [ 109.43335962295532, 109.62688899040222, 108.52690887451172,]
