best-result = 768.7127134799957
warmup-time = 840.7224769592285
all-measurements = [ 768.7127134799957, 770.6099247932434, 769.6409447193146,]
