best-result = 33.36156988143921
warmup-time = 39.558733224868774
all-measurements = [ 33.60338354110718, 33.36156988143921, 34.04222798347473,]
