best-result = 52.6206841468811
warmup-time = 66.49236035346985
all-measurements = [ 53.25627517700195, 52.6206841468811, 53.35445022583008,]
