best-result = 48.92254614830017
warmup-time = 67.69629836082458
all-measurements = [ 49.682653188705444, 49.944390535354614, 48.92254614830017,]
