best-result = 78.4505934715271
warmup-time = 97.51287007331848
all-measurements = [ 78.4505934715271, 79.12342166900635, 78.94198822975159,]
