best-result = 35.62083435058594
warmup-time = 44.46479821205139
all-measurements = [ 35.66338229179382, 35.62083435058594, 35.64240097999573,]
