best-result = 346.581237077713
warmup-time = 489.5021514892578
all-measurements = [ 346.581237077713, 348.64134097099304, 351.0729806423187,]
