best-result = 103.19317197799683
warmup-time = 102.78275418281555
all-measurements = [ 103.19317197799683, 103.29741048812866, 103.20216608047485,]
