best-result = 23.210776805877686
warmup-time = 23.28213405609131
all-measurements = [ 23.420273542404175, 23.306231260299683, 23.210776805877686,]
