best-result = 46.61480259895325
warmup-time = 63.439603090286255
all-measurements = [ 46.80542993545532, 46.61480259895325, 46.94205355644226,]
