best-result = 46.97097206115723
warmup-time = 56.92671203613281
all-measurements = [ 47.399712562561035, 46.97097206115723, 47.130338191986084,]
