best-result = 877.1028504371643
warmup-time = 1058.2073588371277
all-measurements = [ 877.1028504371643, 907.6710519790649, 877.1418490409851,]
