best-result = 84.82303047180176
warmup-time = 98.56243109703064
all-measurements = [ 85.80781078338623, 85.27289772033691, 84.82303047180176,]
