best-result = 969.6439847946167
warmup-time = 1016.4884741306305
all-measurements = [ 977.9222161769867, 969.6439847946167, 981.9235217571259,]
