best-result = 65.4303092956543
warmup-time = 80.33041572570801
all-measurements = [ 66.58115291595459, 66.34128212928772, 65.4303092956543,]
