best-result = 82.79631567001343
warmup-time = 104.01386022567749
all-measurements = [ 83.82334184646606, 83.9931697845459, 82.79631567001343,]
