best-result = 68.06076717376709
warmup-time = 87.88169693946838
all-measurements = [ 68.84809923171997, 68.06076717376709, 68.1441900730133,]
