best-result = 90.8023853302002
warmup-time = 104.6804461479187
all-measurements = [ 90.98041820526123, 91.86121845245361, 90.8023853302002,]
