best-result = 635.7405889034271
warmup-time = 651.545135974884
all-measurements = [ 638.2023935317993, 635.7405889034271, 640.9480504989624,]
