best-result = 62.32766509056091
warmup-time = 76.611013174057
all-measurements = [ 62.32766509056091, 62.88206458091736, 62.453187704086304,]
