best-result = 190.46642112731934
warmup-time = 348.09904050827026
all-measurements = [ 190.46642112731934, 192.98636960983276, 191.6909782886505,]
