best-result = 382.5175576210022
warmup-time = 828.0749335289001
all-measurements = [ 387.6196479797363, 384.984005689621, 382.5175576210022,]
