best-result = 62.359822273254395
warmup-time = 78.15885066986084
all-measurements = [ 62.43059682846069, 62.497756004333496, 62.359822273254395,]
