best-result = 40.41687345504761
warmup-time = 47.68782877922058
all-measurements = [ 40.659629821777344, 40.41687345504761, 40.9273521900177,]
