best-result = 134.15536451339722
warmup-time = 161.04566502571106
all-measurements = [ 134.28612065315247, 134.15536451339722, 134.49821066856384,]
