best-result = 919.0721049308777
warmup-time = 945.1653492450714
all-measurements = [ 924.8874843120575, 919.0721049308777, 926.1066167354584,]
