best-result = 28.16801118850708
warmup-time = 37.26708221435547
all-measurements = [ 28.558691263198853, 28.16801118850708, 28.52897334098816,]
