best-result = 59.697701930999756
warmup-time = 71.9806694984436
all-measurements = [ 60.278648376464844, 59.697701930999756, 59.7657744884491,]
