best-result = 60.28225898742676
warmup-time = 73.80935955047607
all-measurements = [ 60.28255891799927, 60.89793038368225, 60.28225898742676,]
