best-result = 109.481614112854
warmup-time = 138.80031609535217
all-measurements = [ 109.481614112854, 109.91914057731628, 110.13282465934753,]
