best-result = 765.0565247535706
warmup-time = 856.2045912742615
all-measurements = [ 768.4566924571991, 766.4025959968567, 765.0565247535706,]
