best-result = 34.747406005859375
warmup-time = 41.821805000305176
all-measurements = [ 34.747406005859375, 34.770851135253906, 34.80022144317627,]
