best-result = 55.52430176734924
warmup-time = 71.05911707878113
all-measurements = [ 56.12700152397156, 55.52430176734924, 55.854050159454346,]
