best-result = 1402.6881504058838
warmup-time = 2010.8995885849
all-measurements = [ 1557.6180505752563, 1923.0862669944763, 1402.6881504058838,]
