best-result = 58.71759653091431
warmup-time = 85.93819236755371
all-measurements = [ 59.544461250305176, 58.71759653091431, 58.86552333831787,]
