best-result = 82.37860655784607
warmup-time = 102.11864423751831
all-measurements = [ 82.6510968208313, 83.08223962783813, 82.37860655784607,]
