best-result = 93.04666829109192
warmup-time = 115.79933381080627
all-measurements = [ 93.04666829109192, 93.68907928466797, 93.53228759765625,]
