best-result = 37.50102996826172
warmup-time = 47.25600337982178
all-measurements = [ 38.03002882003784, 37.89875364303589, 37.50102996826172,]
