best-result = 308.0001826286316
warmup-time = 451.47670698165894
all-measurements = [ 308.0001826286316, 322.858469247818, 320.1927971839905,]
