best-result = 60.880810260772705
warmup-time = 60.38899111747742
all-measurements = [ 61.12202501296997, 60.985488176345825, 60.880810260772705,]
