best-result = 25.891660451889038
warmup-time = 26.247801065444946
all-measurements = [ 25.891660451889038, 26.04278016090393, 25.895780324935913,]
