best-result = 36.62128257751465
warmup-time = 37.22419047355652
all-measurements = [ 36.84498167037964, 36.62128257751465, 38.30579209327698,]
