best-result = 31.537898302078247
warmup-time = 31.973655939102173
all-measurements = [ 31.594497203826904, 31.537898302078247, 32.15587377548218,]
