best-result = 263.87601590156555
warmup-time = 272.5559537410736
all-measurements = [ 263.87601590156555, 266.77662205696106, 264.97753739356995,]
