best-result = 36.22525906562805
warmup-time = 35.23470640182495
all-measurements = [ 37.63345789909363, 36.251296281814575, 36.22525906562805,]
