best-result = 112.3522560596466
warmup-time = 113.28044986724854
all-measurements = [ 114.7197642326355, 113.22391891479492, 112.3522560596466,]
