best-result = 40.61412167549133
warmup-time = 41.28685164451599
all-measurements = [ 41.22311544418335, 40.61412167549133, 41.86695218086243,]
