best-result = 47.339213371276855
warmup-time = 47.78775429725647
all-measurements = [ 48.337252616882324, 47.339213371276855, 48.178000688552856,]
