best-result = 32.4664831161499
warmup-time = 34.51847052574158
all-measurements = [ 33.65695142745972, 32.4664831161499, 33.70088768005371,]
