best-result = 36.79790425300598
warmup-time = 37.8864483833313
all-measurements = [ 36.79790425300598, 37.27556610107422, 38.12026381492615,]
