best-result = 58.41652226448059
warmup-time = 65.68608546257019
all-measurements = [ 58.41652226448059, 61.65206742286682, 60.82248663902283,]
