best-result = 227.89348769187927
warmup-time = 232.3601109981537
all-measurements = [ 227.89348769187927, 228.88911032676697, 229.93937420845032,]
