best-result = 526.6051707267761
warmup-time = 531.3995175361633
all-measurements = [ 526.6379070281982, 526.6051707267761, 527.102775812149,]
