best-result = 36.789029598236084
warmup-time = 37.20125365257263
all-measurements = [ 36.88370060920715, 36.789029598236084, 38.9631142616272,]
