best-result = 28.758697032928467
warmup-time = 29.484426736831665
all-measurements = [ 29.42944884300232, 29.448113679885864, 28.758697032928467,]
