best-result = 74.42701411247253
warmup-time = 80.2492949962616
all-measurements = [ 79.43619203567505, 75.14049410820007, 74.42701411247253,]
