best-result = 61.52163553237915
warmup-time = 62.81200957298279
all-measurements = [ 64.69974279403687, 61.52163553237915, 62.922280073165894,]
