best-result = 27.674145698547363
warmup-time = 27.497806310653687
all-measurements = [ 27.94813346862793, 29.697509288787842, 27.674145698547363,]
