best-result = 35.27977204322815
warmup-time = 35.48799777030945
all-measurements = [ 35.37709879875183, 35.27977204322815, 35.38975429534912,]
