best-result = 33.62035536766052
warmup-time = 34.269360065460205
all-measurements = [ 34.15041375160217, 33.62035536766052, 34.14060401916504,]
