best-result = 41.47122049331665
warmup-time = 42.16006779670715
all-measurements = [ 44.00176453590393, 41.47122049331665, 43.393250703811646,]
