best-result = 96.33984541893005
warmup-time = 98.55433917045593
all-measurements = [ 96.72059774398804, 96.33984541893005, 99.4522807598114,]
