best-result = 28.317760705947876
warmup-time = 29.50964117050171
all-measurements = [ 28.317760705947876, 29.180197715759277, 29.741387844085693,]
