best-result = 33.75209879875183
warmup-time = 36.280688762664795
all-measurements = [ 34.27728772163391, 33.75209879875183, 36.32333564758301,]
