best-result = 88.61825370788574
warmup-time = 87.7462329864502
all-measurements = [ 88.61825370788574, 97.13049960136414, 97.14172387123108,]
