best-result = 39.0628502368927
warmup-time = 38.48786282539368
all-measurements = [ 39.87380790710449, 39.151012659072876, 39.0628502368927,]
