best-result = 42.99592447280884
warmup-time = 45.9338538646698
all-measurements = [ 42.99592447280884, 45.94322443008423, 45.56006669998169,]
