best-result = 28.37553834915161
warmup-time = 29.197798013687134
all-measurements = [ 28.99439835548401, 28.37553834915161, 28.590070009231567,]
