best-result = 695.5403261184692
warmup-time = 731.6845049858093
all-measurements = [ 695.5403261184692, 700.2811470031738, 697.5774812698364,]
