best-result = 174.34540700912476
warmup-time = 179.22740125656128
all-measurements = [ 174.34540700912476, 182.08270812034607, 178.5828502178192,]
