best-result = 64.5891215801239
warmup-time = 70.3871419429779
all-measurements = [ 65.56475448608398, 65.40671873092651, 64.5891215801239,]
