best-result = 25.827651262283325
warmup-time = 25.782389402389526
all-measurements = [ 25.978198528289795, 25.95205020904541, 25.827651262283325,]
