best-result = 37.05606436729431
warmup-time = 38.4139289855957
all-measurements = [ 37.21091270446777, 37.05606436729431, 37.20812964439392,]
