best-result = 30.421015739440918
warmup-time = 30.629101753234863
all-measurements = [ 30.421015739440918, 30.521307468414307, 31.63351011276245,]
