best-result = 264.5100040435791
warmup-time = 265.64151072502136
all-measurements = [ 264.5100040435791, 266.2056550979614, 266.81476879119873,]
