best-result = 36.037556409835815
warmup-time = 37.21495246887207
all-measurements = [ 36.64396953582764, 36.404356956481934, 36.037556409835815,]
