best-result = 113.98185276985168
warmup-time = 116.41101670265198
all-measurements = [ 113.98185276985168, 117.04846596717834, 114.04289937019348,]
