best-result = 40.36342811584473
warmup-time = 40.39341425895691
all-measurements = [ 40.36342811584473, 41.29165840148926, 42.56801772117615,]
