best-result = 49.63313627243042
warmup-time = 49.933738470077515
all-measurements = [ 49.63313627243042, 50.391178369522095, 50.552398681640625,]
