best-result = 33.16542434692383
warmup-time = 33.668463468551636
all-measurements = [ 33.33639907836914, 33.617565870285034, 33.16542434692383,]
