best-result = 61.41796827316284
warmup-time = 63.029268980026245
all-measurements = [ 65.82152128219604, 61.41796827316284, 62.444989919662476,]
