best-result = 225.1902859210968
warmup-time = 231.3349199295044
all-measurements = [ 225.1902859210968, 231.32557916641235, 227.20440888404846,]
