best-result = 519.017502784729
warmup-time = 524.619791507721
all-measurements = [ 520.1642467975616, 519.017502784729, 522.2542004585266,]
