best-result = 36.780049562454224
warmup-time = 36.05226683616638
all-measurements = [ 36.780049562454224, 37.044126749038696, 39.09319758415222,]
