best-result = 28.55960512161255
warmup-time = 28.41296672821045
all-measurements = [ 29.048491954803467, 28.55960512161255, 28.67726755142212,]
