best-result = 68.27786612510681
warmup-time = 77.08798813819885
all-measurements = [ 79.56433606147766, 80.9951982498169, 68.27786612510681,]
