best-result = 61.40942645072937
warmup-time = 62.80590486526489
all-measurements = [ 61.68933963775635, 61.724586963653564, 61.40942645072937,]
