best-result = 27.176041841506958
warmup-time = 27.905230283737183
all-measurements = [ 28.024787187576294, 27.85039496421814, 27.176041841506958,]
