best-result = 31.589250326156616
warmup-time = 36.123111724853516
all-measurements = [ 35.665902853012085, 35.57382249832153, 31.589250326156616,]
