best-result = 32.09517049789429
warmup-time = 33.501962661743164
all-measurements = [ 32.127670764923096, 34.15972399711609, 32.09517049789429,]
