best-result = 42.48003578186035
warmup-time = 42.83411478996277
all-measurements = [ 43.820162296295166, 42.48003578186035, 43.648552656173706,]
