best-result = 95.15583872795105
warmup-time = 96.99195647239685
all-measurements = [ 95.15583872795105, 98.11684989929199, 98.10502290725708,]
