best-result = 29.153586387634277
warmup-time = 28.724669694900513
all-measurements = [ 29.29613184928894, 29.153586387634277, 29.464821815490723,]
