best-result = 33.81047868728638
warmup-time = 34.903043031692505
all-measurements = [ 33.81047868728638, 34.837122678756714, 34.49323868751526,]
