best-result = 86.86500692367554
warmup-time = 91.75721383094788
all-measurements = [ 88.99642491340637, 86.86500692367554, 97.33404850959778,]
