best-result = 39.2838773727417
warmup-time = 39.07917284965515
all-measurements = [ 39.591362953186035, 39.88065814971924, 39.2838773727417,]
