best-result = 42.84512281417847
warmup-time = 46.15263628959656
all-measurements = [ 44.121943950653076, 42.84512281417847, 43.77057957649231,]
