best-result = 27.553736448287964
warmup-time = 29.355710983276367
all-measurements = [ 27.553736448287964, 28.483214378356934, 28.3570556640625,]
