best-result = 687.4977357387543
warmup-time = 723.1961665153503
all-measurements = [ 703.0526034832001, 687.4977357387543, 692.4271693229675,]
