best-result = 172.36648154258728
warmup-time = 174.71352100372314
all-measurements = [ 173.40938353538513, 174.18255257606506, 172.36648154258728,]
