best-result = 65.4574704170227
warmup-time = 63.7295343875885
all-measurements = [ 65.4574704170227, 70.44900965690613, 67.44285774230957,]
