best-result = 22.706725358963013
warmup-time = 22.854088068008423
all-measurements = [ 22.706725358963013, 22.86648917198181, 23.05301856994629,]
