best-result = 46.49577236175537
warmup-time = 62.96068835258484
all-measurements = [ 46.49577236175537, 46.52282786369324, 47.184210538864136,]
