best-result = 46.363051652908325
warmup-time = 57.86707663536072
all-measurements = [ 46.71489071846008, 46.72965931892395, 46.363051652908325,]
