best-result = 929.5992634296417
warmup-time = 1124.3524754047394
all-measurements = [ 929.5992634296417, 935.8535099029541, 937.8785305023193,]
