best-result = 84.74269223213196
warmup-time = 99.30959725379944
all-measurements = [ 85.09653234481812, 84.99119329452515, 84.74269223213196,]
