best-result = 82.49138522148132
warmup-time = 102.86156129837036
all-measurements = [ 82.49138522148132, 82.51983690261841, 82.57779288291931,]
