best-result = 69.84944343566895
warmup-time = 91.03168296813965
all-measurements = [ 70.66857481002808, 71.04984951019287, 69.84944343566895,]
