best-result = 90.18278121948242
warmup-time = 105.98797345161438
all-measurements = [ 91.52386403083801, 91.60516452789307, 90.18278121948242,]
