best-result = 630.0971813201904
warmup-time = 648.8281016349792
all-measurements = [ 630.0971813201904, 632.1800854206085, 633.2115683555603,]
