best-result = 64.91856575012207
warmup-time = 78.28806138038635
all-measurements = [ 65.13504147529602, 64.91856575012207, 65.479243516922,]
