best-result = 222.04470872879028
warmup-time = 372.80651211738586
all-measurements = [ 222.04470872879028, 223.54172253608704, 224.222909450531,]
