best-result = 438.2992305755615
warmup-time = 880.7718710899353
all-measurements = [ 438.2992305755615, 439.47820949554443, 443.2249319553375,]
