best-result = 61.46646428108215
warmup-time = 80.36588835716248
all-measurements = [ 61.46646428108215, 62.872769355773926, 62.56502985954285,]
