best-result = 143.55067110061646
warmup-time = 173.87300062179565
all-measurements = [ 143.55067110061646, 144.23631310462952, 143.99883770942688,]
