best-result = 877.7648370265961
warmup-time = 912.0436279773712
all-measurements = [ 888.8716931343079, 877.7648370265961, 884.6729671955109,]
