best-result = 27.500903129577637
warmup-time = 36.03059244155884
all-measurements = [ 27.523418426513672, 27.919524908065796, 27.500903129577637,]
