best-result = 58.579241037368774
warmup-time = 72.52837347984314
all-measurements = [ 59.0684278011322, 58.579241037368774, 58.91873502731323,]
