best-result = 58.82726454734802
warmup-time = 73.98090982437134
all-measurements = [ 59.43835711479187, 59.11196732521057, 58.82726454734802,]
