best-result = 110.78909993171692
warmup-time = 137.91582798957825
all-measurements = [ 110.78909993171692, 111.32859897613525, 118.57081270217896,]
