best-result = 782.1201264858246
warmup-time = 870.305526971817
all-measurements = [ 786.245726108551, 782.1201264858246, 790.9831736087799,]
