best-result = 33.70262360572815
warmup-time = 41.14931797981262
all-measurements = [ 33.70262360572815, 33.748231410980225, 34.09978985786438,]
