best-result = 54.830445766448975
warmup-time = 71.8556342124939
all-measurements = [ 55.012346506118774, 54.830445766448975, 55.24081039428711,]
