best-result = 2704.3509974479675
warmup-time = 3613.900658607483
all-measurements = [ 4500.334467172623, 3132.603961467743, 2704.3509974479675,]
