best-result = 49.68194055557251
warmup-time = 70.80240440368652
all-measurements = [ 49.85177946090698, 49.72231674194336, 49.68194055557251,]
