best-result = 78.33850693702698
warmup-time = 98.52832841873169
all-measurements = [ 78.33850693702698, 79.01265859603882, 78.67896890640259,]
