best-result = 36.663419008255005
warmup-time = 45.398940086364746
all-measurements = [ 36.85083484649658, 36.92307162284851, 36.663419008255005,]
