best-result = 348.56147503852844
warmup-time = 488.71999764442444
all-measurements = [ 355.05436873435974, 348.56147503852844, 363.9305498600006,]
