best-result = 59.37503457069397
warmup-time = 59.66190266609192
all-measurements = [ 59.41713309288025, 59.37503457069397, 59.779701232910156,]
