best-result = 22.094197511672974
warmup-time = 22.114241361618042
all-measurements = [ 22.993741035461426, 22.094197511672974, 22.397149324417114,]
