best-result = 47.859535455703735
warmup-time = 65.65738129615784
all-measurements = [ 48.24293041229248, 47.859535455703735, 47.97768044471741,]
