best-result = 47.463358879089355
warmup-time = 61.95203447341919
all-measurements = [ 47.61164116859436, 47.463358879089355, 47.77845287322998,]
