best-result = 1001.9547290802002
warmup-time = 1223.5577189922333
all-measurements = [ 1010.4732279777527, 1005.74707198143, 1001.9547290802002,]
