best-result = 82.40368437767029
warmup-time = 97.08730983734131
all-measurements = [ 84.00832104682922, 83.85881495475769, 82.40368437767029,]
