best-result = 79.47588849067688
warmup-time = 107.10329079627991
all-measurements = [ 79.47588849067688, 80.53462886810303, 80.12723064422607,]
