best-result = 69.13050270080566
warmup-time = 92.44056987762451
all-measurements = [ 69.53833961486816, 71.33506393432617, 69.13050270080566,]
