best-result = 85.20731163024902
warmup-time = 102.35875678062439
all-measurements = [ 85.43634104728699, 85.46585202217102, 85.20731163024902,]
