best-result = 596.5694253444672
warmup-time = 610.5005445480347
all-measurements = [ 599.9393882751465, 596.5694253444672, 600.2259922027588,]
