best-result = 64.04157590866089
warmup-time = 81.5250186920166
all-measurements = [ 64.04157590866089, 64.2218017578125, 64.15893936157227,]
