best-result = 232.36025881767273
warmup-time = 420.0362617969513
all-measurements = [ 237.82424211502075, 232.36025881767273, 236.73704862594604,]
