best-result = 442.2034900188446
warmup-time = 957.7018966674805
all-measurements = [ 442.2034900188446, 444.3392536640167, 444.0922465324402,]
