best-result = 61.31652545928955
warmup-time = 80.84755754470825
all-measurements = [ 61.580474615097046, 61.98615837097168, 61.31652545928955,]
