best-result = 881.3735120296478
warmup-time = 922.2243130207062
all-measurements = [ 881.3735120296478, 891.692619562149, 881.7847301959991,]
