best-result = 27.472190141677856
warmup-time = 35.891937017440796
all-measurements = [ 27.472190141677856, 27.540519952774048, 28.308516025543213,]
