best-result = 56.066885471343994
warmup-time = 71.19563174247742
all-measurements = [ 56.3721137046814, 56.066885471343994, 56.66183161735535,]
