best-result = 111.36370944976807
warmup-time = 144.62660717964172
all-measurements = [ 111.36370944976807, 117.79810166358948, 111.69980883598328,]
