best-result = 778.100789308548
warmup-time = 853.6752562522888
all-measurements = [ 780.4721810817719, 779.7672946453094, 778.100789308548,]
