best-result = 53.80364465713501
warmup-time = 70.0678014755249
all-measurements = [ 54.73420286178589, 53.80364465713501, 54.09952092170715,]
