best-result = 50.05546832084656
warmup-time = 71.09528923034668
all-measurements = [ 50.34137010574341, 50.55093502998352, 50.05546832084656,]
