best-result = 80.5241801738739
warmup-time = 101.47011017799377
all-measurements = [ 80.93287873268127, 80.5241801738739, 81.03883457183838,]
