best-result = 36.14825463294983
warmup-time = 45.477755069732666
all-measurements = [ 36.14825463294983, 36.253721475601196, 36.873725175857544,]
