best-result = 348.8606815338135
warmup-time = 510.20951986312866
all-measurements = [ 348.8606815338135, 363.5737578868866, 365.73896074295044,]
