best-result = 105.12806677818298
warmup-time = 104.57452988624573
all-measurements = [ 105.54480075836182, 105.12806677818298, 105.22507858276367,]
