best-result = 22.28047204017639
warmup-time = 24.525020360946655
all-measurements = [ 22.28047204017639, 22.70716166496277, 22.564261436462402,]
memory-traffic = 279
