best-result = 46.31769847869873
warmup-time = 65.32621669769287
all-measurements = [ 46.62427735328674, 46.31769847869873, 46.348307371139526,]
memory-traffic = 3702
