best-result = 45.877461433410645
warmup-time = 60.86938238143921
all-measurements = [ 45.877461433410645, 45.94621419906616, 45.910916805267334,]
memory-traffic = 3312
