best-result = 953.2802159786224
warmup-time = 1136.6220242977142
all-measurements = [ 958.8736228942871, 963.8741841316223, 953.2802159786224,]
