best-result = 81.96689367294312
warmup-time = 97.03213596343994
all-measurements = [ 81.96689367294312, 82.51079034805298, 82.34864521026611,]
memory-traffic = 6771
