best-result = 78.0395781993866
warmup-time = 99.12462592124939
all-measurements = [ 78.49682641029358, 78.0395781993866, 78.4357898235321,]
