best-result = 67.78460693359375
warmup-time = 92.33621072769165
all-measurements = [ 68.60697507858276, 67.78460693359375, 68.62173867225647,]
memory-traffic = 5982
