best-result = 83.67765784263611
warmup-time = 100.37445378303528
all-measurements = [ 83.67765784263611, 84.62259888648987, 83.95488214492798,]
memory-traffic = 6811
