best-result = 594.7508471012115
warmup-time = 612.6288747787476
all-measurements = [ 600.6903216838837, 594.7508471012115, 597.3597712516785,]
memory-traffic = 55827
