best-result = 61.55911660194397
warmup-time = 80.53932523727417
all-measurements = [ 61.57396149635315, 61.61599659919739, 61.55911660194397,]
memory-traffic = 3667
