best-result = 222.0162992477417
warmup-time = 377.9749011993408
all-measurements = [ 224.05857348442078, 222.0162992477417, 222.55046367645264,]
