best-result = 434.8657281398773
warmup-time = 884.1234405040741
all-measurements = [ 441.02806091308594, 434.8657281398773, 462.21595430374146,]
memory-traffic = 25864
