best-result = 59.97838282585144
warmup-time = 76.6195936203003
all-measurements = [ 60.226547956466675, 59.97838282585144, 60.31370401382446,]
memory-traffic = 3684
