best-result = 850.4975876808167
warmup-time = 886.7394361495972
all-measurements = [ 850.4975876808167, 851.8269472122192, 856.7465071678162,]
memory-traffic = 97445
