best-result = 26.511191368103027
warmup-time = 38.18958878517151
all-measurements = [ 26.511191368103027, 26.867288827896118, 27.552991151809692,]
memory-traffic = 785
