best-result = 56.73331356048584
warmup-time = 71.87432384490967
all-measurements = [ 57.49515986442566, 56.73331356048584, 57.5857515335083,]
memory-traffic = 4000
