best-result = 55.34430932998657
warmup-time = 72.03840565681458
all-measurements = [ 55.34430932998657, 62.180755853652954, 65.61043763160706,]
memory-traffic = 3050
