best-result = 108.28422045707703
warmup-time = 138.43169474601746
all-measurements = [ 108.8064603805542, 108.78332090377808, 108.28422045707703,]
memory-traffic = 10262
