best-result = 764.1935322284698
warmup-time = 836.0468103885651
all-measurements = [ 764.1935322284698, 765.3736908435822, 765.5652139186859,]
memory-traffic = 67983
