best-result = 32.93594741821289
warmup-time = 45.507535457611084
all-measurements = [ 32.93594741821289, 34.06268787384033, 33.228039026260376,]
memory-traffic = 1314
