best-result = 52.398226499557495
warmup-time = 69.2794816493988
all-measurements = [ 53.40559196472168, 53.24637770652771, 52.398226499557495,]
memory-traffic = 3759
