best-result = 48.29638457298279
warmup-time = 70.08327603340149
all-measurements = [ 48.29638457298279, 48.569501876831055, 48.4703152179718,]
memory-traffic = 3700
