best-result = 78.62836480140686
warmup-time = 99.5051257610321
all-measurements = [ 78.73071837425232, 78.62836480140686, 78.7314612865448,]
memory-traffic = 6455
