best-result = 34.9685914516449
warmup-time = 47.52845358848572
all-measurements = [ 34.9685914516449, 35.745479345321655, 35.30772256851196,]
memory-traffic = 1785
