best-result = 334.0965881347656
warmup-time = 476.86239671707153
all-measurements = [ 340.4679388999939, 334.0965881347656, 335.47158193588257,]
memory-traffic = 30603
