best-result = 122.91436195373535
warmup-time = 129.59602665901184
all-measurements = [ 123.16487979888916, 125.29761815071106, 122.91436195373535,]
memory-traffic = 9178
