best-result = 25.916911125183105
warmup-time = 26.99532127380371
all-measurements = [ 25.93994951248169, 26.80109691619873, 25.916911125183105,]
