best-result = 34.669546127319336
warmup-time = 36.39237451553345
all-measurements = [ 38.0564706325531, 34.669546127319336, 37.48678159713745,]
