best-result = 30.418038606643677
warmup-time = 31.616376399993896
all-measurements = [ 31.47588300704956, 31.676251649856567, 30.418038606643677,]
