best-result = 263.6108124256134
warmup-time = 265.2400257587433
all-measurements = [ 265.4448630809784, 263.6108124256134, 269.44954776763916,]
