best-result = 36.97760725021362
warmup-time = 37.10970091819763
all-measurements = [ 37.518105268478394, 37.01903033256531, 36.97760725021362,]
