best-result = 112.09886503219604
warmup-time = 115.486647605896
all-measurements = [ 112.09886503219604, 112.698725938797, 113.37797975540161,]
