best-result = 41.67358756065369
warmup-time = 40.32803654670715
all-measurements = [ 41.79607582092285, 41.742509603500366, 41.67358756065369,]
