best-result = 47.11968660354614
warmup-time = 48.74995803833008
all-measurements = [ 47.15916109085083, 47.11968660354614, 47.738415479660034,]
