best-result = 33.6139440536499
warmup-time = 34.97575092315674
all-measurements = [ 33.6139440536499, 34.215007305145264, 33.70039677619934,]
