best-result = 37.07458734512329
warmup-time = 36.65416765213013
all-measurements = [ 37.64933919906616, 37.07458734512329, 37.19903016090393,]
