best-result = 61.33245062828064
warmup-time = 61.370694398880005
all-measurements = [ 63.99501037597656, 61.33245062828064, 64.67435097694397,]
