best-result = 224.68730473518372
warmup-time = 227.31290984153748
all-measurements = [ 227.38547492027283, 225.32302284240723, 224.68730473518372,]
