best-result = 519.8105030059814
warmup-time = 526.5039315223694
all-measurements = [ 520.8411910533905, 525.4241490364075, 519.8105030059814,]
