best-result = 36.29639983177185
warmup-time = 35.67556571960449
all-measurements = [ 36.29639983177185, 41.248414516448975, 38.87964105606079,]
