best-result = 28.60004687309265
warmup-time = 28.988084316253662
all-measurements = [ 28.963534116744995, 29.36699676513672, 28.60004687309265,]
