best-result = 75.31468391418457
warmup-time = 82.57686638832092
all-measurements = [ 81.71123337745667, 75.93886947631836, 75.31468391418457,]
