best-result = 61.086193561553955
warmup-time = 63.225285053253174
all-measurements = [ 62.67999529838562, 61.086193561553955, 61.35654020309448,]
