best-result = 27.298697233200073
warmup-time = 28.072664976119995
all-measurements = [ 27.298697233200073, 28.883836030960083, 28.23786473274231,]
