best-result = 32.029935121536255
warmup-time = 35.67991280555725
all-measurements = [ 35.36342191696167, 35.475836992263794, 32.029935121536255,]
