best-result = 33.1393461227417
warmup-time = 33.251453161239624
all-measurements = [ 33.1393461227417, 33.63558077812195, 33.441954135894775,]
