best-result = 42.35091948509216
warmup-time = 42.71954321861267
all-measurements = [ 43.93901014328003, 42.35091948509216, 42.82355523109436,]
