best-result = 96.39004945755005
warmup-time = 97.12788605690002
all-measurements = [ 96.39004945755005, 97.8699197769165, 97.15349984169006,]
