best-result = 29.066953659057617
warmup-time = 29.517812967300415
all-measurements = [ 29.722322940826416, 29.066953659057617, 29.522412300109863,]
