best-result = 33.98866391181946
warmup-time = 36.13736152648926
all-measurements = [ 34.9247887134552, 33.98866391181946, 35.412495613098145,]
