best-result = 87.73162865638733
warmup-time = 91.07964372634888
all-measurements = [ 99.04221034049988, 88.83591151237488, 87.73162865638733,]
