best-result = 38.61461901664734
warmup-time = 39.14027118682861
all-measurements = [ 39.284757137298584, 38.61461901664734, 39.26770806312561,]
