best-result = 44.0600426197052
warmup-time = 44.00583100318909
all-measurements = [ 44.07536959648132, 44.54924416542053, 44.0600426197052,]
