best-result = 28.260948657989502
warmup-time = 28.7323637008667
all-measurements = [ 28.260948657989502, 28.357914447784424, 28.662139415740967,]
