best-result = 651.78560090065
warmup-time = 686.7274885177612
all-measurements = [ 655.89541888237, 651.78560090065, 652.8456983566284,]
