best-result = 173.96373867988586
warmup-time = 176.76636457443237
all-measurements = [ 176.1362566947937, 173.96373867988586, 174.35064601898193,]
