best-result = 67.26547622680664
warmup-time = 64.98288178443909
all-measurements = [ 69.32811665534973, 67.26547622680664, 67.91273474693298,]
