best-result = 22.582703828811646
warmup-time = 22.73004698753357
all-measurements = [ 22.582703828811646, 23.23085594177246, 22.945215225219727,]
