best-result = 46.57267475128174
warmup-time = 64.33263778686523
all-measurements = [ 46.57267475128174, 46.714256048202515, 47.110493421554565,]
