best-result = 46.27465200424194
warmup-time = 58.57257413864136
all-measurements = [ 46.57900047302246, 46.94624376296997, 46.27465200424194,]
