best-result = 935.9730463027954
warmup-time = 1136.9074137210846
all-measurements = [ 937.2963106632233, 935.9730463027954, 938.0636353492737,]
