best-result = 84.53287887573242
warmup-time = 99.72146964073181
all-measurements = [ 85.51953530311584, 84.53287887573242, 84.83172154426575,]
