best-result = 81.7238974571228
warmup-time = 104.4347198009491
all-measurements = [ 82.69483184814453, 81.7238974571228, 82.1903805732727,]
