best-result = 69.83349299430847
warmup-time = 91.30273580551147
all-measurements = [ 69.93584489822388, 69.83349299430847, 70.55720710754395,]
