best-result = 91.23745131492615
warmup-time = 106.55199432373047
all-measurements = [ 91.29319667816162, 91.23745131492615, 91.35853719711304,]
