best-result = 645.3593497276306
warmup-time = 666.0956008434296
all-measurements = [ 645.3593497276306, 649.4923968315125, 648.3202939033508,]
