best-result = 63.50126004219055
warmup-time = 78.84862542152405
all-measurements = [ 63.50126004219055, 64.1455945968628, 64.95735168457031,]
