best-result = 210.93334364891052
warmup-time = 361.91088485717773
all-measurements = [ 213.4897222518921, 212.55751991271973, 210.93334364891052,]
