best-result = 435.5486624240875
warmup-time = 877.420337677002
all-measurements = [ 435.5486624240875, 438.08724570274353, 438.2445328235626,]
