best-result = 61.89849305152893
warmup-time = 81.04308819770813
all-measurements = [ 62.66259002685547, 62.054383993148804, 61.89849305152893,]
