best-result = 140.29104566574097
warmup-time = 168.18849301338196
all-measurements = [ 140.29104566574097, 140.7587993144989, 141.7235722541809,]
