best-result = 882.9937164783478
warmup-time = 919.8652820587158
all-measurements = [ 884.9776427745819, 888.8765888214111, 882.9937164783478,]
