best-result = 27.337908506393433
warmup-time = 37.33442497253418
all-measurements = [ 27.337908506393433, 28.37238359451294, 27.529788970947266,]
