best-result = 58.984236001968384
warmup-time = 72.54712700843811
all-measurements = [ 58.984236001968384, 59.03432822227478, 59.42833113670349,]
