best-result = 58.98309302330017
warmup-time = 75.47529172897339
all-measurements = [ 58.98309302330017, 60.006733417510986, 59.66265559196472,]
