best-result = 111.41249299049377
warmup-time = 139.0842010974884
all-measurements = [ 111.41249299049377, 111.45937204360962, 114.71169376373291,]
