best-result = 788.4836599826813
warmup-time = 885.3608953952789
all-measurements = [ 788.7692406177521, 790.828373670578, 788.4836599826813,]
