best-result = 33.59892749786377
warmup-time = 41.12902116775513
all-measurements = [ 33.59892749786377, 33.89092302322388, 34.37763810157776,]
