best-result = 55.103065729141235
warmup-time = 70.91371440887451
all-measurements = [ 55.31225776672363, 55.103065729141235, 55.26342153549194,]
