best-result = 3021.4184806346893
warmup-time = 2327.3271350860596
all-measurements = [ 3169.7641048431396, 3762.143098592758, 3021.4184806346893,]
