best-result = 49.44271469116211
warmup-time = 69.93892812728882
all-measurements = [ 49.80033612251282, 49.576345443725586, 49.44271469116211,]
