best-result = 78.23088312149048
warmup-time = 97.59651184082031
all-measurements = [ 78.57228684425354, 78.33904647827148, 78.23088312149048,]
