best-result = 36.806047201156616
warmup-time = 46.44507551193237
all-measurements = [ 37.007124185562134, 36.806047201156616, 37.18362808227539,]
