best-result = 356.54212617874146
warmup-time = 491.7250323295593
all-measurements = [ 356.54212617874146, 358.9441385269165, 357.8084638118744,]
