best-result = 58.99466156959534
warmup-time = 59.99944591522217
all-measurements = [ 60.02939534187317, 58.99466156959534, 59.77199721336365,]
