best-result = 22.613778114318848
warmup-time = 22.722429275512695
all-measurements = [ 22.76990008354187, 22.613778114318848, 22.696889877319336,]
