best-result = 46.65781760215759
warmup-time = 61.979496240615845
all-measurements = [ 47.292317390441895, 46.65781760215759, 46.881442070007324,]
