best-result = 46.294307708740234
warmup-time = 58.885782957077026
all-measurements = [ 46.68262314796448, 47.01513385772705, 46.294307708740234,]
