best-result = 923.9567720890045
warmup-time = 1127.4520761966705
all-measurements = [ 941.4071910381317, 939.2940373420715, 923.9567720890045,]
