best-result = 84.21410942077637
warmup-time = 100.31284594535828
all-measurements = [ 85.9263002872467, 84.21410942077637, 85.75560927391052,]
