best-result = 82.16693663597107
warmup-time = 102.52403545379639
all-measurements = [ 82.9011583328247, 82.16693663597107, 82.53443145751953,]
