best-result = 69.70023846626282
warmup-time = 90.95037817955017
all-measurements = [ 70.7158784866333, 69.70023846626282, 70.26768088340759,]
