best-result = 91.21574902534485
warmup-time = 105.98673915863037
all-measurements = [ 91.21574902534485, 92.19106268882751, 92.00688433647156,]
