best-result = 633.3939340114594
warmup-time = 652.8830354213715
all-measurements = [ 633.5759162902832, 633.3939340114594, 634.21941447258,]
