best-result = 64.05444550514221
warmup-time = 73.40043187141418
all-measurements = [ 64.39893960952759, 64.76628756523132, 64.05444550514221,]
