best-result = 221.7087333202362
warmup-time = 376.6281027793884
all-measurements = [ 222.88322043418884, 223.39717316627502, 221.7087333202362,]
