best-result = 439.83306527137756
warmup-time = 886.0372776985168
all-measurements = [ 449.58437943458557, 444.9055347442627, 439.83306527137756,]
