best-result = 62.31465935707092
warmup-time = 79.43606877326965
all-measurements = [ 62.31465935707092, 62.666539430618286, 62.99702763557434,]
