best-result = 141.0832598209381
warmup-time = 162.88865685462952
all-measurements = [ 141.17917585372925, 141.0832598209381, 141.55266642570496,]
