best-result = 887.0383470058441
warmup-time = 916.5777878761292
all-measurements = [ 888.4971690177917, 887.0383470058441, 888.4980883598328,]
