best-result = 26.994677782058716
warmup-time = 35.54483151435852
all-measurements = [ 26.994677782058716, 27.4905264377594, 27.277650117874146,]
