best-result = 58.845861196517944
warmup-time = 72.06244373321533
all-measurements = [ 58.845861196517944, 59.0054087638855, 58.86129355430603,]
