best-result = 59.20427942276001
warmup-time = 73.17835330963135
all-measurements = [ 59.68421816825867, 59.86244034767151, 59.20427942276001,]
