best-result = 110.45543456077576
warmup-time = 139.4144365787506
all-measurements = [ 110.45543456077576, 111.46347570419312, 111.62516188621521,]
