best-result = 789.9659972190857
warmup-time = 885.8070240020752
all-measurements = [ 791.7477033138275, 789.9659972190857, 790.9830384254456,]
