best-result = 34.08946514129639
warmup-time = 41.45229244232178
all-measurements = [ 34.08946514129639, 34.259297370910645, 34.23003911972046,]
