best-result = 54.911802530288696
warmup-time = 72.15015912055969
all-measurements = [ 55.411020040512085, 54.911802530288696, 55.14661145210266,]
