best-result = 2954.2505221366882
warmup-time = 3654.643364906311
all-measurements = [ 2954.2505221366882, 3681.796681165695, 3362.5867822170258,]
