best-result = 49.14298057556152
warmup-time = 71.58966970443726
all-measurements = [ 49.64309906959534, 49.89950084686279, 49.14298057556152,]
