best-result = 77.7749605178833
warmup-time = 98.49488401412964
all-measurements = [ 79.00527143478394, 78.53168272972107, 77.7749605178833,]
