best-result = 36.791344165802
warmup-time = 45.77075695991516
all-measurements = [ 37.271376609802246, 36.79930019378662, 36.791344165802,]
