best-result = 351.45923137664795
warmup-time = 490.29295468330383
all-measurements = [ 351.45923137664795, 358.26326966285706, 354.5896303653717,]
