best-result = 59.06094670295715
warmup-time = 59.47572159767151
all-measurements = [ 59.12616419792175, 59.06094670295715, 59.09171271324158,]
