best-result = 22.574198961257935
warmup-time = 22.90312099456787
all-measurements = [ 22.574198961257935, 22.94757390022278, 22.79461932182312,]
