best-result = 50.15684461593628
warmup-time = 67.70089221000671
all-measurements = [ 50.15684461593628, 50.23129487037659, 50.224390268325806,]
