best-result = 52.64769911766052
warmup-time = 64.37667775154114
all-measurements = [ 52.79820370674133, 52.64769911766052, 53.632370710372925,]
