best-result = 1173.6879320144653
warmup-time = 1411.173273563385
all-measurements = [ 1198.457661151886, 1198.986043214798, 1173.6879320144653,]
