best-result = 86.36380195617676
warmup-time = 100.58773875236511
all-measurements = [ 86.36380195617676, 87.34012842178345, 87.14685249328613,]
