best-result = 1084.4181134700775
warmup-time = 1127.6248080730438
all-measurements = [ 1091.4444255828857, 1084.4181134700775, 1087.5432448387146,]
