best-result = 83.97687840461731
warmup-time = 105.27524065971375
all-measurements = [ 85.42544746398926, 83.97687840461731, 84.1893858909607,]
