best-result = 73.67689299583435
warmup-time = 97.9553165435791
all-measurements = [ 74.38708996772766, 73.67689299583435, 74.63240242004395,]
