best-result = 94.01125240325928
warmup-time = 108.95395994186401
all-measurements = [ 94.79228663444519, 95.77388310432434, 94.01125240325928,]
