best-result = 65.32247948646545
warmup-time = 80.9477801322937
all-measurements = [ 65.42322993278503, 65.50873708724976, 65.32247948646545,]
