best-result = 223.8068084716797
warmup-time = 393.4114832878113
all-measurements = [ 224.62374567985535, 223.8068084716797, 224.38800692558289,]
