best-result = 438.44808173179626
warmup-time = 919.334391117096
all-measurements = [ 439.9615921974182, 440.94565320014954, 438.44808173179626,]
