best-result = 64.66300582885742
warmup-time = 83.06619215011597
all-measurements = [ 64.89285182952881, 64.66300582885742, 65.60586929321289,]
