best-result = 39.27378797531128
warmup-time = 48.43030619621277
all-measurements = [ 39.68447661399841, 39.27378797531128, 39.60853409767151,]
