best-result = 146.07956504821777
warmup-time = 179.2250418663025
all-measurements = [ 146.21236109733582, 147.0449137687683, 146.07956504821777,]
