best-result = 921.4270513057709
warmup-time = 958.4867131710052
all-measurements = [ 921.4270513057709, 923.4407606124878, 924.9092242717743,]
