best-result = 27.863709926605225
warmup-time = 36.097182273864746
all-measurements = [ 28.101165056228638, 28.00672745704651, 27.863709926605225,]
