best-result = 62.36178660392761
warmup-time = 73.41142630577087
all-measurements = [ 62.96842336654663, 62.936752796173096, 62.36178660392761,]
