best-result = 60.33724665641785
warmup-time = 73.69316530227661
all-measurements = [ 60.33724665641785, 60.964245319366455, 60.98210787773132,]
