best-result = 119.361647605896
warmup-time = 148.33978581428528
all-measurements = [ 120.41503548622131, 120.16462182998657, 119.361647605896,]
