best-result = 827.7570910453796
warmup-time = 901.4577429294586
all-measurements = [ 828.7243137359619, 827.7570910453796, 832.0392427444458,]
