best-result = 33.732213258743286
warmup-time = 42.11107802391052
all-measurements = [ 33.95054483413696, 33.732213258743286, 34.65930676460266,]
