best-result = 56.26512551307678
warmup-time = 72.95469260215759
all-measurements = [ 56.26512551307678, 56.2682785987854, 56.345597982406616,]
