best-result = 1730.9723770618439
warmup-time = 1983.2055921554565
all-measurements = [ 1730.9723770618439, 2512.2878046035767, 2081.0174400806427,]
