best-result = 52.605323791503906
warmup-time = 76.62515354156494
all-measurements = [ 53.16509509086609, 53.28123664855957, 52.605323791503906,]
