best-result = 90.6996750831604
warmup-time = 110.26618671417236
all-measurements = [ 91.53328657150269, 90.95485258102417, 90.6996750831604,]
