best-result = 37.981760025024414
warmup-time = 46.401456356048584
all-measurements = [ 38.06042456626892, 37.981760025024414, 38.027790546417236,]
