best-result = 381.29323387145996
warmup-time = 541.4917957782745
all-measurements = [ 381.29323387145996, 383.3835680484772, 384.9382390975952,]
