best-result = 59.15734887123108
warmup-time = 59.54326009750366
all-measurements = [ 59.587912797927856, 59.15734887123108, 59.213003635406494,]
