best-result = 24.99862313270569
warmup-time = 25.76951813697815
all-measurements = [ 24.99862313270569, 25.12074589729309, 26.06200647354126,]
