best-result = 36.19311261177063
warmup-time = 38.76513361930847
all-measurements = [ 38.12944269180298, 36.19311261177063, 36.45895433425903,]
