best-result = 31.01150107383728
warmup-time = 31.601216316223145
all-measurements = [ 31.01150107383728, 31.323559761047363, 31.78671145439148,]
