best-result = 274.77885246276855
warmup-time = 272.271719455719
all-measurements = [ 276.0673818588257, 279.0337836742401, 274.77885246276855,]
