best-result = 35.80426049232483
warmup-time = 35.75199365615845
all-measurements = [ 35.80426049232483, 36.081982374191284, 36.12088227272034,]
