best-result = 41.826823711395264
warmup-time = 42.6891028881073
all-measurements = [ 42.599830865859985, 41.90191650390625, 41.826823711395264,]
