best-result = 50.95462965965271
warmup-time = 50.523826122283936
all-measurements = [ 51.43737077713013, 52.52303695678711, 50.95462965965271,]
