best-result = 33.379679918289185
warmup-time = 34.065183877944946
all-measurements = [ 34.555474281311035, 33.379679918289185, 35.05272817611694,]
