best-result = 37.13969898223877
warmup-time = 37.52967929840088
all-measurements = [ 37.13969898223877, 37.30333423614502, 37.45144867897034,]
