best-result = 60.23867607116699
warmup-time = 57.800196170806885
all-measurements = [ 61.76480150222778, 60.23867607116699, 61.2287654876709,]
