best-result = 244.9309482574463
warmup-time = 247.6986014842987
all-measurements = [ 248.8593828678131, 247.21172404289246, 244.9309482574463,]
