best-result = 573.2613697052002
warmup-time = 577.6340339183807
all-measurements = [ 573.4901955127716, 576.266165971756, 573.2613697052002,]
