best-result = 34.8538556098938
warmup-time = 36.35417985916138
all-measurements = [ 35.469231605529785, 34.88809823989868, 34.8538556098938,]
