best-result = 65.06913900375366
warmup-time = 66.84250116348267
all-measurements = [ 65.06913900375366, 66.59410667419434, 65.8400456905365,]
