best-result = 26.564958333969116
warmup-time = 26.666362762451172
all-measurements = [ 27.054796934127808, 27.454921007156372, 26.564958333969116,]
