best-result = 36.01058769226074
warmup-time = 36.78441500663757
all-measurements = [ 36.68487548828125, 36.46712255477905, 36.01058769226074,]
