best-result = 31.253413438796997
warmup-time = 32.804521799087524
all-measurements = [ 31.253413438796997, 32.23884057998657, 32.57392501831055,]
