best-result = 41.85789656639099
warmup-time = 44.055774450302124
all-measurements = [ 43.327011585235596, 41.85789656639099, 42.43205118179321,]
