best-result = 99.16361331939697
warmup-time = 102.34023761749268
all-measurements = [ 101.13948154449463, 99.16361331939697, 101.41596484184265,]
