best-result = 27.1992347240448
warmup-time = 28.060649394989014
all-measurements = [ 28.887235164642334, 27.1992347240448, 28.598881483078003,]
