best-result = 33.78229999542236
warmup-time = 34.90639901161194
all-measurements = [ 34.800865650177, 35.45550227165222, 33.78229999542236,]
