best-result = 39.257301568984985
warmup-time = 39.92911982536316
all-measurements = [ 40.506492376327515, 39.257301568984985, 40.11068415641785,]
