best-result = 42.426230669021606
warmup-time = 44.852752923965454
all-measurements = [ 45.50864028930664, 42.426230669021606, 44.587536334991455,]
