best-result = 28.042398691177368
warmup-time = 28.73736596107483
all-measurements = [ 28.372661352157593, 28.042398691177368, 28.750324010849,]
