best-result = 715.5223445892334
warmup-time = 740.4208986759186
all-measurements = [ 719.1088314056396, 723.539124250412, 715.5223445892334,]
