best-result = 189.55812859535217
warmup-time = 191.03816986083984
all-measurements = [ 189.55812859535217, 189.73968482017517, 192.43420672416687,]
