best-result = 43.81247353553772
warmup-time = 44.630019426345825
all-measurements = [ 43.81247353553772, 45.206562995910645, 44.84077286720276,]
