best-result = 27.078237056732178
warmup-time = 27.314361572265625
all-measurements = [ 27.623352527618408, 27.25436782836914, 27.078237056732178,]
