best-result = 37.471222162246704
warmup-time = 40.86400508880615
all-measurements = [ 40.04147553443909, 40.4165198802948, 37.471222162246704,]
