best-result = 33.02990174293518
warmup-time = 34.10656142234802
all-measurements = [ 34.57200288772583, 35.39070796966553, 33.02990174293518,]
