best-result = 285.3799500465393
warmup-time = 287.5889718532562
all-measurements = [ 285.3799500465393, 287.4774293899536, 286.214882850647,]
