best-result = 37.817734241485596
warmup-time = 37.28572106361389
all-measurements = [ 39.02770757675171, 38.79594159126282, 37.817734241485596,]
