best-result = 46.57441782951355
warmup-time = 51.25004553794861
all-measurements = [ 47.866615533828735, 46.57441782951355, 48.64473295211792,]
