best-result = 53.742090702056885
warmup-time = 55.10903072357178
all-measurements = [ 53.742090702056885, 55.69047665596008, 56.75716233253479,]
