best-result = 35.92196536064148
warmup-time = 37.610398292541504
all-measurements = [ 35.92196536064148, 38.658475399017334, 37.560882568359375,]
