best-result = 40.954583168029785
warmup-time = 42.33213496208191
all-measurements = [ 40.954583168029785, 41.90706133842468, 41.62729358673096,]
