best-result = 65.0149199962616
warmup-time = 65.01368951797485
all-measurements = [ 65.0149199962616, 66.1531810760498, 66.0378303527832,]
