best-result = 253.5804922580719
warmup-time = 261.01023030281067
all-measurements = [ 261.0498969554901, 256.3640625476837, 253.5804922580719,]
