best-result = 596.4363005161285
warmup-time = 598.6608378887177
all-measurements = [ 596.4363005161285, 596.6121709346771, 599.8150453567505,]
