best-result = 39.08962154388428
warmup-time = 41.30772614479065
all-measurements = [ 40.626368045806885, 42.27743935585022, 39.08962154388428,]
