best-result = 69.5046238899231
warmup-time = 70.83350801467896
all-measurements = [ 72.12152552604675, 70.4814510345459, 69.5046238899231,]
