best-result = 28.646296977996826
warmup-time = 28.614980697631836
all-measurements = [ 30.377923727035522, 30.22973346710205, 28.646296977996826,]
