best-result = 34.98125600814819
warmup-time = 35.49292492866516
all-measurements = [ 35.723588705062866, 36.1358163356781, 34.98125600814819,]
