best-result = 46.28189277648926
warmup-time = 48.04915142059326
all-measurements = [ 48.5747857093811, 46.28189277648926, 47.003905057907104,]
