best-result = 106.46743130683899
warmup-time = 107.687171459198
all-measurements = [ 107.65956020355225, 107.22214818000793, 106.46743130683899,]
