best-result = 35.59333610534668
warmup-time = 38.16048216819763
all-measurements = [ 37.416762590408325, 35.59333610534668, 37.23501014709473,]
