best-result = 41.981101512908936
warmup-time = 42.27903652191162
all-measurements = [ 42.92108941078186, 42.53706097602844, 41.981101512908936,]
