best-result = 45.797120094299316
warmup-time = 48.47331404685974
all-measurements = [ 45.80872845649719, 48.17272734642029, 45.797120094299316,]
