best-result = 29.26058292388916
warmup-time = 31.4436457157135
all-measurements = [ 30.773340463638306, 30.327579259872437, 29.26058292388916,]
