best-result = 744.7176797389984
warmup-time = 771.5391962528229
all-measurements = [ 748.5795135498047, 755.0713047981262, 744.7176797389984,]
