best-result = 199.18650126457214
warmup-time = 199.75799298286438
all-measurements = [ 199.18650126457214, 200.96039032936096, 200.2858922481537,]
