best-result = 45.991105794906616
warmup-time = 46.63990616798401
all-measurements = [ 45.991105794906616, 48.960169076919556, 46.14917707443237,]
