best-result = 25.528478145599365
warmup-time = 25.45506763458252
all-measurements = [ 25.74833631515503, 25.528478145599365, 25.879389762878418,]
