best-result = 36.88202929496765
warmup-time = 36.377551555633545
all-measurements = [ 37.45067620277405, 38.038957595825195, 36.88202929496765,]
