best-result = 30.260493755340576
warmup-time = 30.974119186401367
all-measurements = [ 31.283544063568115, 30.260493755340576, 31.53150749206543,]
