best-result = 265.4913468360901
warmup-time = 270.2995846271515
all-measurements = [ 265.4913468360901, 267.85008668899536, 266.10017466545105,]
