best-result = 36.71449136734009
warmup-time = 36.39455795288086
all-measurements = [ 36.72126603126526, 36.79661822319031, 36.71449136734009,]
