best-result = 40.870620250701904
warmup-time = 42.947919845581055
all-measurements = [ 40.94618105888367, 41.25921368598938, 40.870620250701904,]
