best-result = 48.231327295303345
warmup-time = 51.58889412879944
all-measurements = [ 49.56955623626709, 48.63501167297363, 48.231327295303345,]
