best-result = 33.130356788635254
warmup-time = 33.886645555496216
all-measurements = [ 33.46185278892517, 34.494115591049194, 33.130356788635254,]
