best-result = 36.42118191719055
warmup-time = 37.23009920120239
all-measurements = [ 36.94102358818054, 36.42118191719055, 37.584322452545166,]
