best-result = 60.8294997215271
warmup-time = 65.5114221572876
all-measurements = [ 60.8294997215271, 65.83531355857849, 61.84222078323364,]
