best-result = 226.4589946269989
warmup-time = 230.19422054290771
all-measurements = [ 226.4589946269989, 229.57441020011902, 227.8488998413086,]
