best-result = 526.4311895370483
warmup-time = 529.6009559631348
all-measurements = [ 526.8531792163849, 529.0340123176575, 526.4311895370483,]
