best-result = 34.83261179924011
warmup-time = 38.225027322769165
all-measurements = [ 34.83261179924011, 36.838112354278564, 37.69941067695618,]
