best-result = 81.15283393859863
warmup-time = 83.59489035606384
all-measurements = [ 81.66466116905212, 81.15283393859863, 85.01945519447327,]
