best-result = 61.80927085876465
warmup-time = 63.12367582321167
all-measurements = [ 63.391502380371094, 62.64792776107788, 61.80927085876465,]
