best-result = 27.232109785079956
warmup-time = 27.534865856170654
all-measurements = [ 27.232109785079956, 28.118261337280273, 28.079459190368652,]
