best-result = 35.09854555130005
warmup-time = 32.57588529586792
all-measurements = [ 35.09854555130005, 35.38607096672058, 35.516552209854126,]
