best-result = 33.24338245391846
warmup-time = 34.092182636260986
all-measurements = [ 33.95519709587097, 33.24338245391846, 34.30339598655701,]
