best-result = 43.91675400733948
warmup-time = 43.081478118896484
all-measurements = [ 44.53874635696411, 43.91675400733948, 44.70899796485901,]
