best-result = 97.54589891433716
warmup-time = 97.48346710205078
all-measurements = [ 97.93482685089111, 97.92401504516602, 97.54589891433716,]
