best-result = 28.285454511642456
warmup-time = 28.701454401016235
all-measurements = [ 28.285454511642456, 29.308518171310425, 28.9742431640625,]
