best-result = 34.042882680892944
warmup-time = 34.2140736579895
all-measurements = [ 35.021316051483154, 34.042882680892944, 35.051668882369995,]
