best-result = 86.39923095703125
warmup-time = 89.84529852867126
all-measurements = [ 87.7476589679718, 86.39923095703125, 90.74477481842041,]
