best-result = 39.42784762382507
warmup-time = 40.459670066833496
all-measurements = [ 39.5608434677124, 39.989774227142334, 39.42784762382507,]
