best-result = 43.00308918952942
warmup-time = 45.9280891418457
all-measurements = [ 45.08435678482056, 43.00308918952942, 44.78355813026428,]
