best-result = 27.96475863456726
warmup-time = 28.5379958152771
all-measurements = [ 28.486251831054688, 28.473207712173462, 27.96475863456726,]
