best-result = 700.7632148265839
warmup-time = 731.5045144557953
all-measurements = [ 710.9329054355621, 700.7632148265839, 705.3352563381195,]
