best-result = 173.30667805671692
warmup-time = 176.08499145507812
all-measurements = [ 173.59263968467712, 174.66002368927002, 173.30667805671692,]
