best-result = 42.70572757720947
warmup-time = 44.19859170913696
all-measurements = [ 43.51042127609253, 43.56846642494202, 42.70572757720947,]
