best-result = 56.0982985496521
warmup-time = 71.31015849113464
all-measurements = [ 57.500436544418335, 61.830777168273926, 56.0982985496521,]
