best-result = 25.379199504852295
warmup-time = 25.787075519561768
all-measurements = [ 26.187575578689575, 25.839038133621216, 25.379199504852295,]
