best-result = 37.11979937553406
warmup-time = 37.15845847129822
all-measurements = [ 38.05109262466431, 37.11979937553406, 39.11750793457031,]
