best-result = 31.451416492462158
warmup-time = 32.44143056869507
all-measurements = [ 33.043359994888306, 31.451416492462158, 33.05067205429077,]
