best-result = 262.9316794872284
warmup-time = 272.1259605884552
all-measurements = [ 263.5753209590912, 267.3914830684662, 262.9316794872284,]
