best-result = 36.67090153694153
warmup-time = 36.027634382247925
all-measurements = [ 37.160929679870605, 37.07198929786682, 36.67090153694153,]
