best-result = 41.79149913787842
warmup-time = 42.16355109214783
all-measurements = [ 42.09561586380005, 41.79149913787842, 42.57998752593994,]
