best-result = 49.51041293144226
warmup-time = 50.57076835632324
all-measurements = [ 50.23175597190857, 49.51041293144226, 50.094398975372314,]
