best-result = 34.10631251335144
warmup-time = 36.48177623748779
all-measurements = [ 34.26837706565857, 34.10631251335144, 34.56893539428711,]
