best-result = 37.92691206932068
warmup-time = 38.11948561668396
all-measurements = [ 38.64819598197937, 37.92691206932068, 38.13005614280701,]
