best-result = 61.609215259552
warmup-time = 64.33763647079468
all-measurements = [ 66.510990858078, 61.609215259552, 63.887479305267334,]
