best-result = 227.99684834480286
warmup-time = 228.5942084789276
all-measurements = [ 228.53811621665955, 229.83911967277527, 227.99684834480286,]
