best-result = 526.3963363170624
warmup-time = 528.7166044712067
all-measurements = [ 526.3963363170624, 526.5010225772858, 528.9234681129456,]
