best-result = 35.55069375038147
warmup-time = 35.820512533187866
all-measurements = [ 35.55069375038147, 38.140138387680054, 36.841838121414185,]
