best-result = 78.57149457931519
warmup-time = 79.86415481567383
all-measurements = [ 78.57149457931519, 86.78727102279663, 78.6492326259613,]
