best-result = 62.931357622146606
warmup-time = 63.19432187080383
all-measurements = [ 62.931357622146606, 64.93782329559326, 64.15411448478699,]
