best-result = 28.209466457366943
warmup-time = 28.43936848640442
all-measurements = [ 28.209466457366943, 28.69207239151001, 28.33354091644287,]
