best-result = 33.73494863510132
warmup-time = 36.66359329223633
all-measurements = [ 36.69904804229736, 33.73494863510132, 36.747676610946655,]
