best-result = 32.685802698135376
warmup-time = 33.70839810371399
all-measurements = [ 34.39464282989502, 32.685802698135376, 33.70469570159912,]
