best-result = 43.42308592796326
warmup-time = 43.80764079093933
all-measurements = [ 44.60961651802063, 44.272186279296875, 43.42308592796326,]
