best-result = 96.95100665092468
warmup-time = 98.22726655006409
all-measurements = [ 97.13565731048584, 98.18150997161865, 96.95100665092468,]
