best-result = 28.48021912574768
warmup-time = 28.04743194580078
all-measurements = [ 29.021727561950684, 28.48021912574768, 28.90281367301941,]
