best-result = 32.78691554069519
warmup-time = 34.91640377044678
all-measurements = [ 34.07111120223999, 32.78691554069519, 35.66156983375549,]
