best-result = 88.87185764312744
warmup-time = 93.00248861312866
all-measurements = [ 98.10101985931396, 88.87185764312744, 89.2445981502533,]
