best-result = 39.89023542404175
warmup-time = 40.1474244594574
all-measurements = [ 40.6359920501709, 39.89023542404175, 41.190032720565796,]
