best-result = 44.6267352104187
warmup-time = 45.41145157814026
all-measurements = [ 45.39211845397949, 44.6267352104187, 45.27156114578247,]
