best-result = 27.274786233901978
warmup-time = 29.060659170150757
all-measurements = [ 27.570948600769043, 27.274786233901978, 27.655797243118286,]
