best-result = 688.5034050941467
warmup-time = 716.7796297073364
all-measurements = [ 689.2187929153442, 693.4717273712158, 688.5034050941467,]
