best-result = 175.65528655052185
warmup-time = 180.60662293434143
all-measurements = [ 175.65528655052185, 177.67611861228943, 176.46957659721375,]
