best-result = 43.1122989654541
warmup-time = 44.55884075164795
all-measurements = [ 43.1122989654541, 44.41982316970825, 44.36058211326599,]
