best-result = 57.81960082054138
warmup-time = 69.0793821811676
all-measurements = [ 66.57894682884216, 57.81960082054138, 68.68167805671692,]
