best-result = 24.87346887588501
warmup-time = 25.35830545425415
all-measurements = [ 25.662136793136597, 24.87346887588501, 25.12165403366089,]
