best-result = 34.12779688835144
warmup-time = 37.6528844833374
all-measurements = [ 36.98369073867798, 34.12779688835144, 37.427120208740234,]
