best-result = 32.12670540809631
warmup-time = 31.778182983398438
all-measurements = [ 32.12670540809631, 32.19170260429382, 32.638070821762085,]
