best-result = 272.73719787597656
warmup-time = 276.45497703552246
all-measurements = [ 272.73719787597656, 278.3534290790558, 277.8278524875641,]
