best-result = 35.53080344200134
warmup-time = 36.58648657798767
all-measurements = [ 35.53080344200134, 36.75189161300659, 36.06618118286133,]
