best-result = 41.31618070602417
warmup-time = 41.6646888256073
all-measurements = [ 41.37499809265137, 41.56621193885803, 41.31618070602417,]
