best-result = 50.16136336326599
warmup-time = 50.30177402496338
all-measurements = [ 50.630439043045044, 50.16136336326599, 50.46105766296387,]
