best-result = 34.619038581848145
warmup-time = 33.956019163131714
all-measurements = [ 35.39362597465515, 34.619038581848145, 34.745437145233154,]
