best-result = 37.07114362716675
warmup-time = 36.17430400848389
all-measurements = [ 37.59159255027771, 37.45552897453308, 37.07114362716675,]
