best-result = 59.06568694114685
warmup-time = 57.01352643966675
all-measurements = [ 64.62087774276733, 59.06568694114685, 62.7422137260437,]
