best-result = 240.40961503982544
warmup-time = 243.45646929740906
all-measurements = [ 240.67302107810974, 240.98696041107178, 240.40961503982544,]
