best-result = 546.3796701431274
warmup-time = 549.4408371448517
all-measurements = [ 552.7031955718994, 546.3796701431274, 548.4753804206848,]
