best-result = 35.25420308113098
warmup-time = 36.88118934631348
all-measurements = [ 36.32023096084595, 36.94275665283203, 35.25420308113098,]
