best-result = 64.26310396194458
warmup-time = 64.58631443977356
all-measurements = [ 64.26310396194458, 66.18868637084961, 65.90065956115723,]
