best-result = 27.049278259277344
warmup-time = 27.330172061920166
all-measurements = [ 27.049278259277344, 28.144449710845947, 27.288089275360107,]
