best-result = 33.62536835670471
warmup-time = 36.383647441864014
all-measurements = [ 33.71624135971069, 33.62536835670471, 36.03206443786621,]
