best-result = 32.46505784988403
warmup-time = 32.52050566673279
all-measurements = [ 32.857728719711304, 32.502445459365845, 32.46505784988403,]
