best-result = 41.820101261138916
warmup-time = 43.87842106819153
all-measurements = [ 42.74687218666077, 41.820101261138916, 44.34117817878723,]
