best-result = 97.05636882781982
warmup-time = 98.6425633430481
all-measurements = [ 98.71159672737122, 98.72501969337463, 97.05636882781982,]
