best-result = 27.304570198059082
warmup-time = 28.318033695220947
all-measurements = [ 29.021440744400024, 28.849562883377075, 27.304570198059082,]
