best-result = 34.57368612289429
warmup-time = 34.95167088508606
all-measurements = [ 34.57368612289429, 34.71262741088867, 35.95154571533203,]
