best-result = 39.46636343002319
warmup-time = 38.463038206100464
all-measurements = [ 39.79695415496826, 39.46636343002319, 40.183284521102905,]
