best-result = 43.61211585998535
warmup-time = 45.97476887702942
all-measurements = [ 44.2620165348053, 44.29419755935669, 43.61211585998535,]
