best-result = 26.86200737953186
warmup-time = 28.513453483581543
all-measurements = [ 27.730782985687256, 28.085055112838745, 26.86200737953186,]
