best-result = 708.2943530082703
warmup-time = 740.2447793483734
all-measurements = [ 709.9808621406555, 720.9058001041412, 708.2943530082703,]
