best-result = 180.6500220298767
warmup-time = 185.49244570732117
all-measurements = [ 185.67776942253113, 182.42123532295227, 180.6500220298767,]
