best-result = 42.42734980583191
warmup-time = 43.631103515625
all-measurements = [ 43.1682186126709, 43.54676580429077, 42.42734980583191,]
