best-result = 23.412991285324097
warmup-time = 23.27340602874756
all-measurements = [ 23.74710702896118, 23.465496301651, 23.412991285324097,]
