best-result = 46.89553952217102
warmup-time = 63.43967247009277
all-measurements = [ 47.2502179145813, 46.89553952217102, 47.04271388053894,]
