best-result = 47.19952630996704
warmup-time = 57.91371512413025
all-measurements = [ 47.19952630996704, 47.48688220977783, 47.2196090221405,]
