best-result = 877.0099477767944
warmup-time = 1064.454475402832
all-measurements = [ 880.2369928359985, 884.6132690906525, 877.0099477767944,]
