best-result = 86.49922609329224
warmup-time = 100.07591319084167
all-measurements = [ 86.52393674850464, 86.49922609329224, 86.8900237083435,]
