best-result = 986.8028516769409
warmup-time = 1010.5394685268402
all-measurements = [ 989.1953279972076, 990.8255949020386, 986.8028516769409,]
