best-result = 84.36996841430664
warmup-time = 107.37078952789307
all-measurements = [ 85.18510556221008, 84.36996841430664, 85.13357305526733,]
