best-result = 68.35237503051758
warmup-time = 88.24300861358643
all-measurements = [ 68.47041487693787, 68.35237503051758, 68.41258263587952,]
