best-result = 91.9824948310852
warmup-time = 106.13408613204956
all-measurements = [ 93.38731980323792, 91.9824948310852, 92.05114078521729,]
