best-result = 643.0223627090454
warmup-time = 663.836599111557
all-measurements = [ 650.5205948352814, 643.0223627090454, 650.0436019897461,]
