best-result = 62.8598906993866
warmup-time = 74.93036651611328
all-measurements = [ 62.8598906993866, 63.156548500061035, 62.98380160331726,]
