best-result = 192.50015330314636
warmup-time = 343.01118302345276
all-measurements = [ 193.7818763256073, 193.50090742111206, 192.50015330314636,]
