best-result = 387.6291677951813
warmup-time = 825.1871480941772
all-measurements = [ 387.6291677951813, 389.122519493103, 388.4479103088379,]
