best-result = 63.21624493598938
warmup-time = 78.9382393360138
all-measurements = [ 63.21624493598938, 63.38901710510254, 63.45638370513916,]
