best-result = 40.32870292663574
warmup-time = 48.14592933654785
all-measurements = [ 40.6137797832489, 40.467721939086914, 40.32870292663574,]
