best-result = 136.47189235687256
warmup-time = 159.85360741615295
all-measurements = [ 137.64021682739258, 136.83654618263245, 136.47189235687256,]
