best-result = 928.6680910587311
warmup-time = 963.3623650074005
all-measurements = [ 934.1203651428223, 964.8750350475311, 928.6680910587311,]
