best-result = 28.13213610649109
warmup-time = 36.82087302207947
all-measurements = [ 28.595014333724976, 28.13213610649109, 28.271053791046143,]
