best-result = 59.11415481567383
warmup-time = 69.32313203811646
all-measurements = [ 59.11415481567383, 60.125012159347534, 61.07194685935974,]
