best-result = 61.342483043670654
warmup-time = 75.9845404624939
all-measurements = [ 61.57775688171387, 61.342483043670654, 61.774428367614746,]
