best-result = 109.43455147743225
warmup-time = 138.22784686088562
all-measurements = [ 109.43455147743225, 110.14878726005554, 110.36283850669861,]
