best-result = 775.0848567485809
warmup-time = 835.8976037502289
all-measurements = [ 776.4338023662567, 775.3992915153503, 775.0848567485809,]
