best-result = 34.654014110565186
warmup-time = 42.756664752960205
all-measurements = [ 34.654014110565186, 34.76887273788452, 34.711238622665405,]
