best-result = 56.00412154197693
warmup-time = 72.0111756324768
all-measurements = [ 56.17302322387695, 56.00412154197693, 56.04032516479492,]
