best-result = 1798.1282904148102
warmup-time = 2022.8373193740845
all-measurements = [ 1920.3006932735443, 1798.1282904148102, 2350.8265402317047,]
