best-result = 49.372904777526855
warmup-time = 70.98851919174194
all-measurements = [ 49.88120412826538, 50.10743713378906, 49.372904777526855,]
