best-result = 82.93639922142029
warmup-time = 99.87484550476074
all-measurements = [ 83.36790704727173, 83.62006044387817, 82.93639922142029,]
