best-result = 38.22293496131897
warmup-time = 47.33397579193115
all-measurements = [ 38.6578152179718, 38.22293496131897, 38.369145154953,]
