best-result = 304.44459557533264
warmup-time = 457.96348309516907
all-measurements = [ 312.85721158981323, 304.44459557533264, 306.36653661727905,]
