best-result = 60.020057916641235
warmup-time = 61.373918533325195
all-measurements = [ 60.70047950744629, 61.28594517707825, 60.020057916641235,]
