best-result = 25.483964681625366
warmup-time = 25.47287607192993
all-measurements = [ 25.483964681625366, 25.80239725112915, 25.49542760848999,]
