best-result = 36.157540798187256
warmup-time = 37.51127028465271
all-measurements = [ 36.96015644073486, 36.157540798187256, 36.402848958969116,]
