best-result = 31.143622636795044
warmup-time = 31.156352758407593
all-measurements = [ 31.143622636795044, 31.231335639953613, 31.3895320892334,]
