best-result = 255.26516318321228
warmup-time = 260.38726353645325
all-measurements = [ 255.26516318321228, 256.51492643356323, 260.542809009552,]
