best-result = 35.25810241699219
warmup-time = 34.79560303688049
all-measurements = [ 35.25810241699219, 36.12900161743164, 36.08845090866089,]
