best-result = 111.4746515750885
warmup-time = 115.16775345802307
all-measurements = [ 111.4746515750885, 113.52668857574463, 112.5371744632721,]
