best-result = 39.01631045341492
warmup-time = 41.35995411872864
all-measurements = [ 40.8085834980011, 39.01631045341492, 41.050986766815186,]
