best-result = 46.36547899246216
warmup-time = 48.748334884643555
all-measurements = [ 46.46688389778137, 46.58183741569519, 46.36547899246216,]
