best-result = 32.61952590942383
warmup-time = 33.223432540893555
all-measurements = [ 32.61952590942383, 33.516544580459595, 33.300650119781494,]
