best-result = 36.36407113075256
warmup-time = 37.67420792579651
all-measurements = [ 36.36407113075256, 37.4821081161499, 36.847389459609985,]
