best-result = 58.732157707214355
warmup-time = 61.441368103027344
all-measurements = [ 59.65014290809631, 63.03964853286743, 58.732157707214355,]
