best-result = 225.11460065841675
warmup-time = 228.517169713974
all-measurements = [ 226.0014328956604, 239.3949840068817, 225.11460065841675,]
