best-result = 513.4008438587189
warmup-time = 515.0212514400482
all-measurements = [ 517.1372001171112, 513.4008438587189, 518.5159220695496,]
