best-result = 35.1263108253479
warmup-time = 34.839627265930176
all-measurements = [ 35.32901453971863, 35.1263108253479, 36.187986850738525,]
