best-result = 28.248422145843506
warmup-time = 28.235066413879395
all-measurements = [ 28.248422145843506, 28.731720685958862, 28.507951498031616,]
