best-result = 74.97974491119385
warmup-time = 69.71143364906311
all-measurements = [ 82.54706358909607, 74.97974491119385, 75.0895938873291,]
