best-result = 59.99024224281311
warmup-time = 61.324405670166016
all-measurements = [ 59.99024224281311, 61.44427466392517, 62.515913248062134,]
