best-result = 27.10302424430847
warmup-time = 28.24557852745056
all-measurements = [ 27.10302424430847, 27.51113271713257, 27.36940598487854,]
