best-result = 32.03347301483154
warmup-time = 33.77360153198242
all-measurements = [ 32.03347301483154, 34.83104968070984, 34.32840967178345,]
