best-result = 32.786696910858154
warmup-time = 33.29493713378906
all-measurements = [ 33.44820785522461, 33.6882061958313, 32.786696910858154,]
