best-result = 42.87027978897095
warmup-time = 42.46451711654663
all-measurements = [ 43.405229568481445, 42.87027978897095, 43.00287961959839,]
