best-result = 93.90880870819092
warmup-time = 95.93008661270142
all-measurements = [ 96.65768122673035, 93.90880870819092, 94.30097961425781,]
