best-result = 27.205244064331055
warmup-time = 27.041460275650024
all-measurements = [ 28.488852739334106, 28.798065662384033, 27.205244064331055,]
