best-result = 31.96718692779541
warmup-time = 35.14458107948303
all-measurements = [ 33.63648819923401, 34.05879044532776, 31.96718692779541,]
