best-result = 85.29585647583008
warmup-time = 93.85722041130066
all-measurements = [ 86.62229537963867, 85.29585647583008, 95.00141072273254,]
