best-result = 37.9585120677948
warmup-time = 38.28910851478577
all-measurements = [ 39.12422823905945, 37.9585120677948, 38.17800164222717,]
