best-result = 42.502405643463135
warmup-time = 44.27862620353699
all-measurements = [ 42.502405643463135, 45.56345510482788, 45.40315294265747,]
