best-result = 27.2182354927063
warmup-time = 27.307207107543945
all-measurements = [ 27.2182354927063, 28.01973581314087, 27.891478061676025,]
