best-result = 636.337012052536
warmup-time = 673.2589752674103
all-measurements = [ 644.9597752094269, 636.337012052536, 658.6250641345978,]
