best-result = 173.32191634178162
warmup-time = 171.28248167037964
all-measurements = [ 173.32191634178162, 174.06596088409424, 174.06579661369324,]
