best-result = 62.625425815582275
warmup-time = 67.33759117126465
all-measurements = [ 62.625425815582275, 65.34557938575745, 67.38489103317261,]
