best-result = 22.48316216468811
warmup-time = 22.380322694778442
all-measurements = [ 22.640028715133667, 22.597286224365234, 22.48316216468811,]
