best-result = 47.4912166595459
warmup-time = 61.638787269592285
all-measurements = [ 47.4912166595459, 47.63118052482605, 47.50460338592529,]
