best-result = 46.72940969467163
warmup-time = 59.545289278030396
all-measurements = [ 46.78357243537903, 46.72940969467163, 46.863900899887085,]
