best-result = 952.9048626422882
warmup-time = 1143.4126431941986
all-measurements = [ 957.5757567882538, 974.8673028945923, 952.9048626422882,]
