best-result = 84.80291247367859
warmup-time = 96.56486344337463
all-measurements = [ 85.07897591590881, 84.80291247367859, 85.02444863319397,]
