best-result = 79.9659059047699
warmup-time = 101.30940866470337
all-measurements = [ 79.9659059047699, 81.41845321655273, 80.21116638183594,]
