best-result = 70.33815026283264
warmup-time = 95.26431655883789
all-measurements = [ 70.33815026283264, 70.34404945373535, 71.69465065002441,]
