best-result = 90.39569973945618
warmup-time = 105.89728569984436
all-measurements = [ 91.01276779174805, 90.53982329368591, 90.39569973945618,]
