best-result = 613.8044536113739
warmup-time = 632.4422006607056
all-measurements = [ 617.1201853752136, 617.0451605319977, 613.8044536113739,]
