best-result = 63.76527643203735
warmup-time = 75.24834871292114
all-measurements = [ 64.30296230316162, 63.86185669898987, 63.76527643203735,]
