best-result = 219.63861417770386
warmup-time = 377.762109041214
all-measurements = [ 219.63861417770386, 219.66010069847107, 221.28023481369019,]
