best-result = 439.9198944568634
warmup-time = 883.3725762367249
all-measurements = [ 441.45714950561523, 439.9198944568634, 445.97870779037476,]
