best-result = 61.535412549972534
warmup-time = 79.01068925857544
all-measurements = [ 61.535412549972534, 61.69837665557861, 62.460986614227295,]
