best-result = 857.6797552108765
warmup-time = 884.2373094558716
all-measurements = [ 857.6797552108765, 862.322655916214, 860.7569451332092,]
