best-result = 27.522783041000366
warmup-time = 35.001954078674316
all-measurements = [ 27.522783041000366, 28.191256046295166, 27.530720949172974,]
