best-result = 57.30007600784302
warmup-time = 72.6869969367981
all-measurements = [ 57.30007600784302, 57.83931541442871, 58.19318079948425,]
