best-result = 58.183823108673096
warmup-time = 72.48961186408997
all-measurements = [ 58.183823108673096, 59.87572431564331, 58.62949252128601,]
