best-result = 109.34017896652222
warmup-time = 138.63430619239807
all-measurements = [ 110.13008618354797, 109.34017896652222, 109.88573670387268,]
