best-result = 776.2879264354706
warmup-time = 869.0954668521881
all-measurements = [ 776.2879264354706, 780.1460874080658, 781.415990114212,]
