best-result = 33.97668266296387
warmup-time = 40.727806091308594
all-measurements = [ 34.51487874984741, 33.97668266296387, 34.80811643600464,]
