best-result = 53.654977798461914
warmup-time = 68.24712944030762
all-measurements = [ 53.68551778793335, 54.58260440826416, 53.654977798461914,]
