best-result = 1726.4867973327637
warmup-time = 1547.4295513629913
all-measurements = [ 1726.4867973327637, 1835.5132055282593, 1740.495297908783,]
