best-result = 49.483277559280396
warmup-time = 71.44877624511719
all-measurements = [ 49.69904541969299, 49.59747123718262, 49.483277559280396,]
