best-result = 81.59514594078064
warmup-time = 101.1748559474945
all-measurements = [ 82.9990484714508, 81.59514594078064, 82.65462732315063,]
