best-result = 36.09256386756897
warmup-time = 44.308013677597046
all-measurements = [ 36.26649451255798, 36.577476501464844, 36.09256386756897,]
