best-result = 340.039794921875
warmup-time = 479.20197343826294
all-measurements = [ 343.1738979816437, 344.7531294822693, 340.039794921875,]
