best-result = 103.7621967792511
warmup-time = 105.04238247871399
all-measurements = [ 104.34752917289734, 104.2466299533844, 103.7621967792511,]
