best-result = 25.470548391342163
warmup-time = 26.22195863723755
all-measurements = [ 26.132220029830933, 25.470548391342163, 25.827555418014526,]
