best-result = 35.470447063446045
warmup-time = 38.60982918739319
all-measurements = [ 35.470447063446045, 37.13358402252197, 38.02543044090271,]
