best-result = 30.623485326766968
warmup-time = 31.842419385910034
all-measurements = [ 31.33363437652588, 30.623485326766968, 31.633358478546143,]
