best-result = 263.53441643714905
warmup-time = 267.8088278770447
all-measurements = [ 266.36387395858765, 267.2426176071167, 263.53441643714905,]
