best-result = 35.72513031959534
warmup-time = 37.686789989471436
all-measurements = [ 36.775025367736816, 35.72513031959534, 36.79752564430237,]
