best-result = 40.101142168045044
warmup-time = 40.59412598609924
all-measurements = [ 40.101142168045044, 40.444626331329346, 41.308618783950806,]
