best-result = 48.949392557144165
warmup-time = 49.013423204422
all-measurements = [ 49.87677454948425, 48.949392557144165, 49.29067373275757,]
