best-result = 34.020957469940186
warmup-time = 33.78602361679077
all-measurements = [ 34.57588863372803, 34.57943606376648, 34.020957469940186,]
