best-result = 35.796083211898804
warmup-time = 38.0102276802063
all-measurements = [ 37.60478353500366, 35.796083211898804, 36.64250349998474,]
