best-result = 61.375847578048706
warmup-time = 66.06109476089478
all-measurements = [ 62.37781071662903, 63.155911445617676, 61.375847578048706,]
