best-result = 228.29523229599
warmup-time = 231.40337777137756
all-measurements = [ 231.1737539768219, 228.29523229599, 228.3211748600006,]
