best-result = 517.3359701633453
warmup-time = 527.5179402828217
all-measurements = [ 520.7364258766174, 524.3061048984528, 517.3359701633453,]
