best-result = 35.992764711380005
warmup-time = 36.671197175979614
all-measurements = [ 37.61423087120056, 35.992764711380005, 36.16126751899719,]
