best-result = 78.3325788974762
warmup-time = 77.25843071937561
all-measurements = [ 78.3325788974762, 83.74087643623352, 79.18688869476318,]
