best-result = 61.99206018447876
warmup-time = 63.07907009124756
all-measurements = [ 62.57471776008606, 65.03164410591125, 61.99206018447876,]
