best-result = 27.12079668045044
warmup-time = 27.69410729408264
all-measurements = [ 27.12079668045044, 27.194965600967407, 27.432579278945923,]
