best-result = 33.48396348953247
warmup-time = 33.22507333755493
all-measurements = [ 35.324899673461914, 35.700791358947754, 33.48396348953247,]
