best-result = 32.51582431793213
warmup-time = 33.51069402694702
all-measurements = [ 34.03007364273071, 33.26393365859985, 32.51582431793213,]
