best-result = 42.00842475891113
warmup-time = 43.257152795791626
all-measurements = [ 42.93636727333069, 42.00842475891113, 43.457019567489624,]
