best-result = 97.40198397636414
warmup-time = 98.12799715995789
all-measurements = [ 97.40198397636414, 99.64667677879333, 97.85969376564026,]
