best-result = 27.12896156311035
warmup-time = 29.311962842941284
all-measurements = [ 27.12896156311035, 30.241172552108765, 29.632136344909668,]
