best-result = 33.733513832092285
warmup-time = 36.45479702949524
all-measurements = [ 35.0380973815918, 33.733513832092285, 35.54486584663391,]
