best-result = 89.1524269580841
warmup-time = 92.51745843887329
all-measurements = [ 89.1524269580841, 92.16374158859253, 97.4495918750763,]
