best-result = 39.363239765167236
warmup-time = 40.753085136413574
all-measurements = [ 40.019659757614136, 39.76233625411987, 39.363239765167236,]
