best-result = 43.37774991989136
warmup-time = 47.86846089363098
all-measurements = [ 45.110472202301025, 43.37774991989136, 44.971006631851196,]
