best-result = 28.71649932861328
warmup-time = 29.106664419174194
all-measurements = [ 29.121913194656372, 28.80310845375061, 28.71649932861328,]
