best-result = 698.2685215473175
warmup-time = 730.3525803089142
all-measurements = [ 698.2685215473175, 705.4629302024841, 700.7509725093842,]
