best-result = 170.9748454093933
warmup-time = 172.3411648273468
all-measurements = [ 170.9748454093933, 176.4335856437683, 174.97240734100342,]
