best-result = 56.528966665267944
warmup-time = 71.10240745544434
all-measurements = [ 66.13546895980835, 60.25110197067261, 56.528966665267944,]
