best-result = 26.034295082092285
warmup-time = 26.281336069107056
all-measurements = [ 26.29794716835022, 26.034295082092285, 26.07062816619873,]
