best-result = 37.02002239227295
warmup-time = 38.22261905670166
all-measurements = [ 38.11058473587036, 37.73094940185547, 37.02002239227295,]
