best-result = 30.520726442337036
warmup-time = 30.983874082565308
all-measurements = [ 30.520726442337036, 31.644887924194336, 30.79349708557129,]
