best-result = 253.43030667304993
warmup-time = 262.29325556755066
all-measurements = [ 257.8600594997406, 253.43030667304993, 255.32724499702454,]
