best-result = 36.115241050720215
warmup-time = 35.975271701812744
all-measurements = [ 36.115241050720215, 36.33522868156433, 36.473392486572266,]
