best-result = 112.2026469707489
warmup-time = 113.94762635231018
all-measurements = [ 112.2026469707489, 114.43670916557312, 112.27174544334412,]
