best-result = 40.46072053909302
warmup-time = 41.37216639518738
all-measurements = [ 40.46072053909302, 41.038575410842896, 41.94709277153015,]
