best-result = 49.10715317726135
warmup-time = 48.94536375999451
all-measurements = [ 49.37434506416321, 49.41860747337341, 49.10715317726135,]
