best-result = 33.846670389175415
warmup-time = 32.89068078994751
all-measurements = [ 35.50429058074951, 33.846670389175415, 34.04093289375305,]
