best-result = 37.290764570236206
warmup-time = 37.8267936706543
all-measurements = [ 37.35229158401489, 38.9242467880249, 37.290764570236206,]
