best-result = 56.97928738594055
warmup-time = 61.545557260513306
all-measurements = [ 56.97928738594055, 64.03613710403442, 62.05018734931946,]
