best-result = 223.4441041946411
warmup-time = 226.99201464653015
all-measurements = [ 224.54271054267883, 227.6990098953247, 223.4441041946411,]
