best-result = 510.4183385372162
warmup-time = 517.1170737743378
all-measurements = [ 512.9186224937439, 510.92356848716736, 510.4183385372162,]
