best-result = 35.7288556098938
warmup-time = 36.551349401474
all-measurements = [ 35.87951850891113, 35.7288556098938, 36.41623902320862,]
