best-result = 28.580644607543945
warmup-time = 28.8771333694458
all-measurements = [ 28.806966304779053, 29.222290992736816, 28.580644607543945,]
