best-result = 75.84747004508972
warmup-time = 90.57019472122192
all-measurements = [ 78.63538360595703, 75.84747004508972, 78.07989573478699,]
