best-result = 61.35169458389282
warmup-time = 62.21648168563843
all-measurements = [ 61.37691283226013, 61.35169458389282, 61.934240102767944,]
