best-result = 27.614615440368652
warmup-time = 28.674700021743774
all-measurements = [ 27.614615440368652, 27.684264659881592, 29.470462560653687,]
