best-result = 32.237428188323975
warmup-time = 33.313125133514404
all-measurements = [ 35.769773960113525, 32.237428188323975, 35.56938719749451,]
