best-result = 31.921837091445923
warmup-time = 33.686161518096924
all-measurements = [ 33.595916509628296, 33.4312846660614, 31.921837091445923,]
