best-result = 41.736034631729126
warmup-time = 43.030357837677
all-measurements = [ 41.736034631729126, 42.689749002456665, 42.56222200393677,]
