best-result = 95.20380091667175
warmup-time = 95.74289298057556
all-measurements = [ 96.03528499603271, 95.55363273620605, 95.20380091667175,]
