best-result = 28.07927131652832
warmup-time = 28.730145692825317
all-measurements = [ 28.247352361679077, 28.07927131652832, 29.281503438949585,]
