best-result = 33.589470624923706
warmup-time = 35.723246335983276
all-measurements = [ 34.55879807472229, 34.56482744216919, 33.589470624923706,]
