best-result = 88.09129691123962
warmup-time = 89.50993013381958
all-measurements = [ 88.09129691123962, 91.17465686798096, 92.46671032905579,]
