best-result = 38.99666953086853
warmup-time = 38.66716194152832
all-measurements = [ 38.99666953086853, 39.39360737800598, 39.58744406700134,]
