best-result = 44.60891103744507
warmup-time = 46.2109534740448
all-measurements = [ 45.64390206336975, 45.27712631225586, 44.60891103744507,]
