best-result = 28.009263277053833
warmup-time = 29.381285190582275
all-measurements = [ 28.009263277053833, 29.474650144577026, 28.74579668045044,]
