best-result = 621.6208288669586
warmup-time = 682.2109019756317
all-measurements = [ 626.6663875579834, 621.6208288669586, 639.1884334087372,]
