best-result = 170.18779706954956
warmup-time = 169.72529458999634
all-measurements = [ 174.2519645690918, 170.18779706954956, 174.82163500785828,]
