best-result = 58.64954733848572
warmup-time = 66.1176028251648
all-measurements = [ 64.92971014976501, 68.68487215042114, 58.64954733848572,]
