best-result = 25.55952024459839
warmup-time = 25.901904582977295
all-measurements = [ 25.595601320266724, 25.639507293701172, 25.55952024459839,]
