best-result = 36.565842390060425
warmup-time = 38.003013372421265
all-measurements = [ 37.77399492263794, 36.565842390060425, 37.255021810531616,]
