best-result = 30.860961437225342
warmup-time = 31.325064182281494
all-measurements = [ 31.77739906311035, 30.890655994415283, 30.860961437225342,]
