best-result = 263.6700189113617
warmup-time = 265.88740515708923
all-measurements = [ 263.6700189113617, 264.0612587928772, 264.1280269622803,]
