best-result = 35.904041051864624
warmup-time = 36.08591842651367
all-measurements = [ 37.119391441345215, 36.99022841453552, 35.904041051864624,]
