best-result = 112.72759509086609
warmup-time = 116.23070359230042
all-measurements = [ 112.72759509086609, 113.69078612327576, 112.80185222625732,]
