best-result = 39.58161473274231
warmup-time = 40.73400688171387
all-measurements = [ 40.09283113479614, 39.58161473274231, 41.283769369125366,]
