best-result = 48.609363079071045
warmup-time = 49.53538370132446
all-measurements = [ 49.54745054244995, 48.609363079071045, 49.94581937789917,]
