best-result = 33.32706379890442
warmup-time = 34.157336950302124
all-measurements = [ 33.32706379890442, 33.56304311752319, 33.408576011657715,]
