best-result = 61.51468110084534
warmup-time = 63.49710559844971
all-measurements = [ 68.09124898910522, 61.51468110084534, 62.798766136169434,]
