best-result = 224.95153307914734
warmup-time = 229.11658930778503
all-measurements = [ 227.04369926452637, 224.95153307914734, 228.03732204437256,]
