best-result = 519.3637187480927
warmup-time = 538.0540337562561
all-measurements = [ 519.3637187480927, 524.8856511116028, 522.9235515594482,]
