best-result = 35.55384707450867
warmup-time = 37.54360008239746
all-measurements = [ 37.470253705978394, 36.12499690055847, 35.55384707450867,]
