best-result = 28.53218960762024
warmup-time = 28.804838180541992
all-measurements = [ 28.53218960762024, 29.04915952682495, 29.25352191925049,]
