best-result = 78.06800985336304
warmup-time = 77.21429562568665
all-measurements = [ 78.41687893867493, 78.06800985336304, 80.72666025161743,]
