best-result = 61.83342528343201
warmup-time = 61.76783537864685
all-measurements = [ 62.373629093170166, 63.76871395111084, 61.83342528343201,]
