best-result = 27.724789142608643
warmup-time = 28.065752029418945
all-measurements = [ 27.724789142608643, 28.467790365219116, 28.35035800933838,]
