best-result = 32.148829221725464
warmup-time = 35.57231116294861
all-measurements = [ 35.60740852355957, 32.148829221725464, 35.67601656913757,]
