best-result = 32.83053994178772
warmup-time = 34.43184185028076
all-measurements = [ 32.83053994178772, 33.76873564720154, 33.31086015701294,]
