best-result = 41.74561381340027
warmup-time = 43.02108454704285
all-measurements = [ 41.74561381340027, 43.7888445854187, 42.72021508216858,]
