best-result = 94.7691421508789
warmup-time = 98.87910509109497
all-measurements = [ 94.7691421508789, 96.23635339736938, 98.16540336608887,]
