best-result = 27.181857585906982
warmup-time = 27.486350774765015
all-measurements = [ 27.181857585906982, 29.19418716430664, 29.056493043899536,]
