best-result = 34.69107532501221
warmup-time = 34.29787611961365
all-measurements = [ 35.805424213409424, 34.69107532501221, 35.74370098114014,]
