best-result = 86.65875911712646
warmup-time = 92.06569647789001
all-measurements = [ 90.46760964393616, 94.8713128566742, 86.65875911712646,]
