best-result = 38.7516188621521
warmup-time = 39.89856171607971
all-measurements = [ 39.351847648620605, 39.72153615951538, 38.7516188621521,]
