best-result = 43.426929235458374
warmup-time = 45.8358793258667
all-measurements = [ 45.07837224006653, 45.046313524246216, 43.426929235458374,]
