best-result = 27.39970302581787
warmup-time = 28.670026302337646
all-measurements = [ 28.30480694770813, 28.668386220932007, 27.39970302581787,]
