best-result = 694.5957977771759
warmup-time = 730.4965264797211
all-measurements = [ 700.3559319972992, 700.8797378540039, 694.5957977771759,]
