best-result = 171.99696707725525
warmup-time = 175.13271117210388
all-measurements = [ 171.99696707725525, 174.6188781261444, 172.20224928855896,]
