best-result = 56.42955565452576
warmup-time = 62.106749057769775
all-measurements = [ 56.77036499977112, 56.42955565452576, 63.79802894592285,]
