best-result = 25.39786148071289
warmup-time = 26.385013341903687
all-measurements = [ 25.906920194625854, 25.39786148071289, 26.476194143295288,]
