best-result = 37.2484347820282
warmup-time = 38.10780906677246
all-measurements = [ 37.2484347820282, 38.00378441810608, 37.35680413246155,]
