best-result = 30.92673897743225
warmup-time = 29.873268604278564
all-measurements = [ 31.55071520805359, 30.92673897743225, 31.42811369895935,]
