best-result = 263.5428674221039
warmup-time = 269.92482137680054
all-measurements = [ 264.3925817012787, 268.2720351219177, 263.5428674221039,]
