best-result = 35.430255651474
warmup-time = 36.651241064071655
all-measurements = [ 35.430255651474, 37.333786725997925, 37.4892897605896,]
