best-result = 111.03338289260864
warmup-time = 114.78192043304443
all-measurements = [ 111.12268137931824, 112.54731178283691, 111.03338289260864,]
