best-result = 41.25567650794983
warmup-time = 41.60447454452515
all-measurements = [ 42.7792603969574, 41.25567650794983, 42.2657208442688,]
