best-result = 48.10514712333679
warmup-time = 48.68563961982727
all-measurements = [ 48.34627294540405, 48.10514712333679, 49.72842001914978,]
