best-result = 30.62396550178528
warmup-time = 33.51730489730835
all-measurements = [ 35.37862467765808, 32.77110719680786, 30.62396550178528,]
