best-result = 35.67789363861084
warmup-time = 37.94296979904175
all-measurements = [ 35.67789363861084, 37.64584255218506, 37.267306089401245,]
