best-result = 59.67209815979004
warmup-time = 61.813047885894775
all-measurements = [ 64.31439137458801, 64.98334884643555, 59.67209815979004,]
