best-result = 228.9636025428772
warmup-time = 230.87659001350403
all-measurements = [ 228.9636025428772, 229.7869324684143, 230.45516228675842,]
