best-result = 523.8583986759186
warmup-time = 528.5486342906952
all-measurements = [ 526.0216405391693, 523.8583986759186, 524.9146325588226,]
