best-result = 36.228694915771484
warmup-time = 37.286537408828735
all-measurements = [ 36.228694915771484, 36.45408892631531, 36.36602783203125,]
