best-result = 28.359814882278442
warmup-time = 28.491791248321533
all-measurements = [ 28.359814882278442, 28.954776525497437, 29.139030933380127,]
