best-result = 67.88778614997864
warmup-time = 79.0373706817627
all-measurements = [ 67.88778614997864, 69.37120270729065, 83.57023286819458,]
