best-result = 61.88889956474304
warmup-time = 64.1481921672821
all-measurements = [ 63.146838903427124, 61.88889956474304, 62.66241383552551,]
