best-result = 27.384113073349
warmup-time = 28.865827083587646
all-measurements = [ 28.072915077209473, 27.788137435913086, 27.384113073349,]
