best-result = 35.40601968765259
warmup-time = 35.245620250701904
all-measurements = [ 35.638691902160645, 35.40601968765259, 35.709190368652344,]
