best-result = 32.750632524490356
warmup-time = 35.11945819854736
all-measurements = [ 33.4574089050293, 32.750632524490356, 33.820682764053345,]
