best-result = 41.04490661621094
warmup-time = 42.604681968688965
all-measurements = [ 41.04490661621094, 43.24914836883545, 42.00785517692566,]
