best-result = 95.2893795967102
warmup-time = 98.12105059623718
all-measurements = [ 101.14187383651733, 95.2893795967102, 98.08641481399536,]
