best-result = 27.78007459640503
warmup-time = 27.740498304367065
all-measurements = [ 28.05015230178833, 29.213701963424683, 27.78007459640503,]
