best-result = 32.664223432540894
warmup-time = 34.78105449676514
all-measurements = [ 35.33044648170471, 32.664223432540894, 34.322447299957275,]
