best-result = 88.35418128967285
warmup-time = 95.54533576965332
all-measurements = [ 89.00307488441467, 89.88267850875854, 88.35418128967285,]
