best-result = 38.64418053627014
warmup-time = 39.953847885131836
all-measurements = [ 40.103606939315796, 38.64418053627014, 39.36698913574219,]
