best-result = 43.11195611953735
warmup-time = 47.37508535385132
all-measurements = [ 43.11195611953735, 45.04466938972473, 44.7018506526947,]
