best-result = 28.353180408477783
warmup-time = 28.92369508743286
all-measurements = [ 28.830034494400024, 28.64367985725403, 28.353180408477783,]
