best-result = 695.6086316108704
warmup-time = 723.8314173221588
all-measurements = [ 701.1281824111938, 697.0975348949432, 695.6086316108704,]
