best-result = 175.97181868553162
warmup-time = 179.11817622184753
all-measurements = [ 180.32349848747253, 175.97181868553162, 176.34163737297058,]
