best-result = 66.7516770362854
warmup-time = 68.43610692024231
all-measurements = [ 66.7516770362854, 70.00350022315979, 69.90312314033508,]
