best-result = 25.670284271240234
warmup-time = 26.019937992095947
all-measurements = [ 25.670284271240234, 26.73548650741577, 25.842371463775635,]
