best-result = 34.93441987037659
warmup-time = 38.95871019363403
all-measurements = [ 37.39568471908569, 34.93441987037659, 36.90140628814697,]
