best-result = 31.117659330368042
warmup-time = 32.3454327583313
all-measurements = [ 31.117659330368042, 32.10605502128601, 31.22301197052002,]
