best-result = 254.56490516662598
warmup-time = 261.4319558143616
all-measurements = [ 256.6238820552826, 257.6413230895996, 254.56490516662598,]
