best-result = 36.20185208320618
warmup-time = 36.76759433746338
all-measurements = [ 36.20185208320618, 36.45433855056763, 36.36584544181824,]
