best-result = 110.99364423751831
warmup-time = 115.05154323577881
all-measurements = [ 110.99364423751831, 111.0832130908966, 111.91214275360107,]
