best-result = 34.15674161911011
warmup-time = 35.403297901153564
all-measurements = [ 35.420501708984375, 34.15674161911011, 34.97844958305359,]
