best-result = 39.47412347793579
warmup-time = 41.22128343582153
all-measurements = [ 39.47412347793579, 41.47866892814636, 41.190218687057495,]
