best-result = 47.1642529964447
warmup-time = 47.48786377906799
all-measurements = [ 47.34992456436157, 47.323575496673584, 47.1642529964447,]
