best-result = 32.355990409851074
warmup-time = 33.465031147003174
all-measurements = [ 33.71415591239929, 34.03024458885193, 32.355990409851074,]
