best-result = 36.59135389328003
warmup-time = 37.496517181396484
all-measurements = [ 38.73626136779785, 36.59135389328003, 37.54018974304199,]
