best-result = 57.81881833076477
warmup-time = 62.29030156135559
all-measurements = [ 59.23765850067139, 62.06196355819702, 57.81881833076477,]
