best-result = 221.71116042137146
warmup-time = 228.64922094345093
all-measurements = [ 222.86031675338745, 221.71116042137146, 222.72941040992737,]
