best-result = 513.4778974056244
warmup-time = 516.5431668758392
all-measurements = [ 513.4778974056244, 516.8863039016724, 514.8376550674438,]
