best-result = 35.496424436569214
warmup-time = 38.23414850234985
all-measurements = [ 35.496424436569214, 36.42942142486572, 35.89987134933472,]
