best-result = 28.465430736541748
warmup-time = 28.901707649230957
all-measurements = [ 28.95781373977661, 28.78035593032837, 28.465430736541748,]
