best-result = 75.29518795013428
warmup-time = 78.61101937294006
all-measurements = [ 75.29518795013428, 77.56226801872253, 82.07994198799133,]
