best-result = 61.29433536529541
warmup-time = 61.77700972557068
all-measurements = [ 62.1643922328949, 62.074483156204224, 61.29433536529541,]
