best-result = 27.546449184417725
warmup-time = 29.16041088104248
all-measurements = [ 29.26785397529602, 27.546449184417725, 28.558295488357544,]
