best-result = 34.908783197402954
warmup-time = 35.55361008644104
all-measurements = [ 35.36644434928894, 35.788750648498535, 34.908783197402954,]
