best-result = 32.77473473548889
warmup-time = 32.70805644989014
all-measurements = [ 32.77473473548889, 33.24950075149536, 33.40650153160095,]
