best-result = 43.27562642097473
warmup-time = 44.94129967689514
all-measurements = [ 43.331273794174194, 43.27562642097473, 44.269446849823,]
