best-result = 95.13076519966125
warmup-time = 110.18500900268555
all-measurements = [ 98.038006067276, 96.52802515029907, 95.13076519966125,]
