best-result = 27.214597940444946
warmup-time = 27.074929237365723
all-measurements = [ 27.214597940444946, 27.97636318206787, 27.99289321899414,]
