best-result = 34.44365954399109
warmup-time = 34.753304958343506
all-measurements = [ 34.990041971206665, 34.44365954399109, 34.50414490699768,]
