best-result = 86.8154182434082
warmup-time = 98.22389769554138
all-measurements = [ 86.8154182434082, 98.34550428390503, 95.94045209884644,]
