best-result = 38.73939824104309
warmup-time = 38.13456654548645
all-measurements = [ 38.95340061187744, 40.01055335998535, 38.73939824104309,]
