best-result = 42.51910400390625
warmup-time = 46.1990430355072
all-measurements = [ 42.51910400390625, 43.99590802192688, 44.01982092857361,]
