best-result = 49.67479920387268
warmup-time = 50.39588212966919
all-measurements = [ 50.310222148895264, 49.73503136634827, 49.67479920387268,]
