best-result = 28.39353919029236
warmup-time = 29.05240535736084
all-measurements = [ 28.39353919029236, 28.656076192855835, 29.069852352142334,]
