best-result = 642.5084919929504
warmup-time = 687.4684891700745
all-measurements = [ 642.5084919929504, 645.0740113258362, 646.0520324707031,]
