best-result = 170.9880232810974
warmup-time = 174.07070112228394
all-measurements = [ 172.37086820602417, 171.75402235984802, 170.9880232810974,]
