best-result = 64.8216450214386
warmup-time = 69.22842311859131
all-measurements = [ 64.8216450214386, 66.92065238952637, 66.35039567947388,]
