best-result = 22.735206842422485
warmup-time = 23.098132371902466
all-measurements = [ 22.735206842422485, 23.010375499725342, 23.129366874694824,]
