best-result = 46.39050030708313
warmup-time = 64.54536080360413
all-measurements = [ 46.57137584686279, 46.39050030708313, 46.85760235786438,]
