best-result = 45.91820001602173
warmup-time = 58.22537422180176
all-measurements = [ 46.13320875167847, 46.576672077178955, 45.91820001602173,]
