best-result = 890.4694550037384
warmup-time = 1105.204841852188
all-measurements = [ 895.9559855461121, 891.1266453266144, 890.4694550037384,]
