best-result = 84.57796311378479
warmup-time = 99.39106249809265
all-measurements = [ 84.57796311378479, 85.25868129730225, 84.8962893486023,]
