best-result = 979.7153823375702
warmup-time = 1005.8884162902832
all-measurements = [ 983.000923871994, 979.7153823375702, 984.3601677417755,]
