best-result = 82.0780394077301
warmup-time = 102.44905042648315
all-measurements = [ 82.22258281707764, 82.0780394077301, 82.74161100387573,]
