best-result = 66.91379189491272
warmup-time = 87.02775049209595
all-measurements = [ 67.40497469902039, 67.14520311355591, 66.91379189491272,]
