best-result = 91.06498694419861
warmup-time = 104.15046429634094
all-measurements = [ 91.36757302284241, 91.60514330863953, 91.06498694419861,]
