best-result = 643.0009796619415
warmup-time = 659.3608891963959
all-measurements = [ 643.0009796619415, 643.1697974205017, 648.0634245872498,]
