best-result = 61.15805721282959
warmup-time = 75.26602745056152
all-measurements = [ 61.292322874069214, 61.15805721282959, 61.337642431259155,]
