best-result = 205.50769996643066
warmup-time = 360.33003878593445
all-measurements = [ 205.50769996643066, 207.79767107963562, 206.08876037597656,]
