best-result = 421.4042363166809
warmup-time = 862.0160958766937
all-measurements = [ 421.4042363166809, 423.0123088359833, 447.5782992839813,]
