best-result = 61.96411323547363
warmup-time = 78.10818123817444
all-measurements = [ 62.3023943901062, 61.96411323547363, 62.22294783592224,]
