best-result = 39.415629863739014
warmup-time = 47.73451566696167
all-measurements = [ 40.00625491142273, 39.82513451576233, 39.415629863739014,]
