best-result = 133.6351809501648
warmup-time = 163.1747920513153
all-measurements = [ 133.6351809501648, 134.5289306640625, 134.01709723472595,]
