best-result = 900.2288181781769
warmup-time = 945.1972258090973
all-measurements = [ 905.5377686023712, 906.5765733718872, 900.2288181781769,]
