best-result = 27.832854986190796
warmup-time = 35.140329122543335
all-measurements = [ 27.832854986190796, 28.101001977920532, 27.937501192092896,]
