best-result = 56.84453463554382
warmup-time = 67.58528757095337
all-measurements = [ 56.924418687820435, 57.212085247039795, 56.84453463554382,]
