best-result = 59.40490436553955
warmup-time = 74.80479431152344
all-measurements = [ 60.982784271240234, 59.40490436553955, 59.94563150405884,]
