best-result = 109.12470960617065
warmup-time = 137.60591530799866
all-measurements = [ 110.42321944236755, 109.12470960617065, 109.96796250343323,]
