best-result = 774.375125169754
warmup-time = 847.9272496700287
all-measurements = [ 774.375125169754, 776.5169761180878, 776.6352534294128,]
