best-result = 33.57337284088135
warmup-time = 42.976776361465454
all-measurements = [ 33.823331117630005, 33.57337284088135, 33.9519464969635,]
