best-result = 55.05340600013733
warmup-time = 71.20809483528137
all-measurements = [ 55.38411784172058, 55.05340600013733, 55.432305574417114,]
