best-result = 1442.6600584983826
warmup-time = 2472.5473775863647
all-measurements = [ 2165.651396751404, 1442.6600584983826, 2105.5419890880585,]
