best-result = 48.31608557701111
warmup-time = 69.00784063339233
all-measurements = [ 48.31608557701111, 48.32588720321655, 48.95813322067261,]
