best-result = 77.37641644477844
warmup-time = 97.26697945594788
all-measurements = [ 77.96207594871521, 77.37641644477844, 77.5353639125824,]
