best-result = 36.921632051467896
warmup-time = 46.33039569854736
all-measurements = [ 36.921632051467896, 36.97186899185181, 37.567569732666016,]
