best-result = 332.8936266899109
warmup-time = 472.47022891044617
all-measurements = [ 334.0689277648926, 332.8936266899109, 341.4443099498749,]
