best-result = 58.31685137748718
warmup-time = 58.92948937416077
all-measurements = [ 58.7395133972168, 58.52751350402832, 58.31685137748718,]
