best-result = 26.054699182510376
warmup-time = 26.66520667076111
all-measurements = [ 26.204684734344482, 26.054699182510376, 26.062662601470947,]
