best-result = 36.943755865097046
warmup-time = 38.17517447471619
all-measurements = [ 36.943755865097046, 38.23541331291199, 38.31302094459534,]
