best-result = 30.966729879379272
warmup-time = 32.11612892150879
all-measurements = [ 31.440126657485962, 32.39918041229248, 30.966729879379272,]
