best-result = 232.58211183547974
warmup-time = 235.16320514678955
all-measurements = [ 233.5740237236023, 233.28457880020142, 232.58211183547974,]
