best-result = 36.756099700927734
warmup-time = 35.617254972457886
all-measurements = [ 38.2029287815094, 36.756099700927734, 36.91776394844055,]
