best-result = 113.11538338661194
warmup-time = 113.61937737464905
all-measurements = [ 113.22457456588745, 113.11538338661194, 113.1929247379303,]
