best-result = 35.011971950531006
warmup-time = 34.995683670043945
all-measurements = [ 35.583011627197266, 35.011971950531006, 36.10145592689514,]
