best-result = 40.13669562339783
warmup-time = 41.28088021278381
all-measurements = [ 42.010157346725464, 41.979445934295654, 40.13669562339783,]
