best-result = 47.958258628845215
warmup-time = 48.456902265548706
all-measurements = [ 48.34335470199585, 47.958258628845215, 49.03743100166321,]
