best-result = 34.05937147140503
warmup-time = 34.28014421463013
all-measurements = [ 34.05937147140503, 34.52594447135925, 34.22898817062378,]
