best-result = 37.22988533973694
warmup-time = 39.11312484741211
all-measurements = [ 38.03841853141785, 37.319669246673584, 37.22988533973694,]
