best-result = 59.385528326034546
warmup-time = 59.74666500091553
all-measurements = [ 59.385528326034546, 64.30756139755249, 60.137879848480225,]
