best-result = 219.40736627578735
warmup-time = 221.9197552204132
all-measurements = [ 219.40736627578735, 219.79890131950378, 220.52129936218262,]
