best-result = 501.22733664512634
warmup-time = 509.28056955337524
all-measurements = [ 503.64584970474243, 501.22733664512634, 502.05438232421875,]
