best-result = 37.893187284469604
warmup-time = 37.68092465400696
all-measurements = [ 37.893187284469604, 38.586692571640015, 39.1905472278595,]
