best-result = 29.13634157180786
warmup-time = 29.131810903549194
all-measurements = [ 29.684096813201904, 29.13634157180786, 29.664433479309082,]
