best-result = 70.23388957977295
warmup-time = 86.91747260093689
all-measurements = [ 70.23388957977295, 76.81638526916504, 80.50120711326599,]
