best-result = 61.83388066291809
warmup-time = 65.1930022239685
all-measurements = [ 62.28456354141235, 61.83388066291809, 63.24372911453247,]
