best-result = 27.980210781097412
warmup-time = 28.76290774345398
all-measurements = [ 27.980210781097412, 29.639519929885864, 29.201612949371338,]
