best-result = 33.519412994384766
warmup-time = 33.47581362724304
all-measurements = [ 35.48761987686157, 35.28971552848816, 33.519412994384766,]
