best-result = 32.87565207481384
warmup-time = 34.36058235168457
all-measurements = [ 32.87565207481384, 33.203320264816284, 33.693323850631714,]
