best-result = 43.12641477584839
warmup-time = 42.42461967468262
all-measurements = [ 43.12641477584839, 44.54293203353882, 43.25684475898743,]
