best-result = 96.47548794746399
warmup-time = 97.21224665641785
all-measurements = [ 97.36907839775085, 96.47548794746399, 96.73769783973694,]
