best-result = 28.576830863952637
warmup-time = 27.469823837280273
all-measurements = [ 29.49362325668335, 28.576830863952637, 29.532710313796997,]
