best-result = 33.665783166885376
warmup-time = 34.65084910392761
all-measurements = [ 33.665783166885376, 33.787023067474365, 35.36710476875305,]
