best-result = 86.8268084526062
warmup-time = 89.21529078483582
all-measurements = [ 86.8268084526062, 87.53866720199585, 89.37843561172485,]
