best-result = 38.49295473098755
warmup-time = 39.01910924911499
all-measurements = [ 39.01829934120178, 38.67369031906128, 38.49295473098755,]
