best-result = 43.967045545578
warmup-time = 47.63411498069763
all-measurements = [ 44.22986054420471, 43.967045545578, 45.4928240776062,]
