best-result = 50.26815438270569
warmup-time = 52.04625177383423
all-measurements = [ 50.288360834121704, 50.26815438270569, 51.15320086479187,]
