best-result = 28.87222170829773
warmup-time = 29.42323350906372
all-measurements = [ 28.87222170829773, 29.24565601348877, 29.454243183135986,]
