best-result = 662.6693291664124
warmup-time = 699.9800457954407
all-measurements = [ 671.2991797924042, 662.6693291664124, 682.5029964447021,]
