best-result = 168.37421917915344
warmup-time = 172.5441677570343
all-measurements = [ 168.37421917915344, 168.87930750846863, 171.4435634613037,]
