best-result = 69.18400526046753
warmup-time = 70.52584075927734
all-measurements = [ 69.81604528427124, 69.18400526046753, 70.16190791130066,]
