best-result = 25.723050594329834
warmup-time = 25.87236976623535
all-measurements = [ 25.892746925354004, 25.72692584991455, 25.723050594329834,]
