best-result = 36.569987535476685
warmup-time = 36.57374691963196
all-measurements = [ 37.13652157783508, 36.569987535476685, 37.57127809524536,]
