best-result = 32.03239393234253
warmup-time = 32.95627784729004
all-measurements = [ 32.231858015060425, 32.35262942314148, 32.03239393234253,]
