best-result = 264.0008337497711
warmup-time = 271.4252333641052
all-measurements = [ 264.57501220703125, 264.0008337497711, 268.1745307445526,]
