best-result = 35.49491858482361
warmup-time = 37.485965967178345
all-measurements = [ 36.84923696517944, 35.49491858482361, 37.37238645553589,]
