best-result = 41.661097288131714
warmup-time = 43.71850085258484
all-measurements = [ 41.661097288131714, 43.258129835128784, 42.10762691497803,]
