best-result = 49.70056939125061
warmup-time = 51.142725706100464
all-measurements = [ 50.71013641357422, 49.70056939125061, 50.028462648391724,]
