best-result = 34.33684492111206
warmup-time = 35.14115357398987
all-measurements = [ 34.63680911064148, 34.72883653640747, 34.33684492111206,]
