best-result = 37.67268204689026
warmup-time = 37.8187038898468
all-measurements = [ 37.68826222419739, 37.67268204689026, 38.41893744468689,]
