best-result = 62.22855353355408
warmup-time = 66.50451254844666
all-measurements = [ 63.09413385391235, 65.22914910316467, 62.22855353355408,]
