best-result = 227.7009630203247
warmup-time = 231.9283425807953
all-measurements = [ 229.1137340068817, 229.62406539916992, 227.7009630203247,]
