best-result = 525.3326756954193
warmup-time = 528.5148854255676
all-measurements = [ 527.1382033824921, 525.3326756954193, 527.9333348274231,]
