best-result = 36.41491508483887
warmup-time = 35.23704767227173
all-measurements = [ 38.30228114128113, 36.41491508483887, 37.76220464706421,]
