best-result = 64.64712357521057
warmup-time = 64.6600251197815
all-measurements = [ 64.64712357521057, 64.9561493396759, 64.77180457115173,]
