best-result = 27.38393521308899
warmup-time = 28.942443370819092
all-measurements = [ 27.38393521308899, 28.04511284828186, 27.40904998779297,]
