best-result = 33.63943314552307
warmup-time = 37.1321005821228
all-measurements = [ 33.63943314552307, 36.53013372421265, 36.75809574127197,]
