best-result = 34.049511432647705
warmup-time = 33.92822599411011
all-measurements = [ 34.35537242889404, 34.5953254699707, 34.049511432647705,]
