best-result = 44.02203035354614
warmup-time = 44.184983253479004
all-measurements = [ 45.324981689453125, 44.02203035354614, 44.22859001159668,]
