best-result = 97.48202753067017
warmup-time = 97.8667893409729
all-measurements = [ 97.56155848503113, 99.38252115249634, 97.48202753067017,]
