best-result = 27.849037647247314
warmup-time = 29.085535764694214
all-measurements = [ 27.901795864105225, 28.53124189376831, 27.849037647247314,]
