best-result = 34.3845648765564
warmup-time = 35.50340986251831
all-measurements = [ 34.3845648765564, 35.94916558265686, 34.99699139595032,]
