best-result = 98.02852845191956
warmup-time = 89.22677063941956
all-measurements = [ 98.02852845191956, 98.49423432350159, 98.14524173736572,]
