best-result = 40.50197696685791
warmup-time = 44.13921070098877
all-measurements = [ 42.90958571434021, 40.59040951728821, 40.50197696685791,]
