best-result = 43.59776759147644
warmup-time = 47.08018445968628
all-measurements = [ 43.59776759147644, 43.67370581626892, 44.52007484436035,]
