best-result = 27.325690746307373
warmup-time = 28.662912607192993
all-measurements = [ 27.325690746307373, 29.158806800842285, 28.60151219367981,]
