best-result = 691.4177362918854
warmup-time = 710.278243303299
all-measurements = [ 691.4177362918854, 699.9278841018677, 697.1000308990479,]
