best-result = 175.75832509994507
warmup-time = 180.05349349975586
all-measurements = [ 178.58567881584167, 175.75832509994507, 176.3990261554718,]
