best-result = 43.41234040260315
warmup-time = 43.46833801269531
all-measurements = [ 43.41234040260315, 44.215357542037964, 44.47336935997009,]
