best-result = 22.54373550415039
warmup-time = 22.601280212402344
all-measurements = [ 22.807841539382935, 22.54373550415039, 23.44583821296692,]
