best-result = 46.60529637336731
warmup-time = 63.71355891227722
all-measurements = [ 46.60529637336731, 47.02662253379822, 47.212579011917114,]
