best-result = 46.32553839683533
warmup-time = 59.812015533447266
all-measurements = [ 46.55607557296753, 46.32553839683533, 46.64981746673584,]
