best-result = 921.8350162506104
warmup-time = 1140.3382828235626
all-measurements = [ 921.8350162506104, 926.5951778888702, 923.3303511142731,]
