best-result = 85.601802110672
warmup-time = 100.34099054336548
all-measurements = [ 85.601802110672, 86.17942237854004, 85.83112287521362,]
