best-result = 994.6989176273346
warmup-time = 1020.9494006633759
all-measurements = [ 994.6989176273346, 994.7324118614197, 997.5597534179688,]
