best-result = 82.28707003593445
warmup-time = 119.43994331359863
all-measurements = [ 89.98322463035583, 83.38843297958374, 82.28707003593445,]
