best-result = 68.17102313041687
warmup-time = 88.76712203025818
all-measurements = [ 68.17102313041687, 68.42563486099243, 68.2164945602417,]
