best-result = 91.02131748199463
warmup-time = 107.03491306304932
all-measurements = [ 91.02131748199463, 91.9552435874939, 92.16558170318604,]
