best-result = 649.0537488460541
warmup-time = 666.114179611206
all-measurements = [ 649.2428593635559, 649.0537488460541, 653.2546956539154,]
