best-result = 63.374385595321655
warmup-time = 77.34571695327759
all-measurements = [ 64.20377230644226, 63.374385595321655, 64.54964566230774,]
