best-result = 212.8429172039032
warmup-time = 370.4687807559967
all-measurements = [ 212.8429172039032, 214.14461088180542, 212.86510729789734,]
