best-result = 425.5365505218506
warmup-time = 883.293515920639
all-measurements = [ 427.5230391025543, 425.5365505218506, 425.8655831813812,]
