best-result = 62.194804668426514
warmup-time = 78.49407958984375
all-measurements = [ 62.57476186752319, 62.47892642021179, 62.194804668426514,]
