best-result = 40.005752086639404
warmup-time = 47.79753255844116
all-measurements = [ 40.01134657859802, 40.005752086639404, 40.25874924659729,]
