best-result = 137.8731050491333
warmup-time = 172.53207278251648
all-measurements = [ 137.8731050491333, 139.20708012580872, 139.07229590415955,]
