best-result = 911.3736808300018
warmup-time = 941.3100383281708
all-measurements = [ 911.3736808300018, 912.4912221431732, 914.9241700172424,]
