best-result = 27.665509700775146
warmup-time = 36.76549410820007
all-measurements = [ 28.13944363594055, 27.890419244766235, 27.665509700775146,]
