best-result = 57.8798291683197
warmup-time = 71.57648801803589
all-measurements = [ 58.19814419746399, 57.8798291683197, 57.96609330177307,]
