best-result = 59.971389055252075
warmup-time = 74.3909330368042
all-measurements = [ 60.35113263130188, 60.07696866989136, 59.971389055252075,]
