best-result = 111.74055886268616
warmup-time = 139.24250102043152
all-measurements = [ 111.74055886268616, 111.90595388412476, 112.02964568138123,]
