best-result = 785.7448732852936
warmup-time = 860.5786695480347
all-measurements = [ 790.2516870498657, 789.8264949321747, 785.7448732852936,]
