best-result = 33.950342655181885
warmup-time = 42.631163358688354
all-measurements = [ 34.22775959968567, 33.950342655181885, 34.34892225265503,]
