best-result = 55.33172011375427
warmup-time = 71.9783775806427
all-measurements = [ 55.8118371963501, 55.33172011375427, 55.72253775596619,]
