best-result = 1539.4597296714783
warmup-time = 1567.4940676689148
all-measurements = [ 2143.214022874832, 1844.0782713890076, 1539.4597296714783,]
