best-result = 48.62506341934204
warmup-time = 69.17633986473083
all-measurements = [ 48.62506341934204, 49.61479425430298, 49.2447190284729,]
