best-result = 78.71267676353455
warmup-time = 97.69444274902344
all-measurements = [ 79.3567852973938, 78.71811246871948, 78.71267676353455,]
