best-result = 36.7383189201355
warmup-time = 46.240506649017334
all-measurements = [ 36.7383189201355, 36.79643273353577, 36.949867486953735,]
