best-result = 353.0824022293091
warmup-time = 503.41715693473816
all-measurements = [ 359.03848528862, 355.79707741737366, 353.0824022293091,]
