best-result = 59.14384937286377
warmup-time = 58.910340785980225
all-measurements = [ 60.18607759475708, 59.14384937286377, 59.277522563934326,]
