best-result = 21.739009857177734
warmup-time = 21.918744325637817
all-measurements = [ 22.546552181243896, 21.739009857177734, 21.807012796401978,]
