best-result = 47.38413977622986
warmup-time = 65.77310585975647
all-measurements = [ 47.38413977622986, 47.837082624435425, 47.593092918395996,]
