best-result = 46.74267792701721
warmup-time = 60.9070246219635
all-measurements = [ 46.74267792701721, 47.518972873687744, 46.987468242645264,]
