best-result = 993.8604726791382
warmup-time = 1216.420405626297
all-measurements = [ 998.4092924594879, 993.8604726791382, 999.8816080093384,]
