best-result = 83.3080804347992
warmup-time = 95.67319965362549
all-measurements = [ 83.3842203617096, 83.3080804347992, 83.34320569038391,]
