best-result = 78.24014735221863
warmup-time = 103.9344961643219
all-measurements = [ 79.09152054786682, 78.24014735221863, 79.27448272705078,]
