best-result = 69.28964829444885
warmup-time = 93.45209693908691
all-measurements = [ 69.37715673446655, 69.28964829444885, 70.77839684486389,]
