best-result = 85.08310532569885
warmup-time = 100.94070410728455
all-measurements = [ 85.31188535690308, 85.08310532569885, 85.81677889823914,]
