best-result = 599.2300271987915
warmup-time = 620.8568651676178
all-measurements = [ 602.9412319660187, 600.939838886261, 599.2300271987915,]
