best-result = 62.88100242614746
warmup-time = 78.88005304336548
all-measurements = [ 63.80722618103027, 62.88100242614746, 62.93777680397034,]
