best-result = 235.36281061172485
warmup-time = 437.57059693336487
all-measurements = [ 239.5330102443695, 236.34035563468933, 235.36281061172485,]
