best-result = 447.62008905410767
warmup-time = 962.6972544193268
all-measurements = [ 448.50171518325806, 447.62008905410767, 448.1702308654785,]
