best-result = 60.40751647949219
warmup-time = 75.14612984657288
all-measurements = [ 60.40751647949219, 60.597532749176025, 60.68759226799011,]
