best-result = 879.397251367569
warmup-time = 921.7172141075134
all-measurements = [ 885.5888855457306, 885.3258628845215, 879.397251367569,]
