best-result = 27.216659545898438
warmup-time = 35.58144545555115
all-measurements = [ 27.384406805038452, 27.921364545822144, 27.216659545898438,]
