best-result = 59.76966452598572
warmup-time = 74.83948230743408
all-measurements = [ 59.76966452598572, 60.23088884353638, 59.968039989471436,]
