best-result = 55.626031160354614
warmup-time = 71.26971316337585
all-measurements = [ 56.39108371734619, 55.626031160354614, 56.66624927520752,]
