best-result = 109.69613027572632
warmup-time = 142.4484965801239
all-measurements = [ 109.69613027572632, 111.44914507865906, 110.7821536064148,]
