best-result = 776.7954821586609
warmup-time = 860.7447054386139
all-measurements = [ 781.5054135322571, 778.4967527389526, 776.7954821586609,]
