best-result = 33.68062710762024
warmup-time = 42.10702037811279
all-measurements = [ 33.884971618652344, 33.881325244903564, 33.68062710762024,]
