best-result = 53.49223470687866
warmup-time = 69.01971817016602
all-measurements = [ 53.49223470687866, 54.48131704330444, 53.96342730522156,]
