best-result = 49.93399739265442
warmup-time = 71.3019642829895
all-measurements = [ 50.08887052536011, 49.93399739265442, 50.91562867164612,]
