best-result = 80.10291790962219
warmup-time = 101.71653413772583
all-measurements = [ 80.14588212966919, 80.39900851249695, 80.10291790962219,]
