best-result = 35.6503586769104
warmup-time = 45.921966552734375
all-measurements = [ 35.88738560676575, 35.6503586769104, 35.7797372341156,]
