best-result = 352.69169092178345
warmup-time = 506.6957194805145
all-measurements = [ 360.03360080718994, 353.9362111091614, 352.69169092178345,]
