best-result = 103.037682056427
warmup-time = 103.29896116256714
all-measurements = [ 103.037682056427, 104.88827562332153, 103.73029971122742,]
