best-result = 25.155707836151123
warmup-time = 25.53266739845276
all-measurements = [ 25.155707836151123, 25.574742555618286, 25.488059520721436,]
