best-result = 37.20239329338074
warmup-time = 37.51825189590454
all-measurements = [ 37.65202522277832, 38.02050542831421, 37.20239329338074,]
