best-result = 31.53910517692566
warmup-time = 32.00200963020325
all-measurements = [ 31.762065649032593, 32.403122663497925, 31.53910517692566,]
