best-result = 265.7008023262024
warmup-time = 269.4466049671173
all-measurements = [ 265.7008023262024, 267.86370944976807, 267.34478664398193,]
