best-result = 36.46109652519226
warmup-time = 37.15082812309265
all-measurements = [ 37.11503291130066, 36.851407051086426, 36.46109652519226,]
