best-result = 41.54249906539917
warmup-time = 41.81277585029602
all-measurements = [ 41.68307948112488, 41.54249906539917, 42.08582377433777,]
