best-result = 50.45299959182739
warmup-time = 52.4209463596344
all-measurements = [ 50.45299959182739, 51.04877257347107, 51.191359758377075,]
