best-result = 34.382901668548584
warmup-time = 34.302401304244995
all-measurements = [ 34.382901668548584, 34.918848514556885, 34.4792206287384,]
