best-result = 37.12461185455322
warmup-time = 38.83270597457886
all-measurements = [ 38.30065202713013, 38.04821729660034, 37.12461185455322,]
