best-result = 59.68181920051575
warmup-time = 58.36088967323303
all-measurements = [ 59.68181920051575, 61.601163148880005, 61.82373666763306,]
