best-result = 231.78306818008423
warmup-time = 236.32498335838318
all-measurements = [ 233.041818857193, 231.78306818008423, 232.4773087501526,]
