best-result = 525.4237186908722
warmup-time = 526.5371017456055
all-measurements = [ 525.4237186908722, 527.3417410850525, 525.8425097465515,]
