best-result = 35.66544818878174
warmup-time = 36.79974699020386
all-measurements = [ 36.08538627624512, 37.530264377593994, 35.66544818878174,]
