best-result = 63.200939655303955
warmup-time = 64.5188844203949
all-measurements = [ 63.200939655303955, 65.39076948165894, 64.60360360145569,]
