best-result = 27.002851486206055
warmup-time = 28.216410398483276
all-measurements = [ 27.18060040473938, 28.108630895614624, 27.002851486206055,]
