best-result = 36.132351875305176
warmup-time = 36.087310552597046
all-measurements = [ 36.50473403930664, 36.215017557144165, 36.132351875305176,]
