best-result = 32.01388692855835
warmup-time = 34.40209436416626
all-measurements = [ 32.01388692855835, 33.25543522834778, 33.369144678115845,]
