best-result = 42.86889338493347
warmup-time = 44.38359785079956
all-measurements = [ 44.08244204521179, 42.86889338493347, 44.221566677093506,]
