best-result = 98.40119791030884
warmup-time = 100.51763486862183
all-measurements = [ 98.66463732719421, 99.8077278137207, 98.40119791030884,]
