best-result = 27.579933404922485
warmup-time = 27.101967811584473
all-measurements = [ 28.49681806564331, 27.579933404922485, 29.88721752166748,]
