best-result = 34.31679129600525
warmup-time = 35.06504440307617
all-measurements = [ 34.31679129600525, 34.66988706588745, 39.67185306549072,]
