best-result = 39.84366750717163
warmup-time = 46.656291007995605
all-measurements = [ 46.684977293014526, 39.912617444992065, 39.84366750717163,]
