best-result = 44.02449321746826
warmup-time = 46.13285565376282
all-measurements = [ 44.02449321746826, 45.90883016586304, 45.13432788848877,]
