best-result = 27.487759828567505
warmup-time = 29.11147952079773
all-measurements = [ 28.774336099624634, 27.487759828567505, 28.42334485054016,]
