best-result = 692.8909034729004
warmup-time = 710.1842031478882
all-measurements = [ 701.5538647174835, 701.2752380371094, 692.8909034729004,]
