best-result = 176.5289123058319
warmup-time = 181.4850685596466
all-measurements = [ 180.3056139945984, 176.5289123058319, 179.2591004371643,]
