best-result = 43.65956997871399
warmup-time = 44.09822964668274
all-measurements = [ 44.42223405838013, 43.65956997871399, 43.90764880180359,]
