best-result = 22.7447509765625
warmup-time = 22.968469619750977
all-measurements = [ 22.760751724243164, 22.7447509765625, 22.78516912460327,]
