best-result = 46.557528018951416
warmup-time = 64.73197293281555
all-measurements = [ 46.93759608268738, 46.557528018951416, 46.57784676551819,]
