best-result = 46.46676278114319
warmup-time = 58.843751192092896
all-measurements = [ 46.46676278114319, 46.617849826812744, 47.063318967819214,]
