best-result = 924.0991139411926
warmup-time = 1129.8263731002808
all-measurements = [ 928.8998353481293, 927.1069333553314, 924.0991139411926,]
