best-result = 84.74863123893738
warmup-time = 99.76400685310364
all-measurements = [ 85.16694521903992, 85.08152484893799, 84.74863123893738,]
