best-result = 81.69182634353638
warmup-time = 103.41421341896057
all-measurements = [ 82.51922178268433, 81.69182634353638, 81.91909646987915,]
