best-result = 69.71947956085205
warmup-time = 91.26118421554565
all-measurements = [ 70.42987537384033, 70.36464595794678, 69.71947956085205,]
