best-result = 90.52661228179932
warmup-time = 104.48699259757996
all-measurements = [ 90.52661228179932, 92.19747376441956, 93.43334889411926,]
