best-result = 631.4202024936676
warmup-time = 648.1432771682739
all-measurements = [ 631.4202024936676, 635.2206590175629, 631.4435250759125,]
