best-result = 64.469411611557
warmup-time = 74.68443465232849
all-measurements = [ 64.469411611557, 64.61783838272095, 64.53946423530579,]
