best-result = 221.7346637248993
warmup-time = 371.42941761016846
all-measurements = [ 221.7346637248993, 222.42155361175537, 223.9647719860077,]
