best-result = 442.57771158218384
warmup-time = 877.4476218223572
all-measurements = [ 443.9092118740082, 444.94278264045715, 442.57771158218384,]
