best-result = 62.23200821876526
warmup-time = 80.42193841934204
all-measurements = [ 62.23200821876526, 63.47659778594971, 62.92198300361633,]
