best-result = 140.6006739139557
warmup-time = 166.73227453231812
all-measurements = [ 140.96881484985352, 140.6006739139557, 140.99985241889954,]
