best-result = 883.7825584411621
warmup-time = 916.9898161888123
all-measurements = [ 883.7825584411621, 889.1578686237335, 887.7233533859253,]
