best-result = 27.428288459777832
warmup-time = 35.54203724861145
all-measurements = [ 27.809147596359253, 27.56604766845703, 27.428288459777832,]
