best-result = 58.390971422195435
warmup-time = 73.10610842704773
all-measurements = [ 59.00733399391174, 58.390971422195435, 58.47274661064148,]
