best-result = 59.36380577087402
warmup-time = 74.57850193977356
all-measurements = [ 59.4599130153656, 59.515690088272095, 59.36380577087402,]
