best-result = 110.97991442680359
warmup-time = 138.47788739204407
all-measurements = [ 111.70203042030334, 111.23300671577454, 110.97991442680359,]
