best-result = 788.2321262359619
warmup-time = 879.3202188014984
all-measurements = [ 790.7148644924164, 791.2687828540802, 788.2321262359619,]
