best-result = 33.57539892196655
warmup-time = 42.70156216621399
all-measurements = [ 33.57539892196655, 33.976789474487305, 33.98523950576782,]
