best-result = 55.09692859649658
warmup-time = 71.067143201828
all-measurements = [ 55.40225625038147, 55.662590980529785, 55.09692859649658,]
