best-result = 2204.5874762535095
warmup-time = 3203.6280250549316
all-measurements = [ 3415.0044836997986, 2966.115542411804, 2204.5874762535095,]
