best-result = 49.49273729324341
warmup-time = 70.68689227104187
all-measurements = [ 49.97082710266113, 49.49273729324341, 49.65426731109619,]
