best-result = 79.09540057182312
warmup-time = 97.73719310760498
all-measurements = [ 79.12252354621887, 79.09540057182312, 79.54863619804382,]
