best-result = 36.77977418899536
warmup-time = 46.03770422935486
all-measurements = [ 36.77977418899536, 37.067705154418945, 37.43062615394592,]
