best-result = 357.08380222320557
warmup-time = 477.8440730571747
all-measurements = [ 358.46814155578613, 357.08380222320557, 363.3252782821655,]
