best-result = 59.412946939468384
warmup-time = 59.81940746307373
all-measurements = [ 59.412946939468384, 59.531540870666504, 59.42778730392456,]
