best-result = 25.707380533218384
warmup-time = 27.15797519683838
all-measurements = [ 25.765993118286133, 26.509297132492065, 25.707380533218384,]
