best-result = 36.62198805809021
warmup-time = 38.81219124794006
all-measurements = [ 36.62198805809021, 37.232471227645874, 36.92810773849487,]
