best-result = 31.171897888183594
warmup-time = 31.929994106292725
all-measurements = [ 32.132283210754395, 31.27581787109375, 31.171897888183594,]
