best-result = 263.6924867630005
warmup-time = 268.36112356185913
all-measurements = [ 267.41155529022217, 263.6924867630005, 266.5473413467407,]
