best-result = 36.5126256942749
warmup-time = 36.31501579284668
all-measurements = [ 36.958555459976196, 36.5126256942749, 37.18507385253906,]
