best-result = 111.89872884750366
warmup-time = 114.67740607261658
all-measurements = [ 113.377596616745, 111.89872884750366, 114.9699776172638,]
