best-result = 39.63106060028076
warmup-time = 40.81250786781311
all-measurements = [ 39.63106060028076, 40.76412892341614, 39.87338662147522,]
