best-result = 47.26207494735718
warmup-time = 48.52901601791382
all-measurements = [ 47.26207494735718, 49.15894389152527, 50.231019020080566,]
