best-result = 34.02473211288452
warmup-time = 31.411155939102173
all-measurements = [ 34.37502431869507, 34.02473211288452, 34.71213340759277,]
