best-result = 36.570528984069824
warmup-time = 37.1480827331543
all-measurements = [ 36.87936210632324, 37.30178904533386, 36.570528984069824,]
