best-result = 61.861207723617554
warmup-time = 62.32861065864563
all-measurements = [ 61.861207723617554, 62.38014817237854, 64.88429427146912,]
