best-result = 227.14947819709778
warmup-time = 228.46721053123474
all-measurements = [ 228.5613033771515, 227.14947819709778, 227.23068380355835,]
