best-result = 522.3438630104065
warmup-time = 528.6395149230957
all-measurements = [ 522.7564022541046, 528.0029144287109, 522.3438630104065,]
