best-result = 36.03944277763367
warmup-time = 38.53097867965698
all-measurements = [ 37.319825172424316, 36.03944277763367, 39.80618071556091,]
