best-result = 28.79988408088684
warmup-time = 29.48707866668701
all-measurements = [ 29.778225898742676, 28.79988408088684, 29.238446474075317,]
