best-result = 78.68741512298584
warmup-time = 80.09564304351807
all-measurements = [ 78.68741512298584, 79.00881218910217, 80.50288701057434,]
