best-result = 61.616541147232056
warmup-time = 62.31806802749634
all-measurements = [ 61.616541147232056, 64.1243007183075, 62.110862493515015,]
