best-result = 27.484885215759277
warmup-time = 27.45495295524597
all-measurements = [ 28.34101915359497, 27.484885215759277, 28.32194757461548,]
