best-result = 35.2613742351532
warmup-time = 32.75538372993469
all-measurements = [ 35.81779432296753, 35.89752388000488, 35.2613742351532,]
