best-result = 32.95354175567627
warmup-time = 34.860191345214844
all-measurements = [ 33.71360683441162, 32.95354175567627, 34.40985679626465,]
