best-result = 42.120213985443115
warmup-time = 44.90658974647522
all-measurements = [ 42.84648013114929, 42.120213985443115, 43.096675395965576,]
