best-result = 96.71320295333862
warmup-time = 96.03281545639038
all-measurements = [ 96.71320295333862, 101.08184480667114, 98.67019391059875,]
