best-result = 28.84770631790161
warmup-time = 27.43859362602234
all-measurements = [ 29.123095273971558, 29.7943696975708, 28.84770631790161,]
