best-result = 34.14379358291626
warmup-time = 34.55671286582947
all-measurements = [ 34.14379358291626, 35.030641078948975, 34.377112865448,]
