best-result = 87.24748992919922
warmup-time = 87.51793050765991
all-measurements = [ 95.38166093826294, 87.24748992919922, 96.71624755859375,]
