best-result = 38.04807162284851
warmup-time = 39.39309620857239
all-measurements = [ 39.04095816612244, 38.04807162284851, 39.180992603302,]
