best-result = 43.86604690551758
warmup-time = 44.87341022491455
all-measurements = [ 45.10545778274536, 43.86604690551758, 44.68211102485657,]
