best-result = 28.18337607383728
warmup-time = 29.191717386245728
all-measurements = [ 28.614775896072388, 29.437251567840576, 28.18337607383728,]
