best-result = 702.210371017456
warmup-time = 730.0062010288239
all-measurements = [ 702.210371017456, 703.9502644538879, 704.615692615509,]
