best-result = 176.53366255760193
warmup-time = 178.4270248413086
all-measurements = [ 177.24238681793213, 176.53366255760193, 179.08261632919312,]
