best-result = 66.92798256874084
warmup-time = 70.26702976226807
all-measurements = [ 69.26277256011963, 66.92798256874084, 69.10981631278992,]
