best-result = 25.667150735855103
warmup-time = 26.071268320083618
all-measurements = [ 25.924426317214966, 25.870076417922974, 25.667150735855103,]
