best-result = 36.97401976585388
warmup-time = 37.90124320983887
all-measurements = [ 36.97401976585388, 38.23012137413025, 38.12705326080322,]
