best-result = 30.347288846969604
warmup-time = 31.989078044891357
all-measurements = [ 31.663588762283325, 30.347288846969604, 31.265970468521118,]
