best-result = 266.65567231178284
warmup-time = 269.3571865558624
all-measurements = [ 266.8162760734558, 266.65567231178284, 266.7587320804596,]
