best-result = 36.124279260635376
warmup-time = 36.88242864608765
all-measurements = [ 36.79414939880371, 36.124279260635376, 37.36443209648132,]
