best-result = 112.58521461486816
warmup-time = 116.33356547355652
all-measurements = [ 112.58521461486816, 114.25677585601807, 113.83584523200989,]
