best-result = 41.296401262283325
warmup-time = 42.06519103050232
all-measurements = [ 41.296401262283325, 41.787912130355835, 41.77666759490967,]
