best-result = 48.37796139717102
warmup-time = 47.24047589302063
all-measurements = [ 48.37796139717102, 48.80096888542175, 49.0905122756958,]
