best-result = 33.490906953811646
warmup-time = 33.91956973075867
all-measurements = [ 33.490906953811646, 34.3991003036499, 33.91349220275879,]
