best-result = 35.753912925720215
warmup-time = 37.7749285697937
all-measurements = [ 36.57356572151184, 35.753912925720215, 37.325745582580566,]
