best-result = 58.563047647476196
warmup-time = 65.88589239120483
all-measurements = [ 61.384188413619995, 63.1959753036499, 58.563047647476196,]
