best-result = 228.37946486473083
warmup-time = 231.48063969612122
all-measurements = [ 232.18102836608887, 229.3361954689026, 228.37946486473083,]
