best-result = 525.3040375709534
warmup-time = 527.919909954071
all-measurements = [ 527.7753210067749, 525.3040375709534, 527.25816655159,]
