best-result = 36.53636026382446
warmup-time = 36.546666860580444
all-measurements = [ 36.944998264312744, 37.431562185287476, 36.53636026382446,]
