best-result = 28.74788522720337
warmup-time = 28.259225368499756
all-measurements = [ 28.74788522720337, 29.127102613449097, 28.766173601150513,]
