best-result = 72.38881278038025
warmup-time = 85.73271751403809
all-measurements = [ 76.550466299057, 78.45018029212952, 72.38881278038025,]
