best-result = 62.078914165496826
warmup-time = 61.15298914909363
all-measurements = [ 63.83717226982117, 62.37815976142883, 62.078914165496826,]
