best-result = 26.980361223220825
warmup-time = 28.25281834602356
all-measurements = [ 26.980361223220825, 27.217878341674805, 27.602545022964478,]
