best-result = 32.34941482543945
warmup-time = 32.102808475494385
all-measurements = [ 32.34941482543945, 35.85832333564758, 35.91452980041504,]
