best-result = 33.47497057914734
warmup-time = 33.51790165901184
all-measurements = [ 33.47497057914734, 34.479631662368774, 34.66601920127869,]
