best-result = 41.816166639328
warmup-time = 41.90297269821167
all-measurements = [ 42.90106725692749, 43.52600312232971, 41.816166639328,]
