best-result = 96.41901397705078
warmup-time = 96.95472073554993
all-measurements = [ 99.44891381263733, 98.84095096588135, 96.41901397705078,]
