best-result = 28.979416608810425
warmup-time = 28.25144934654236
all-measurements = [ 29.28035616874695, 28.979416608810425, 29.15717363357544,]
