best-result = 34.66823434829712
warmup-time = 34.61569023132324
all-measurements = [ 35.435335636138916, 35.26151132583618, 34.66823434829712,]
