best-result = 87.08243417739868
warmup-time = 100.82489442825317
all-measurements = [ 87.08243417739868, 87.4175591468811, 90.05291318893433,]
