best-result = 38.78749632835388
warmup-time = 38.5671272277832
all-measurements = [ 38.78749632835388, 39.434412717819214, 39.672972202301025,]
