best-result = 42.59371638298035
warmup-time = 43.813297271728516
all-measurements = [ 42.59371638298035, 45.031354665756226, 44.21854114532471,]
