best-result = 28.685580730438232
warmup-time = 28.730286836624146
all-measurements = [ 28.75624418258667, 28.87001395225525, 28.685580730438232,]
