best-result = 693.0677399635315
warmup-time = 729.0729682445526
all-measurements = [ 693.0677399635315, 703.0003044605255, 702.8736188411713,]
