best-result = 174.82957887649536
warmup-time = 177.37361693382263
all-measurements = [ 179.45377802848816, 179.15350532531738, 174.82957887649536,]
