best-result = 66.24516582489014
warmup-time = 56.3377640247345
all-measurements = [ 69.55102825164795, 66.24516582489014, 69.08274292945862,]
