best-result = 22.812917709350586
warmup-time = 23.03564429283142
all-measurements = [ 22.85698175430298, 22.94182515144348, 22.812917709350586,]
