best-result = 49.654356718063354
warmup-time = 64.54406881332397
all-measurements = [ 49.654356718063354, 50.35774302482605, 49.77285671234131,]
