best-result = 52.5539288520813
warmup-time = 64.78856158256531
all-measurements = [ 52.787800312042236, 52.57883882522583, 52.5539288520813,]
