best-result = 1195.1634714603424
warmup-time = 1418.2496583461761
all-measurements = [ 1200.2103776931763, 1196.5253913402557, 1195.1634714603424,]
