best-result = 86.3786244392395
warmup-time = 102.05079245567322
all-measurements = [ 87.4384388923645, 87.09774923324585, 86.3786244392395,]
