best-result = 1093.8434064388275
warmup-time = 1124.911078453064
all-measurements = [ 1098.9732594490051, 1093.8434064388275, 1095.7215917110443,]
