best-result = 84.33625745773315
warmup-time = 106.8500406742096
all-measurements = [ 85.30135250091553, 85.09621143341064, 84.33625745773315,]
