best-result = 74.04906344413757
warmup-time = 95.36943006515503
all-measurements = [ 74.05463790893555, 74.04906344413757, 74.89412450790405,]
