best-result = 94.18408584594727
warmup-time = 109.59661173820496
all-measurements = [ 94.19607663154602, 94.18408584594727, 95.52299880981445,]
