best-result = 65.46724271774292
warmup-time = 78.96257591247559
all-measurements = [ 65.46724271774292, 65.6602234840393, 65.96122121810913,]
