best-result = 222.23818469047546
warmup-time = 395.2823555469513
all-measurements = [ 223.08594131469727, 222.23818469047546, 223.94188046455383,]
