best-result = 437.26731848716736
warmup-time = 913.4567015171051
all-measurements = [ 440.15607476234436, 445.34899735450745, 437.26731848716736,]
