best-result = 65.19832706451416
warmup-time = 81.99050188064575
all-measurements = [ 65.70344710350037, 65.54182600975037, 65.19832706451416,]
