best-result = 39.5461208820343
warmup-time = 48.07759141921997
all-measurements = [ 39.66274881362915, 39.5461208820343, 39.71142840385437,]
