best-result = 146.21837306022644
warmup-time = 181.46573972702026
all-measurements = [ 146.27985405921936, 146.21837306022644, 147.12048196792603,]
