best-result = 926.419497013092
warmup-time = 959.2085783481598
all-measurements = [ 927.0901787281036, 926.419497013092, 929.6491496562958,]
