best-result = 28.162463665008545
warmup-time = 36.6325364112854
all-measurements = [ 28.317978382110596, 28.488719940185547, 28.162463665008545,]
