best-result = 62.85013508796692
warmup-time = 77.49792814254761
all-measurements = [ 63.184690713882446, 63.647505044937134, 62.85013508796692,]
