best-result = 60.27635860443115
warmup-time = 74.70682954788208
all-measurements = [ 60.36359357833862, 60.27635860443115, 61.03234934806824,]
