best-result = 120.7085931301117
warmup-time = 149.565092086792
all-measurements = [ 120.7085931301117, 121.16808581352234, 121.43227767944336,]
