best-result = 828.6934792995453
warmup-time = 897.3469748497009
all-measurements = [ 832.6657440662384, 833.6652162075043, 828.6934792995453,]
