best-result = 33.80198407173157
warmup-time = 41.97546362876892
all-measurements = [ 33.80198407173157, 34.467212438583374, 34.26516890525818,]
