best-result = 56.64606165885925
warmup-time = 72.67166543006897
all-measurements = [ 57.070544719696045, 56.69859313964844, 56.64606165885925,]
