best-result = 1760.6916189193726
warmup-time = 1454.4206547737122
all-measurements = [ 1760.6916189193726, 2317.9443135261536, 2169.666833639145,]
