best-result = 52.4080924987793
warmup-time = 74.56435322761536
all-measurements = [ 52.44133019447327, 52.4080924987793, 52.63736844062805,]
