best-result = 90.23932385444641
warmup-time = 112.6936628818512
all-measurements = [ 90.41757726669312, 90.23932385444641, 90.70810389518738,]
