best-result = 38.10853981971741
warmup-time = 48.083330154418945
all-measurements = [ 38.37174105644226, 38.10853981971741, 38.89652967453003,]
