best-result = 388.9963252544403
warmup-time = 541.8292744159698
all-measurements = [ 395.13042426109314, 388.9963252544403, 396.36837124824524,]
