best-result = 59.02295756340027
warmup-time = 59.816972970962524
all-measurements = [ 59.04266285896301, 59.14094853401184, 59.02295756340027,]
