best-result = 25.87799859046936
warmup-time = 25.83720827102661
all-measurements = [ 25.87799859046936, 26.13467574119568, 25.992465496063232,]
