best-result = 37.56102442741394
warmup-time = 38.78852295875549
all-measurements = [ 38.3599808216095, 37.56102442741394, 37.758530139923096,]
