best-result = 31.224313020706177
warmup-time = 31.87404465675354
all-measurements = [ 31.529884576797485, 31.224313020706177, 31.498631238937378,]
