best-result = 266.0248019695282
warmup-time = 270.56538796424866
all-measurements = [ 266.741641998291, 268.52395272254944, 266.0248019695282,]
