best-result = 36.45481634140015
warmup-time = 36.880282163619995
all-measurements = [ 37.15593957901001, 36.45481634140015, 36.885810136795044,]
