best-result = 41.48669457435608
warmup-time = 41.34582257270813
all-measurements = [ 42.79554605484009, 41.48669457435608, 41.9000563621521,]
