best-result = 49.39565324783325
warmup-time = 50.170087814331055
all-measurements = [ 49.39565324783325, 50.27147030830383, 51.25739789009094,]
