best-result = 33.25556826591492
warmup-time = 33.8485152721405
all-measurements = [ 33.549750328063965, 33.25556826591492, 35.21754240989685,]
