best-result = 36.80920886993408
warmup-time = 38.00241231918335
all-measurements = [ 37.46430015563965, 36.80920886993408, 37.48971724510193,]
