best-result = 64.64523768424988
warmup-time = 62.53338813781738
all-measurements = [ 64.64523768424988, 67.05665898323059, 65.41403985023499,]
