best-result = 224.99222564697266
warmup-time = 230.59926223754883
all-measurements = [ 229.61703085899353, 226.34157943725586, 224.99222564697266,]
