best-result = 523.0985205173492
warmup-time = 528.8628067970276
all-measurements = [ 523.0985205173492, 524.094152212143, 524.6273758411407,]
