best-result = 35.69610357284546
warmup-time = 35.48491978645325
all-measurements = [ 35.69610357284546, 38.96758151054382, 35.87656092643738,]
