best-result = 70.31569337844849
warmup-time = 77.5666127204895
all-measurements = [ 70.31569337844849, 83.56476831436157, 84.00794959068298,]
