best-result = 62.73249959945679
warmup-time = 63.03790736198425
all-measurements = [ 62.73249959945679, 65.1683132648468, 62.907167196273804,]
