best-result = 27.643701791763306
warmup-time = 27.53258728981018
all-measurements = [ 28.28378701210022, 27.643701791763306, 28.1286141872406,]
