best-result = 32.03022313117981
warmup-time = 35.99143934249878
all-measurements = [ 32.03022313117981, 32.93041157722473, 35.43414378166199,]
