best-result = 31.582211017608643
warmup-time = 33.13933849334717
all-measurements = [ 34.253411293029785, 31.582211017608643, 34.38320541381836,]
