best-result = 41.805893421173096
warmup-time = 44.49402618408203
all-measurements = [ 43.67510962486267, 41.805893421173096, 41.984697580337524,]
