best-result = 96.85970091819763
warmup-time = 98.84725832939148
all-measurements = [ 96.85970091819763, 96.9056043624878, 98.96826815605164,]
