best-result = 27.52879810333252
warmup-time = 27.913470029830933
all-measurements = [ 29.64462113380432, 27.52879810333252, 27.981224060058594,]
