best-result = 34.498164653778076
warmup-time = 34.62800431251526
all-measurements = [ 34.95127868652344, 35.026012659072876, 34.498164653778076,]
