best-result = 92.54308891296387
warmup-time = 95.33520126342773
all-measurements = [ 92.54308891296387, 96.3367133140564, 95.27222967147827,]
