best-result = 39.62370014190674
warmup-time = 40.55463910102844
all-measurements = [ 39.969929218292236, 39.62370014190674, 40.879512786865234,]
