best-result = 45.283226013183594
warmup-time = 47.30508303642273
all-measurements = [ 45.99579429626465, 45.283226013183594, 46.05944228172302,]
