best-result = 28.3317551612854
warmup-time = 29.13865828514099
all-measurements = [ 28.513275623321533, 28.3317551612854, 29.18743133544922,]
