best-result = 704.3770596981049
warmup-time = 739.9594292640686
all-measurements = [ 704.4989178180695, 704.3770596981049, 708.2144179344177,]
