best-result = 175.66451025009155
warmup-time = 179.5185763835907
all-measurements = [ 176.98796486854553, 178.04717683792114, 175.66451025009155,]
