best-result = 59.79747939109802
warmup-time = 68.17547917366028
all-measurements = [ 64.35970449447632, 67.57522296905518, 59.79747939109802,]
