best-result = 22.91200613975525
warmup-time = 23.06388783454895
all-measurements = [ 23.248409271240234, 22.91200613975525, 24.426737785339355,]
