best-result = 46.45185875892639
warmup-time = 64.6516044139862
all-measurements = [ 47.18855571746826, 46.45185875892639, 46.58656573295593,]
