best-result = 46.22794985771179
warmup-time = 58.21215057373047
all-measurements = [ 46.22794985771179, 47.09506130218506, 46.69557523727417,]
