best-result = 935.3775804042816
warmup-time = 1127.9950158596039
all-measurements = [ 959.2912259101868, 935.3775804042816, 963.3260896205902,]
