best-result = 84.41854500770569
warmup-time = 98.75316190719604
all-measurements = [ 84.41854500770569, 84.99279856681824, 84.9406967163086,]
