best-result = 82.28773283958435
warmup-time = 103.99362087249756
all-measurements = [ 82.828946352005, 82.28773283958435, 82.7864773273468,]
