best-result = 70.20963788032532
warmup-time = 92.5005624294281
all-measurements = [ 70.20963788032532, 70.35500407218933, 70.65014934539795,]
