best-result = 90.02343153953552
warmup-time = 104.6320321559906
all-measurements = [ 90.02343153953552, 91.57408785820007, 90.73863434791565,]
