best-result = 628.7297093868256
warmup-time = 648.4672894477844
all-measurements = [ 635.2947494983673, 633.5369749069214, 628.7297093868256,]
