best-result = 65.44215369224548
warmup-time = 75.83413863182068
all-measurements = [ 65.87242794036865, 65.86988043785095, 65.44215369224548,]
