best-result = 220.03180718421936
warmup-time = 372.2972717285156
all-measurements = [ 220.44949340820312, 220.03180718421936, 224.91378712654114,]
