best-result = 443.02603030204773
warmup-time = 879.4232523441315
all-measurements = [ 443.9058413505554, 445.61410665512085, 443.02603030204773,]
