best-result = 61.477375507354736
warmup-time = 78.41759037971497
all-measurements = [ 62.123531341552734, 62.44365310668945, 61.477375507354736,]
