best-result = 142.02664256095886
warmup-time = 173.5476269721985
all-measurements = [ 142.91148018836975, 143.28096103668213, 142.02664256095886,]
