best-result = 890.5034909248352
warmup-time = 926.268551826477
all-measurements = [ 892.7009162902832, 891.2726881504059, 890.5034909248352,]
