best-result = 27.5048565864563
warmup-time = 36.65379452705383
all-measurements = [ 27.795725107192993, 27.5048565864563, 28.01524066925049,]
