best-result = 58.19628691673279
warmup-time = 72.18991279602051
all-measurements = [ 58.9161262512207, 59.72418737411499, 58.19628691673279,]
