best-result = 59.16733479499817
warmup-time = 75.37721991539001
all-measurements = [ 59.8027081489563, 59.16733479499817, 68.03359246253967,]
