best-result = 109.40717434883118
warmup-time = 154.38221883773804
all-measurements = [ 110.56968331336975, 110.41373443603516, 109.40717434883118,]
