best-result = 784.2882654666901
warmup-time = 853.563955783844
all-measurements = [ 784.3715491294861, 786.2146492004395, 784.2882654666901,]
