best-result = 33.626604080200195
warmup-time = 41.55963134765625
all-measurements = [ 33.80185317993164, 33.626604080200195, 33.9637234210968,]
