best-result = 54.955790519714355
warmup-time = 70.25094318389893
all-measurements = [ 55.234620809555054, 54.955790519714355, 55.365466356277466,]
