best-result = 2182.6079671382904
warmup-time = 2267.4518530368805
all-measurements = [ 3086.6567656993866, 3024.316086292267, 2182.6079671382904,]
