best-result = 49.752708196640015
warmup-time = 71.6840009689331
all-measurements = [ 49.993778228759766, 50.0477352142334, 49.752708196640015,]
