best-result = 78.49517011642456
warmup-time = 98.04154348373413
all-measurements = [ 78.72263073921204, 78.49517011642456, 79.04279232025146,]
