best-result = 36.538925886154175
warmup-time = 47.165340423583984
all-measurements = [ 36.73227381706238, 36.93867897987366, 36.538925886154175,]
