best-result = 350.6158366203308
warmup-time = 483.50758361816406
all-measurements = [ 353.3696584701538, 355.82447147369385, 350.6158366203308,]
