best-result = 58.77629017829895
warmup-time = 60.07116675376892
all-measurements = [ 60.42309784889221, 59.09285235404968, 58.77629017829895,]
