best-result = 25.549797296524048
warmup-time = 26.081297397613525
all-measurements = [ 26.26442813873291, 25.549797296524048, 26.264779567718506,]
