best-result = 35.90884828567505
warmup-time = 38.852823972702026
all-measurements = [ 35.90884828567505, 37.08466911315918, 38.54190921783447,]
