best-result = 31.179441690444946
warmup-time = 31.471832036972046
all-measurements = [ 31.7110698223114, 31.179441690444946, 31.420504808425903,]
