best-result = 255.0973982810974
warmup-time = 263.3606655597687
all-measurements = [ 257.4803144931793, 255.0973982810974, 255.87613439559937,]
