best-result = 35.77379655838013
warmup-time = 37.26122760772705
all-measurements = [ 35.77379655838013, 36.34991931915283, 36.43002247810364,]
