best-result = 112.3977472782135
warmup-time = 114.88206958770752
all-measurements = [ 112.3977472782135, 113.15434193611145, 112.98728370666504,]
