best-result = 33.797863245010376
warmup-time = 35.45733046531677
all-measurements = [ 35.89355659484863, 35.182512283325195, 33.797863245010376,]
