best-result = 39.667479038238525
warmup-time = 41.94739079475403
all-measurements = [ 39.667479038238525, 41.20033144950867, 39.94983744621277,]
