best-result = 47.6425998210907
warmup-time = 48.840022563934326
all-measurements = [ 47.6425998210907, 49.17250061035156, 49.01563119888306,]
