best-result = 32.75644326210022
warmup-time = 33.34816932678223
all-measurements = [ 33.326528787612915, 33.30022144317627, 32.75644326210022,]
