best-result = 36.966628551483154
warmup-time = 37.39418435096741
all-measurements = [ 36.966628551483154, 37.32887816429138, 38.78245830535889,]
