best-result = 61.05898427963257
warmup-time = 64.36480450630188
all-measurements = [ 61.461979389190674, 61.415499448776245, 61.05898427963257,]
