best-result = 223.32151794433594
warmup-time = 225.3713173866272
all-measurements = [ 224.30031871795654, 227.0213325023651, 223.32151794433594,]
