best-result = 515.68221783638
warmup-time = 520.8195147514343
all-measurements = [ 515.68221783638, 519.7524547576904, 540.4544534683228,]
