best-result = 36.19808006286621
warmup-time = 36.759488344192505
all-measurements = [ 37.2576584815979, 36.44037365913391, 36.19808006286621,]
