best-result = 28.77865481376648
warmup-time = 29.16705298423767
all-measurements = [ 29.277697801589966, 29.56450891494751, 28.77865481376648,]
