best-result = 71.71563243865967
warmup-time = 85.02698755264282
all-measurements = [ 71.71577095985413, 71.71563243865967, 78.12750244140625,]
