best-result = 61.544851779937744
warmup-time = 63.516170024871826
all-measurements = [ 63.265411376953125, 61.82079792022705, 61.544851779937744,]
