best-result = 27.62970209121704
warmup-time = 29.79481267929077
all-measurements = [ 28.525068998336792, 27.62970209121704, 28.027304649353027,]
