best-result = 35.20513725280762
warmup-time = 34.993162870407104
all-measurements = [ 35.294939041137695, 35.20513725280762, 36.21878409385681,]
