best-result = 33.53165340423584
warmup-time = 33.904675006866455
all-measurements = [ 34.2554988861084, 33.53165340423584, 34.930904150009155,]
