best-result = 42.93456697463989
warmup-time = 43.9610595703125
all-measurements = [ 43.49679613113403, 43.166091203689575, 42.93456697463989,]
