best-result = 95.70026659965515
warmup-time = 96.31388735771179
all-measurements = [ 95.70026659965515, 99.2042989730835, 96.1870014667511,]
