best-result = 27.572474002838135
warmup-time = 29.44851326942444
all-measurements = [ 28.970571994781494, 28.009546756744385, 27.572474002838135,]
