best-result = 33.695465087890625
warmup-time = 35.47272062301636
all-measurements = [ 33.827529191970825, 33.695465087890625, 34.12241196632385,]
