best-result = 87.73573017120361
warmup-time = 96.49939370155334
all-measurements = [ 87.73573017120361, 97.28607249259949, 96.50645589828491,]
