best-result = 37.26279854774475
warmup-time = 39.27783179283142
all-measurements = [ 39.91418123245239, 37.26279854774475, 38.5045690536499,]
