best-result = 44.21221613883972
warmup-time = 43.68033313751221
all-measurements = [ 44.99662971496582, 46.98918080329895, 44.21221613883972,]
