best-result = 49.85495042800903
warmup-time = 50.367151737213135
all-measurements = [ 50.5593056678772, 49.85495042800903, 50.99393606185913,]
