best-result = 27.93429160118103
warmup-time = 27.9071147441864
all-measurements = [ 29.314149379730225, 28.577161073684692, 27.93429160118103,]
