best-result = 644.5743472576141
warmup-time = 683.650283575058
all-measurements = [ 645.4196598529816, 644.5743472576141, 660.5958979129791,]
