best-result = 170.0223274230957
warmup-time = 172.7488522529602
all-measurements = [ 170.0223274230957, 172.75105333328247, 173.58396339416504,]
