best-result = 55.129576444625854
warmup-time = 64.3818941116333
all-measurements = [ 66.46632289886475, 57.661893129348755, 55.129576444625854,]
