best-result = 22.711158990859985
warmup-time = 22.778284072875977
all-measurements = [ 22.94487500190735, 22.711158990859985, 22.824188232421875,]
