best-result = 46.78536629676819
warmup-time = 63.50088620185852
all-measurements = [ 46.968504905700684, 46.98299551010132, 46.78536629676819,]
