best-result = 46.6769917011261
warmup-time = 58.79291009902954
all-measurements = [ 46.6769917011261, 46.99232745170593, 46.9455771446228,]
