best-result = 932.1411075592041
warmup-time = 1128.7233622074127
all-measurements = [ 939.5958807468414, 959.0163631439209, 932.1411075592041,]
