best-result = 85.1331512928009
warmup-time = 100.41152691841125
all-measurements = [ 85.43562436103821, 85.1331512928009, 85.83263206481934,]
