best-result = 81.87102389335632
warmup-time = 103.9371976852417
all-measurements = [ 81.993816614151, 81.87102389335632, 82.08452153205872,]
