best-result = 70.78136014938354
warmup-time = 92.6276912689209
all-measurements = [ 71.60367584228516, 70.78136014938354, 71.02614235877991,]
