best-result = 91.62837624549866
warmup-time = 105.20882225036621
all-measurements = [ 92.1507420539856, 91.62837624549866, 92.08314681053162,]
