best-result = 634.1421763896942
warmup-time = 647.2832543849945
all-measurements = [ 639.0530951023102, 635.2937281131744, 634.1421763896942,]
