best-result = 64.58969807624817
warmup-time = 75.6736171245575
all-measurements = [ 64.89172458648682, 64.93803215026855, 64.58969807624817,]
