best-result = 220.14934253692627
warmup-time = 372.7309534549713
all-measurements = [ 223.28653144836426, 220.14934253692627, 220.37923288345337,]
