best-result = 438.72698044776917
warmup-time = 885.5257213115692
all-measurements = [ 441.35516452789307, 438.72698044776917, 440.3318817615509,]
