best-result = 62.23958349227905
warmup-time = 77.55421042442322
all-measurements = [ 63.21636462211609, 62.28740882873535, 62.23958349227905,]
