best-result = 142.95806908607483
warmup-time = 165.6423041820526
all-measurements = [ 143.4575071334839, 142.95806908607483, 144.26850247383118,]
