best-result = 887.5690560340881
warmup-time = 919.8784627914429
all-measurements = [ 892.4722473621368, 887.5690560340881, 888.2674016952515,]
