best-result = 27.43248224258423
warmup-time = 35.11970853805542
all-measurements = [ 27.433849573135376, 28.303020000457764, 27.43248224258423,]
