best-result = 58.50713062286377
warmup-time = 72.20293402671814
all-measurements = [ 58.743173122406006, 58.89317274093628, 58.50713062286377,]
