best-result = 60.056843280792236
warmup-time = 73.32755208015442
all-measurements = [ 60.056843280792236, 68.87025761604309, 70.13453483581543,]
