best-result = 110.8780472278595
warmup-time = 139.42889618873596
all-measurements = [ 111.9183702468872, 110.8780472278595, 111.92745208740234,]
