best-result = 788.0685615539551
warmup-time = 863.5619306564331
all-measurements = [ 789.6940648555756, 788.4045586585999, 788.0685615539551,]
