best-result = 33.87930774688721
warmup-time = 40.99149680137634
all-measurements = [ 33.99847960472107, 33.87930774688721, 34.09405755996704,]
