best-result = 54.60337972640991
warmup-time = 71.04216361045837
all-measurements = [ 54.60337972640991, 55.46975016593933, 55.38958024978638,]
