best-result = 2164.266144514084
warmup-time = 2493.3083877563477
all-measurements = [ 2271.4639177322388, 2498.6393613815308, 2164.266144514084,]
