best-result = 49.919198751449585
warmup-time = 72.28832530975342
all-measurements = [ 50.08599591255188, 50.04426980018616, 49.919198751449585,]
