best-result = 78.53507566452026
warmup-time = 97.12979197502136
all-measurements = [ 78.53507566452026, 78.67841744422913, 79.38039302825928,]
