best-result = 36.5634548664093
warmup-time = 46.40861511230469
all-measurements = [ 36.5634548664093, 37.22411251068115, 37.38965725898743,]
