best-result = 356.32250690460205
warmup-time = 492.4119849205017
all-measurements = [ 356.32250690460205, 368.2554693222046, 367.3782088756561,]
