best-result = 58.72312140464783
warmup-time = 59.70096445083618
all-measurements = [ 59.4577260017395, 60.26539325714111, 58.72312140464783,]
