best-result = 24.1286678314209
warmup-time = 24.115973949432373
all-measurements = [ 24.245497465133667, 24.150420904159546, 24.1286678314209,]
