best-result = 47.895137548446655
warmup-time = 63.26956009864807
all-measurements = [ 48.005356311798096, 47.895137548446655, 48.649354696273804,]
