best-result = 47.952147483825684
warmup-time = 58.768383264541626
all-measurements = [ 47.952147483825684, 48.19648623466492, 48.282522439956665,]
