best-result = 906.990469455719
warmup-time = 1073.4246892929077
all-measurements = [ 908.2406318187714, 922.290032863617, 906.990469455719,]
