best-result = 85.34759402275085
warmup-time = 98.89857006072998
all-measurements = [ 85.76133513450623, 85.34759402275085, 85.77108502388,]
