best-result = 872.7575285434723
warmup-time = 906.1199979782104
all-measurements = [ 872.7575285434723, 876.5613930225372, 874.7081038951874,]
