best-result = 68.271564245224
warmup-time = 82.14508414268494
all-measurements = [ 68.271564245224, 68.79961109161377, 69.29185962677002,]
