best-result = 85.18027520179749
warmup-time = 105.2040343284607
all-measurements = [ 85.18027520179749, 85.2822732925415, 86.57618236541748,]
