best-result = 69.73327302932739
warmup-time = 89.18974709510803
all-measurements = [ 69.73327302932739, 70.74031567573547, 70.80714130401611,]
