best-result = 88.19783759117126
warmup-time = 101.4715006351471
all-measurements = [ 88.19783759117126, 88.49256086349487, 88.44176006317139,]
