best-result = 653.634973526001
warmup-time = 668.4423158168793
all-measurements = [ 655.5389683246613, 665.0223338603973, 653.634973526001,]
