best-result = 64.2678165435791
warmup-time = 80.1127598285675
all-measurements = [ 64.2678165435791, 64.49025344848633, 65.42470407485962,]
