best-result = 192.11406588554382
warmup-time = 343.26059341430664
all-measurements = [ 193.7068727016449, 193.1744794845581, 192.11406588554382,]
