best-result = 391.1628222465515
warmup-time = 826.0958683490753
all-measurements = [ 395.79660725593567, 395.17016220092773, 391.1628222465515,]
