best-result = 64.18414878845215
warmup-time = 80.64258790016174
all-measurements = [ 64.18414878845215, 65.02869415283203, 64.24102807044983,]
