best-result = 41.824050188064575
warmup-time = 49.51478981971741
all-measurements = [ 41.824050188064575, 42.58447575569153, 42.23598122596741,]
