best-result = 137.3455262184143
warmup-time = 157.34666395187378
all-measurements = [ 137.3455262184143, 137.92034268379211, 137.6920154094696,]
