best-result = 934.1579883098602
warmup-time = 957.9266648292542
all-measurements = [ 934.1579883098602, 938.389219045639, 937.5724687576294,]
