best-result = 29.03886342048645
warmup-time = 37.90421009063721
all-measurements = [ 29.0518057346344, 29.265210151672363, 29.03886342048645,]
