best-result = 60.147714376449585
warmup-time = 74.89153265953064
all-measurements = [ 60.74845552444458, 60.679720878601074, 60.147714376449585,]
