best-result = 60.84522247314453
warmup-time = 74.8220682144165
all-measurements = [ 60.84522247314453, 61.20443081855774,]
