best-result = 109.93846797943115
warmup-time = 138.65101385116577
all-measurements = [ 111.57935929298401, 111.02778601646423, 109.93846797943115,]
