best-result = 778.4384195804596
warmup-time = 843.6100018024445
all-measurements = [ 778.4384195804596, 780.9236409664154, 781.2256119251251,]
