best-result = 35.30546236038208
warmup-time = 43.48593997955322
all-measurements = [ 35.30546236038208, 35.72490835189819, 36.15447282791138,]
