best-result = 57.163830041885376
warmup-time = 71.33381152153015
all-measurements = [ 57.72309374809265, 57.56071615219116, 57.163830041885376,]
