best-result = 1821.0164783000946
warmup-time = 3149.310344696045
all-measurements = [ 2572.629463195801, 2411.689376592636, 1821.0164783000946,]
