best-result = 50.456711292266846
warmup-time = 71.92103695869446
all-measurements = [ 50.92582821846008, 51.03247928619385, 50.456711292266846,]
