best-result = 83.04972553253174
warmup-time = 102.38486218452454
all-measurements = [ 83.04972553253174, 83.38268303871155, 84.63267922401428,]
