best-result = 93.79151725769043
warmup-time = 115.62698316574097
all-measurements = [ 93.79151725769043, 93.93846535682678, 94.13064670562744,]
