best-result = 38.96112871170044
warmup-time = 47.38633441925049
all-measurements = [ 39.43508958816528, 39.691359996795654, 38.96112871170044,]
