best-result = 316.8643469810486
warmup-time = 452.3956563472748
all-measurements = [ 321.39855885505676, 316.8643469810486, 317.0214865207672,]
