best-result = 61.667399883270264
warmup-time = 63.079636096954346
all-measurements = [ 61.667399883270264, 61.887035608291626, 61.87359690666199,]
