best-result = 25.56733250617981
warmup-time = 26.123213529586792
all-measurements = [ 25.56733250617981, 25.702775478363037, 25.89038872718811,]
