best-result = 36.78786492347717
warmup-time = 37.50721740722656
all-measurements = [ 36.78786492347717, 37.93821048736572, 38.25604248046875,]
