best-result = 30.728500366210938
warmup-time = 31.029072999954224
all-measurements = [ 31.110985279083252, 30.854491710662842, 30.728500366210938,]
