best-result = 262.4257607460022
warmup-time = 267.8840913772583
all-measurements = [ 263.38794589042664, 264.9865822792053, 262.4257607460022,]
