best-result = 36.83988618850708
warmup-time = 37.608142137527466
all-measurements = [ 36.83988618850708, 37.17507481575012, 37.03729319572449,]
