best-result = 40.3594446182251
warmup-time = 40.30279040336609
all-measurements = [ 42.46698975563049, 40.3594446182251, 41.34575963020325,]
