best-result = 48.86739897727966
warmup-time = 48.91081261634827
all-measurements = [ 50.75287985801697, 48.86739897727966, 48.96185255050659,]
