best-result = 32.58008694648743
warmup-time = 34.23951315879822
all-measurements = [ 33.04582214355469, 32.58008694648743, 33.70676589012146,]
