best-result = 35.27889609336853
warmup-time = 37.240758419036865
all-measurements = [ 35.27889609336853, 37.045520067214966, 36.83155536651611,]
