best-result = 60.83447027206421
warmup-time = 66.87143683433533
all-measurements = [ 64.61719012260437, 60.83447027206421, 64.82519769668579,]
