best-result = 224.22939682006836
warmup-time = 229.4728364944458
all-measurements = [ 227.28305959701538, 226.79360055923462, 224.22939682006836,]
