best-result = 519.4844794273376
warmup-time = 523.3029670715332
all-measurements = [ 519.4844794273376, 522.0457918643951, 522.3414554595947,]
