best-result = 35.95699691772461
warmup-time = 37.29081463813782
all-measurements = [ 37.28379273414612, 36.167115211486816, 35.95699691772461,]
