best-result = 79.25877451896667
warmup-time = 83.63881778717041
all-measurements = [ 79.25877451896667, 82.83172059059143, 81.0013120174408,]
