best-result = 61.674436807632446
warmup-time = 65.20257711410522
all-measurements = [ 64.42912244796753, 61.97207021713257, 61.674436807632446,]
