best-result = 27.378194332122803
warmup-time = 28.563016653060913
all-measurements = [ 27.378194332122803, 28.299330234527588, 28.003734588623047,]
