best-result = 35.465038776397705
warmup-time = 35.66093468666077
all-measurements = [ 35.465038776397705, 35.48449492454529, 35.55296349525452,]
