best-result = 34.51584839820862
warmup-time = 33.33566093444824
all-measurements = [ 35.68573570251465, 34.51584839820862, 34.68842124938965,]
