best-result = 40.76212692260742
warmup-time = 41.29357171058655
all-measurements = [ 40.76212692260742, 43.77731895446777, 42.13382124900818,]
