best-result = 97.31407761573792
warmup-time = 98.63867545127869
all-measurements = [ 98.19486141204834, 97.31407761573792, 97.74346613883972,]
