best-result = 28.144161701202393
warmup-time = 29.09814977645874
all-measurements = [ 28.144161701202393, 29.20626163482666, 29.452648878097534,]
