best-result = 34.13619518280029
warmup-time = 35.06029534339905
all-measurements = [ 35.745731592178345, 35.196561336517334, 34.13619518280029,]
