best-result = 86.6027159690857
warmup-time = 94.95416283607483
all-measurements = [ 86.6027159690857, 93.73756575584412, 92.1385931968689,]
