best-result = 37.83850383758545
warmup-time = 39.65785336494446
all-measurements = [ 39.77799415588379, 37.83850383758545, 39.7192587852478,]
