best-result = 44.519752740859985
warmup-time = 45.36691904067993
all-measurements = [ 44.54991149902344, 45.97395372390747, 44.519752740859985,]
