best-result = 28.465534448623657
warmup-time = 28.050232648849487
all-measurements = [ 28.465534448623657, 28.74596381187439, 28.990723371505737,]
