best-result = 697.7155740261078
warmup-time = 736.6564574241638
all-measurements = [ 697.7155740261078, 699.6495516300201, 699.8870480060577,]
