best-result = 174.2255575656891
warmup-time = 175.52598571777344
all-measurements = [ 175.25818395614624, 176.03893327713013, 174.2255575656891,]
