best-result = 59.17808532714844
warmup-time = 57.853759765625
all-measurements = [ 59.17808532714844, 70.81667971611023, 68.05861830711365,]
