best-result = 26.111791849136353
warmup-time = 27.19438362121582
all-measurements = [ 26.724684476852417, 26.111791849136353, 26.696005821228027,]
