best-result = 36.79125738143921
warmup-time = 37.81915807723999
all-measurements = [ 37.08565354347229, 37.704060792922974, 36.79125738143921,]
