best-result = 30.571491241455078
warmup-time = 31.70555353164673
all-measurements = [ 31.001173973083496, 30.88280439376831, 30.571491241455078,]
