best-result = 256.6173996925354
warmup-time = 258.10098028182983
all-measurements = [ 260.0190644264221, 256.88175678253174, 256.6173996925354,]
