best-result = 36.32079815864563
warmup-time = 35.73479509353638
all-measurements = [ 36.88950777053833, 37.701666831970215, 36.32079815864563,]
