best-result = 112.27944469451904
warmup-time = 115.14625835418701
all-measurements = [ 112.27944469451904, 114.82848739624023, 113.4102873802185,]
