best-result = 40.646575689315796
warmup-time = 41.57162404060364
all-measurements = [ 40.646575689315796, 41.107287883758545, 41.40059542655945,]
