best-result = 48.13203430175781
warmup-time = 49.7028124332428
all-measurements = [ 48.81901288032532, 48.13203430175781, 48.19304823875427,]
