best-result = 32.732094287872314
warmup-time = 34.29338526725769
all-measurements = [ 33.602745056152344, 32.732094287872314, 33.412280797958374,]
