best-result = 37.142412185668945
warmup-time = 37.8413610458374
all-measurements = [ 37.18756127357483, 37.142412185668945, 37.25609040260315,]
