best-result = 60.41941690444946
warmup-time = 60.58525490760803
all-measurements = [ 63.24175667762756, 62.250168561935425, 60.41941690444946,]
