best-result = 222.72829914093018
warmup-time = 228.88930201530457
all-measurements = [ 222.72829914093018, 223.05048751831055, 224.17748069763184,]
