best-result = 511.9698305130005
warmup-time = 517.1182541847229
all-measurements = [ 511.9698305130005, 519.0282671451569, 515.2804529666901,]
