best-result = 36.2808313369751
warmup-time = 36.7269651889801
all-measurements = [ 36.2808313369751, 37.993791580200195, 36.76913857460022,]
