best-result = 29.02431559562683
warmup-time = 29.270262002944946
all-measurements = [ 29.02431559562683, 29.78174614906311, 29.442763328552246,]
