best-result = 69.97293472290039
warmup-time = 81.01575708389282
all-measurements = [ 76.99466061592102, 78.13877582550049, 69.97293472290039,]
