best-result = 61.00463104248047
warmup-time = 62.040884017944336
all-measurements = [ 61.00463104248047, 63.75867462158203, 63.00752592086792,]
