best-result = 27.9509117603302
warmup-time = 28.616982221603394
all-measurements = [ 28.819092988967896, 28.22418475151062, 27.9509117603302,]
