best-result = 35.09382915496826
warmup-time = 35.48790884017944
all-measurements = [ 36.04490661621094, 35.55568194389343, 35.09382915496826,]
