best-result = 32.47944474220276
warmup-time = 33.79948949813843
all-measurements = [ 33.390135526657104, 34.070390939712524, 32.47944474220276,]
