best-result = 41.99252438545227
warmup-time = 43.94368934631348
all-measurements = [ 43.16855311393738, 43.977787256240845, 41.99252438545227,]
