best-result = 95.04102301597595
warmup-time = 96.31224083900452
all-measurements = [ 96.42087435722351, 95.04102301597595, 97.77538275718689,]
