best-result = 27.317951440811157
warmup-time = 28.182215452194214
all-measurements = [ 29.667527198791504, 29.217393398284912, 27.317951440811157,]
