best-result = 34.06345987319946
warmup-time = 34.05335092544556
all-measurements = [ 34.06345987319946, 34.10180616378784, 34.75251030921936,]
