best-result = 89.15108752250671
warmup-time = 86.83269596099854
all-measurements = [ 94.52845788002014, 95.02765083312988, 89.15108752250671,]
