best-result = 38.61546325683594
warmup-time = 38.423333168029785
all-measurements = [ 39.041311502456665, 38.61546325683594, 38.99595928192139,]
