best-result = 44.39168190956116
warmup-time = 46.39480638504028
all-measurements = [ 44.39168190956116, 45.781529664993286, 45.35753297805786,]
