best-result = 28.959907054901123
warmup-time = 29.370747566223145
all-measurements = [ 29.279800415039062, 29.107060194015503, 28.959907054901123,]
