best-result = 633.3538892269135
warmup-time = 679.2137022018433
all-measurements = [ 635.7058777809143, 639.978437423706, 633.3538892269135,]
