best-result = 171.5925326347351
warmup-time = 171.88210272789001
all-measurements = [ 171.5925326347351, 175.15823554992676, 173.4296281337738,]
