best-result = 56.531795263290405
warmup-time = 66.32990670204163
all-measurements = [ 56.531795263290405, 66.08609867095947, 64.06776213645935,]
