best-result = 22.656985998153687
warmup-time = 22.38577961921692
all-measurements = [ 23.329123973846436, 22.656985998153687, 22.66009497642517,]
