best-result = 47.78578042984009
warmup-time = 66.87292432785034
all-measurements = [ 48.210575580596924, 48.75996160507202, 47.78578042984009,]
