best-result = 47.87385940551758
warmup-time = 61.48872137069702
all-measurements = [ 47.87385940551758, 48.206764221191406, 48.01958656311035,]
