best-result = 1008.2148110866547
warmup-time = 1228.6975739002228
all-measurements = [ 1008.2148110866547, 1017.4280300140381, 1016.4426102638245,]
