best-result = 82.94955849647522
warmup-time = 98.88845014572144
all-measurements = [ 83.11905694007874, 82.94955849647522, 83.35941243171692,]
