best-result = 78.91831398010254
warmup-time = 100.7190375328064
all-measurements = [ 80.6018500328064, 78.93517398834229, 78.91831398010254,]
