best-result = 69.96322083473206
warmup-time = 93.89012241363525
all-measurements = [ 70.68578457832336, 69.96322083473206, 70.62768626213074,]
