best-result = 86.15083003044128
warmup-time = 103.0917718410492
all-measurements = [ 86.15083003044128, 86.26186156272888, 87.36484956741333,]
