best-result = 601.504674911499
warmup-time = 610.7917385101318
all-measurements = [ 601.504674911499, 603.8345484733582, 603.0259790420532,]
