best-result = 63.77839636802673
warmup-time = 74.51035928726196
all-measurements = [ 63.77839636802673, 64.54578471183777, 65.18647193908691,]
