best-result = 234.4186954498291
warmup-time = 419.5147604942322
all-measurements = [ 235.03055381774902, 234.4186954498291, 237.03265976905823,]
