best-result = 445.98540329933167
warmup-time = 960.7762396335602
all-measurements = [ 454.66019439697266, 445.98540329933167, 450.1118206977844,]
