best-result = 61.284592390060425
warmup-time = 78.6690309047699
all-measurements = [ 61.56225514411926, 61.284592390060425, 61.52010488510132,]
