best-result = 890.7644007205963
warmup-time = 924.0421714782715
all-measurements = [ 890.7644007205963, 896.8586633205414, 897.4179835319519,]
