best-result = 27.86451292037964
warmup-time = 36.16903734207153
all-measurements = [ 28.074402332305908, 28.800567626953125, 27.86451292037964,]
