best-result = 59.93071365356445
warmup-time = 71.61961269378662
all-measurements = [ 59.93071365356445, 72.66735672950745, 65.28928089141846,]
