best-result = 56.570188760757446
warmup-time = 72.34579944610596
all-measurements = [ 56.570188760757446, 57.187769174575806, 56.621017932891846,]
