best-result = 111.0489571094513
warmup-time = 142.1742639541626
all-measurements = [ 111.76246285438538, 111.0489571094513, 111.31767511367798,]
