best-result = 779.5781934261322
warmup-time = 862.0857982635498
all-measurements = [ 779.5781934261322, 781.8234634399414, 780.4419457912445,]
