best-result = 34.78944516181946
warmup-time = 42.10107779502869
all-measurements = [ 34.792420387268066, 35.38926410675049, 34.78944516181946,]
