best-result = 54.0886664390564
warmup-time = 70.01445722579956
all-measurements = [ 54.161176681518555, 54.0886664390564, 54.175142765045166,]
