best-result = 51.12768030166626
warmup-time = 71.8151228427887
all-measurements = [ 51.7993369102478, 51.12768030166626, 51.706207036972046,]
