best-result = 80.2805848121643
warmup-time = 101.7883665561676
all-measurements = [ 81.38215351104736, 80.2805848121643, 80.5173978805542,]
