best-result = 36.42183256149292
warmup-time = 46.275845766067505
all-measurements = [ 36.51767325401306, 36.42183256149292, 36.943573236465454,]
