best-result = 359.2311682701111
warmup-time = 512.3176176548004
all-measurements = [ 360.3144328594208, 368.9017593860626, 359.2311682701111,]
