best-result = 104.86360812187195
warmup-time = 104.53037643432617
all-measurements = [ 106.21330046653748, 104.92999315261841, 104.86360812187195,]
