best-result = 22.47639751434326
warmup-time = 22.484689950942993
all-measurements = [ 22.47639751434326, 22.83742618560791, 22.725919485092163,]
