best-result = 46.77835392951965
warmup-time = 63.91284990310669
all-measurements = [ 46.96822905540466, 46.77835392951965, 47.15647912025452,]
