best-result = 46.34176850318909
warmup-time = 59.10486841201782
all-measurements = [ 46.82772994041443, 46.34176850318909, 46.775285720825195,]
