best-result = 930.4136397838593
warmup-time = 1126.5598814487457
all-measurements = [ 930.4136397838593, 947.4216530323029, 946.6391468048096,]
