best-result = 84.71516108512878
warmup-time = 99.42385387420654
all-measurements = [ 84.71516108512878, 85.6311502456665, 85.34434723854065,]
