best-result = 81.90335273742676
warmup-time = 101.49350261688232
all-measurements = [ 81.96487069129944, 81.90335273742676, 82.6874349117279,]
