best-result = 69.96014952659607
warmup-time = 91.2779278755188
all-measurements = [ 70.30037212371826, 69.9708924293518, 69.96014952659607,]
