best-result = 90.53737020492554
warmup-time = 105.04590606689453
all-measurements = [ 91.3510799407959, 90.93752574920654, 90.53737020492554,]
