best-result = 649.8823101520538
warmup-time = 660.0993921756744
all-measurements = [ 657.5322833061218, 658.3781833648682, 649.8823101520538,]
