best-result = 64.2516131401062
warmup-time = 81.24799346923828
all-measurements = [ 64.45062208175659, 64.94166350364685, 64.2516131401062,]
