best-result = 218.36630368232727
warmup-time = 369.54687905311584
all-measurements = [ 220.1239471435547, 218.36630368232727, 218.68761920928955,]
