best-result = 435.7008435726166
warmup-time = 877.5534937381744
all-measurements = [ 435.7008435726166, 441.6719172000885, 437.029177904129,]
