best-result = 61.19225454330444
warmup-time = 79.50589036941528
all-measurements = [ 61.19225454330444, 61.650800466537476, 61.266930103302,]
