best-result = 140.24161911010742
warmup-time = 168.13717794418335
all-measurements = [ 140.24161911010742, 140.99912214279175, 141.56800627708435,]
