best-result = 865.2264189720154
warmup-time = 902.7791123390198
all-measurements = [ 872.9400734901428, 873.21280169487, 865.2264189720154,]
