best-result = 27.31442141532898
warmup-time = 36.08224105834961
all-measurements = [ 27.31442141532898, 27.495901823043823, 28.50487995147705,]
