best-result = 56.893271923065186
warmup-time = 66.64346623420715
all-measurements = [ 57.05092668533325, 56.893271923065186, 57.180010080337524,]
