best-result = 58.662978172302246
warmup-time = 72.56486558914185
all-measurements = [ 59.41817545890808, 58.662978172302246, 58.88091492652893,]
