best-result = 109.92787480354309
warmup-time = 137.45825505256653
all-measurements = [ 109.92787480354309, 111.79984784126282, 111.0217297077179,]
