best-result = 784.8522071838379
warmup-time = 852.206729888916
all-measurements = [ 788.2991683483124, 786.7621273994446, 784.8522071838379,]
