best-result = 33.42511963844299
warmup-time = 40.70331335067749
all-measurements = [ 33.823827505111694, 33.42511963844299, 33.6153359413147,]
