best-result = 54.82705473899841
warmup-time = 72.00293231010437
all-measurements = [ 55.14599633216858, 54.82705473899841, 55.251909255981445,]
