best-result = 1922.5972456932068
warmup-time = 1645.54496717453
all-measurements = [ 2002.2034921646118, 1922.5972456932068, 2676.6474771499634,]
