best-result = 49.15144872665405
warmup-time = 70.07707738876343
all-measurements = [ 49.536152362823486, 49.713515758514404, 49.15144872665405,]
