best-result = 77.77278351783752
warmup-time = 97.95275616645813
all-measurements = [ 78.06185483932495, 77.77278351783752, 78.38704466819763,]
