best-result = 36.492525815963745
warmup-time = 45.55662393569946
all-measurements = [ 36.83085560798645, 37.501808404922485, 36.492525815963745,]
