best-result = 341.24247312545776
warmup-time = 469.9865972995758
all-measurements = [ 341.24247312545776, 354.3354637622833, 343.46037554740906,]
