best-result = 58.97168469429016
warmup-time = 59.48688745498657
all-measurements = [ 59.56480884552002, 58.97168469429016, 58.98814010620117,]
