best-result = 26.036019802093506
warmup-time = 26.58265233039856
all-measurements = [ 26.093640565872192, 26.109068632125854, 26.036019802093506,]
