best-result = 34.373387575149536
warmup-time = 37.49589252471924
all-measurements = [ 38.18405556678772, 34.373387575149536, 35.81671190261841,]
