best-result = 30.26430916786194
warmup-time = 31.86611533164978
all-measurements = [ 32.08259439468384, 31.31679344177246, 30.26430916786194,]
