best-result = 230.3121349811554
warmup-time = 234.5630476474762
all-measurements = [ 230.3121349811554, 233.5675449371338, 231.03469729423523,]
