best-result = 36.2975013256073
warmup-time = 37.29640173912048
all-measurements = [ 36.2975013256073, 36.399794578552246, 36.46131348609924,]
