best-result = 112.0447313785553
warmup-time = 115.1685004234314
all-measurements = [ 115.37105417251587, 112.36449480056763, 112.0447313785553,]
