best-result = 34.616413593292236
warmup-time = 35.823158740997314
all-measurements = [ 35.508923292160034, 35.1280243396759, 34.616413593292236,]
