best-result = 39.92886424064636
warmup-time = 42.18314576148987
all-measurements = [ 40.45612668991089, 39.92886424064636, 41.657808780670166,]
