best-result = 47.94379377365112
warmup-time = 50.22602081298828
all-measurements = [ 49.46862745285034, 48.67631268501282, 47.94379377365112,]
