best-result = 32.90171527862549
warmup-time = 34.60298156738281
all-measurements = [ 32.90171527862549, 33.45295190811157, 33.87406659126282,]
