best-result = 37.59898591041565
warmup-time = 37.62733602523804
all-measurements = [ 37.59898591041565, 37.86813473701477, 38.26346731185913,]
