best-result = 58.797892332077026
warmup-time = 62.63009810447693
all-measurements = [ 60.84856081008911, 58.797892332077026, 63.91029405593872,]
