best-result = 220.1864528656006
warmup-time = 222.63170075416565
all-measurements = [ 220.6141459941864, 221.97634530067444, 220.1864528656006,]
