best-result = 503.70168113708496
warmup-time = 507.52880096435547
all-measurements = [ 503.70168113708496, 504.7149736881256, 503.8280990123749,]
