best-result = 35.80204200744629
warmup-time = 36.48597288131714
all-measurements = [ 37.181599855422974, 35.922595739364624, 35.80204200744629,]
