best-result = 28.88198757171631
warmup-time = 29.554069995880127
all-measurements = [ 28.88198757171631, 28.924767017364502, 29.79047441482544,]
