best-result = 75.48738598823547
warmup-time = 70.93305706977844
all-measurements = [ 75.48738598823547, 81.30334329605103, 80.27550029754639,]
