best-result = 60.93454694747925
warmup-time = 61.45786261558533
all-measurements = [ 60.93454694747925, 62.06947088241577, 62.26031136512756,]
