best-result = 28.064701795578003
warmup-time = 28.303526878356934
all-measurements = [ 28.600652933120728, 28.064701795578003, 28.902333736419678,]
