best-result = 35.1306836605072
warmup-time = 35.60535788536072
all-measurements = [ 35.854368448257446, 35.29813599586487, 35.1306836605072,]
