best-result = 33.072898626327515
warmup-time = 33.80665469169617
all-measurements = [ 33.072898626327515, 33.848668575286865, 33.43575477600098,]
