best-result = 40.74221730232239
warmup-time = 43.77766942977905
all-measurements = [ 43.90786385536194, 40.74221730232239, 42.81167912483215,]
