best-result = 93.96406435966492
warmup-time = 95.98832201957703
all-measurements = [ 94.48956418037415, 93.96406435966492, 95.34595131874084,]
