best-result = 28.692357778549194
warmup-time = 28.07744264602661
all-measurements = [ 29.636072158813477, 29.441447019577026, 28.692357778549194,]
