best-result = 33.32034087181091
warmup-time = 34.320016622543335
all-measurements = [ 33.32034087181091, 35.5152382850647, 34.59466910362244,]
