best-result = 88.13731598854065
warmup-time = 88.05915999412537
all-measurements = [ 92.38365340232849, 91.11178517341614, 88.13731598854065,]
