best-result = 38.95560264587402
warmup-time = 39.9814350605011
all-measurements = [ 39.38876724243164, 39.3623526096344, 38.95560264587402,]
