best-result = 43.1392560005188
warmup-time = 46.69347834587097
all-measurements = [ 43.1392560005188, 43.74345421791077, 44.86520218849182,]
