best-result = 50.55979108810425
warmup-time = 51.80450987815857
all-measurements = [ 51.00151038169861, 50.93672847747803, 50.55979108810425,]
