best-result = 27.763309001922607
warmup-time = 29.534276723861694
all-measurements = [ 28.64178490638733, 28.953481197357178, 27.763309001922607,]
