best-result = 619.9299945831299
warmup-time = 681.4057986736298
all-measurements = [ 622.0597269535065, 637.4239671230316, 619.9299945831299,]
