best-result = 164.88410639762878
warmup-time = 170.64094018936157
all-measurements = [ 167.54083347320557, 164.88410639762878, 170.06979703903198,]
