best-result = 66.73060917854309
warmup-time = 70.97892236709595
all-measurements = [ 68.04375672340393, 69.05754375457764, 66.73060917854309,]
