best-result = 23.10422420501709
warmup-time = 23.224260568618774
all-measurements = [ 23.34135413169861, 23.10422420501709, 23.88186550140381,]
