best-result = 46.76390552520752
warmup-time = 62.86482787132263
all-measurements = [ 46.94465184211731, 47.038692235946655, 46.76390552520752,]
