best-result = 46.22620224952698
warmup-time = 57.763838052749634
all-measurements = [ 46.894245624542236, 46.22620224952698, 46.94733667373657,]
