best-result = 871.0600397586823
warmup-time = 1054.6505179405212
all-measurements = [ 871.0600397586823, 876.6092545986176, 888.3358891010284,]
