best-result = 84.5080451965332
warmup-time = 97.6705071926117
all-measurements = [ 84.64022016525269, 84.5080451965332, 84.54226589202881,]
