best-result = 974.1178753376007
warmup-time = 1008.2723014354706
all-measurements = [ 976.5072350502014, 974.1178753376007, 979.591771364212,]
