best-result = 66.22599220275879
warmup-time = 80.56662774085999
all-measurements = [ 66.37119746208191, 66.23516082763672, 66.22599220275879,]
