best-result = 82.64138984680176
warmup-time = 103.21773719787598
all-measurements = [ 82.83152914047241, 83.32512712478638, 82.64138984680176,]
