best-result = 67.64551329612732
warmup-time = 88.12096190452576
all-measurements = [ 67.64551329612732, 68.03948998451233, 68.04486656188965,]
