best-result = 90.10012245178223
warmup-time = 102.57050776481628
all-measurements = [ 90.78510427474976, 90.81448221206665, 90.10012245178223,]
