best-result = 635.4492330551147
warmup-time = 644.997088432312
all-measurements = [ 635.705956697464, 635.4492330551147, 636.2414031028748,]
