best-result = 61.79219031333923
warmup-time = 75.6104347705841
all-measurements = [ 62.502031326293945, 61.79219031333923, 62.14589524269104,]
