best-result = 189.38345050811768
warmup-time = 346.32268261909485
all-measurements = [ 192.12405681610107, 189.38345050811768, 190.9098777770996,]
