best-result = 383.13099336624146
warmup-time = 820.8223013877869
all-measurements = [ 386.0186710357666, 387.09932684898376, 383.13099336624146,]
