best-result = 62.044238328933716
warmup-time = 78.48259234428406
all-measurements = [ 62.18531274795532, 62.044238328933716, 62.13419246673584,]
