best-result = 40.09866547584534
warmup-time = 47.57934069633484
all-measurements = [ 40.805696964263916, 40.255236864089966, 40.09866547584534,]
