best-result = 134.02319145202637
warmup-time = 163.44942092895508
all-measurements = [ 134.02319145202637, 134.08114671707153, 153.43904089927673,]
