best-result = 910.0024147033691
warmup-time = 940.4257183074951
all-measurements = [ 911.0726478099823, 916.4174823760986, 910.0024147033691,]
