best-result = 28.145337343215942
warmup-time = 36.7802357673645
all-measurements = [ 28.31187081336975, 28.145337343215942, 28.184430599212646,]
