best-result = 59.20922613143921
warmup-time = 71.39562582969666
all-measurements = [ 59.38584542274475, 59.20922613143921, 59.46288299560547,]
