best-result = 60.17174673080444
warmup-time = 72.816641330719
all-measurements = [ 60.22761821746826, 60.17174673080444, 60.57249879837036,]
