best-result = 108.99630951881409
warmup-time = 137.3845112323761
all-measurements = [ 110.0640196800232, 108.99630951881409, 110.26405453681946,]
