best-result = 757.9323329925537
warmup-time = 825.7683591842651
all-measurements = [ 764.0547170639038, 760.0393314361572, 757.9323329925537,]
