best-result = 34.26318430900574
warmup-time = 42.35547947883606
all-measurements = [ 34.52467203140259, 34.467368364334106, 34.26318430900574,]
