best-result = 55.45590019226074
warmup-time = 71.84590435028076
all-measurements = [ 55.645328521728516, 55.695157289505005, 55.45590019226074,]
