best-result = 1453.5857255458832
warmup-time = 1921.286857843399
all-measurements = [ 1502.573514699936, 1453.5857255458832, 2387.703522205353,]
