best-result = 48.941553354263306
warmup-time = 69.68096828460693
all-measurements = [ 48.941553354263306, 49.49913954734802, 49.14282464981079,]
