best-result = 81.79811000823975
warmup-time = 99.59278106689453
all-measurements = [ 82.14520692825317, 81.79811000823975, 82.25705599784851,]
