best-result = 92.75879645347595
warmup-time = 113.96666193008423
all-measurements = [ 93.0671215057373, 93.53988933563232, 92.75879645347595,]
