best-result = 37.58171010017395
warmup-time = 47.11116647720337
all-measurements = [ 37.58171010017395, 37.73180437088013, 38.35809683799744,]
