best-result = 316.86575531959534
warmup-time = 438.7577633857727
all-measurements = [ 316.86575531959534, 320.10538125038147, 323.04500436782837,]
