best-result = 59.23783469200134
warmup-time = 59.749340772628784
all-measurements = [ 60.21819591522217, 60.332849740982056, 59.23783469200134,]
