best-result = 25.952410459518433
warmup-time = 26.496281623840332
all-measurements = [ 25.952410459518433, 26.264259338378906, 26.400330305099487,]
