best-result = 35.242281913757324
warmup-time = 37.298240661621094
all-measurements = [ 37.01523518562317, 35.242281913757324, 36.38188648223877,]
