best-result = 30.73448157310486
warmup-time = 31.82258415222168
all-measurements = [ 31.351345777511597, 31.981069564819336, 30.73448157310486,]
