best-result = 256.6260755062103
warmup-time = 259.25251054763794
all-measurements = [ 256.6260755062103, 259.55587363243103, 259.5469071865082,]
