best-result = 36.20700454711914
warmup-time = 37.385541677474976
all-measurements = [ 36.585691928863525, 36.38955092430115, 36.20700454711914,]
