best-result = 111.60424280166626
warmup-time = 115.80803775787354
all-measurements = [ 113.08312726020813, 111.60424280166626, 114.05722689628601,]
