best-result = 35.12887525558472
warmup-time = 35.65905952453613
all-measurements = [ 35.20384669303894, 35.20558547973633, 35.12887525558472,]
