best-result = 40.586711168289185
warmup-time = 41.28584337234497
all-measurements = [ 41.86884880065918, 42.24780774116516, 40.586711168289185,]
