best-result = 47.098949909210205
warmup-time = 48.3158438205719
all-measurements = [ 47.86564111709595, 47.098949909210205, 47.28216552734375,]
