best-result = 33.504132986068726
warmup-time = 33.1969313621521
all-measurements = [ 33.70969223976135, 33.504132986068726, 33.50813055038452,]
