best-result = 37.96419358253479
warmup-time = 37.769816875457764
all-measurements = [ 38.08350729942322, 37.96419358253479, 38.057756423950195,]
