best-result = 59.8670973777771
warmup-time = 60.73811435699463
all-measurements = [ 59.8670973777771, 64.23917865753174, 60.00331783294678,]
