best-result = 220.49035477638245
warmup-time = 222.5499575138092
all-measurements = [ 221.96991539001465, 220.49035477638245, 223.4681680202484,]
