best-result = 514.6568994522095
warmup-time = 519.8281583786011
all-measurements = [ 514.7925851345062, 514.6568994522095, 517.902286529541,]
