best-result = 36.38224720954895
warmup-time = 37.659634590148926
all-measurements = [ 36.802327394485474, 36.38224720954895, 38.52985453605652,]
