best-result = 28.93885326385498
warmup-time = 28.962564706802368
all-measurements = [ 29.091574907302856, 28.93885326385498, 29.013761520385742,]
