best-result = 69.72214365005493
warmup-time = 79.70376062393188
all-measurements = [ 71.32582688331604, 69.72214365005493, 73.38947486877441,]
