best-result = 60.97768568992615
warmup-time = 61.403911113739014
all-measurements = [ 60.97768568992615, 61.723820209503174, 62.06196737289429,]
