best-result = 28.3306941986084
warmup-time = 28.177682399749756
all-measurements = [ 28.566758394241333, 28.90620446205139, 28.3306941986084,]
