best-result = 32.574108600616455
warmup-time = 35.1792516708374
all-measurements = [ 33.282777547836304, 32.574108600616455, 42.807000160217285,]
