best-result = 33.76704001426697
warmup-time = 37.237295389175415
all-measurements = [ 37.82715559005737, 33.76704001426697, 33.866272926330566,]
