best-result = 43.049201011657715
warmup-time = 43.36444282531738
all-measurements = [ 43.70143270492554, 43.049201011657715, 43.53899836540222,]
