best-result = 95.34598016738892
warmup-time = 97.97846102714539
all-measurements = [ 95.34598016738892, 96.20578575134277, 95.50588989257812,]
