best-result = 27.21004891395569
warmup-time = 29.78326988220215
all-measurements = [ 29.507731437683105, 27.21004891395569, 27.72229266166687,]
