best-result = 32.69634032249451
warmup-time = 35.72457957267761
all-measurements = [ 32.69634032249451, 35.15134620666504, 34.89337182044983,]
