best-result = 91.0684609413147
warmup-time = 88.43401741981506
all-measurements = [ 92.97109389305115, 96.35410356521606, 91.0684609413147,]
