best-result = 37.841460943222046
warmup-time = 39.9252290725708
all-measurements = [ 40.01051998138428, 38.71495294570923, 37.841460943222046,]
