best-result = 43.81023383140564
warmup-time = 44.15897822380066
all-measurements = [ 45.56009006500244, 43.818074226379395, 43.81023383140564,]
