best-result = 49.2003116607666
warmup-time = 50.01659893989563
all-measurements = [ 50.45636296272278, 49.2003116607666, 51.51573824882507,]
