best-result = 27.839778900146484
warmup-time = 28.710790395736694
all-measurements = [ 27.839778900146484, 29.06540036201477, 28.543431758880615,]
