best-result = 645.2282781600952
warmup-time = 713.6814751625061
all-measurements = [ 661.6746699810028, 659.9737832546234, 645.2282781600952,]
