best-result = 170.56673169136047
warmup-time = 168.87225198745728
all-measurements = [ 174.24281311035156, 170.56673169136047, 173.52881574630737,]
