best-result = 59.79564881324768
warmup-time = 67.59971594810486
all-measurements = [ 59.79564881324768, 68.63009405136108, 70.21031737327576,]
