best-result = 22.54643726348877
warmup-time = 22.367273330688477
all-measurements = [ 22.85219383239746, 22.8828182220459, 22.54643726348877,]
