best-result = 47.90931582450867
warmup-time = 65.00453400611877
all-measurements = [ 48.57472038269043, 47.90931582450867, 48.11598014831543,]
