best-result = 47.916452169418335
warmup-time = 61.56002140045166
all-measurements = [ 48.63579440116882, 48.088054180145264, 47.916452169418335,]
