best-result = 1002.9969055652618
warmup-time = 1213.812672138214
all-measurements = [ 1009.6362113952637, 1002.9969055652618, 1013.2330935001373,]
