best-result = 82.75370335578918
warmup-time = 99.72696232795715
all-measurements = [ 82.75370335578918, 83.21263718605042, 83.41456413269043,]
