best-result = 79.04751467704773
warmup-time = 102.54112672805786
all-measurements = [ 79.92509722709656, 79.04751467704773, 79.37665629386902,]
