best-result = 70.6470730304718
warmup-time = 94.46309757232666
all-measurements = [ 70.6470730304718, 71.52236723899841, 71.63065600395203,]
