best-result = 85.48893713951111
warmup-time = 101.71420073509216
all-measurements = [ 85.48893713951111, 85.92859029769897, 86.24827170372009,]
