best-result = 602.4910025596619
warmup-time = 611.1939082145691
all-measurements = [ 623.2656495571136, 602.4910025596619, 604.125027179718,]
