best-result = 64.18237829208374
warmup-time = 78.60397386550903
all-measurements = [ 64.26250839233398, 64.18237829208374, 65.01357245445251,]
