best-result = 235.77315139770508
warmup-time = 413.1226785182953
all-measurements = [ 236.13670134544373, 236.69816732406616, 235.77315139770508,]
