best-result = 445.40369629859924
warmup-time = 960.9453883171082
all-measurements = [ 446.7061970233917, 446.97296714782715, 445.40369629859924,]
