best-result = 61.11680293083191
warmup-time = 81.85249614715576
all-measurements = [ 61.11680293083191, 61.46698451042175, 61.57836699485779,]
