best-result = 890.0031080245972
warmup-time = 919.3257033824921
all-measurements = [ 890.0031080245972, 892.1921293735504, 891.555323600769,]
