best-result = 27.909189224243164
warmup-time = 36.14498591423035
all-measurements = [ 28.914175271987915, 27.909189224243164, 28.119529247283936,]
