best-result = 59.52398729324341
warmup-time = 75.11930251121521
all-measurements = [ 59.65229630470276, 60.40715003013611, 59.52398729324341,]
