best-result = 56.551719427108765
warmup-time = 70.5991439819336
all-measurements = [ 57.164151191711426, 56.79729413986206, 56.551719427108765,]
