best-result = 111.75398278236389
warmup-time = 143.66436433792114
all-measurements = [ 111.76553964614868, 111.75398278236389, 111.93303370475769,]
