best-result = 780.6083459854126
warmup-time = 858.3338885307312
all-measurements = [ 781.7476444244385, 782.2147791385651, 780.6083459854126,]
