best-result = 34.55771207809448
warmup-time = 41.675840854644775
all-measurements = [ 34.55771207809448, 35.44680142402649, 34.64556694030762,]
