best-result = 54.02556538581848
warmup-time = 70.2250428199768
all-measurements = [ 55.524441957473755, 54.648350954055786, 54.02556538581848,]
