best-result = 50.72144627571106
warmup-time = 74.16484498977661
all-measurements = [ 50.72144627571106, 51.77041697502136, 51.027522802352905,]
