best-result = 80.24521017074585
warmup-time = 99.85502457618713
all-measurements = [ 80.24521017074585, 81.2636387348175, 80.26128005981445,]
