best-result = 36.2986364364624
warmup-time = 46.831889390945435
all-measurements = [ 36.2986364364624, 36.5428147315979, 36.623774766922,]
