best-result = 358.03642678260803
warmup-time = 516.8734600543976
all-measurements = [ 358.03642678260803, 360.4494047164917, 370.9589080810547,]
