best-result = 105.91205787658691
warmup-time = 105.50992393493652
all-measurements = [ 105.91205787658691, 106.25021409988403, 106.14999318122864,]
