best-result = 25.736384868621826
warmup-time = 26.119072437286377
all-measurements = [ 26.21907615661621, 25.80671525001526, 25.736384868621826,]
