best-result = 37.89505648612976
warmup-time = 40.86656928062439
all-measurements = [ 37.95088815689087, 38.59288787841797, 37.89505648612976,]
