best-result = 31.644428253173828
warmup-time = 32.12850260734558
all-measurements = [ 33.157392740249634, 32.602529525756836, 31.644428253173828,]
