best-result = 281.88953948020935
warmup-time = 281.7922639846802
all-measurements = [ 283.51160740852356, 281.88953948020935, 282.5986933708191,]
