best-result = 35.11263036727905
warmup-time = 36.895403146743774
all-measurements = [ 35.92200803756714, 37.33487296104431, 35.11263036727905,]
