best-result = 42.32566595077515
warmup-time = 43.6920280456543
all-measurements = [ 43.92955946922302, 44.082117795944214, 42.32566595077515,]
