best-result = 51.11282205581665
warmup-time = 52.49569058418274
all-measurements = [ 51.11282205581665, 51.682483196258545, 51.60992765426636,]
