best-result = 35.583128213882446
warmup-time = 35.76130652427673
all-measurements = [ 35.676008224487305, 35.583128213882446, 36.22241520881653,]
