best-result = 38.85580897331238
warmup-time = 37.4177987575531
all-measurements = [ 38.85580897331238, 39.54909682273865, 40.34600830078125,]
