best-result = 57.27750849723816
warmup-time = 61.02002811431885
all-measurements = [ 59.760727882385254, 57.27750849723816, 63.07318639755249,]
