best-result = 249.7041733264923
warmup-time = 251.6351888179779
all-measurements = [ 250.88743591308594, 249.7041733264923, 252.1863431930542,]
