best-result = 576.8945782184601
warmup-time = 582.7008035182953
all-measurements = [ 576.8945782184601, 582.27814245224, 580.030689239502,]
