best-result = 35.96328568458557
warmup-time = 38.76321601867676
all-measurements = [ 37.07209873199463, 36.06256461143494, 35.96328568458557,]
