best-result = 66.98541140556335
warmup-time = 67.29852604866028
all-measurements = [ 66.98541140556335, 67.17244386672974, 67.09863471984863,]
