best-result = 28.968124628067017
warmup-time = 27.88740587234497
all-measurements = [ 28.968124628067017, 28.9974946975708, 29.110028743743896,]
