best-result = 33.382216453552246
warmup-time = 36.6626513004303
all-measurements = [ 33.382216453552246, 34.125221967697144, 36.601401805877686,]
