best-result = 33.308730602264404
warmup-time = 32.88955068588257
all-measurements = [ 34.436702251434326, 33.308730602264404, 33.33514666557312,]
