best-result = 43.85570478439331
warmup-time = 44.45710325241089
all-measurements = [ 43.85570478439331, 44.003209352493286, 44.33737587928772,]
