best-result = 100.6787781715393
warmup-time = 104.95047450065613
all-measurements = [ 100.6787781715393, 101.57765793800354, 101.28698539733887,]
