best-result = 27.627846240997314
warmup-time = 29.347582817077637
all-measurements = [ 27.627846240997314, 29.664836406707764, 27.74448323249817,]
