best-result = 35.06647729873657
warmup-time = 34.13802528381348
all-measurements = [ 35.31042504310608, 35.06647729873657, 36.98053741455078,]
