best-result = 40.46272253990173
warmup-time = 40.90030026435852
all-measurements = [ 41.422675132751465, 41.50530791282654, 40.46272253990173,]
