best-result = 44.30064797401428
warmup-time = 46.16307973861694
all-measurements = [ 44.30064797401428, 46.176992416381836, 46.861396074295044,]
