best-result = 27.352510690689087
warmup-time = 28.945680618286133
all-measurements = [ 28.95596170425415, 27.352510690689087, 28.811683654785156,]
