best-result = 734.2909195423126
warmup-time = 738.3129518032074
all-measurements = [ 744.8921909332275, 734.2909195423126, 737.5366795063019,]
