best-result = 189.80406069755554
warmup-time = 192.54941511154175
all-measurements = [ 191.6017303466797, 192.44624638557434, 189.80406069755554,]
