best-result = 42.97583770751953
warmup-time = 44.62317991256714
all-measurements = [ 45.39229702949524, 43.98614716529846, 42.97583770751953,]
