best-result = 21.56814455986023
warmup-time = 21.642133951187134
all-measurements = [ 21.56814455986023, 21.994261503219604, 21.594950437545776,]
