best-result = 46.983633279800415
warmup-time = 63.80389714241028
all-measurements = [ 47.26110768318176, 47.036664962768555, 46.983633279800415,]
