best-result = 46.3103129863739
warmup-time = 59.48566746711731
all-measurements = [ 46.37719416618347, 46.32535743713379, 46.3103129863739,]
