best-result = 977.8368520736694
warmup-time = 1169.5242080688477
all-measurements = [ 977.8368520736694, 982.743186712265, 987.6030566692352,]
