best-result = 82.33898591995239
warmup-time = 94.06686735153198
all-measurements = [ 83.15868663787842, 82.33898591995239, 82.58814430236816,]
