best-result = 78.20054006576538
warmup-time = 99.58632373809814
all-measurements = [ 78.36933493614197, 78.20054006576538, 79.32006788253784,]
