best-result = 68.49603915214539
warmup-time = 91.22431874275208
all-measurements = [ 68.49603915214539, 69.34620118141174, 69.5312728881836,]
