best-result = 84.46252655982971
warmup-time = 99.17538237571716
all-measurements = [ 84.68519735336304, 84.50280928611755, 84.46252655982971,]
