best-result = 595.5656175613403
warmup-time = 612.5985112190247
all-measurements = [ 595.5656175613403, 599.9762003421783, 597.4073855876923,]
