best-result = 62.42298412322998
warmup-time = 77.40938019752502
all-measurements = [ 62.636929988861084, 62.60659623146057, 62.42298412322998,]
