best-result = 233.55540943145752
warmup-time = 404.79508423805237
all-measurements = [ 234.62655639648438, 233.9587800502777, 233.55540943145752,]
