best-result = 440.8502335548401
warmup-time = 933.9506676197052
all-measurements = [ 442.95424127578735, 440.8502335548401, 444.6758327484131,]
