best-result = 59.657649993896484
warmup-time = 76.37748336791992
all-measurements = [ 59.953352212905884, 59.657649993896484, 59.75777864456177,]
