best-result = 867.0671377182007
warmup-time = 900.2090590000153
all-measurements = [ 871.174959897995, 876.035578250885, 867.0671377182007,]
