best-result = 26.76478624343872
warmup-time = 36.299500942230225
all-measurements = [ 26.76478624343872, 27.678455114364624, 27.026432991027832,]
