best-result = 57.685365438461304
warmup-time = 72.44989514350891
all-measurements = [ 58.10790133476257, 57.685365438461304, 57.92561101913452,]
