best-result = 55.92011308670044
warmup-time = 68.63228940963745
all-measurements = [ 56.76097536087036, 55.92011308670044, 56.182722330093384,]
