best-result = 108.80100727081299
warmup-time = 139.94020128250122
all-measurements = [ 109.76754879951477, 109.33115363121033, 108.80100727081299,]
