best-result = 770.5350451469421
warmup-time = 840.6376099586487
all-measurements = [ 773.319183588028, 774.8946788311005, 770.5350451469421,]
