best-result = 33.46411418914795
warmup-time = 40.88559007644653
all-measurements = [ 33.46411418914795, 33.688421964645386, 33.69931101799011,]
