best-result = 53.27329921722412
warmup-time = 68.2695324420929
all-measurements = [ 53.27329921722412, 53.42512345314026, 53.35041952133179,]
