best-result = 50.16073536872864
warmup-time = 78.00768852233887
all-measurements = [ 55.80256795883179, 50.94573497772217, 50.16073536872864,]
