best-result = 78.98295831680298
warmup-time = 98.9554672241211
all-measurements = [ 79.91206002235413, 79.41143989562988, 78.98295831680298,]
