best-result = 35.2975115776062
warmup-time = 43.95053195953369
all-measurements = [ 35.40437936782837, 35.82855248451233, 35.2975115776062,]
