best-result = 343.4771902561188
warmup-time = 511.25529384613037
all-measurements = [ 353.83304810523987, 343.4771902561188, 357.5163097381592,]
