best-result = 102.29567122459412
warmup-time = 102.73057913780212
all-measurements = [ 103.44486093521118, 102.29567122459412, 102.42865443229675,]
