best-result = 25.540141344070435
warmup-time = 25.632841110229492
all-measurements = [ 26.00068974494934, 25.540141344070435, 25.637593984603882,]
memory-traffic = 857
