best-result = 37.34159755706787
warmup-time = 37.88212442398071
all-measurements = [ 37.34159755706787, 38.59914803504944, 37.828453063964844,]
memory-traffic = 1157
