best-result = 32.405895948410034
warmup-time = 34.901692628860474
all-measurements = [ 32.405895948410034, 33.68382930755615, 33.013843059539795,]
memory-traffic = 968
