best-result = 263.4768645763397
warmup-time = 274.11649107933044
all-measurements = [ 266.3697295188904, 266.9080219268799, 263.4768645763397,]
memory-traffic = 15253
