best-result = 35.692952394485474
warmup-time = 37.738696813583374
all-measurements = [ 35.692952394485474, 37.793667793273926, 36.689377784729004,]
memory-traffic = 960
