best-result = 41.442177534103394
warmup-time = 44.384342193603516
all-measurements = [ 41.442177534103394, 43.68397045135498, 42.08706521987915,]
memory-traffic = 1512
