best-result = 50.09126591682434
warmup-time = 52.65375018119812
all-measurements = [ 50.24948215484619, 50.09126591682434, 50.41582250595093,]
memory-traffic = 2276
