best-result = 34.247852087020874
warmup-time = 36.6145601272583
all-measurements = [ 34.247852087020874, 34.80002784729004, 34.35016465187073,]
memory-traffic = 1012
