best-result = 38.056336879730225
warmup-time = 40.16765093803406
all-measurements = [ 38.78312277793884, 38.056336879730225, 38.673550605773926,]
memory-traffic = 1233
