best-result = 61.47074794769287
warmup-time = 65.73117065429688
all-measurements = [ 61.47074794769287, 65.02680778503418, 62.37766933441162,]
memory-traffic = 2480
