best-result = 228.12594318389893
warmup-time = 234.139004945755
all-measurements = [ 229.61234545707703, 228.12594318389893, 228.3337161540985,]
memory-traffic = 11851
