best-result = 523.959052324295
warmup-time = 528.1356208324432
all-measurements = [ 525.8669862747192, 524.1912612915039, 523.959052324295,]
memory-traffic = 35213
