best-result = 36.00376510620117
warmup-time = 39.46583867073059
all-measurements = [ 36.62101721763611, 37.52743053436279, 36.00376510620117,]
memory-traffic = 1230
