best-result = 63.84810137748718
warmup-time = 66.27445316314697
all-measurements = [ 64.55055403709412, 63.84810137748718, 64.3989930152893,]
memory-traffic = 2946
