best-result = 27.774207830429077
warmup-time = 29.377947092056274
all-measurements = [ 28.063435316085815, 28.8004412651062, 27.774207830429077,]
memory-traffic = 585
