best-result = 33.6079957485199
warmup-time = 38.74202489852905
all-measurements = [ 33.6079957485199, 36.170397996902466, 36.3137629032135,]
memory-traffic = 851
