best-result = 33.48724699020386
warmup-time = 35.768787145614624
all-measurements = [ 33.48724699020386, 34.26409459114075, 34.37643480300903,]
memory-traffic = 1027
