best-result = 43.15622639656067
warmup-time = 47.20925045013428
all-measurements = [ 45.62267708778381, 43.15622639656067, 43.71822381019592,]
memory-traffic = 1814
