best-result = 97.39679050445557
warmup-time = 100.2930634021759
all-measurements = [ 97.39679050445557, 99.2423152923584, 97.93930864334106,]
memory-traffic = 5333
