best-result = 28.765841484069824
warmup-time = 30.31803321838379
all-measurements = [ 29.04284143447876, 28.765841484069824, 30.061111211776733,]
memory-traffic = 581
