best-result = 33.584036111831665
warmup-time = 38.35335373878479
all-measurements = [ 33.584036111831665, 34.33068919181824, 34.654223918914795,]
memory-traffic = 1020
