best-result = 88.84851312637329
warmup-time = 103.61957955360413
all-measurements = [ 91.20253944396973, 88.84851312637329, 92.77793288230896,]
memory-traffic = 7003
