best-result = 40.273066997528076
warmup-time = 43.32306790351868
all-measurements = [ 40.273066997528076, 40.47189521789551, 40.40305685997009,]
memory-traffic = 1398
