best-result = 42.30724382400513
warmup-time = 46.527458906173706
all-measurements = [ 44.72189116477966, 43.11541962623596, 42.30724382400513,]
memory-traffic = 1488
