best-result = 28.37369990348816
warmup-time = 30.45840072631836
all-measurements = [ 28.617340326309204, 28.580304384231567, 28.37369990348816,]
memory-traffic = 622
