best-result = 682.8432893753052
warmup-time = 711.7797021865845
all-measurements = [ 682.8432893753052, 690.7562031745911, 690.5560307502747,]
