best-result = 174.88922762870789
warmup-time = 175.8254177570343
all-measurements = [ 176.49147033691406, 174.88922762870789, 176.3131709098816,]
memory-traffic = 10961
