best-result = 43.86224150657654
warmup-time = 45.862396478652954
all-measurements = [ 45.59081506729126, 44.1537549495697, 43.86224150657654,]
memory-traffic = 1714
