best-result = 25.961928367614746
warmup-time = 26.216965436935425
all-measurements = [ 26.177182912826538, 26.053702354431152, 25.961928367614746,]
