best-result = 37.24475884437561
warmup-time = 39.47507309913635
all-measurements = [ 37.24475884437561, 38.1770133972168, 37.79904842376709,]
