best-result = 30.701459646224976
warmup-time = 30.926836013793945
all-measurements = [ 32.06941771507263, 30.966566801071167, 30.701459646224976,]
