best-result = 256.84928941726685
warmup-time = 260.9882273674011
all-measurements = [ 256.84928941726685, 260.83761739730835, 260.88004088401794,]
