best-result = 36.232274532318115
warmup-time = 36.65131640434265
all-measurements = [ 36.82435488700867, 36.346996784210205, 36.232274532318115,]
