best-result = 118.15351033210754
warmup-time = 120.15423464775085
all-measurements = [ 118.6247034072876, 118.15351033210754, 118.83066082000732,]
