best-result = 39.25879907608032
warmup-time = 40.74639391899109
all-measurements = [ 39.25879907608032, 41.40434718132019, 40.850297689437866,]
