best-result = 48.34887146949768
warmup-time = 49.67297291755676
all-measurements = [ 48.34887146949768, 48.51431894302368, 50.329625368118286,]
