best-result = 32.89949607849121
warmup-time = 34.08360934257507
all-measurements = [ 34.142438650131226, 34.237396478652954, 32.89949607849121,]
