best-result = 36.62497138977051
warmup-time = 37.447885036468506
all-measurements = [ 36.62497138977051, 37.254096269607544, 37.552103757858276,]
