best-result = 60.91575336456299
warmup-time = 63.11557126045227
all-measurements = [ 64.07459855079651, 60.91575336456299, 62.170119524002075,]
