best-result = 226.77273535728455
warmup-time = 229.77868032455444
all-measurements = [ 228.8929181098938, 226.77273535728455, 226.91919541358948,]
