best-result = 515.5354850292206
warmup-time = 522.5734162330627
all-measurements = [ 517.8265836238861, 519.7402648925781, 515.5354850292206,]
