best-result = 36.077537059783936
warmup-time = 39.48371481895447
all-measurements = [ 37.20539426803589, 37.87441921234131, 36.077537059783936,]
