best-result = 28.72503924369812
warmup-time = 29.31773090362549
all-measurements = [ 29.093259811401367, 28.72503924369812, 29.27407956123352,]
