best-result = 73.38697624206543
warmup-time = 81.85580253601074
all-measurements = [ 81.32768416404724, 73.38697624206543, 76.2430670261383,]
