best-result = 61.77046847343445
warmup-time = 64.0190818309784
all-measurements = [ 61.87280607223511, 61.77046847343445, 63.2963011264801,]
