best-result = 27.994771003723145
warmup-time = 30.002012014389038
all-measurements = [ 29.12846350669861, 28.495590925216675, 27.994771003723145,]
