best-result = 35.40889382362366
warmup-time = 35.71815061569214
all-measurements = [ 36.05757474899292, 35.40889382362366, 35.51458477973938,]
