best-result = 34.95447611808777
warmup-time = 35.70119667053223
all-measurements = [ 34.95447611808777, 37.30630826950073, 35.79535508155823,]
