best-result = 42.969223976135254
warmup-time = 43.57088828086853
all-measurements = [ 42.969223976135254, 43.848186016082764, 43.9801607131958,]
