best-result = 95.77095246315002
warmup-time = 99.600661277771
all-measurements = [ 95.77095246315002, 96.87019562721252, 97.85209083557129,]
