best-result = 28.42577362060547
warmup-time = 29.33422040939331
all-measurements = [ 30.4404354095459, 30.11202335357666, 28.42577362060547,]
