best-result = 33.5717408657074
warmup-time = 33.37532687187195
all-measurements = [ 35.32839393615723, 35.31726384162903, 33.5717408657074,]
