best-result = 91.43867468833923
warmup-time = 98.15092921257019
all-measurements = [ 91.43867468833923, 95.5856728553772, 97.1282422542572,]
