best-result = 39.04741716384888
warmup-time = 40.707778215408325
all-measurements = [ 39.71411061286926, 39.54812240600586, 39.04741716384888,]
