best-result = 42.85737228393555
warmup-time = 46.99474811553955
all-measurements = [ 43.99633860588074, 43.17754030227661, 42.85737228393555,]
