best-result = 28.422080993652344
warmup-time = 28.875335454940796
all-measurements = [ 28.579148530960083, 28.422080993652344, 28.86788010597229,]
