best-result = 654.2638890743256
warmup-time = 696.6528134346008
all-measurements = [ 654.2638890743256, 658.4685413837433, 659.4716022014618,]
