best-result = 172.02609133720398
warmup-time = 174.3980553150177
all-measurements = [ 172.25846076011658, 172.02609133720398, 176.17498445510864,]
