best-result = 66.3383378982544
warmup-time = 66.55844902992249
all-measurements = [ 66.3383378982544, 68.436190366745, 67.88822722434998,]
