best-result = 25.804858922958374
warmup-time = 26.411856412887573
all-measurements = [ 26.2046799659729, 25.804858922958374, 26.375951290130615,]
