best-result = 35.16342282295227
warmup-time = 39.24629473686218
all-measurements = [ 36.42993688583374, 35.16342282295227, 36.558621883392334,]
