best-result = 30.735679864883423
warmup-time = 31.450050830841064
all-measurements = [ 31.065441608428955, 30.735679864883423, 30.75386095046997,]
