best-result = 253.29163479804993
warmup-time = 262.7950110435486
all-measurements = [ 257.97532320022583, 255.99662828445435, 253.29163479804993,]
