best-result = 36.344096183776855
warmup-time = 36.70347571372986
all-measurements = [ 36.344096183776855, 36.6771559715271, 36.821900606155396,]
