best-result = 111.76438760757446
warmup-time = 114.17768120765686
all-measurements = [ 111.76438760757446, 112.02479338645935, 112.83035588264465,]
