best-result = 40.10993313789368
warmup-time = 40.609355211257935
all-measurements = [ 40.10993313789368, 40.14950776100159, 40.12519145011902,]
