best-result = 47.11948561668396
warmup-time = 48.474074363708496
all-measurements = [ 47.39554691314697, 47.11948561668396, 49.940855741500854,]
