best-result = 32.25256943702698
warmup-time = 34.33353400230408
all-measurements = [ 32.25256943702698, 32.859309673309326, 33.27762460708618,]
