best-result = 37.261372327804565
warmup-time = 37.54061841964722
all-measurements = [ 37.261372327804565, 37.40078806877136, 37.89288330078125,]
