best-result = 59.13022303581238
warmup-time = 61.858829736709595
all-measurements = [ 59.13022303581238, 59.52422738075256, 63.57592749595642,]
