best-result = 225.16064047813416
warmup-time = 225.97805905342102
all-measurements = [ 225.16064047813416, 226.96069526672363, 225.50140357017517,]
