best-result = 512.8819344043732
warmup-time = 519.4092464447021
all-measurements = [ 512.8819344043732, 514.7118229866028, 512.9960823059082,]
