best-result = 36.34653306007385
warmup-time = 36.376269817352295
all-measurements = [ 37.21304488182068, 36.34653306007385, 36.527304887771606,]
