best-result = 28.67336654663086
warmup-time = 29.16543745994568
all-measurements = [ 28.67336654663086, 29.16043257713318, 29.00995182991028,]
