best-result = 70.10737895965576
warmup-time = 77.44383430480957
all-measurements = [ 78.06187391281128, 70.10737895965576, 81.34465408325195,]
