best-result = 61.170140981674194
warmup-time = 61.12356781959534
all-measurements = [ 61.304760694503784, 61.170140981674194, 61.48057818412781,]
