best-result = 27.91733694076538
warmup-time = 28.35916042327881
all-measurements = [ 27.91733694076538, 28.755762338638306, 29.112410068511963,]
