best-result = 32.73458814620972
warmup-time = 35.69507956504822
all-measurements = [ 32.73458814620972, 35.39576983451843, 35.53019881248474,]
