best-result = 33.031190633773804
warmup-time = 33.64394760131836
all-measurements = [ 33.945399045944214, 33.031190633773804, 33.41983413696289,]
