best-result = 43.49677777290344
warmup-time = 42.43295168876648
all-measurements = [ 43.81488370895386, 43.49677777290344, 43.69288992881775,]
