best-result = 94.46677446365356
warmup-time = 97.33332705497742
all-measurements = [ 97.04489827156067, 94.46677446365356, 96.40128660202026,]
