best-result = 27.116071939468384
warmup-time = 29.395129203796387
all-measurements = [ 29.324039220809937, 27.26774024963379, 27.116071939468384,]
