best-result = 34.34451341629028
warmup-time = 35.64021849632263
all-measurements = [ 35.06235957145691, 34.350566148757935, 34.34451341629028,]
