best-result = 86.49152660369873
warmup-time = 87.87916684150696
all-measurements = [ 87.9275255203247, 86.49152660369873, 87.87621426582336,]
