best-result = 38.15108132362366
warmup-time = 38.64426350593567
all-measurements = [ 38.68029546737671, 38.15108132362366, 38.642380714416504,]
