best-result = 41.62934851646423
warmup-time = 45.75356698036194
all-measurements = [ 45.47383499145508, 46.931976318359375, 41.62934851646423,]
