best-result = 27.35016417503357
warmup-time = 29.42590641975403
all-measurements = [ 29.47029399871826, 28.547532320022583, 27.35016417503357,]
