best-result = 630.6009435653687
warmup-time = 683.83243060112
all-measurements = [ 630.6009435653687, 642.5744528770447, 638.5215809345245,]
