best-result = 172.26833605766296
warmup-time = 173.34957265853882
all-measurements = [ 172.45991277694702, 172.26833605766296, 174.3073012828827,]
