best-result = 66.06639266014099
warmup-time = 68.36526870727539
all-measurements = [ 68.45532941818237, 67.14334440231323, 66.06639266014099,]
