best-result = 27.54720902442932
warmup-time = 27.00875735282898
all-measurements = [ 27.815500020980835, 27.54720902442932, 27.572290897369385,]
