best-result = 39.2566978931427
warmup-time = 42.56292533874512
all-measurements = [ 39.2566978931427, 41.309285163879395, 40.121071100234985,]
