best-result = 34.19361925125122
warmup-time = 34.78946900367737
all-measurements = [ 34.19361925125122, 36.00580716133118, 34.81170105934143,]
