best-result = 285.2531883716583
warmup-time = 289.3662164211273
all-measurements = [ 286.95937418937683, 285.2531883716583, 286.11587047576904,]
