best-result = 37.25261092185974
warmup-time = 39.00129246711731
all-measurements = [ 37.25261092185974, 38.844236612319946, 38.56934189796448,]
