best-result = 46.033522844314575
warmup-time = 45.21030783653259
all-measurements = [ 46.033522844314575, 46.528608322143555, 46.084054946899414,]
