best-result = 52.64118719100952
warmup-time = 53.8173406124115
all-measurements = [ 55.06810116767883, 52.64118719100952, 54.78695750236511,]
