best-result = 37.199941873550415
warmup-time = 36.542670488357544
all-measurements = [ 37.7074830532074, 37.64989757537842, 37.199941873550415,]
