best-result = 38.60515880584717
warmup-time = 42.349692583084106
all-measurements = [ 42.11738634109497, 38.60515880584717, 41.73075985908508,]
