best-result = 62.703009843826294
warmup-time = 66.63256502151489
all-measurements = [ 62.703009843826294, 64.84529066085815, 67.03596329689026,]
