best-result = 254.86458325386047
warmup-time = 260.4736249446869
all-measurements = [ 258.8401310443878, 257.65281534194946, 254.86458325386047,]
