best-result = 594.7149646282196
warmup-time = 598.6437692642212
all-measurements = [ 594.7149646282196, 601.1989588737488, 599.417848110199,]
