best-result = 38.732651233673096
warmup-time = 39.61721086502075
all-measurements = [ 40.74323582649231, 40.16259551048279, 38.732651233673096,]
