best-result = 68.6649522781372
warmup-time = 68.88802719116211
all-measurements = [ 70.81245493888855, 68.74519872665405, 68.6649522781372,]
