best-result = 28.927260398864746
warmup-time = 30.0147225856781
all-measurements = [ 29.078392505645752, 28.927260398864746, 30.943089962005615,]
