best-result = 38.72670316696167
warmup-time = 38.82437705993652
all-measurements = [ 38.72670316696167, 39.29132270812988, 38.96607565879822,]
