best-result = 35.659907579422
warmup-time = 35.25833249092102
all-measurements = [ 36.826162338256836, 35.659907579422, 35.891035079956055,]
