best-result = 47.20276498794556
warmup-time = 46.703824281692505
all-measurements = [ 47.577282667160034, 47.20276498794556, 47.889755964279175,]
