best-result = 108.180912733078
warmup-time = 107.39380550384521
all-measurements = [ 108.180912733078, 109.41322898864746, 111.21325659751892,]
