best-result = 30.477930784225464
warmup-time = 31.53644323348999
all-measurements = [ 31.79823327064514, 30.73531699180603, 30.477930784225464,]
