best-result = 37.33878207206726
warmup-time = 38.82109594345093
all-measurements = [ 37.421103715896606, 38.28291630744934, 37.33878207206726,]
