best-result = 43.01470923423767
warmup-time = 42.79888391494751
all-measurements = [ 43.89968252182007, 43.22240853309631, 43.01470923423767,]
