best-result = 45.15654277801514
warmup-time = 48.584590911865234
all-measurements = [ 46.55884003639221, 45.15654277801514, 48.90381574630737,]
