best-result = 29.98205876350403
warmup-time = 29.483831882476807
all-measurements = [ 29.98205876350403, 30.4334614276886, 30.233776092529297,]
