best-result = 742.2010190486908
warmup-time = 741.7391934394836
all-measurements = [ 761.3925931453705, 749.044016122818, 742.2010190486908,]
