best-result = 199.2850615978241
warmup-time = 201.09238171577454
all-measurements = [ 202.18634009361267, 199.46253538131714, 199.2850615978241,]
