best-result = 45.62333869934082
warmup-time = 47.998605489730835
all-measurements = [ 48.45234513282776, 49.69799733161926, 45.62333869934082,]
