best-result = 22.35007071495056
warmup-time = 22.460771560668945
all-measurements = [ 22.35007071495056, 22.72250771522522, 22.415135860443115,]
