best-result = 48.025219678878784
warmup-time = 64.71331214904785
all-measurements = [ 48.129751205444336, 48.025219678878784, 48.53982925415039,]
