best-result = 47.78511071205139
warmup-time = 60.853532552719116
all-measurements = [ 47.78511071205139, 48.341716051101685, 48.812442779541016,]
