best-result = 995.31853723526
warmup-time = 1211.8246405124664
all-measurements = [ 1005.0108113288879, 998.2577936649323, 995.31853723526,]
