best-result = 82.47584843635559
warmup-time = 96.53475213050842
all-measurements = [ 82.47584843635559, 83.73065638542175, 84.51422762870789,]
