best-result = 79.06723022460938
warmup-time = 101.90560555458069
all-measurements = [ 79.06723022460938, 79.06819176673889, 80.76856017112732,]
