best-result = 70.023188829422
warmup-time = 94.9552309513092
all-measurements = [ 70.023188829422, 70.18506336212158, 85.28759980201721,]
