best-result = 85.81562519073486
warmup-time = 107.3534243106842
all-measurements = [ 86.46216464042664, 85.81562519073486, 86.1417453289032,]
