best-result = 598.1145622730255
warmup-time = 618.234742641449
all-measurements = [ 602.7582948207855, 600.7590038776398, 598.1145622730255,]
