best-result = 63.7736496925354
warmup-time = 82.52399802207947
all-measurements = [ 63.94402575492859, 64.64762806892395, 63.7736496925354,]
