best-result = 234.01760339736938
warmup-time = 417.12551641464233
all-measurements = [ 234.01760339736938, 236.02896809577942, 234.82091665267944,]
