best-result = 442.3436782360077
warmup-time = 966.0122628211975
all-measurements = [ 444.002140045166, 442.3436782360077, 445.96687293052673,]
