best-result = 61.02805304527283
warmup-time = 78.5019793510437
all-measurements = [ 61.36546969413757, 61.2981812953949, 61.02805304527283,]
