best-result = 881.4740340709686
warmup-time = 919.7874464988708
all-measurements = [ 882.3673901557922, 889.5426607131958, 881.4740340709686,]
