best-result = 27.59636902809143
warmup-time = 36.77952790260315
all-measurements = [ 27.59636902809143, 28.030056953430176, 28.846110105514526,]
