best-result = 60.21740651130676
warmup-time = 75.04334712028503
all-measurements = [ 60.24758791923523, 60.21740651130676, 61.06005620956421,]
