best-result = 56.400036096572876
warmup-time = 70.78754138946533
all-measurements = [ 57.362937927246094, 56.400036096572876, 57.810261964797974,]
