best-result = 110.80353426933289
warmup-time = 142.74485540390015
all-measurements = [ 112.12782835960388, 110.80353426933289, 112.26056599617004,]
