best-result = 774.3391673564911
warmup-time = 859.8922488689423
all-measurements = [ 774.3391673564911, 781.2628061771393, 779.2335784435272,]
