best-result = 34.64656710624695
warmup-time = 43.039873361587524
all-measurements = [ 34.64656710624695, 34.9567129611969, 35.643315076828,]
