best-result = 53.80328631401062
warmup-time = 70.52365779876709
all-measurements = [ 53.80328631401062, 55.281155824661255, 54.33212113380432,]
