best-result = 50.60669183731079
warmup-time = 72.51262187957764
all-measurements = [ 50.805283069610596, 50.60669183731079, 51.64033102989197,]
