best-result = 81.21667814254761
warmup-time = 99.91159629821777
all-measurements = [ 82.048020362854, 81.3094584941864, 81.21667814254761,]
