best-result = 36.42376685142517
warmup-time = 46.960721492767334
all-measurements = [ 36.42376685142517, 36.814945697784424, 36.50955080986023,]
