best-result = 354.6877405643463
warmup-time = 520.5453310012817
all-measurements = [ 354.6877405643463, 362.5124297142029, 360.1777102947235,]
