best-result = 104.35222387313843
warmup-time = 104.9419412612915
all-measurements = [ 105.84410953521729, 104.35222387313843, 104.40352201461792,]
