best-result = 22.90674614906311
warmup-time = 22.782036542892456
all-measurements = [ 22.90674614906311, 22.9729585647583, 22.924786806106567,]
