best-result = 46.68550944328308
warmup-time = 63.223899602890015
all-measurements = [ 46.902822494506836, 46.84403038024902, 46.68550944328308,]
