best-result = 46.48966956138611
warmup-time = 58.05017399787903
all-measurements = [ 46.735286712646484, 46.94526481628418, 46.48966956138611,]
