best-result = 929.4450721740723
warmup-time = 1108.324388742447
all-measurements = [ 929.4450721740723, 937.2307598590851, 937.2737731933594,]
