best-result = 85.2247838973999
warmup-time = 99.31960034370422
all-measurements = [ 85.2247838973999, 85.41327953338623, 85.33175039291382,]
