best-result = 82.75579452514648
warmup-time = 103.11030292510986
all-measurements = [ 82.97104692459106, 82.75579452514648, 83.02393770217896,]
