best-result = 71.00291204452515
warmup-time = 91.26313662528992
all-measurements = [ 71.29655957221985, 71.38502216339111, 71.00291204452515,]
