best-result = 92.19636464118958
warmup-time = 105.21149897575378
all-measurements = [ 92.53482866287231, 92.19636464118958, 92.23141050338745,]
