best-result = 635.4954752922058
warmup-time = 651.977516412735
all-measurements = [ 637.3884108066559, 635.4954752922058, 638.2328534126282,]
