best-result = 65.03936743736267
warmup-time = 80.82733869552612
all-measurements = [ 65.87888693809509, 65.10781836509705, 65.03936743736267,]
