best-result = 222.50339460372925
warmup-time = 371.87138390541077
all-measurements = [ 223.14733743667603, 224.39776253700256, 222.50339460372925,]
