best-result = 438.36811113357544
warmup-time = 884.1873297691345
all-measurements = [ 445.8358664512634, 440.6315791606903, 438.36811113357544,]
