best-result = 62.40824747085571
warmup-time = 79.40522646903992
all-measurements = [ 62.40824747085571, 62.607316970825195, 62.5916051864624,]
