best-result = 143.35337615013123
warmup-time = 176.4563329219818
all-measurements = [ 143.63083171844482, 143.35337615013123, 144.58997178077698,]
