best-result = 882.5004217624664
warmup-time = 921.4271457195282
all-measurements = [ 892.3732576370239, 882.5004217624664, 885.1167080402374,]
