best-result = 27.405661821365356
warmup-time = 35.54067301750183
all-measurements = [ 27.405661821365356, 27.62725019454956, 27.64933204650879,]
