best-result = 59.0061674118042
warmup-time = 71.69245266914368
all-measurements = [ 59.0061674118042, 59.12453508377075,]
