best-result = 59.1145122051239
warmup-time = 72.2076313495636
all-measurements = [ 59.85534477233887, 59.631000995635986, 59.1145122051239,]
