best-result = 110.71983790397644
warmup-time = 138.36091566085815
all-measurements = [ 110.71983790397644, 111.97746658325195, 111.68399143218994,]
