best-result = 785.9546492099762
warmup-time = 858.2657339572906
all-measurements = [ 818.5166871547699, 785.9546492099762, 790.4610314369202,]
