best-result = 33.67153596878052
warmup-time = 42.020142555236816
all-measurements = [ 33.67153596878052, 33.86185145378113, 33.850545167922974,]
