best-result = 55.40351176261902
warmup-time = 71.39905309677124
all-measurements = [ 55.56527638435364, 55.62282466888428, 55.40351176261902,]
