best-result = 2295.2090759277344
warmup-time = 2547.0146012306213
all-measurements = [ 2529.2163281440735, 3373.5309720039368, 2295.2090759277344,]
