best-result = 49.88544464111328
warmup-time = 71.95885825157166
all-measurements = [ 50.11121916770935, 49.88544464111328, 50.23681354522705,]
