best-result = 77.82741355895996
warmup-time = 98.65486693382263
all-measurements = [ 78.72681927680969, 78.90412497520447, 77.82741355895996,]
