best-result = 36.859307050704956
warmup-time = 46.34099745750427
all-measurements = [ 37.2112557888031, 36.99029469490051, 36.859307050704956,]
