best-result = 358.8253586292267
warmup-time = 502.32897186279297
all-measurements = [ 363.64592242240906, 362.48058557510376, 358.8253586292267,]
