best-result = 59.065898418426514
warmup-time = 59.87520790100098
all-measurements = [ 60.640769481658936, 59.065898418426514, 60.15424585342407,]
