best-result = 25.359641075134277
warmup-time = 26.10714054107666
all-measurements = [ 25.719969987869263, 26.15484070777893, 25.359641075134277,]
