best-result = 35.66430115699768
warmup-time = 35.0512273311615
all-measurements = [ 36.139835596084595, 37.529972553253174, 35.66430115699768,]
