best-result = 30.743553638458252
warmup-time = 31.310442686080933
all-measurements = [ 30.957261323928833, 31.81876850128174, 30.743553638458252,]
