best-result = 261.30864572525024
warmup-time = 267.00223898887634
all-measurements = [ 262.92993116378784, 265.75988483428955, 261.30864572525024,]
