best-result = 35.91088938713074
warmup-time = 36.89497923851013
all-measurements = [ 35.91088938713074, 37.3822979927063, 37.42269515991211,]
