best-result = 114.11085820198059
warmup-time = 116.58939361572266
all-measurements = [ 114.11085820198059, 114.83203101158142, 114.71883177757263,]
