best-result = 39.03531098365784
warmup-time = 40.18208885192871
all-measurements = [ 39.03531098365784, 41.16357922554016, 41.22779130935669,]
