best-result = 48.15907311439514
warmup-time = 49.70599007606506
all-measurements = [ 48.401994943618774, 49.1985502243042, 48.15907311439514,]
