best-result = 33.59019708633423
warmup-time = 31.206162691116333
all-measurements = [ 34.25798749923706, 33.59019708633423, 34.23375129699707,]
