best-result = 60.24878406524658
warmup-time = 60.75351667404175
all-measurements = [ 60.24878406524658, 66.42802095413208, 62.69800925254822,]
