best-result = 225.79254150390625
warmup-time = 230.60429739952087
all-measurements = [ 225.79254150390625, 227.43374276161194, 229.79059553146362,]
