best-result = 520.2818341255188
warmup-time = 524.7474019527435
all-measurements = [ 523.1265184879303, 522.7705020904541, 520.2818341255188,]
