best-result = 34.04758334159851
warmup-time = 36.180315017700195
all-measurements = [ 34.803386926651, 34.04758334159851, 37.467148303985596,]
