best-result = 28.511224508285522
warmup-time = 28.69671869277954
all-measurements = [ 29.06067204475403, 28.96278476715088, 28.511224508285522,]
