best-result = 71.91759967803955
warmup-time = 81.62899279594421
all-measurements = [ 71.91759967803955, 83.21055006980896, 84.74026346206665,]
