best-result = 61.844162940979004
warmup-time = 61.557485580444336
all-measurements = [ 61.844162940979004, 62.392361879348755, 65.6237223148346,]
