best-result = 27.66520857810974
warmup-time = 28.247764348983765
all-measurements = [ 28.095810413360596, 27.66520857810974, 28.34648323059082,]
