best-result = 35.416510820388794
warmup-time = 35.16198134422302
all-measurements = [ 35.416510820388794, 35.65821051597595, 35.661829233169556,]
