best-result = 32.08090043067932
warmup-time = 34.28107666969299
all-measurements = [ 33.66755270957947, 32.08090043067932, 32.4656765460968,]
