best-result = 41.875317096710205
warmup-time = 42.13285303115845
all-measurements = [ 43.14053225517273, 41.875317096710205, 42.01945638656616,]
