best-result = 96.66811990737915
warmup-time = 96.72692465782166
all-measurements = [ 96.66811990737915, 97.2619857788086, 97.4996919631958,]
