best-result = 27.24699068069458
warmup-time = 28.466319799423218
all-measurements = [ 29.184975385665894, 28.76383662223816, 27.24699068069458,]
