best-result = 33.58611178398132
warmup-time = 34.62098979949951
all-measurements = [ 33.58611178398132, 35.386990547180176, 34.42608833312988,]
