best-result = 90.17639493942261
warmup-time = 96.90704154968262
all-measurements = [ 91.28069853782654, 90.17639493942261, 94.66929864883423,]
