best-result = 38.27717924118042
warmup-time = 38.74385476112366
all-measurements = [ 39.01216101646423, 38.27717924118042, 39.04080557823181,]
