best-result = 44.121095418930054
warmup-time = 43.24538707733154
all-measurements = [ 44.121095418930054, 46.1276159286499, 45.30268931388855,]
