best-result = 27.913936614990234
warmup-time = 27.650718927383423
all-measurements = [ 27.913936614990234, 28.777235507965088, 28.229050636291504,]
