best-result = 693.1270260810852
warmup-time = 738.7941031455994
all-measurements = [ 712.1036107540131, 693.1270260810852, 702.9775836467743,]
