best-result = 173.37278270721436
warmup-time = 175.48688626289368
all-measurements = [ 174.6901149749756, 174.83208107948303, 173.37278270721436,]
