best-result = 55.614279985427856
warmup-time = 64.15687274932861
all-measurements = [ 70.64245390892029, 68.63202548027039, 55.614279985427856,]
