best-result = 25.202579736709595
warmup-time = 25.662577390670776
all-measurements = [ 25.478673458099365, 25.639727354049683, 25.202579736709595,]
memory-traffic = 894
