best-result = 36.963852405548096
warmup-time = 38.19286561012268
all-measurements = [ 37.00656509399414, 37.69104790687561, 36.963852405548096,]
memory-traffic = 1160
