best-result = 30.654910802841187
warmup-time = 33.75337243080139
all-measurements = [ 31.930757522583008, 31.744648456573486, 30.654910802841187,]
memory-traffic = 960
