best-result = 264.8518097400665
warmup-time = 274.0334858894348
all-measurements = [ 266.5657413005829, 267.4268910884857, 264.8518097400665,]
memory-traffic = 15201
