best-result = 35.47087264060974
warmup-time = 38.43312382698059
all-measurements = [ 35.47087264060974, 36.66764807701111, 36.195395708084106,]
memory-traffic = 963
