best-result = 42.22664785385132
warmup-time = 45.00129199028015
all-measurements = [ 42.33124232292175, 42.22664785385132, 42.610065937042236,]
memory-traffic = 1497
