best-result = 50.187209129333496
warmup-time = 52.75463652610779
all-measurements = [ 50.187209129333496, 51.40995788574219, 50.47606158256531,]
memory-traffic = 2261
