best-result = 31.8091983795166
warmup-time = 37.84896683692932
all-measurements = [ 31.8091983795166, 33.642436027526855, 34.42522883415222,]
memory-traffic = 1007
