best-result = 37.02320599555969
warmup-time = 39.97542881965637
all-measurements = [ 38.16713094711304, 37.02320599555969, 38.28912329673767,]
memory-traffic = 1235
