best-result = 60.074790954589844
warmup-time = 63.76215195655823
all-measurements = [ 60.074790954589844, 64.78093004226685, 61.07430076599121,]
memory-traffic = 2496
