best-result = 227.35507225990295
warmup-time = 255.52800703048706
all-measurements = [ 230.31697058677673, 227.35507225990295, 230.41072964668274,]
memory-traffic = 11864
