best-result = 519.0116498470306
warmup-time = 529.9744629859924
all-measurements = [ 523.0199465751648, 526.62220287323, 519.0116498470306,]
memory-traffic = 35101
