best-result = 35.540475845336914
warmup-time = 38.6523334980011
all-measurements = [ 37.810327768325806, 35.540475845336914, 36.95382499694824,]
memory-traffic = 1212
