best-result = 62.637747287750244
warmup-time = 66.52243638038635
all-measurements = [ 63.22825837135315, 62.637747287750244, 64.23152828216553,]
memory-traffic = 2939
