best-result = 27.155194520950317
warmup-time = 29.07963252067566
all-measurements = [ 27.50444197654724, 27.155194520950317, 27.852656841278076,]
memory-traffic = 584
