best-result = 36.149967670440674
warmup-time = 37.99751663208008
all-measurements = [ 36.83841562271118, 36.63162326812744, 36.149967670440674,]
memory-traffic = 857
