best-result = 32.704801082611084
warmup-time = 36.55146288871765
all-measurements = [ 33.87970018386841, 34.47067832946777, 32.704801082611084,]
memory-traffic = 1024
