best-result = 43.388680934906006
warmup-time = 45.283674001693726
all-measurements = [ 44.150179624557495, 44.46104621887207, 43.388680934906006,]
memory-traffic = 1783
