best-result = 97.48670220375061
warmup-time = 100.6746096611023
all-measurements = [ 97.48670220375061, 97.9389340877533, 98.45649456977844,]
memory-traffic = 5306
