best-result = 27.883577823638916
warmup-time = 29.408064365386963
all-measurements = [ 29.086222887039185, 29.063653469085693, 27.883577823638916,]
memory-traffic = 584
