best-result = 33.8646981716156
warmup-time = 37.55884599685669
all-measurements = [ 35.84756422042847, 34.61112141609192, 33.8646981716156,]
memory-traffic = 1020
