best-result = 88.47734141349792
warmup-time = 96.10910964012146
all-measurements = [ 88.47734141349792, 100.85065531730652, 97.72628784179688,]
memory-traffic = 7002
