best-result = 39.823935985565186
warmup-time = 41.02767276763916
all-measurements = [ 40.3914053440094, 39.823935985565186, 40.170153856277466,]
memory-traffic = 1345
