best-result = 43.996312618255615
warmup-time = 47.69368028640747
all-measurements = [ 44.207518577575684, 43.996312618255615, 45.43403649330139,]
memory-traffic = 1615
