best-result = 27.35672163963318
warmup-time = 29.119820594787598
all-measurements = [ 28.547006607055664, 28.286120176315308, 27.35672163963318,]
memory-traffic = 616
