best-result = 680.7263376712799
warmup-time = 710.2049412727356
all-measurements = [ 686.8235955238342, 680.9871029853821, 680.7263376712799,]
