best-result = 175.89921355247498
warmup-time = 178.70415902137756
all-measurements = [ 178.59181785583496, 177.73549890518188, 175.89921355247498,]
memory-traffic = 10974
