best-result = 42.87816333770752
warmup-time = 45.39214563369751
all-measurements = [ 43.8317666053772, 42.87816333770752, 43.315728425979614,]
memory-traffic = 1703
