best-result = 25.754100561141968
warmup-time = 26.03633761405945
all-measurements = [ 26.66826891899109, 25.754100561141968, 26.118292331695557,]
