best-result = 36.78809189796448
warmup-time = 37.74472379684448
all-measurements = [ 38.47366642951965, 37.39774537086487, 36.78809189796448,]
