best-result = 30.198716163635254
warmup-time = 31.81781578063965
all-measurements = [ 30.332451581954956, 30.592771768569946, 30.198716163635254,]
