best-result = 259.1220335960388
warmup-time = 267.4213020801544
all-measurements = [ 261.28022623062134, 259.1220335960388, 262.7925217151642,]
