best-result = 36.63401222229004
warmup-time = 36.48889660835266
all-measurements = [ 36.63401222229004, 37.22736644744873, 37.08273530006409,]
