best-result = 111.32147550582886
warmup-time = 116.15171194076538
all-measurements = [ 111.32147550582886, 112.51557898521423, 111.66886067390442,]
