best-result = 40.676900148391724
warmup-time = 41.13140511512756
all-measurements = [ 41.3758430480957, 40.718254804611206, 40.676900148391724,]
