best-result = 46.81707692146301
warmup-time = 48.74938106536865
all-measurements = [ 47.37373185157776, 46.81707692146301, 47.03386402130127,]
