best-result = 32.481879234313965
warmup-time = 33.570205211639404
all-measurements = [ 32.481879234313965, 34.14117956161499, 33.881906270980835,]
