best-result = 37.04672431945801
warmup-time = 38.761077880859375
all-measurements = [ 37.13937067985535, 37.04672431945801, 37.117658615112305,]
