best-result = 58.4314968585968
warmup-time = 64.69283986091614
all-measurements = [ 61.24774241447449, 58.4314968585968, 63.50989031791687,]
