best-result = 224.75022745132446
warmup-time = 230.35031819343567
all-measurements = [ 228.56038355827332, 224.75022745132446, 229.47153186798096,]
