best-result = 522.0609970092773
warmup-time = 524.9086482524872
all-measurements = [ 522.0609970092773, 523.4294097423553, 522.4201884269714,]
