best-result = 36.84176301956177
warmup-time = 37.98690342903137
all-measurements = [ 36.886717557907104, 36.84176301956177, 37.27774500846863,]
