best-result = 28.723734617233276
warmup-time = 28.848743200302124
all-measurements = [ 28.723734617233276, 29.85361337661743, 29.216740131378174,]
