best-result = 69.63535785675049
warmup-time = 71.79465246200562
all-measurements = [ 69.63535785675049, 77.63956069946289, 79.41652584075928,]
