best-result = 62.21818780899048
warmup-time = 65.41319727897644
all-measurements = [ 62.353068351745605, 62.21818780899048, 62.27872061729431,]
