best-result = 27.682124614715576
warmup-time = 29.057019233703613
all-measurements = [ 27.921513557434082, 27.682124614715576, 28.420371055603027,]
