best-result = 32.11223363876343
warmup-time = 35.799243688583374
all-measurements = [ 32.11223363876343, 32.672693729400635, 35.74939823150635,]
