best-result = 33.265403032302856
warmup-time = 33.923487424850464
all-measurements = [ 34.13964605331421, 33.265403032302856, 33.92251443862915,]
