best-result = 41.896828174591064
warmup-time = 43.398844480514526
all-measurements = [ 42.78236675262451, 41.896828174591064, 44.7465660572052,]
