best-result = 97.34682536125183
warmup-time = 98.42717695236206
all-measurements = [ 97.56344366073608, 97.34682536125183, 98.51192665100098,]
