best-result = 27.209261655807495
warmup-time = 27.722078323364258
all-measurements = [ 29.06626844406128, 28.91673970222473, 27.209261655807495,]
