best-result = 34.64783024787903
warmup-time = 36.03521776199341
all-measurements = [ 35.50616908073425, 35.25056838989258, 34.64783024787903,]
