best-result = 90.67642712593079
warmup-time = 93.95507669448853
all-measurements = [ 90.67642712593079, 93.25068020820618, 90.7642114162445,]
