best-result = 38.26498508453369
warmup-time = 38.895716190338135
all-measurements = [ 38.26498508453369, 38.75259256362915, 38.55180859565735,]
