best-result = 43.7780020236969
warmup-time = 44.531575441360474
all-measurements = [ 43.7780020236969, 44.32306432723999, 44.79525971412659,]
