best-result = 28.266581773757935
warmup-time = 28.728296279907227
all-measurements = [ 28.61278200149536, 28.833008527755737, 28.266581773757935,]
