best-result = 175.3074176311493
warmup-time = 175.7097201347351
all-measurements = [ 176.62959384918213, 175.3074176311493, 176.2368483543396,]
