best-result = 63.59267520904541
warmup-time = 65.8262083530426
all-measurements = [ 65.75193333625793, 65.96361422538757, 63.59267520904541,]
