best-result = 25.795276880264282
warmup-time = 26.207580089569092
all-measurements = [ 25.795276880264282, 26.69293451309204, 25.909770965576172,]
