best-result = 37.50330996513367
warmup-time = 38.775176763534546
all-measurements = [ 38.614346981048584, 37.50330996513367, 39.19251847267151,]
