best-result = 30.81206488609314
warmup-time = 30.732715845108032
all-measurements = [ 31.268728256225586, 30.81206488609314, 30.975557327270508,]
