best-result = 257.9700036048889
warmup-time = 265.24731731414795
all-measurements = [ 257.9700036048889, 259.76104378700256, 260.20860409736633,]
