best-result = 34.93107843399048
warmup-time = 37.579068660736084
all-measurements = [ 36.61935377120972, 36.85198736190796, 34.93107843399048,]
