best-result = 117.56312203407288
warmup-time = 121.8090980052948
all-measurements = [ 118.01248121261597, 118.02073645591736, 117.56312203407288,]
