best-result = 39.6076340675354
warmup-time = 42.761677742004395
all-measurements = [ 40.32294940948486, 39.6076340675354, 41.52636003494263,]
