best-result = 47.78275203704834
warmup-time = 48.840983152389526
all-measurements = [ 47.78275203704834, 50.969836711883545, 47.90843749046326,]
