best-result = 33.09219717979431
warmup-time = 34.33824038505554
all-measurements = [ 33.63703227043152, 33.09219717979431, 33.557018518447876,]
