best-result = 36.63965964317322
warmup-time = 37.396111726760864
all-measurements = [ 37.632874488830566, 36.63965964317322, 36.937660694122314,]
