best-result = 59.69346809387207
warmup-time = 63.10470485687256
all-measurements = [ 63.91752505302429, 59.69346809387207, 63.10997462272644,]
