best-result = 224.12758827209473
warmup-time = 228.29142951965332
all-measurements = [ 229.68955969810486, 224.12758827209473, 227.11600542068481,]
