best-result = 513.0142426490784
warmup-time = 521.7364685535431
all-measurements = [ 532.6325838565826, 518.8228757381439, 513.0142426490784,]
