best-result = 36.551297664642334
warmup-time = 35.80916976928711
all-measurements = [ 36.551297664642334, 37.104283571243286, 37.968045473098755,]
