best-result = 28.880086421966553
warmup-time = 29.291570901870728
all-measurements = [ 28.880086421966553, 29.024883031845093, 30.17824363708496,]
