best-result = 75.79035878181458
warmup-time = 72.88546323776245
all-measurements = [ 78.01545429229736, 75.79035878181458, 78.67040395736694,]
