best-result = 62.007006883621216
warmup-time = 61.955177307128906
all-measurements = [ 62.007006883621216, 63.09181451797485, 62.46161770820618,]
