best-result = 28.45376205444336
warmup-time = 30.6915762424469
all-measurements = [ 28.655346393585205, 28.45376205444336, 29.07707381248474,]
