best-result = 35.15679454803467
warmup-time = 35.43086290359497
all-measurements = [ 35.19157695770264, 35.544435024261475, 35.15679454803467,]
