best-result = 34.89832091331482
warmup-time = 36.07390332221985
all-measurements = [ 35.046529054641724, 34.89832091331482, 35.35410952568054,]
