best-result = 43.22570586204529
warmup-time = 45.21802115440369
all-measurements = [ 43.22570586204529, 46.00325131416321, 43.34630727767944,]
