best-result = 93.02926230430603
warmup-time = 95.55366396903992
all-measurements = [ 96.02412986755371, 97.90740013122559, 93.02926230430603,]
