best-result = 28.56428575515747
warmup-time = 30.547134160995483
all-measurements = [ 28.56428575515747, 29.473496675491333, 29.750531911849976,]
