best-result = 35.551259994506836
warmup-time = 35.7475790977478
all-measurements = [ 35.658405780792236, 35.551259994506836, 35.56624412536621,]
