best-result = 86.31905674934387
warmup-time = 89.42425394058228
all-measurements = [ 86.31905674934387, 89.10002708435059, 97.13086867332458,]
