best-result = 38.357579946517944
warmup-time = 39.16263270378113
all-measurements = [ 39.07932162284851, 38.59033536911011, 38.357579946517944,]
