best-result = 44.37686610221863
warmup-time = 45.38412523269653
all-measurements = [ 44.37686610221863, 44.72633600234985, 44.45462775230408,]
