best-result = 27.925013542175293
warmup-time = 28.015990257263184
all-measurements = [ 27.925013542175293, 28.303661108016968, 28.700928688049316,]
