best-result = 653.9657320976257
warmup-time = 695.1816387176514
all-measurements = [ 653.9657320976257, 655.8673031330109, 655.3344984054565,]
