best-result = 170.879629611969
warmup-time = 173.57569098472595
all-measurements = [ 171.8862600326538, 170.879629611969, 174.34909582138062,]
