best-result = 57.67708611488342
warmup-time = 67.73653602600098
all-measurements = [ 69.54454112052917, 67.7177402973175, 57.67708611488342,]
