best-result = 23.346521139144897
warmup-time = 23.73560643196106
all-measurements = [ 23.6081383228302, 23.42515993118286, 23.346521139144897,]
