best-result = 47.47380042076111
warmup-time = 65.20661473274231
all-measurements = [ 47.588714599609375, 47.90472936630249, 47.47380042076111,]
