best-result = 47.48971772193909
warmup-time = 58.1858344078064
all-measurements = [ 48.146753549575806, 47.78896880149841, 47.48971772193909,]
