best-result = 901.5734810829163
warmup-time = 1058.3872420787811
all-measurements = [ 905.8710248470306, 901.5734810829163, 902.5341761112213,]
