best-result = 85.70858120918274
warmup-time = 99.61295056343079
all-measurements = [ 86.06688094139099, 86.99355983734131, 85.70858120918274,]
