best-result = 881.3355393409729
warmup-time = 911.7969241142273
all-measurements = [ 881.5203952789307, 881.4052050113678, 881.3355393409729,]
