best-result = 66.92609739303589
warmup-time = 80.66380500793457
all-measurements = [ 67.44134902954102, 66.92609739303589, 68.03569436073303,]
