best-result = 85.57769131660461
warmup-time = 106.70846772193909
all-measurements = [ 85.57769131660461, 86.06051898002625, 85.87587881088257,]
