best-result = 69.77808785438538
warmup-time = 88.48262333869934
all-measurements = [ 70.04701900482178, 69.77808785438538, 69.84315013885498,]
