best-result = 88.48265242576599
warmup-time = 102.52915954589844
all-measurements = [ 88.72897982597351, 88.48265242576599, 88.62133741378784,]
