best-result = 656.362117767334
warmup-time = 668.0157141685486
all-measurements = [ 656.362117767334, 675.7258443832397, 657.8519341945648,]
