best-result = 63.82601189613342
warmup-time = 79.01417446136475
all-measurements = [ 64.24323582649231, 63.82601189613342, 64.60132646560669,]
