best-result = 193.94577741622925
warmup-time = 344.9882438182831
all-measurements = [ 194.03771328926086, 196.4689085483551, 193.94577741622925,]
