best-result = 394.2906057834625
warmup-time = 830.9697239398956
all-measurements = [ 394.2906057834625, 395.4343032836914, 396.7292687892914,]
