best-result = 63.9248571395874
warmup-time = 80.63541269302368
all-measurements = [ 64.65832448005676, 63.9248571395874, 64.7208034992218,]
