best-result = 41.27455449104309
warmup-time = 49.48833107948303
all-measurements = [ 41.748305559158325, 41.27455449104309, 41.994471311569214,]
