best-result = 136.9720528125763
warmup-time = 166.22002124786377
all-measurements = [ 137.41148924827576, 136.9720528125763, 138.17377924919128,]
