best-result = 959.9473538398743
warmup-time = 978.4411900043488
all-measurements = [ 959.9473538398743, 960.833574295044, 960.6967384815216,]
