best-result = 28.555410861968994
warmup-time = 37.14266920089722
all-measurements = [ 28.569199800491333, 28.555410861968994, 29.170210599899292,]
