best-result = 60.2940034866333
warmup-time = 73.26793646812439
all-measurements = [ 61.18701481819153, 60.2940034866333, 61.36273169517517,]
