best-result = 60.44321155548096
warmup-time = 74.6855583190918
all-measurements = [ 61.03175139427185, 60.62345290184021, 60.44321155548096,]
