best-result = 110.40938878059387
warmup-time = 138.2287118434906
all-measurements = [ 111.31068730354309, 110.70937013626099, 110.40938878059387,]
