best-result = 784.2021834850311
warmup-time = 845.317275762558
all-measurements = [ 784.2021834850311, 784.9812686443329, 790.4731860160828,]
