best-result = 34.84052586555481
warmup-time = 42.032384634017944
all-measurements = [ 34.84052586555481, 35.26397943496704, 34.96232771873474,]
