best-result = 57.12853240966797
warmup-time = 71.77240753173828
all-measurements = [ 57.17094540596008, 57.12853240966797, 57.18037152290344,]
