best-result = 2568.41019487381
warmup-time = 2774.5271289348602
all-measurements = [ 2592.9945533275604, 2568.41019487381, 3499.3172788619995,]
