best-result = 50.392807960510254
warmup-time = 72.93707466125488
all-measurements = [ 51.03158974647522, 50.84622097015381, 50.392807960510254,]
