best-result = 84.02007603645325
warmup-time = 101.31238126754761
all-measurements = [ 84.04729795455933, 84.2232038974762, 84.02007603645325,]
