best-result = 93.89152264595032
warmup-time = 117.0766921043396
all-measurements = [ 93.89152264595032, 94.07377910614014, 94.44228529930115,]
