best-result = 38.557289600372314
warmup-time = 47.539833545684814
all-measurements = [ 38.557289600372314, 39.01633906364441, 38.69078588485718,]
