best-result = 316.05308961868286
warmup-time = 464.36959981918335
all-measurements = [ 318.4816792011261, 316.05308961868286, 317.45081901550293,]
