best-result = 61.03862738609314
warmup-time = 61.72378993034363
all-measurements = [ 61.89804697036743, 61.849698543548584, 61.03862738609314,]
