best-result = 22.07384181022644
warmup-time = 22.704014778137207
all-measurements = [ 22.51405930519104, 22.699835777282715, 22.07384181022644,]
