best-result = 46.92298245429993
warmup-time = 61.44233417510986
all-measurements = [ 46.92298245429993, 46.97075128555298, 46.98736810684204,]
