best-result = 46.31712770462036
warmup-time = 57.99897813796997
all-measurements = [ 46.31712770462036, 46.68290567398071, 46.82105994224548,]
