best-result = 940.6538937091827
warmup-time = 1144.3827719688416
all-measurements = [ 940.6538937091827, 942.659918308258, 949.8197481632233,]
