best-result = 81.87737345695496
warmup-time = 95.10822772979736
all-measurements = [ 82.08909106254578, 81.87737345695496, 82.01766180992126,]
