best-result = 77.88679671287537
warmup-time = 101.26813220977783
all-measurements = [ 78.27578997612, 78.66234517097473, 77.88679671287537,]
