best-result = 68.88248658180237
warmup-time = 90.46618294715881
all-measurements = [ 70.50114607810974, 69.53310036659241, 68.88248658180237,]
