best-result = 84.05114126205444
warmup-time = 99.30315113067627
all-measurements = [ 84.05114126205444, 84.89609241485596, 84.80345940589905,]
