best-result = 593.2410514354706
warmup-time = 602.2453746795654
all-measurements = [ 595.6439294815063, 593.2410514354706, 612.6865012645721,]
