best-result = 62.121323108673096
warmup-time = 80.00130605697632
all-measurements = [ 62.121323108673096, 62.5663206577301, 62.13673639297485,]
