best-result = 223.0907163619995
warmup-time = 376.4184310436249
all-measurements = [ 223.0907163619995, 223.74165534973145, 223.75541853904724,]
