best-result = 438.30973982810974
warmup-time = 882.3618381023407
all-measurements = [ 441.60923051834106, 445.8244137763977, 438.30973982810974,]
