best-result = 60.340747117996216
warmup-time = 75.89795565605164
all-measurements = [ 60.340747117996216, 60.73712611198425, 60.83426523208618,]
