best-result = 842.2673079967499
warmup-time = 871.7243530750275
all-measurements = [ 842.2673079967499, 845.4478816986084, 850.4402689933777,]
