best-result = 27.186747550964355
warmup-time = 34.7885103225708
all-measurements = [ 27.186747550964355, 27.268662691116333, 27.596901178359985,]
