best-result = 57.59372282028198
warmup-time = 71.2404510974884
all-measurements = [ 58.060991287231445, 57.59372282028198, 58.186832427978516,]
