best-result = 56.20657396316528
warmup-time = 69.90705227851868
all-measurements = [ 56.81566619873047, 56.285752296447754, 56.20657396316528,]
