best-result = 108.57442903518677
warmup-time = 139.39485359191895
all-measurements = [ 109.49805426597595, 108.57442903518677, 109.02595233917236,]
