best-result = 761.4352777004242
warmup-time = 834.0583255290985
all-measurements = [ 761.4352777004242, 763.441915512085, 765.3539862632751,]
