best-result = 34.1529803276062
warmup-time = 41.820404291152954
all-measurements = [ 34.1529803276062, 34.705300092697144, 34.264304399490356,]
