best-result = 53.12659525871277
warmup-time = 68.24082159996033
all-measurements = [ 53.12659525871277, 53.29884123802185, 53.975313663482666,]
