best-result = 49.30094790458679
warmup-time = 68.8313524723053
all-measurements = [ 49.30094790458679, 49.30316972732544, 49.31778621673584,]
