best-result = 79.1654109954834
warmup-time = 97.51639890670776
all-measurements = [ 79.1654109954834, 79.4806079864502, 79.35249352455139,]
