best-result = 35.66914439201355
warmup-time = 44.82414674758911
all-measurements = [ 36.04558515548706, 35.66914439201355, 36.375,]
