best-result = 331.94844675064087
warmup-time = 477.1520438194275
all-measurements = [ 331.94844675064087, 343.27559065818787, 337.67602729797363,]
