best-result = 101.98475456237793
warmup-time = 102.97033596038818
all-measurements = [ 102.72451400756836, 102.59237623214722, 101.98475456237793,]
