best-result = 26.88513970375061
warmup-time = 27.752668380737305
all-measurements = [ 26.94547986984253, 26.88513970375061, 27.1727192401886,]
