best-result = 39.25702667236328
warmup-time = 43.18106770515442
all-measurements = [ 40.22393870353699, 39.25702667236328, 40.42265820503235,]
