best-result = 33.76099729537964
warmup-time = 35.0143027305603
all-measurements = [ 33.76099729537964, 35.009337186813354, 33.813581466674805,]
