best-result = 285.4016387462616
warmup-time = 291.1622636318207
all-measurements = [ 290.37854051589966, 287.4953076839447, 285.4016387462616,]
