best-result = 37.063748359680176
warmup-time = 37.07924008369446
all-measurements = [ 37.86110758781433, 37.063748359680176, 38.56558179855347,]
