best-result = 45.65676999092102
warmup-time = 47.244011878967285
all-measurements = [ 47.72259330749512, 45.65676999092102, 48.003591775894165,]
