best-result = 52.42290234565735
warmup-time = 53.04530358314514
all-measurements = [ 54.04135274887085, 54.96225929260254, 52.42290234565735,]
