best-result = 35.313071966171265
warmup-time = 36.52468800544739
all-measurements = [ 36.8773398399353, 37.33222675323486, 35.313071966171265,]
