best-result = 39.43396472930908
warmup-time = 40.77367639541626
all-measurements = [ 40.39195394515991, 39.43396472930908, 40.234392166137695,]
