best-result = 59.35993528366089
warmup-time = 65.4416663646698
all-measurements = [ 60.59379172325134, 59.35993528366089, 66.22911834716797,]
