best-result = 257.26280784606934
warmup-time = 256.69805788993835
all-measurements = [ 260.0336091518402, 259.1223075389862, 257.26280784606934,]
