best-result = 597.4140117168427
warmup-time = 601.3198773860931
all-measurements = [ 600.031058549881, 597.8255813121796, 597.4140117168427,]
