best-result = 38.30144453048706
warmup-time = 40.28810691833496
all-measurements = [ 40.578667402267456, 38.30144453048706, 42.80109429359436,]
