best-result = 69.52570152282715
warmup-time = 70.72247433662415
all-measurements = [ 69.52570152282715, 71.13563752174377, 70.38247776031494,]
