best-result = 28.344768047332764
warmup-time = 28.95167589187622
all-measurements = [ 29.550755262374878, 28.51945161819458, 28.344768047332764,]
