best-result = 34.82055163383484
warmup-time = 35.93359184265137
all-measurements = [ 35.44551396369934, 34.82055163383484, 36.103049755096436,]
