best-result = 45.4922571182251
warmup-time = 47.25147223472595
all-measurements = [ 46.63574433326721, 45.4922571182251, 46.66833281517029,]
