best-result = 106.77983450889587
warmup-time = 107.71116828918457
all-measurements = [ 106.77983450889587, 106.85579204559326, 109.50795888900757,]
