best-result = 36.28918695449829
warmup-time = 36.619709968566895
all-measurements = [ 36.28918695449829, 38.512927293777466, 37.03134799003601,]
