best-result = 42.50347852706909
warmup-time = 42.647202253341675
all-measurements = [ 43.340444803237915, 42.83074140548706, 42.50347852706909,]
