best-result = 46.671842098236084
warmup-time = 47.3279345035553
all-measurements = [ 46.93298006057739, 48.708494663238525, 46.671842098236084,]
