best-result = 29.281697750091553
warmup-time = 30.88421654701233
all-measurements = [ 29.281697750091553, 30.18940806388855, 31.092519998550415,]
