best-result = 735.3109686374664
warmup-time = 762.2204449176788
all-measurements = [ 735.5711081027985, 735.3109686374664, 736.7081437110901,]
