best-result = 195.89945721626282
warmup-time = 198.46411728858948
all-measurements = [ 198.3590967655182, 199.36417531967163, 195.89945721626282,]
