best-result = 46.11142706871033
warmup-time = 47.83869481086731
all-measurements = [ 48.00812530517578, 46.11142706871033, 47.56298828125,]
