best-result = 25.844289541244507
warmup-time = 26.55342960357666
all-measurements = [ 26.1843523979187, 25.844289541244507, 25.95442795753479,]
