best-result = 35.05655074119568
warmup-time = 38.361124992370605
all-measurements = [ 38.69401741027832, 35.05655074119568, 39.64992427825928,]
