best-result = 30.298386096954346
warmup-time = 31.557008981704712
all-measurements = [ 31.639621019363403, 30.298386096954346, 31.215516328811646,]
