best-result = 255.1949577331543
warmup-time = 262.4707202911377
all-measurements = [ 257.24697160720825, 255.82718205451965, 255.1949577331543,]
