best-result = 34.91342616081238
warmup-time = 36.948336601257324
all-measurements = [ 34.91342616081238, 36.63722586631775, 36.60283708572388,]
