best-result = 117.7130491733551
warmup-time = 121.28242492675781
all-measurements = [ 118.42572665214539, 120.3488929271698, 117.7130491733551,]
