best-result = 39.656261920928955
warmup-time = 42.31606197357178
all-measurements = [ 39.656261920928955, 40.042006969451904, 40.402846813201904,]
