best-result = 49.05970478057861
warmup-time = 48.4973406791687
all-measurements = [ 49.05970478057861, 49.471259117126465, 50.19572973251343,]
