best-result = 33.384154081344604
warmup-time = 33.70068669319153
all-measurements = [ 34.95100212097168, 33.573758602142334, 33.384154081344604,]
