best-result = 35.917054653167725
warmup-time = 37.984294414520264
all-measurements = [ 37.29377293586731, 35.917054653167725, 37.463239431381226,]
