best-result = 59.04914331436157
warmup-time = 59.571786642074585
all-measurements = [ 64.07960247993469, 59.04914331436157, 63.01738357543945,]
