best-result = 225.47207903862
warmup-time = 230.81795072555542
all-measurements = [ 225.47207903862, 226.93614387512207, 226.2115194797516,]
