best-result = 516.8383486270905
warmup-time = 520.4695112705231
all-measurements = [ 516.8383486270905, 527.8819713592529, 517.2122521400452,]
