best-result = 35.99741983413696
warmup-time = 36.38290452957153
all-measurements = [ 36.80328178405762, 35.99741983413696, 37.46375370025635,]
