best-result = 29.05419421195984
warmup-time = 29.995109796524048
all-measurements = [ 29.05419421195984, 29.097426414489746, 29.45849299430847,]
