best-result = 74.51954579353333
warmup-time = 71.32003927230835
all-measurements = [ 74.51954579353333, 77.16524338722229, 78.72492480278015,]
