best-result = 59.94039535522461
warmup-time = 61.972137451171875
all-measurements = [ 62.06493353843689, 63.01439595222473, 59.94039535522461,]
