best-result = 28.915441751480103
warmup-time = 29.47708487510681
all-measurements = [ 28.915441751480103, 29.776084423065186, 29.04229187965393,]
