best-result = 35.47200345993042
warmup-time = 32.65383982658386
all-measurements = [ 35.69640231132507, 35.71582508087158, 35.47200345993042,]
