best-result = 34.573054790496826
warmup-time = 35.13143253326416
all-measurements = [ 34.573054790496826, 35.935980796813965, 35.95505428314209,]
