best-result = 42.39539432525635
warmup-time = 44.495656967163086
all-measurements = [ 43.41504144668579, 42.39539432525635, 42.80594754219055,]
