best-result = 96.39202761650085
warmup-time = 97.71344375610352
all-measurements = [ 97.76211547851562, 96.39202761650085, 97.17197012901306,]
