best-result = 28.84651494026184
warmup-time = 28.940207958221436
all-measurements = [ 28.84651494026184, 28.863898992538452, 30.17322301864624,]
