best-result = 35.08456635475159
warmup-time = 35.06072449684143
all-measurements = [ 35.92674899101257, 35.59235072135925, 35.08456635475159,]
