best-result = 86.74709963798523
warmup-time = 86.77440452575684
all-measurements = [ 89.61446785926819, 95.02324771881104, 86.74709963798523,]
