best-result = 40.29317378997803
warmup-time = 39.61569261550903
all-measurements = [ 40.883859395980835, 40.29317378997803, 40.641382455825806,]
