best-result = 43.98053169250488
warmup-time = 46.54302358627319
all-measurements = [ 44.614060163497925, 43.98053169250488, 45.40294122695923,]
