best-result = 28.376301527023315
warmup-time = 28.27316379547119
all-measurements = [ 28.46165156364441, 28.376301527023315, 28.61777400970459,]
