best-result = 647.1500670909882
warmup-time = 700.4133303165436
all-measurements = [ 655.9361116886139, 666.5592374801636, 647.1500670909882,]
