best-result = 173.32932877540588
warmup-time = 174.3577015399933
all-measurements = [ 174.1568148136139, 173.94913029670715, 173.32932877540588,]
