best-result = 56.08946084976196
warmup-time = 70.40547561645508
all-measurements = [ 69.02470016479492, 68.9271445274353, 56.08946084976196,]
