best-result = 25.980681657791138
warmup-time = 26.617680311203003
all-measurements = [ 25.980681657791138, 26.376503705978394, 26.12231707572937,]
