best-result = 37.32126498222351
warmup-time = 36.36550760269165
all-measurements = [ 38.101131439208984, 37.32126498222351, 37.75503373146057,]
