best-result = 30.061099767684937
warmup-time = 31.964752674102783
all-measurements = [ 30.377758502960205, 31.35809302330017, 30.061099767684937,]
