best-result = 256.0916199684143
warmup-time = 264.4822533130646
all-measurements = [ 256.0916199684143, 259.6625545024872, 259.6428952217102,]
