best-result = 36.51352906227112
warmup-time = 37.68451809883118
all-measurements = [ 36.51352906227112, 36.75723743438721, 36.89582848548889,]
