best-result = 112.2122552394867
warmup-time = 115.02457451820374
all-measurements = [ 112.2122552394867, 113.96015191078186, 112.6482846736908,]
