best-result = 34.08529782295227
warmup-time = 35.62520503997803
all-measurements = [ 35.08702254295349, 34.08529782295227, 35.34237790107727,]
