best-result = 41.17464208602905
warmup-time = 41.93232560157776
all-measurements = [ 41.734684467315674, 41.17464208602905, 42.33660078048706,]
