best-result = 47.577308654785156
warmup-time = 47.8499231338501
all-measurements = [ 47.577308654785156, 47.753098011016846, 49.065622329711914,]
