best-result = 33.36187219619751
warmup-time = 33.513596057891846
all-measurements = [ 34.577327728271484, 35.392683267593384, 33.36187219619751,]
