best-result = 36.807565689086914
warmup-time = 37.053571701049805
all-measurements = [ 37.082439661026, 38.125596046447754, 36.807565689086914,]
