best-result = 58.59982991218567
warmup-time = 60.62363958358765
all-measurements = [ 58.59982991218567, 63.85300803184509, 59.47790575027466,]
