best-result = 219.47400856018066
warmup-time = 225.42323541641235
all-measurements = [ 219.47400856018066, 222.17668986320496, 223.06556916236877,]
