best-result = 515.7937171459198
warmup-time = 521.7419521808624
all-measurements = [ 516.2622504234314, 515.7937171459198, 521.4654266834259,]
