best-result = 36.02647304534912
warmup-time = 36.99925994873047
all-measurements = [ 36.02647304534912, 37.598339796066284, 36.9529972076416,]
