best-result = 29.060962438583374
warmup-time = 29.491082668304443
all-measurements = [ 29.397446393966675, 29.28248620033264, 29.060962438583374,]
