best-result = 71.63701868057251
warmup-time = 71.32533121109009
all-measurements = [ 77.34067797660828, 71.67147517204285, 71.63701868057251,]
