best-result = 62.53049564361572
warmup-time = 62.936315298080444
all-measurements = [ 63.28747844696045, 62.53049564361572, 63.548527002334595,]
