best-result = 27.871392250061035
warmup-time = 27.323259592056274
all-measurements = [ 27.871392250061035, 29.016077995300293, 29.04946804046631,]
