best-result = 32.407233476638794
warmup-time = 35.365387201309204
all-measurements = [ 35.05601191520691, 35.336992025375366, 32.407233476638794,]
