best-result = 33.05941677093506
warmup-time = 32.983938694000244
all-measurements = [ 33.05941677093506, 34.794121742248535, 33.70813703536987,]
