best-result = 42.627822399139404
warmup-time = 43.23747777938843
all-measurements = [ 42.627822399139404, 44.12937021255493, 43.300750732421875,]
