best-result = 94.6205313205719
warmup-time = 96.868234872818
all-measurements = [ 110.0861382484436, 101.33732032775879, 94.6205313205719,]
