best-result = 28.006312608718872
warmup-time = 30.3046452999115
all-measurements = [ 29.728772401809692, 28.006312608718872, 29.02054452896118,]
