best-result = 34.77376985549927
warmup-time = 34.81890869140625
all-measurements = [ 34.796130657196045, 35.4191107749939, 34.77376985549927,]
