best-result = 85.96986365318298
warmup-time = 92.8380355834961
all-measurements = [ 90.23729252815247, 95.55041313171387, 85.96986365318298,]
