best-result = 38.17107534408569
warmup-time = 39.94398736953735
all-measurements = [ 39.418500900268555, 38.17107534408569, 38.95489692687988,]
