best-result = 44.840691328048706
warmup-time = 43.5024516582489
all-measurements = [ 44.955486536026, 44.8939151763916, 44.840691328048706,]
