best-result = 49.37715268135071
warmup-time = 51.296393394470215
all-measurements = [ 50.00466990470886, 49.37715268135071, 50.855260610580444,]
