best-result = 27.66949725151062
warmup-time = 29.635433197021484
all-measurements = [ 27.952868461608887, 27.66949725151062, 29.30742383003235,]
