best-result = 643.4190981388092
warmup-time = 701.0480809211731
all-measurements = [ 643.4190981388092, 653.245676279068, 657.8553454875946,]
