best-result = 167.8728039264679
warmup-time = 172.259033203125
all-measurements = [ 167.8728039264679, 171.10303902626038, 171.57837533950806,]
