best-result = 56.15358328819275
warmup-time = 66.48451161384583
all-measurements = [ 68.74753332138062, 71.24866080284119, 56.15358328819275,]
