best-result = 25.834276914596558
warmup-time = 26.440722942352295
all-measurements = [ 25.834276914596558, 25.894484758377075, 25.910396337509155,]
