best-result = 36.80899095535278
warmup-time = 37.2276451587677
all-measurements = [ 38.30338716506958, 37.41321015357971, 36.80899095535278,]
