best-result = 30.931523323059082
warmup-time = 32.08838081359863
all-measurements = [ 32.74687647819519, 31.760545015335083, 30.931523323059082,]
