best-result = 278.105699300766
warmup-time = 288.6970887184143
all-measurements = [ 278.105699300766, 282.12119150161743, 280.90970039367676,]
