best-result = 36.61606478691101
warmup-time = 37.041842222213745
all-measurements = [ 36.8860342502594, 37.421881437301636, 36.61606478691101,]
