best-result = 113.73972511291504
warmup-time = 115.06140804290771
all-measurements = [ 115.03460907936096, 119.23161458969116, 113.73972511291504,]
