best-result = 41.67822575569153
warmup-time = 41.308791637420654
all-measurements = [ 41.86128640174866, 41.67822575569153, 43.03178930282593,]
