best-result = 48.9528534412384
warmup-time = 50.033517837524414
all-measurements = [ 50.74593448638916, 48.9528534412384, 49.5893816947937,]
