best-result = 33.4107711315155
warmup-time = 34.60536432266235
all-measurements = [ 33.4107711315155, 33.978898763656616, 33.74150085449219,]
