best-result = 60.47141098976135
warmup-time = 59.941179037094116
all-measurements = [ 60.58738136291504, 60.47141098976135, 62.175557374954224,]
