best-result = 240.25901341438293
warmup-time = 244.23033332824707
all-measurements = [ 240.25901341438293, 241.5836889743805, 243.40267276763916,]
