best-result = 545.1860744953156
warmup-time = 547.9059791564941
all-measurements = [ 546.2089338302612, 545.1860744953156, 545.7262704372406,]
