best-result = 35.69876551628113
warmup-time = 37.744526386260986
all-measurements = [ 37.93159770965576, 37.897292375564575, 35.69876551628113,]
