best-result = 28.60585618019104
warmup-time = 28.60352873802185
all-measurements = [ 28.88130259513855, 28.60585618019104, 28.982170820236206,]
