best-result = 77.76744294166565
warmup-time = 72.49126291275024
all-measurements = [ 77.76744294166565, 78.17115640640259, 81.11306095123291,]
