best-result = 62.12579083442688
warmup-time = 63.29200983047485
all-measurements = [ 64.390540599823, 62.12579083442688, 64.64168739318848,]
