best-result = 26.897380113601685
warmup-time = 28.277936458587646
all-measurements = [ 27.384077787399292, 28.31679916381836, 26.897380113601685,]
