best-result = 35.40154814720154
warmup-time = 35.62602949142456
all-measurements = [ 35.40154814720154, 35.59901165962219, 35.784743309020996,]
