best-result = 33.02712297439575
warmup-time = 33.29354977607727
all-measurements = [ 35.12536597251892, 33.506706953048706, 33.02712297439575,]
