best-result = 42.38302564620972
warmup-time = 44.32900333404541
all-measurements = [ 44.48478579521179, 44.404293060302734, 42.38302564620972,]
