best-result = 97.61011552810669
warmup-time = 101.14993214607239
all-measurements = [ 99.47412133216858, 97.61011552810669, 98.74112558364868,]
