best-result = 27.759049654006958
warmup-time = 28.84330129623413
all-measurements = [ 27.759049654006958, 28.811479806900024, 29.740056037902832,]
