best-result = 33.16819906234741
warmup-time = 35.270761251449585
all-measurements = [ 33.16819906234741, 34.5581476688385, 34.29719853401184,]
