best-result = 94.06336688995361
warmup-time = 91.9607949256897
all-measurements = [ 94.06336688995361, 97.37709903717041, 98.76230239868164,]
