best-result = 39.43623614311218
warmup-time = 39.87087559700012
all-measurements = [ 40.120224475860596, 39.43623614311218, 40.161946058273315,]
