best-result = 43.7093710899353
warmup-time = 44.44854927062988
all-measurements = [ 43.7093710899353, 45.04912066459656, 46.54794907569885,]
