best-result = 27.35026717185974
warmup-time = 28.996408224105835
all-measurements = [ 28.808146238327026, 27.35026717185974, 29.20572805404663,]
