best-result = 715.0576899051666
warmup-time = 750.0855872631073
all-measurements = [ 722.5503726005554, 715.0576899051666, 720.0257465839386,]
