best-result = 182.12073945999146
warmup-time = 182.69526505470276
all-measurements = [ 182.12073945999146, 182.9787735939026, 188.6130726337433,]
