best-result = 57.15900254249573
warmup-time = 56.32576036453247
all-measurements = [ 57.15900254249573, 67.03734421730042, 66.20497131347656,]
