best-result = 25.76975679397583
warmup-time = 27.227965116500854
all-measurements = [ 25.76975679397583, 25.94838571548462, 26.25366449356079,]
