best-result = 37.943403482437134
warmup-time = 36.97560477256775
all-measurements = [ 37.943403482437134, 38.614917278289795, 38.181623220443726,]
