best-result = 30.683706998825073
warmup-time = 31.586100578308105
all-measurements = [ 31.767640590667725, 31.09400773048401, 30.683706998825073,]
