best-result = 264.6701066493988
warmup-time = 269.71499609947205
all-measurements = [ 267.44786977767944, 264.8802692890167, 264.6701066493988,]
