best-result = 36.786153078079224
warmup-time = 37.733582973480225
all-measurements = [ 36.786153078079224, 38.10616064071655, 37.58044481277466,]
