best-result = 110.78849482536316
warmup-time = 114.9485809803009
all-measurements = [ 110.78849482536316, 112.2844877243042, 112.59393620491028,]
