best-result = 40.86881065368652
warmup-time = 40.83818697929382
all-measurements = [ 41.70216393470764, 41.76279306411743, 40.86881065368652,]
