best-result = 48.1541953086853
warmup-time = 48.18213629722595
all-measurements = [ 48.1541953086853, 49.796712160110474, 49.073423862457275,]
