best-result = 32.95517683029175
warmup-time = 33.72530221939087
all-measurements = [ 33.10354661941528, 32.95517683029175, 33.43018937110901,]
