best-result = 58.03994941711426
warmup-time = 63.36917161941528
all-measurements = [ 62.559465646743774, 61.39669466018677, 58.03994941711426,]
