best-result = 228.49094796180725
warmup-time = 233.51416635513306
all-measurements = [ 230.15766072273254, 228.49094796180725, 232.05682849884033,]
