best-result = 521.9180874824524
warmup-time = 532.4974915981293
all-measurements = [ 527.4763963222504, 524.983873128891, 521.9180874824524,]
