best-result = 34.83649039268494
warmup-time = 38.28072643280029
all-measurements = [ 34.83649039268494, 39.60716986656189, 36.423256158828735,]
