best-result = 28.94611430168152
warmup-time = 29.16890549659729
all-measurements = [ 29.37873673439026, 29.590829849243164, 28.94611430168152,]
