best-result = 69.972501039505
warmup-time = 71.97288799285889
all-measurements = [ 78.14623212814331, 79.25501799583435, 69.972501039505,]
