best-result = 61.4968056678772
warmup-time = 63.19049334526062
all-measurements = [ 61.4968056678772, 62.98554825782776, 62.98438358306885,]
