best-result = 26.973811388015747
warmup-time = 27.545534133911133
all-measurements = [ 28.16019344329834, 26.973811388015747, 28.02524209022522,]
