best-result = 31.207695245742798
warmup-time = 35.478774547576904
all-measurements = [ 31.207695245742798, 35.317296504974365, 35.21388816833496,]
