best-result = 32.68225646018982
warmup-time = 33.54313850402832
all-measurements = [ 32.68225646018982, 33.55730676651001, 34.776390075683594,]
