best-result = 41.35982275009155
warmup-time = 44.496748208999634
all-measurements = [ 41.35982275009155, 42.2198531627655, 43.85187315940857,]
