best-result = 96.67241764068604
warmup-time = 98.29105377197266
all-measurements = [ 99.72929191589355, 96.67241764068604, 98.5720489025116,]
