best-result = 28.41399836540222
warmup-time = 28.07591962814331
all-measurements = [ 29.72956085205078, 28.41399836540222, 29.05569338798523,]
