best-result = 34.02507138252258
warmup-time = 34.25379276275635
all-measurements = [ 34.02507138252258, 34.56907892227173, 35.187039852142334,]
