best-result = 87.8682427406311
warmup-time = 91.49125647544861
all-measurements = [ 90.01302027702332, 92.38043355941772, 87.8682427406311,]
