best-result = 39.03796935081482
warmup-time = 38.98982214927673
all-measurements = [ 39.03796935081482, 39.41639494895935, 40.70415544509888,]
