best-result = 42.66073679924011
warmup-time = 44.89428758621216
all-measurements = [ 47.318296909332275, 42.66073679924011, 46.065293312072754,]
