best-result = 27.612426280975342
warmup-time = 28.704728364944458
all-measurements = [ 28.993711948394775, 27.639612197875977, 27.612426280975342,]
