best-result = 705.0577299594879
warmup-time = 737.4299402236938
all-measurements = [ 709.1050074100494, 705.0577299594879, 706.0399918556213,]
