best-result = 175.3233892917633
warmup-time = 177.74386262893677
all-measurements = [ 175.3233892917633, 178.25261044502258, 175.54440259933472,]
