best-result = 58.5457181930542
warmup-time = 59.593478202819824
all-measurements = [ 66.89561891555786, 58.5457181930542, 67.39051914215088,]
