best-result = 25.945213079452515
warmup-time = 26.362457990646362
all-measurements = [ 26.35052490234375, 26.40457034111023, 25.945213079452515,]
