best-result = 35.71652030944824
warmup-time = 38.73029041290283
all-measurements = [ 35.81867051124573, 37.508899450302124, 35.71652030944824,]
