best-result = 31.09234595298767
warmup-time = 32.334654569625854
all-measurements = [ 31.567463159561157, 31.669321060180664, 31.09234595298767,]
