best-result = 259.10529589653015
warmup-time = 266.000586271286
all-measurements = [ 259.33770537376404, 259.10529589653015, 259.3150634765625,]
