best-result = 36.1341712474823
warmup-time = 37.726765394210815
all-measurements = [ 37.270211696624756, 36.1341712474823, 38.351176738739014,]
