best-result = 112.05064249038696
warmup-time = 114.14393854141235
all-measurements = [ 112.05064249038696, 112.51268672943115, 115.17015290260315,]
