best-result = 41.07683825492859
warmup-time = 40.78029441833496
all-measurements = [ 41.71385097503662, 41.09772729873657, 41.07683825492859,]
