best-result = 47.559351444244385
warmup-time = 48.61357760429382
all-measurements = [ 48.31264328956604, 47.559351444244385, 48.21543216705322,]
