best-result = 31.899938583374023
warmup-time = 33.86639904975891
all-measurements = [ 33.49013352394104, 34.043940782547, 31.899938583374023,]
