best-result = 36.97087097167969
warmup-time = 37.74679732322693
all-measurements = [ 36.971839904785156, 36.97087097167969, 37.985618352890015,]
