best-result = 57.85970592498779
warmup-time = 61.65844964981079
all-measurements = [ 57.85970592498779, 62.7398796081543, 60.52210021018982,]
