best-result = 223.19004154205322
warmup-time = 227.586510181427
all-measurements = [ 227.86160230636597, 225.20140671730042, 223.19004154205322,]
