best-result = 512.6560180187225
warmup-time = 519.2304077148438
all-measurements = [ 516.286698102951, 512.6560180187225, 514.5282466411591,]
