best-result = 33.8108651638031
warmup-time = 37.50325417518616
all-measurements = [ 36.69612646102905, 36.991612911224365, 33.8108651638031,]
