best-result = 29.117621898651123
warmup-time = 28.848600149154663
all-measurements = [ 29.372100591659546, 29.117621898651123, 29.16158652305603,]
