best-result = 78.32842588424683
warmup-time = 94.29729914665222
all-measurements = [ 86.28758668899536, 78.32842588424683, 79.47781109809875,]
