best-result = 61.863736629486084
warmup-time = 63.07300043106079
all-measurements = [ 62.026954650878906, 61.863736629486084, 62.3584303855896,]
