best-result = 27.737807512283325
warmup-time = 28.788521766662598
all-measurements = [ 27.737807512283325, 28.739773273468018, 27.776816606521606,]
