best-result = 34.8767306804657
warmup-time = 35.524288177490234
all-measurements = [ 35.24259305000305, 35.067349910736084, 34.8767306804657,]
