best-result = 33.747987270355225
warmup-time = 35.36587166786194
all-measurements = [ 34.964805126190186, 34.15726852416992, 33.747987270355225,]
