best-result = 42.447466135025024
warmup-time = 42.398738622665405
all-measurements = [ 42.447466135025024, 44.140706300735474, 42.71566033363342,]
