best-result = 95.63098812103271
warmup-time = 97.22124123573303
all-measurements = [ 98.7506377696991, 95.63098812103271, 95.86699533462524,]
