best-result = 27.67910623550415
warmup-time = 30.17978310585022
all-measurements = [ 28.172152042388916, 27.67910623550415, 29.013455390930176,]
