best-result = 33.4587984085083
warmup-time = 35.56362700462341
all-measurements = [ 33.4587984085083, 34.10898303985596, 34.46925663948059,]
