best-result = 85.66082096099854
warmup-time = 89.62411141395569
all-measurements = [ 86.64772891998291, 88.41507196426392, 85.66082096099854,]
