best-result = 38.27841854095459
warmup-time = 38.60689854621887
all-measurements = [ 38.27841854095459, 39.10327935218811, 38.293992042541504,]
