best-result = 42.770198345184326
warmup-time = 44.094974756240845
all-measurements = [ 42.770198345184326, 45.03883624076843, 44.61480236053467,]
