best-result = 27.66351842880249
warmup-time = 29.168583631515503
all-measurements = [ 27.66351842880249, 29.44736933708191, 29.090678930282593,]
