best-result = 637.425443649292
warmup-time = 679.744419336319
all-measurements = [ 644.6114604473114, 637.425443649292, 640.8383350372314,]
