best-result = 172.6478307247162
warmup-time = 174.01718306541443
all-measurements = [ 176.8025074005127, 172.8364417552948, 172.6478307247162,]
