best-result = 66.6332197189331
warmup-time = 66.77316045761108
all-measurements = [ 66.6332197189331, 66.83499646186829, 68.75315046310425,]
