best-result = 25.086719036102295
warmup-time = 25.183696031570435
all-measurements = [ 25.086719036102295, 25.380197286605835, 25.373394012451172,]
