best-result = 36.86725044250488
warmup-time = 40.24191927909851
all-measurements = [ 36.86725044250488, 36.9575629234314, 37.88389325141907,]
