best-result = 31.56842803955078
warmup-time = 33.19945573806763
all-measurements = [ 31.56842803955078, 32.145894289016724, 32.134782791137695,]
