best-result = 266.6882553100586
warmup-time = 271.7289128303528
all-measurements = [ 267.78619623184204, 267.86245703697205, 266.6882553100586,]
