best-result = 35.722172260284424
warmup-time = 36.26652383804321
all-measurements = [ 37.01211929321289, 35.722172260284424, 37.95142364501953,]
