best-result = 41.02047061920166
warmup-time = 43.50016140937805
all-measurements = [ 42.24961805343628, 41.86380958557129, 41.02047061920166,]
