best-result = 49.44766139984131
warmup-time = 52.1695077419281
all-measurements = [ 51.051326274871826, 51.31146955490112, 49.44766139984131,]
