best-result = 33.31023049354553
warmup-time = 34.70699620246887
all-measurements = [ 33.31023049354553, 34.456196546554565, 34.81084442138672,]
