best-result = 37.4665002822876
warmup-time = 37.953834533691406
all-measurements = [ 37.4665002822876, 37.6556179523468, 38.50264072418213,]
