best-result = 61.21638488769531
warmup-time = 61.83025622367859
all-measurements = [ 63.36956572532654, 63.940118074417114, 61.21638488769531,]
