best-result = 230.55191206932068
warmup-time = 234.49695873260498
all-measurements = [ 233.7105028629303, 230.55191206932068, 231.35997891426086,]
