best-result = 524.8497605323792
warmup-time = 532.4193789958954
all-measurements = [ 530.8470358848572, 524.8497605323792, 527.1472728252411,]
