best-result = 35.23129916191101
warmup-time = 37.6351261138916
all-measurements = [ 36.795361042022705, 36.86364817619324, 35.23129916191101,]
