best-result = 63.3104248046875
warmup-time = 64.97080421447754
all-measurements = [ 63.79972171783447, 63.961806535720825, 63.3104248046875,]
