best-result = 28.1094753742218
warmup-time = 27.924662351608276
all-measurements = [ 28.68381428718567, 28.54450225830078, 28.1094753742218,]
