best-result = 36.22692275047302
warmup-time = 36.76720833778381
all-measurements = [ 36.275317668914795, 36.401755571365356, 36.22692275047302,]
