best-result = 32.891913414001465
warmup-time = 34.94276213645935
all-measurements = [ 32.93283700942993, 33.721863746643066, 32.891913414001465,]
