best-result = 42.551060914993286
warmup-time = 44.31218647956848
all-measurements = [ 42.89268636703491, 42.551060914993286, 44.17055034637451,]
