best-result = 97.95702028274536
warmup-time = 97.39991331100464
all-measurements = [ 99.53000712394714, 97.95702028274536, 99.24954319000244,]
