best-result = 27.552425384521484
warmup-time = 29.188761472702026
all-measurements = [ 27.552425384521484, 27.775124073028564, 28.982110738754272,]
