best-result = 34.435819149017334
warmup-time = 34.92170166969299
all-measurements = [ 34.66324043273926, 34.435819149017334, 35.38022494316101,]
