best-result = 39.69727945327759
warmup-time = 38.6571888923645
all-measurements = [ 39.786364793777466, 39.69727945327759, 40.169992446899414,]
