best-result = 44.45270323753357
warmup-time = 46.6482720375061
all-measurements = [ 45.03515386581421, 44.45270323753357, 45.89512395858765,]
