best-result = 27.95726704597473
warmup-time = 28.643271684646606
all-measurements = [ 28.012244939804077, 27.95726704597473, 28.846871376037598,]
