best-result = 691.3374178409576
warmup-time = 703.4776260852814
all-measurements = [ 700.8782806396484, 691.3374178409576, 705.3199009895325,]
