best-result = 177.625501871109
warmup-time = 184.16620707511902
all-measurements = [ 177.76725101470947, 177.625501871109, 179.81258916854858,]
