best-result = 43.746049880981445
warmup-time = 43.91237664222717
all-measurements = [ 44.098185539245605, 43.924031019210815, 43.746049880981445,]
