best-result = 22.41490149497986
warmup-time = 22.79542064666748
all-measurements = [ 22.557681560516357, 23.03024196624756, 22.41490149497986,]
