best-result = 46.73475193977356
warmup-time = 65.77806329727173
all-measurements = [ 46.73475193977356, 47.26532340049744, 46.980743646621704,]
