best-result = 46.154937744140625
warmup-time = 59.40223574638367
all-measurements = [ 46.868725538253784, 46.154937744140625, 46.39438438415527,]
