best-result = 924.3583018779755
warmup-time = 1142.033368587494
all-measurements = [ 945.1975665092468, 926.891021490097, 924.3583018779755,]
