best-result = 84.91193723678589
warmup-time = 99.30147314071655
all-measurements = [ 84.91193723678589, 86.18855857849121, 85.69752407073975,]
