best-result = 983.5957043170929
warmup-time = 1020.1087598800659
all-measurements = [ 988.0220558643341, 983.5957043170929, 992.6661427021027,]
