best-result = 82.3245587348938
warmup-time = 103.96106600761414
all-measurements = [ 82.86031174659729, 82.54641246795654, 82.3245587348938,]
