best-result = 68.05912256240845
warmup-time = 88.11305499076843
all-measurements = [ 68.07402801513672, 68.1116714477539, 68.05912256240845,]
