best-result = 90.74338746070862
warmup-time = 106.12061333656311
all-measurements = [ 92.20733499526978, 90.83222103118896, 90.74338746070862,]
