best-result = 650.1654014587402
warmup-time = 662.635523557663
all-measurements = [ 650.3321468830109, 655.5995767116547, 650.1654014587402,]
