best-result = 63.50411891937256
warmup-time = 77.7242169380188
all-measurements = [ 63.50411891937256, 64.20921492576599, 63.557167053222656,]
