best-result = 210.7705307006836
warmup-time = 369.16185116767883
all-measurements = [ 211.40625762939453, 210.7705307006836, 211.28351712226868,]
