best-result = 422.9557099342346
warmup-time = 880.365914106369
all-measurements = [ 444.712819814682, 422.9557099342346, 430.96141290664673,]
