best-result = 62.09557580947876
warmup-time = 79.79450035095215
all-measurements = [ 63.51481628417969, 62.09557580947876, 62.115206241607666,]
