best-result = 39.78972125053406
warmup-time = 46.64341616630554
all-measurements = [ 39.78972125053406, 39.79407453536987, 39.88010287284851,]
