best-result = 137.59430074691772
warmup-time = 162.99527502059937
all-measurements = [ 138.85237884521484, 138.34299969673157, 137.59430074691772,]
