best-result = 906.572740316391
warmup-time = 934.4110007286072
all-measurements = [ 938.8265841007233, 906.572740316391, 910.1265637874603,]
