best-result = 27.373218536376953
warmup-time = 35.783703327178955
all-measurements = [ 27.415106773376465, 27.373218536376953, 28.077256441116333,]
