best-result = 57.83490037918091
warmup-time = 71.43022084236145
all-measurements = [ 57.83490037918091, 57.95562982559204, 57.889357566833496,]
