best-result = 59.220765352249146
warmup-time = 73.50647616386414
all-measurements = [ 59.67195725440979, 59.220765352249146, 59.66085624694824,]
