best-result = 110.34298038482666
warmup-time = 139.69022274017334
all-measurements = [ 111.68032550811768, 110.34298038482666, 110.95999670028687,]
