best-result = 787.2393183708191
warmup-time = 855.0530977249146
all-measurements = [ 790.7154221534729, 788.2101423740387, 787.2393183708191,]
