best-result = 33.884737730026245
warmup-time = 42.888803482055664
all-measurements = [ 33.900235176086426, 33.884737730026245, 34.27509069442749,]
