best-result = 55.05430889129639
warmup-time = 71.57451462745667
all-measurements = [ 55.05430889129639, 55.295326948165894, 55.755316734313965,]
