best-result = 1826.7144825458527
warmup-time = 1545.8627109527588
all-measurements = [ 1826.7144825458527, 1981.5225057601929, 2165.60533618927,]
