best-result = 48.57220244407654
warmup-time = 70.0907473564148
all-measurements = [ 49.31411671638489, 49.12079906463623, 48.57220244407654,]
