best-result = 77.61927700042725
warmup-time = 97.66730833053589
all-measurements = [ 77.61927700042725, 78.39351034164429, 78.0022964477539,]
