best-result = 36.742051124572754
warmup-time = 45.50380611419678
all-measurements = [ 36.83708739280701, 37.32312798500061, 36.742051124572754,]
