best-result = 348.2669885158539
warmup-time = 484.0595908164978
all-measurements = [ 355.6695683002472, 348.2669885158539, 354.63828229904175,]
