best-result = 58.72700357437134
warmup-time = 59.9088191986084
all-measurements = [ 58.72700357437134, 59.43453550338745, 58.97375965118408,]
