best-result = 22.69147300720215
warmup-time = 23.31448984146118
all-measurements = [ 22.69147300720215, 22.828718185424805, 22.997381448745728,]
