best-result = 46.79331612586975
warmup-time = 65.01074600219727
all-measurements = [ 47.078453063964844, 46.79331612586975, 47.11726355552673,]
