best-result = 46.61378765106201
warmup-time = 59.10385727882385
all-measurements = [ 46.61378765106201, 47.06891465187073, 46.63200402259827,]
