best-result = 922.9518835544586
warmup-time = 1143.313099861145
all-measurements = [ 926.4552156925201, 952.2650654315948, 922.9518835544586,]
