best-result = 85.83384943008423
warmup-time = 98.19578957557678
all-measurements = [ 85.93145632743835, 85.83384943008423, 86.51774096488953,]
