best-result = 984.650294303894
warmup-time = 1017.8429474830627
all-measurements = [ 991.0844995975494, 984.650294303894, 987.799901008606,]
