best-result = 82.51240420341492
warmup-time = 103.86859583854675
all-measurements = [ 82.51240420341492, 83.47796082496643, 82.86033248901367,]
