best-result = 67.95237112045288
warmup-time = 90.03406643867493
all-measurements = [ 68.80039620399475, 68.89180302619934, 67.95237112045288,]
