best-result = 90.7945601940155
warmup-time = 107.86240649223328
all-measurements = [ 90.7945601940155, 91.12561368942261, 91.23282814025879,]
