best-result = 63.459556102752686
warmup-time = 74.69990658760071
all-measurements = [ 63.459556102752686, 64.45801019668579, 63.758216381073,]
