best-result = 209.73018407821655
warmup-time = 366.6478924751282
all-measurements = [ 209.73018407821655, 210.03154158592224, 210.35576796531677,]
