best-result = 429.60029554367065
warmup-time = 875.3651974201202
all-measurements = [ 435.43048310279846, 429.60029554367065, 430.42056131362915,]
