best-result = 62.42418313026428
warmup-time = 79.55410480499268
all-measurements = [ 62.42418313026428, 62.474215030670166, 62.49824023246765,]
