best-result = 39.658615589141846
warmup-time = 49.66483950614929
all-measurements = [ 39.658615589141846, 40.41606903076172, 40.07953429222107,]
