best-result = 138.70619797706604
warmup-time = 172.17260718345642
all-measurements = [ 139.5789511203766, 139.1470489501953, 138.70619797706604,]
