best-result = 904.1795330047607
warmup-time = 934.0691120624542
all-measurements = [ 916.1599550247192, 904.1795330047607, 905.7327332496643,]
