best-result = 27.412169694900513
warmup-time = 35.42899131774902
all-measurements = [ 27.412169694900513, 27.441588878631592, 27.68161964416504,]
