best-result = 57.62873673439026
warmup-time = 71.62258458137512
all-measurements = [ 57.96904373168945, 58.1099214553833, 57.62873673439026,]
