best-result = 59.38732886314392
warmup-time = 74.53867220878601
all-measurements = [ 59.56928515434265, 59.38732886314392, 60.29879593849182,]
