best-result = 111.63991856575012
warmup-time = 139.07627201080322
all-measurements = [ 112.16491103172302, 111.63991856575012, 111.6570372581482,]
