best-result = 787.1536667346954
warmup-time = 855.4470875263214
all-measurements = [ 793.0128903388977, 791.8181300163269, 787.1536667346954,]
