best-result = 36.09202861785889
warmup-time = 40.63373303413391
all-measurements = [ 36.09202861785889, 37.22261595726013, 36.51130127906799,]
