best-result = 55.197065353393555
warmup-time = 71.97380661964417
all-measurements = [ 55.3712956905365, 55.197065353393555, 55.96402955055237,]
