best-result = 1503.7123630046844
warmup-time = 1487.7399439811707
all-measurements = [ 1866.4399318695068, 1503.7123630046844, 1533.1709411144257,]
