best-result = 48.61736989021301
warmup-time = 71.66549682617188
all-measurements = [ 48.811155557632446, 48.93058133125305, 48.61736989021301,]
