best-result = 77.72572684288025
warmup-time = 98.25285601615906
all-measurements = [ 77.72572684288025, 78.0458128452301, 78.4189043045044,]
