best-result = 37.20977020263672
warmup-time = 47.210044384002686
all-measurements = [ 37.244227170944214, 37.20977020263672, 37.51236844062805,]
