best-result = 348.9949572086334
warmup-time = 498.0418527126312
all-measurements = [ 354.7147660255432, 363.57368183135986, 348.9949572086334,]
