best-result = 58.737850189208984
warmup-time = 60.11219763755798
all-measurements = [ 58.92154622077942, 58.79406547546387, 58.737850189208984,]
