best-result = 25.90739870071411
warmup-time = 26.836803197860718
all-measurements = [ 26.29199767112732, 26.293646335601807, 25.90739870071411,]
