best-result = 36.84387755393982
warmup-time = 38.201303243637085
all-measurements = [ 36.84387755393982, 37.51309418678284, 37.71141004562378,]
