best-result = 29.85566234588623
warmup-time = 31.207696199417114
all-measurements = [ 31.06802749633789, 29.85566234588623, 31.347084283828735,]
