best-result = 254.94570970535278
warmup-time = 264.1273419857025
all-measurements = [ 260.1639449596405, 254.94570970535278, 255.56709027290344,]
