best-result = 36.83344626426697
warmup-time = 37.453229904174805
all-measurements = [ 36.83344626426697, 37.09024214744568, 37.252302169799805,]
