best-result = 110.97013282775879
warmup-time = 113.29905128479004
all-measurements = [ 111.4228127002716, 112.6644639968872, 110.97013282775879,]
