best-result = 40.11545753479004
warmup-time = 40.73018932342529
all-measurements = [ 40.11545753479004, 41.54697132110596, 41.30127191543579,]
