best-result = 46.636208057403564
warmup-time = 47.911834955215454
all-measurements = [ 46.636208057403564, 47.7697491645813, 49.764439821243286,]
