best-result = 32.42152667045593
warmup-time = 33.669636249542236
all-measurements = [ 33.67503070831299, 35.73341679573059, 32.42152667045593,]
