best-result = 36.94965147972107
warmup-time = 37.054579973220825
all-measurements = [ 36.94965147972107, 37.83297514915466, 38.1052360534668,]
