best-result = 59.24349093437195
warmup-time = 56.15273594856262
all-measurements = [ 62.011322259902954, 59.61966609954834, 59.24349093437195,]
