best-result = 223.08519172668457
warmup-time = 227.86743450164795
all-measurements = [ 223.08519172668457, 223.47772240638733, 225.78059124946594,]
