best-result = 512.8073434829712
warmup-time = 518.3623213768005
all-measurements = [ 512.8073434829712, 514.2716927528381, 515.1576929092407,]
