best-result = 36.25070357322693
warmup-time = 37.26379990577698
all-measurements = [ 37.86193537712097, 36.569730043411255, 36.25070357322693,]
