best-result = 28.45905303955078
warmup-time = 28.92830991744995
all-measurements = [ 28.803077936172485, 28.491482496261597, 28.45905303955078,]
