best-result = 73.82467532157898
warmup-time = 72.34800100326538
all-measurements = [ 74.34180402755737, 77.11953616142273, 73.82467532157898,]
