best-result = 61.97876739501953
warmup-time = 63.489990234375
all-measurements = [ 61.97876739501953, 62.15359044075012, 64.31770777702332,]
