best-result = 27.462242126464844
warmup-time = 28.0853168964386
all-measurements = [ 28.10889220237732, 27.462242126464844, 28.76014018058777,]
