best-result = 31.920955657958984
warmup-time = 35.50975847244263
all-measurements = [ 32.278465270996094, 31.920955657958984, 35.63378882408142,]
