best-result = 32.96773982048035
warmup-time = 34.475239753723145
all-measurements = [ 34.26220989227295, 34.60135817527771, 32.96773982048035,]
