best-result = 44.169976234436035
warmup-time = 44.21595478057861
all-measurements = [ 51.87789177894592, 47.71684741973877, 44.169976234436035,]
