best-result = 93.98843693733215
warmup-time = 95.5275821685791
all-measurements = [ 94.15789651870728, 93.98843693733215, 95.01116633415222,]
