best-result = 27.735833168029785
warmup-time = 30.24960732460022
all-measurements = [ 27.735833168029785, 29.446715593338013, 27.96898579597473,]
