best-result = 34.4031457901001
warmup-time = 35.93911576271057
all-measurements = [ 35.539459466934204, 34.4031457901001, 35.49443531036377,]
