best-result = 86.82862257957458
warmup-time = 92.25236654281616
all-measurements = [ 86.82862257957458, 88.3359854221344, 86.90085673332214,]
