best-result = 38.81431865692139
warmup-time = 37.45021176338196
all-measurements = [ 39.394899129867554, 38.81431865692139, 38.830162048339844,]
