best-result = 43.84699249267578
warmup-time = 45.613452672958374
all-measurements = [ 46.78952932357788, 46.41964292526245, 43.84699249267578,]
