best-result = 28.73371648788452
warmup-time = 29.44740653038025
all-measurements = [ 28.73371648788452, 29.057714223861694, 28.79331111907959,]
