best-result = 636.5670466423035
warmup-time = 669.5394606590271
all-measurements = [ 642.6459708213806, 637.6891407966614, 636.5670466423035,]
