best-result = 172.66785526275635
warmup-time = 170.54265022277832
all-measurements = [ 172.85088086128235, 174.59241652488708, 172.66785526275635,]
