best-result = 52.01370930671692
warmup-time = 53.06069827079773
all-measurements = [ 64.32634735107422, 52.01370930671692, 64.62131667137146,]
