best-result = 25.291268587112427
warmup-time = 25.22475266456604
all-measurements = [ 25.291268587112427, 25.311456203460693, 25.755525588989258,]
