best-result = 37.36193346977234
warmup-time = 37.4783775806427
all-measurements = [ 39.06545543670654, 37.36193346977234, 38.341434717178345,]
