best-result = 31.51375913619995
warmup-time = 31.169141054153442
all-measurements = [ 31.51375913619995, 32.09638476371765, 32.20895028114319,]
