best-result = 265.39995861053467
warmup-time = 269.74613213539124
all-measurements = [ 268.25462460517883, 270.71558833122253, 265.39995861053467,]
