best-result = 35.55957221984863
warmup-time = 36.369741916656494
all-measurements = [ 35.55957221984863, 36.05959916114807, 36.701929330825806,]
