best-result = 41.30322742462158
warmup-time = 39.78795576095581
all-measurements = [ 42.788326263427734, 41.30322742462158, 41.573771715164185,]
