best-result = 49.881234645843506
warmup-time = 51.97244715690613
all-measurements = [ 51.15691518783569, 49.881234645843506, 51.435840129852295,]
