best-result = 34.36335468292236
warmup-time = 34.63834190368652
all-measurements = [ 35.34724402427673, 34.36335468292236, 34.54251194000244,]
