best-result = 37.90135097503662
warmup-time = 37.53066396713257
all-measurements = [ 38.66121053695679, 37.90135097503662, 37.952768325805664,]
