best-result = 56.792168855667114
warmup-time = 61.31067991256714
all-measurements = [ 56.792168855667114, 58.10628890991211, 58.49109363555908,]
