best-result = 231.31495118141174
warmup-time = 238.0670793056488
all-measurements = [ 232.01606130599976, 233.10255432128906, 231.31495118141174,]
