best-result = 528.4828262329102
warmup-time = 531.1874594688416
all-measurements = [ 529.5708634853363, 528.7447597980499, 528.4828262329102,]
