best-result = 36.03737258911133
warmup-time = 35.82286095619202
all-measurements = [ 36.753846645355225, 36.29003167152405, 36.03737258911133,]
