best-result = 62.44425654411316
warmup-time = 64.2975640296936
all-measurements = [ 63.09414076805115, 64.62126064300537, 62.44425654411316,]
