best-result = 26.82416605949402
warmup-time = 28.028568506240845
all-measurements = [ 27.465163469314575, 26.82416605949402, 27.233788013458252,]
