best-result = 33.1894896030426
warmup-time = 33.46402883529663
all-measurements = [ 33.1894896030426, 33.41963768005371, 35.668057441711426,]
