best-result = 32.175089836120605
warmup-time = 32.50193214416504
all-measurements = [ 32.175089836120605, 33.56963920593262, 32.578312397003174,]
