best-result = 42.16403365135193
warmup-time = 46.73704171180725
all-measurements = [ 42.16403365135193, 43.6500678062439, 43.44495725631714,]
