best-result = 97.12178444862366
warmup-time = 98.94140815734863
all-measurements = [ 97.16084885597229, 97.12178444862366, 99.1313967704773,]
