best-result = 27.438748598098755
warmup-time = 29.056214570999146
all-measurements = [ 28.834190368652344, 27.438748598098755, 28.76150918006897,]
