best-result = 32.42058038711548
warmup-time = 34.675562381744385
all-measurements = [ 35.18607687950134, 35.40463304519653, 32.42058038711548,]
