best-result = 39.68147039413452
warmup-time = 39.13296151161194
all-measurements = [ 39.926663637161255, 40.327479124069214, 39.68147039413452,]
