best-result = 42.80349087715149
warmup-time = 42.666263580322266
all-measurements = [ 42.80349087715149, 44.10668444633484, 44.465211391448975,]
