best-result = 27.216320991516113
warmup-time = 28.45353126525879
all-measurements = [ 27.216320991516113, 28.356080532073975, 28.02011513710022,]
