best-result = 693.6889638900757
warmup-time = 700.6413266658783
all-measurements = [ 696.675060749054, 699.134530544281, 693.6889638900757,]
