best-result = 176.48181748390198
warmup-time = 180.0363883972168
all-measurements = [ 176.48181748390198, 179.86149334907532, 176.97924733161926,]
