best-result = 43.37805914878845
warmup-time = 45.47616386413574
all-measurements = [ 44.78332233428955, 43.37805914878845, 45.46194887161255,]
