best-result = 24.62268090248108
warmup-time = 24.90224862098694
all-measurements = [ 24.62268090248108, 24.73026132583618, 25.23260807991028,]
memory-traffic = 1386
