best-result = 36.69318985939026
warmup-time = 38.77618622779846
all-measurements = [ 38.01742243766785, 36.69318985939026, 38.44827938079834,]
memory-traffic = 1164
