best-result = 30.93548274040222
warmup-time = 33.05983018875122
all-measurements = [ 32.40168070793152, 30.93548274040222, 31.882075786590576,]
memory-traffic = 966
