best-result = 262.3132436275482
warmup-time = 271.41793608665466
all-measurements = [ 264.76218152046204, 265.0220067501068, 262.3132436275482,]
memory-traffic = 15276
