best-result = 35.32159996032715
warmup-time = 37.363014459609985
all-measurements = [ 36.48346185684204, 35.9400520324707, 35.32159996032715,]
memory-traffic = 963
