best-result = 40.71420693397522
warmup-time = 42.37960863113403
all-measurements = [ 41.463578939437866, 40.71420693397522, 42.34342551231384,]
memory-traffic = 1511
