best-result = 48.87930178642273
warmup-time = 51.50344729423523
all-measurements = [ 49.334580183029175, 48.87930178642273, 49.58359146118164,]
memory-traffic = 2259
