best-result = 33.41991639137268
warmup-time = 35.123859167099
all-measurements = [ 33.41991639137268, 34.16750526428223, 34.63079595565796,]
memory-traffic = 1012
