best-result = 36.088228940963745
warmup-time = 39.085110664367676
all-measurements = [ 36.94599485397339, 36.088228940963745, 37.64383888244629,]
memory-traffic = 1235
