best-result = 58.83869409561157
warmup-time = 64.14080953598022
all-measurements = [ 63.042489528656006, 62.62746000289917, 58.83869409561157,]
memory-traffic = 2449
