best-result = 226.0315911769867
warmup-time = 232.39406371116638
all-measurements = [ 226.0315911769867, 227.52581572532654, 229.57365036010742,]
memory-traffic = 11918
