best-result = 522.7794370651245
warmup-time = 527.5945918560028
all-measurements = [ 522.9619224071503, 524.6271133422852, 522.7794370651245,]
memory-traffic = 34937
