best-result = 33.762550354003906
warmup-time = 36.97349810600281
all-measurements = [ 35.294352769851685, 36.26076364517212, 33.762550354003906,]
memory-traffic = 1222
