best-result = 61.69193959236145
warmup-time = 65.97766160964966
all-measurements = [ 62.54744529724121, 62.39694118499756, 61.69193959236145,]
memory-traffic = 2923
