best-result = 27.22274398803711
warmup-time = 29.10246753692627
all-measurements = [ 27.597032070159912, 27.22274398803711, 27.304779529571533,]
memory-traffic = 602
