best-result = 35.37920045852661
warmup-time = 36.72492861747742
all-measurements = [ 35.94286322593689, 35.57401752471924, 35.37920045852661,]
memory-traffic = 852
