best-result = 31.491393089294434
warmup-time = 35.05941104888916
all-measurements = [ 32.61384844779968, 31.491393089294434, 31.661946296691895,]
memory-traffic = 1024
