best-result = 42.352648973464966
warmup-time = 46.698524713516235
all-measurements = [ 42.352648973464966, 43.294357776641846, 42.629252672195435,]
memory-traffic = 1827
