best-result = 95.98912024497986
warmup-time = 99.07985043525696
all-measurements = [ 96.15784955024719, 95.98912024497986, 97.30115175247192,]
memory-traffic = 5281
