best-result = 26.65550994873047
warmup-time = 29.59750747680664
all-measurements = [ 26.65550994873047, 28.81449818611145, 27.117412328720093,]
memory-traffic = 598
