best-result = 34.14009428024292
warmup-time = 36.61347222328186
all-measurements = [ 34.41835331916809, 35.23985552787781, 34.14009428024292,]
memory-traffic = 1021
