best-result = 87.14241313934326
warmup-time = 99.45408248901367
all-measurements = [ 87.14241313934326, 88.10589385032654, 91.87907099723816,]
memory-traffic = 7003
