best-result = 38.567163944244385
warmup-time = 41.14357852935791
all-measurements = [ 38.567163944244385, 39.22003507614136, 39.98772048950195,]
memory-traffic = 1388
