best-result = 43.07635307312012
warmup-time = 46.49439024925232
all-measurements = [ 43.62355661392212, 43.07635307312012, 44.852450132369995,]
memory-traffic = 1619
