best-result = 26.90774965286255
warmup-time = 29.068803071975708
all-measurements = [ 26.962496519088745, 26.90774965286255, 27.605483293533325,]
memory-traffic = 626
