best-result = 677.7408559322357
warmup-time = 705.2625503540039
all-measurements = [ 677.7408559322357, 680.7156641483307, 680.304027557373,]
