best-result = 173.82094168663025
warmup-time = 178.08596420288086
all-measurements = [ 175.95619440078735, 173.82094168663025, 179.87249279022217,]
memory-traffic = 10998
