best-result = 42.495439767837524
warmup-time = 45.100682497024536
all-measurements = [ 44.79703092575073, 42.495439767837524, 44.85683345794678,]
memory-traffic = 1702
