best-result = 23.30037021636963
warmup-time = 23.380027055740356
all-measurements = [ 23.395996809005737, 23.30037021636963, 23.317357063293457,]
