best-result = 46.99905514717102
warmup-time = 63.40320444107056
all-measurements = [ 47.636956214904785, 46.99905514717102, 47.60744571685791,]
