best-result = 46.89832282066345
warmup-time = 58.6231791973114
all-measurements = [ 46.89832282066345, 47.28924512863159, 47.627772092819214,]
