best-result = 880.7819931507111
warmup-time = 1078.0268890857697
all-measurements = [ 882.6246378421783, 880.7819931507111, 884.3140745162964,]
