best-result = 85.99119091033936
warmup-time = 99.43756675720215
all-measurements = [ 85.99119091033936, 87.18638753890991, 86.47170734405518,]
