best-result = 983.874454498291
warmup-time = 1016.6443276405334
all-measurements = [ 984.3775961399078, 983.874454498291, 989.282826423645,]
