best-result = 84.6116681098938
warmup-time = 106.445641040802
all-measurements = [ 85.39009714126587, 85.03962707519531, 84.6116681098938,]
