best-result = 68.61341667175293
warmup-time = 88.58180475234985
all-measurements = [ 68.61341667175293, 68.66216444969177, 68.89288520812988,]
