best-result = 91.88679623603821
warmup-time = 105.82227730751038
all-measurements = [ 91.88679623603821, 92.83961391448975, 91.97863364219666,]
