best-result = 648.3053019046783
warmup-time = 667.8499274253845
all-measurements = [ 648.3053019046783, 651.1231942176819, 648.7160294055939,]
