best-result = 63.01218795776367
warmup-time = 74.38560628890991
all-measurements = [ 63.196495056152344, 63.01218795776367, 63.10593318939209,]
