best-result = 190.81634974479675
warmup-time = 341.74388885498047
all-measurements = [ 192.33974933624268, 192.64029264450073, 190.81634974479675,]
