best-result = 385.38169622421265
warmup-time = 822.4688701629639
all-measurements = [ 389.9284465312958, 385.38169622421265, 386.46092772483826,]
