best-result = 63.36301326751709
warmup-time = 78.62108302116394
all-measurements = [ 63.4151074886322, 63.36301326751709, 63.48652625083923,]
