best-result = 40.66620135307312
warmup-time = 48.59138607978821
all-measurements = [ 40.66620135307312, 41.36674523353577, 41.45789813995361,]
