best-result = 134.92491698265076
warmup-time = 165.28741788864136
all-measurements = [ 134.92491698265076, 136.06312775611877, 135.3557906150818,]
