best-result = 928.0066976547241
warmup-time = 960.0744984149933
all-measurements = [ 928.0066976547241, 959.5692315101624, 934.9948778152466,]
