best-result = 28.459250450134277
warmup-time = 36.09346914291382
all-measurements = [ 28.47765612602234, 28.4621479511261, 28.459250450134277,]
