best-result = 59.32140231132507
warmup-time = 71.41035532951355
all-measurements = [ 59.32140231132507, 60.2847158908844, 60.35186791419983,]
