best-result = 61.08132600784302
warmup-time = 74.04363703727722
all-measurements = [ 61.08132600784302, 61.397886991500854, 61.238693952560425,]
