best-result = 110.42437839508057
warmup-time = 138.71254134178162
all-measurements = [ 111.38466382026672, 110.42437839508057, 110.73795628547668,]
