best-result = 772.1599462032318
warmup-time = 842.3944721221924
all-measurements = [ 774.3656418323517, 775.1169846057892, 772.1599462032318,]
