best-result = 34.42449998855591
warmup-time = 42.60383439064026
all-measurements = [ 34.55868101119995, 34.42449998855591, 34.60844111442566,]
