best-result = 56.17247486114502
warmup-time = 71.61833143234253
all-measurements = [ 56.192261934280396, 56.17247486114502, 56.39014387130737,]
