best-result = 2059.5560970306396
warmup-time = 2633.786832332611
all-measurements = [ 3008.4444086551666, 2059.5560970306396, 2143.6470675468445,]
