best-result = 49.4408233165741
warmup-time = 69.98589086532593
all-measurements = [ 49.4408233165741, 49.62687015533447, 49.692681074142456,]
