best-result = 82.78104043006897
warmup-time = 101.88224816322327
all-measurements = [ 82.86019802093506, 83.02946972846985, 82.78104043006897,]
