best-result = 38.41421961784363
warmup-time = 47.56873345375061
all-measurements = [ 38.41421961784363, 38.61113953590393, 38.784454107284546,]
