best-result = 318.1738131046295
warmup-time = 460.2572753429413
all-measurements = [ 318.1738131046295, 319.7583255767822, 321.10378432273865,]
