best-result = 60.36081266403198
warmup-time = 60.57697510719299
all-measurements = [ 61.04889535903931, 61.30827045440674, 60.36081266403198,]
