best-result = 25.358399391174316
warmup-time = 26.929337978363037
all-measurements = [ 26.02431583404541, 25.358399391174316, 25.365360021591187,]
