best-result = 35.37802600860596
warmup-time = 38.207249879837036
all-measurements = [ 38.18794560432434, 37.66843128204346, 35.37802600860596,]
