best-result = 30.70767569541931
warmup-time = 30.88298726081848
all-measurements = [ 30.70767569541931, 31.28493022918701, 31.191385984420776,]
