best-result = 260.77187871932983
warmup-time = 269.85874462127686
all-measurements = [ 266.96426272392273, 263.33586025238037, 260.77187871932983,]
