best-result = 37.18242144584656
warmup-time = 36.67240500450134
all-measurements = [ 37.20930624008179, 37.18242144584656, 37.21151804924011,]
