best-result = 40.44437527656555
warmup-time = 41.91373682022095
all-measurements = [ 40.44437527656555, 41.42501497268677, 40.929704666137695,]
