best-result = 47.96095085144043
warmup-time = 49.65208888053894
all-measurements = [ 48.74204897880554, 47.96095085144043, 49.94209671020508,]
