best-result = 32.504624128341675
warmup-time = 35.056989669799805
all-measurements = [ 33.15542435646057, 32.504624128341675, 34.31083130836487,]
