best-result = 36.54840970039368
warmup-time = 37.308534145355225
all-measurements = [ 36.92438268661499, 37.41822791099548, 36.54840970039368,]
