best-result = 62.8537437915802
warmup-time = 62.758888244628906
all-measurements = [ 64.83143830299377, 62.935452938079834, 62.8537437915802,]
