best-result = 225.11234617233276
warmup-time = 228.0920865535736
all-measurements = [ 225.11234617233276, 228.87122750282288, 228.94220852851868,]
