best-result = 518.4930896759033
warmup-time = 522.6618540287018
all-measurements = [ 520.1189525127411, 518.4930896759033, 521.5946552753448,]
