best-result = 35.4313383102417
warmup-time = 36.400795459747314
all-measurements = [ 35.4313383102417, 36.19782519340515, 35.84249758720398,]
