best-result = 75.29355239868164
warmup-time = 78.82054615020752
all-measurements = [ 83.158047914505, 78.15189957618713, 75.29355239868164,]
