best-result = 61.43479800224304
warmup-time = 62.02498459815979
all-measurements = [ 61.43479800224304, 62.36462998390198, 65.65676808357239,]
