best-result = 26.917997360229492
warmup-time = 26.982961416244507
all-measurements = [ 27.563825845718384, 26.917997360229492, 27.40720820426941,]
