best-result = 32.676275968551636
warmup-time = 35.582669258117676
all-measurements = [ 35.33839678764343, 35.54776120185852, 32.676275968551636,]
