best-result = 32.846303939819336
warmup-time = 34.289101362228394
all-measurements = [ 32.846303939819336, 33.114712953567505, 33.43717336654663,]
