best-result = 41.09429168701172
warmup-time = 43.511956453323364
all-measurements = [ 42.41398787498474, 43.0489661693573, 41.09429168701172,]
