best-result = 95.36906123161316
warmup-time = 97.25353002548218
all-measurements = [ 97.65722870826721, 95.36906123161316, 97.1349561214447,]
