best-result = 27.086849451065063
warmup-time = 28.355608701705933
all-measurements = [ 28.70637822151184, 27.139859676361084, 27.086849451065063,]
