best-result = 33.75269341468811
warmup-time = 32.46882224082947
all-measurements = [ 34.95385956764221, 36.00512981414795, 33.75269341468811,]
