best-result = 88.28229665756226
warmup-time = 96.51663994789124
all-measurements = [ 97.94417667388916, 88.75031924247742, 88.28229665756226,]
