best-result = 39.180731534957886
warmup-time = 39.29867959022522
all-measurements = [ 40.37298774719238, 40.19947385787964, 39.180731534957886,]
