best-result = 43.223405599594116
warmup-time = 45.12698578834534
all-measurements = [ 44.27947783470154, 43.223405599594116, 43.58186340332031,]
