best-result = 26.9657781124115
warmup-time = 28.83640694618225
all-measurements = [ 27.97204613685608, 27.0831515789032, 26.9657781124115,]
