best-result = 685.0641162395477
warmup-time = 732.4324390888214
all-measurements = [ 685.0641162395477, 702.5825395584106, 695.5049376487732,]
