best-result = 169.22722339630127
warmup-time = 173.22855591773987
all-measurements = [ 169.22722339630127, 174.8234624862671, 173.2510552406311,]
