best-result = 55.07726216316223
warmup-time = 55.74091386795044
all-measurements = [ 55.07726216316223, 71.52272605895996, 56.34797191619873,]
