best-result = 26.0165376663208
warmup-time = 26.293564796447754
all-measurements = [ 26.0165376663208, 26.155040502548218, 26.28213596343994,]
