best-result = 35.42559576034546
warmup-time = 37.99816346168518
all-measurements = [ 37.49021029472351, 35.42559576034546, 37.22013545036316,]
