best-result = 31.416757345199585
warmup-time = 32.51114201545715
all-measurements = [ 31.416757345199585, 32.20811581611633, 31.705791473388672,]
