best-result = 268.2929177284241
warmup-time = 271.4518256187439
all-measurements = [ 268.2929177284241, 269.5153682231903, 268.5742404460907,]
