best-result = 35.39047336578369
warmup-time = 37.32706093788147
all-measurements = [ 36.17485451698303, 36.26527190208435, 35.39047336578369,]
