best-result = 112.23915314674377
warmup-time = 116.26830005645752
all-measurements = [ 112.96632409095764, 114.43733239173889, 112.23915314674377,]
