best-result = 40.65778398513794
warmup-time = 41.65882396697998
all-measurements = [ 40.65778398513794, 41.85073661804199, 41.46331071853638,]
