best-result = 47.43466091156006
warmup-time = 49.95295596122742
all-measurements = [ 51.095723152160645, 47.43466091156006, 49.12405490875244,]
