best-result = 32.77008771896362
warmup-time = 33.35838603973389
all-measurements = [ 32.77008771896362, 33.88705015182495, 34.45420718193054,]
