best-result = 37.39319157600403
warmup-time = 36.72777509689331
all-measurements = [ 37.72767686843872, 37.39319157600403, 37.661452531814575,]
