best-result = 62.19687223434448
warmup-time = 64.38515257835388
all-measurements = [ 66.53469371795654, 64.53800344467163, 62.19687223434448,]
