best-result = 227.3196988105774
warmup-time = 230.14620804786682
all-measurements = [ 228.77175045013428, 227.3196988105774, 228.19298195838928,]
