best-result = 523.087210893631
warmup-time = 528.2492983341217
all-measurements = [ 523.087210893631, 526.9835691452026, 526.6843154430389,]
