best-result = 37.473044633865356
warmup-time = 36.561443567276
all-measurements = [ 38.338767290115356, 37.473044633865356, 38.76725125312805,]
