best-result = 28.621889114379883
warmup-time = 29.49350666999817
all-measurements = [ 28.621889114379883, 29.487908601760864, 29.684263229370117,]
