best-result = 77.66029334068298
warmup-time = 72.4533302783966
all-measurements = [ 77.66029334068298, 79.70791029930115, 82.99509286880493,]
