best-result = 61.96533465385437
warmup-time = 61.827234506607056
all-measurements = [ 61.96533465385437, 62.67277121543884, 62.779173612594604,]
