best-result = 27.76399254798889
warmup-time = 27.712393522262573
all-measurements = [ 27.76399254798889, 27.900949001312256, 28.464051246643066,]
