best-result = 35.1464307308197
warmup-time = 32.26280498504639
all-measurements = [ 35.1464307308197, 35.353073835372925, 35.7373628616333,]
