best-result = 33.32461905479431
warmup-time = 34.092408418655396
all-measurements = [ 33.32461905479431, 33.503283739089966, 33.456448554992676,]
