best-result = 42.03291702270508
warmup-time = 42.05227446556091
all-measurements = [ 43.282695055007935, 43.35402202606201, 42.03291702270508,]
