best-result = 95.82291197776794
warmup-time = 97.24768662452698
all-measurements = [ 100.07717227935791, 95.82291197776794, 96.50662326812744,]
