best-result = 28.951908588409424
warmup-time = 28.74735164642334
all-measurements = [ 29.956835508346558, 29.36025094985962, 28.951908588409424,]
