best-result = 34.351197242736816
warmup-time = 36.19123649597168
all-measurements = [ 34.77931451797485, 36.00736355781555, 34.351197242736816,]
