best-result = 87.47925662994385
warmup-time = 95.51454448699951
all-measurements = [ 87.47925662994385, 93.20974326133728, 93.87909388542175,]
