best-result = 38.52468657493591
warmup-time = 38.60883331298828
all-measurements = [ 38.52468657493591, 39.43056273460388, 39.26645255088806,]
