best-result = 43.639265298843384
warmup-time = 45.68054485321045
all-measurements = [ 44.01985549926758, 44.08601689338684, 43.639265298843384,]
