best-result = 28.89603614807129
warmup-time = 29.311952352523804
all-measurements = [ 29.259680032730103, 29.065044164657593, 28.89603614807129,]
