best-result = 695.769862651825
warmup-time = 733.1280703544617
all-measurements = [ 702.8078279495239, 695.769862651825, 705.814316034317,]
