best-result = 174.79577255249023
warmup-time = 177.5988438129425
all-measurements = [ 174.79577255249023, 176.76573371887207, 176.13481211662292,]
