best-result = 55.4476158618927
warmup-time = 67.88773107528687
all-measurements = [ 55.4476158618927, 69.01998090744019, 70.18437337875366,]
