best-result = 22.43049430847168
warmup-time = 22.483967304229736
all-measurements = [ 22.832675457000732, 22.4749915599823, 22.43049430847168,]
