best-result = 46.81451869010925
warmup-time = 62.87502574920654
all-measurements = [ 46.81451869010925, 47.0893075466156, 46.94667649269104,]
