best-result = 46.320510387420654
warmup-time = 58.12255811691284
all-measurements = [ 46.52611231803894, 46.320510387420654, 47.14582920074463,]
