best-result = 932.5242073535919
warmup-time = 1136.6152527332306
all-measurements = [ 932.5242073535919, 961.0016715526581, 934.9421803951263,]
