best-result = 84.40544605255127
warmup-time = 99.37775015830994
all-measurements = [ 84.40544605255127, 84.61675786972046, 84.91419911384583,]
