best-result = 81.91816735267639
warmup-time = 103.7914822101593
all-measurements = [ 81.91816735267639, 82.36583518981934, 82.13617444038391,]
