best-result = 69.54892301559448
warmup-time = 92.12345027923584
all-measurements = [ 69.54892301559448, 71.53112888336182, 70.80871629714966,]
