best-result = 90.9634280204773
warmup-time = 105.59557747840881
all-measurements = [ 90.9634280204773, 91.16143608093262, 91.59355139732361,]
