best-result = 631.1352548599243
warmup-time = 648.8415145874023
all-measurements = [ 631.1352548599243, 636.0525846481323, 636.0559520721436,]
