best-result = 63.78281331062317
warmup-time = 80.45687699317932
all-measurements = [ 63.9742705821991, 64.22958898544312, 63.78281331062317,]
