best-result = 221.49188423156738
warmup-time = 373.14935874938965
all-measurements = [ 221.49188423156738, 222.20850348472595, 222.1711986064911,]
