best-result = 441.0207679271698
warmup-time = 882.6437215805054
all-measurements = [ 444.0194318294525, 441.0207679271698, 443.1284999847412,]
