best-result = 62.08972644805908
warmup-time = 79.27051496505737
all-measurements = [ 62.08972644805908, 62.14354157447815, 62.335960149765015,]
