best-result = 140.7979769706726
warmup-time = 170.35732412338257
all-measurements = [ 141.02780389785767, 140.98543190956116, 140.7979769706726,]
