best-result = 882.4778957366943
warmup-time = 917.7472376823425
all-measurements = [ 890.9571838378906, 891.4315776824951, 882.4778957366943,]
