best-result = 27.494239807128906
warmup-time = 37.151050090789795
all-measurements = [ 27.494239807128906, 27.515228509902954, 27.712343454360962,]
