best-result = 58.00897407531738
warmup-time = 72.74904489517212
all-measurements = [ 59.583359718322754, 58.00897407531738, 58.25119662284851,]
