best-result = 59.075011014938354
warmup-time = 72.74274468421936
all-measurements = [ 59.3334105014801, 59.075011014938354, 59.67683696746826,]
