best-result = 110.68561315536499
warmup-time = 140.13805484771729
all-measurements = [ 111.11995005607605, 110.70163369178772, 110.68561315536499,]
