best-result = 787.2405967712402
warmup-time = 856.4169976711273
all-measurements = [ 817.7890467643738, 787.2405967712402, 789.9478933811188,]
