best-result = 33.45643591880798
warmup-time = 42.49129557609558
all-measurements = [ 33.45643591880798, 33.51155948638916, 33.69209098815918,]
