best-result = 55.19173836708069
warmup-time = 70.53795218467712
all-measurements = [ 55.31329011917114, 55.406564712524414, 55.19173836708069,]
