best-result = 2425.08696436882
warmup-time = 3590.840075492859
all-measurements = [ 3365.6038916110992, 3331.171735525131, 2425.08696436882,]
