best-result = 49.142425775527954
warmup-time = 71.12819933891296
all-measurements = [ 49.5693678855896, 49.52969717979431, 49.142425775527954,]
