best-result = 78.72107672691345
warmup-time = 97.52375221252441
all-measurements = [ 78.76243019104004, 78.72107672691345, 79.2166850566864,]
