best-result = 36.50369191169739
warmup-time = 47.2990505695343
all-measurements = [ 36.50369191169739, 36.607779026031494, 36.90589714050293,]
