best-result = 351.95587062835693
warmup-time = 492.72881984710693
all-measurements = [ 351.95587062835693, 352.7445137500763, 356.4807004928589,]
