best-result = 59.270527601242065
warmup-time = 59.97130632400513
all-measurements = [ 59.64494967460632, 59.270527601242065, 59.86666750907898,]
