best-result = 24.902376413345337
warmup-time = 25.378608226776123
all-measurements = [ 25.39044499397278, 25.188416481018066, 24.902376413345337,]
