best-result = 35.92567420005798
warmup-time = 39.566489458084106
all-measurements = [ 37.83089637756348, 35.92567420005798, 36.20650267601013,]
