best-result = 31.253122329711914
warmup-time = 32.274497747421265
all-measurements = [ 31.62414860725403, 31.253122329711914, 32.36183166503906,]
