best-result = 266.80721950531006
warmup-time = 271.96994400024414
all-measurements = [ 267.80872416496277, 266.80721950531006, 269.5838375091553,]
