best-result = 36.86388683319092
warmup-time = 36.7518675327301
all-measurements = [ 37.317071199417114, 36.86388683319092, 37.98525905609131,]
