best-result = 40.55787444114685
warmup-time = 41.76347804069519
all-measurements = [ 42.530189752578735, 40.55787444114685, 41.97908902168274,]
