best-result = 50.29991269111633
warmup-time = 51.46698617935181
all-measurements = [ 52.94773864746094, 50.35781407356262, 50.29991269111633,]
