best-result = 33.496782541275024
warmup-time = 34.718995332717896
all-measurements = [ 35.34048128128052, 34.9487087726593, 33.496782541275024,]
