best-result = 37.32056713104248
warmup-time = 38.4520308971405
all-measurements = [ 37.32056713104248, 38.34224009513855, 37.398895025253296,]
