best-result = 61.86113619804382
warmup-time = 60.06366419792175
all-measurements = [ 63.298359632492065, 62.24519348144531, 61.86113619804382,]
