best-result = 231.41910099983215
warmup-time = 233.62694668769836
all-measurements = [ 233.69047689437866, 231.41910099983215, 234.34775519371033,]
