best-result = 525.5642030239105
warmup-time = 529.964546918869
all-measurements = [ 530.3569383621216, 525.5642030239105, 529.0279486179352,]
