best-result = 36.21991419792175
warmup-time = 34.86623573303223
all-measurements = [ 37.13240027427673, 36.21991419792175, 37.63589119911194,]
