best-result = 62.628684759140015
warmup-time = 63.068604707717896
all-measurements = [ 64.59285736083984, 63.68867301940918, 62.628684759140015,]
