best-result = 27.32366180419922
warmup-time = 28.383883953094482
all-measurements = [ 27.32366180419922, 27.712961435317993, 28.198065519332886,]
