best-result = 32.922415018081665
warmup-time = 36.52242136001587
all-measurements = [ 32.922415018081665, 32.92356467247009, 35.874709129333496,]
