best-result = 31.77181577682495
warmup-time = 33.59343671798706
all-measurements = [ 33.32987976074219, 34.508012533187866, 31.77181577682495,]
