best-result = 42.09541153907776
warmup-time = 43.485599994659424
all-measurements = [ 44.442102909088135, 42.59920358657837, 42.09541153907776,]
