best-result = 98.6918797492981
warmup-time = 99.43512725830078
all-measurements = [ 100.20670008659363, 98.6918797492981, 99.97514581680298,]
