best-result = 27.25788974761963
warmup-time = 28.60460090637207
all-measurements = [ 29.514339685440063, 28.25824737548828, 27.25788974761963,]
