best-result = 33.43406081199646
warmup-time = 32.7778799533844
all-measurements = [ 33.648435831069946, 35.332677364349365, 33.43406081199646,]
