best-result = 38.61379432678223
warmup-time = 40.22981333732605
all-measurements = [ 38.61379432678223, 38.94587969779968, 40.00062870979309,]
