best-result = 43.34848213195801
warmup-time = 45.22187399864197
all-measurements = [ 44.70152139663696, 43.34848213195801, 46.12217140197754,]
