best-result = 26.829201698303223
warmup-time = 28.37957787513733
all-measurements = [ 26.829201698303223, 28.32367491722107, 28.51181387901306,]
