best-result = 691.7627282142639
warmup-time = 707.472856760025
all-measurements = [ 691.7627282142639, 697.4704511165619, 697.4681212902069,]
