best-result = 178.31656980514526
warmup-time = 180.86994457244873
all-measurements = [ 178.58495426177979, 178.31656980514526, 180.12999176979065,]
