best-result = 43.21030116081238
warmup-time = 44.982380390167236
all-measurements = [ 43.21030116081238, 43.49626326560974, 43.35060524940491,]
