best-result = 23.01919674873352
warmup-time = 23.587141275405884
all-measurements = [ 24.095937252044678, 23.159552335739136, 23.01919674873352,]
