best-result = 46.712889671325684
warmup-time = 61.79249167442322
all-measurements = [ 47.08500623703003, 46.92089056968689, 46.712889671325684,]
