best-result = 46.132134675979614
warmup-time = 58.78491401672363
all-measurements = [ 46.132134675979614, 46.3489465713501, 46.4910454750061,]
