best-result = 894.1023943424225
warmup-time = 1107.4963402748108
all-measurements = [ 894.1023943424225, 896.416175365448, 899.5651948451996,]
