best-result = 85.43818497657776
warmup-time = 100.9919548034668
all-measurements = [ 86.35159301757812, 85.43818497657776, 86.28014159202576,]
