best-result = 985.567756652832
warmup-time = 1012.497759103775
all-measurements = [ 986.2324721813202, 985.567756652832, 986.9881286621094,]
