best-result = 82.60267615318298
warmup-time = 102.41413569450378
all-measurements = [ 82.66162395477295, 83.01005840301514, 82.60267615318298,]
