best-result = 67.89840793609619
warmup-time = 86.56983089447021
all-measurements = [ 68.02744722366333, 68.75486469268799, 67.89840793609619,]
