best-result = 91.35923552513123
warmup-time = 105.67992973327637
all-measurements = [ 91.73512196540833, 91.35923552513123, 92.29930281639099,]
