best-result = 645.5133209228516
warmup-time = 660.8913824558258
all-measurements = [ 647.9952311515808, 649.9597461223602, 645.5133209228516,]
