best-result = 61.300291538238525
warmup-time = 79.54192209243774
all-measurements = [ 61.300291538238525, 61.45692300796509, 62.166115283966064,]
