best-result = 204.16169929504395
warmup-time = 362.60136580467224
all-measurements = [ 204.16169929504395, 205.05573678016663, 208.5864224433899,]
