best-result = 423.9349822998047
warmup-time = 869.3616163730621
all-measurements = [ 427.3688259124756, 423.9349822998047, 426.8529269695282,]
