best-result = 62.54022192955017
warmup-time = 80.66946077346802
all-measurements = [ 62.59460663795471, 62.54022192955017, 63.091134548187256,]
