best-result = 40.17669939994812
warmup-time = 49.19656848907471
all-measurements = [ 40.951621770858765, 40.21666121482849, 40.17669939994812,]
