best-result = 135.31878399848938
warmup-time = 159.3970923423767
all-measurements = [ 135.31878399848938, 135.43112301826477, 135.4359667301178,]
