best-result = 915.96985912323
warmup-time = 946.5089375972748
all-measurements = [ 921.74338555336, 915.96985912323, 917.4091629981995,]
