best-result = 27.667181491851807
warmup-time = 36.78475618362427
all-measurements = [ 28.09066677093506, 28.016440391540527, 27.667181491851807,]
