best-result = 57.42323398590088
warmup-time = 71.31575441360474
all-measurements = [ 57.464871883392334, 57.57675766944885, 57.42323398590088,]
