best-result = 60.22400975227356
warmup-time = 74.38557004928589
all-measurements = [ 60.385477781295776, 61.29451036453247, 60.22400975227356,]
