best-result = 109.49396634101868
warmup-time = 137.4643099308014
all-measurements = [ 109.49396634101868, 110.1420967578888, 109.88610482215881,]
