best-result = 779.8779609203339
warmup-time = 847.4904472827911
all-measurements = [ 803.9963457584381, 779.8779609203339, 784.0179605484009,]
