best-result = 33.970290184020996
warmup-time = 42.3912832736969
all-measurements = [ 33.99040603637695, 33.970290184020996, 34.38271427154541,]
