best-result = 55.23186802864075
warmup-time = 71.98664879798889
all-measurements = [ 55.65849280357361, 55.996342420578, 55.23186802864075,]
