best-result = 1851.2003784179688
warmup-time = 2057.4604144096375
all-measurements = [ 1851.2003784179688, 2043.1954839229584, 1976.4128749370575,]
