best-result = 48.20612120628357
warmup-time = 68.92322373390198
all-measurements = [ 48.20612120628357, 48.71571111679077, 49.36563324928284,]
