best-result = 77.61127066612244
warmup-time = 98.16310214996338
all-measurements = [ 78.81847786903381, 77.61127066612244, 78.31479811668396,]
