best-result = 37.503937005996704
warmup-time = 47.65801000595093
all-measurements = [ 37.64734768867493, 37.89500093460083, 37.503937005996704,]
