best-result = 335.59162759780884
warmup-time = 475.28889775276184
all-measurements = [ 335.59162759780884, 338.1742732524872, 344.5265619754791,]
