best-result = 58.925129413604736
warmup-time = 59.346285581588745
all-measurements = [ 58.925129413604736, 59.13797068595886, 59.435359954833984,]
