best-result = 25.723236560821533
warmup-time = 25.639521837234497
all-measurements = [ 26.10420536994934, 26.10502791404724, 25.723236560821533,]
