best-result = 35.97829055786133
warmup-time = 38.549577951431274
all-measurements = [ 37.61266469955444, 35.97829055786133, 37.33623719215393,]
