best-result = 30.58130192756653
warmup-time = 31.787505388259888
all-measurements = [ 30.58130192756653, 31.44294309616089, 30.728307008743286,]
