best-result = 263.95110630989075
warmup-time = 266.9821515083313
all-measurements = [ 264.1681101322174, 268.24907088279724, 263.95110630989075,]
