best-result = 36.172475814819336
warmup-time = 36.39967608451843
all-measurements = [ 36.172475814819336, 37.383177518844604, 36.35332655906677,]
