best-result = 112.38120317459106
warmup-time = 113.76393485069275
all-measurements = [ 112.76844191551208, 112.38120317459106, 112.91186380386353,]
