best-result = 39.824220418930054
warmup-time = 43.0035457611084
all-measurements = [ 42.37523341178894, 40.87901067733765, 39.824220418930054,]
