best-result = 47.05500388145447
warmup-time = 48.92796492576599
all-measurements = [ 47.948962688446045, 47.05500388145447, 49.407591104507446,]
