best-result = 32.91553235054016
warmup-time = 35.11772418022156
all-measurements = [ 34.24842715263367, 32.91553235054016, 33.02537512779236,]
