best-result = 34.93024039268494
warmup-time = 37.23309659957886
all-measurements = [ 34.93024039268494, 37.007964849472046, 37.20095419883728,]
