best-result = 62.48008155822754
warmup-time = 65.26951479911804
all-measurements = [ 62.48008155822754, 64.0423367023468, 63.25205206871033,]
