best-result = 228.13500714302063
warmup-time = 231.06736373901367
all-measurements = [ 228.6391885280609, 228.71513772010803, 228.13500714302063,]
