best-result = 525.8221197128296
warmup-time = 527.411126613617
all-measurements = [ 526.4086019992828, 525.8221197128296, 527.4689295291901,]
