best-result = 35.20674252510071
warmup-time = 36.53409719467163
all-measurements = [ 37.670408725738525, 35.20674252510071, 37.27887177467346,]
