best-result = 28.02376651763916
warmup-time = 29.111369132995605
all-measurements = [ 28.74921464920044, 28.76703381538391, 28.02376651763916,]
