best-result = 74.20208263397217
warmup-time = 77.38382196426392
all-measurements = [ 79.80536556243896, 79.46523141860962, 74.20208263397217,]
