best-result = 61.69001889228821
warmup-time = 62.46478891372681
all-measurements = [ 63.42052674293518, 61.69001889228821, 63.55607342720032,]
