best-result = 26.768500089645386
warmup-time = 27.936927318572998
all-measurements = [ 26.768500089645386, 28.405917644500732, 27.616955995559692,]
