best-result = 32.310603857040405
warmup-time = 35.40319275856018
all-measurements = [ 32.310603857040405, 34.87704586982727, 35.7842173576355,]
