best-result = 32.994220495224
warmup-time = 33.50475788116455
all-measurements = [ 33.467015504837036, 32.994220495224, 34.75208616256714,]
