best-result = 42.710763931274414
warmup-time = 42.717838525772095
all-measurements = [ 42.710763931274414, 43.66111993789673, 42.98239541053772,]
