best-result = 96.65406799316406
warmup-time = 96.67358875274658
all-measurements = [ 96.65406799316406, 96.68740510940552, 98.63902139663696,]
