best-result = 28.182395696640015
warmup-time = 27.90099048614502
all-measurements = [ 28.182395696640015, 29.665090799331665, 29.814579725265503,]
