best-result = 34.6791775226593
warmup-time = 34.57494759559631
all-measurements = [ 34.74765086174011, 34.6791775226593, 35.58242464065552,]
