best-result = 86.3688235282898
warmup-time = 88.43401455879211
all-measurements = [ 86.3688235282898, 89.27562427520752, 89.41955137252808,]
