best-result = 37.8777551651001
warmup-time = 38.01269197463989
all-measurements = [ 38.11039662361145, 40.19048881530762, 37.8777551651001,]
