best-result = 43.679521560668945
warmup-time = 46.069859981536865
all-measurements = [ 44.271377086639404, 45.27193021774292, 43.679521560668945,]
