best-result = 28.75588870048523
warmup-time = 28.418684005737305
all-measurements = [ 28.770246744155884, 29.177789211273193, 28.75588870048523,]
