best-result = 695.3275384902954
warmup-time = 731.3753581047058
all-measurements = [ 696.2293772697449, 695.3275384902954, 696.1532397270203,]
