best-result = 176.04665350914001
warmup-time = 178.25200533866882
all-measurements = [ 177.91927552223206, 176.04665350914001, 177.32182931900024,]
