best-result = 57.614651679992676
warmup-time = 69.12450909614563
all-measurements = [ 58.020424604415894, 57.614651679992676, 70.40401673316956,]
