best-result = 24.84381604194641
warmup-time = 25.289669275283813
all-measurements = [ 25.259904146194458, 25.368683338165283, 24.84381604194641,]
