best-result = 36.06274676322937
warmup-time = 40.07256722450256
all-measurements = [ 37.26087427139282, 37.245752811431885, 36.06274676322937,]
