best-result = 32.34315848350525
warmup-time = 32.580100536346436
all-measurements = [ 32.41699481010437, 32.35792779922485, 32.34315848350525,]
