best-result = 276.22269797325134
warmup-time = 277.546035528183
all-measurements = [ 278.55103516578674, 277.12401485443115, 276.22269797325134,]
