best-result = 36.42910623550415
warmup-time = 36.04472804069519
all-measurements = [ 36.62643790245056, 37.08974862098694, 36.42910623550415,]
