best-result = 40.7190146446228
warmup-time = 43.7885377407074
all-measurements = [ 40.81982660293579, 40.7190146446228, 41.6324679851532,]
