best-result = 50.92363429069519
warmup-time = 51.860013008117676
all-measurements = [ 51.95881175994873, 50.92363429069519, 51.60361075401306,]
