best-result = 34.355828046798706
warmup-time = 36.05993127822876
all-measurements = [ 34.57087230682373, 34.3862988948822, 34.355828046798706,]
