best-result = 37.73841166496277
warmup-time = 37.85328769683838
all-measurements = [ 37.73841166496277, 37.84482288360596, 37.98024582862854,]
