best-result = 58.690653800964355
warmup-time = 62.91392993927002
all-measurements = [ 58.690653800964355, 59.05310320854187, 63.348233699798584,]
