best-result = 240.60174012184143
warmup-time = 243.30378985404968
all-measurements = [ 241.43158292770386, 240.60174012184143, 242.91810059547424,]
