best-result = 545.9795932769775
warmup-time = 549.7826569080353
all-measurements = [ 547.0135414600372, 545.9795932769775, 547.7205369472504,]
