best-result = 35.13551592826843
warmup-time = 36.618619203567505
all-measurements = [ 36.50286364555359, 35.13551592826843, 35.601813554763794,]
