best-result = 64.67433071136475
warmup-time = 65.21221971511841
all-measurements = [ 65.62046098709106, 64.67433071136475, 66.53861880302429,]
