best-result = 26.786425590515137
warmup-time = 27.669654369354248
all-measurements = [ 26.906908750534058, 26.786425590515137, 28.532465934753418,]
