best-result = 33.25701093673706
warmup-time = 36.09124779701233
all-measurements = [ 33.498119831085205, 33.25701093673706, 36.04326939582825,]
