best-result = 32.3665246963501
warmup-time = 34.105257749557495
all-measurements = [ 32.3665246963501, 33.171045541763306, 33.544440031051636,]
