best-result = 42.17953610420227
warmup-time = 45.045209646224976
all-measurements = [ 43.89031505584717, 42.17953610420227, 44.020164251327515,]
