best-result = 100.65478897094727
warmup-time = 101.57554721832275
all-measurements = [ 101.02012968063354, 100.66943168640137, 100.65478897094727,]
