best-result = 28.553176164627075
warmup-time = 28.815455675125122
all-measurements = [ 28.890058040618896, 29.026529788970947, 28.553176164627075,]
