best-result = 33.67446517944336
warmup-time = 34.047786712646484
all-measurements = [ 34.59738731384277, 34.2892632484436, 33.67446517944336,]
