best-result = 39.75065469741821
warmup-time = 39.50272035598755
all-measurements = [ 39.75065469741821, 40.482648611068726, 40.64525270462036,]
