best-result = 43.08000898361206
warmup-time = 46.428412199020386
all-measurements = [ 45.5525598526001, 43.08000898361206, 44.490121603012085,]
