best-result = 27.53813910484314
warmup-time = 28.140974760055542
all-measurements = [ 28.6534686088562, 27.53813910484314, 28.12741208076477,]
