best-result = 703.8022031784058
warmup-time = 734.074919462204
all-measurements = [ 706.2858552932739, 706.4598920345306, 703.8022031784058,]
