best-result = 180.3096194267273
warmup-time = 182.26180052757263
all-measurements = [ 182.1200089454651, 180.3096194267273, 182.13451981544495,]
