best-result = 44.17241191864014
warmup-time = 44.004589557647705
all-measurements = [ 44.73923993110657, 44.36722755432129, 44.17241191864014,]
