best-result = 23.32881784439087
warmup-time = 23.262367725372314
all-measurements = [ 23.704925298690796, 23.32881784439087, 23.3635356426239,]
