best-result = 47.124993562698364
warmup-time = 63.80360746383667
all-measurements = [ 47.30146360397339, 47.124993562698364, 47.24554252624512,]
