best-result = 46.35412240028381
warmup-time = 57.98349094390869
all-measurements = [ 46.35412240028381, 46.91618371009827, 47.346943855285645,]
