best-result = 899.662435054779
warmup-time = 1116.1806483268738
all-measurements = [ 901.15452003479, 902.1057736873627, 899.662435054779,]
