best-result = 86.00738453865051
warmup-time = 100.93277144432068
all-measurements = [ 86.58392238616943, 86.00738453865051, 86.95072436332703,]
