best-result = 983.58420586586
warmup-time = 1023.2345111370087
all-measurements = [ 988.4551055431366, 992.7218353748322, 983.58420586586,]
