best-result = 81.7969126701355
warmup-time = 101.88653945922852
all-measurements = [ 82.15180397033691, 82.68036961555481, 81.7969126701355,]
