best-result = 68.14809679985046
warmup-time = 89.36042952537537
all-measurements = [ 68.48347091674805, 68.45223426818848, 68.14809679985046,]
