best-result = 91.62938237190247
warmup-time = 106.37156653404236
all-measurements = [ 91.62938237190247, 92.12157487869263, 92.73501229286194,]
