best-result = 647.4744482040405
warmup-time = 659.4615519046783
all-measurements = [ 652.9037306308746, 647.4744482040405, 648.7743754386902,]
