best-result = 62.15073013305664
warmup-time = 78.98427605628967
all-measurements = [ 62.79011106491089, 62.84438514709473, 62.15073013305664,]
