best-result = 207.70764565467834
warmup-time = 355.9533498287201
all-measurements = [ 207.74853944778442, 207.70764565467834, 209.0892310142517,]
