best-result = 382.3687071800232
warmup-time = 826.913868188858
all-measurements = [ 385.9751124382019, 382.3687071800232, 388.4956831932068,]
