best-result = 63.01750302314758
warmup-time = 78.32908201217651
all-measurements = [ 64.33335065841675, 63.01750302314758, 63.15127396583557,]
