best-result = 40.05560827255249
warmup-time = 48.64320421218872
all-measurements = [ 40.94319272041321, 40.085373401641846, 40.05560827255249,]
