best-result = 134.52976298332214
warmup-time = 168.2137815952301
all-measurements = [ 135.07714819908142, 135.72534251213074, 134.52976298332214,]
