best-result = 919.8158304691315
warmup-time = 951.9684679508209
all-measurements = [ 924.0968382358551, 919.8158304691315, 963.3877081871033,]
