best-result = 27.89768147468567
warmup-time = 37.83722138404846
all-measurements = [ 28.577494144439697, 27.89768147468567, 28.137985706329346,]
