best-result = 57.75535202026367
warmup-time = 70.84967517852783
all-measurements = [ 58.52941632270813, 57.75535202026367, 57.86757826805115,]
