best-result = 60.31531047821045
warmup-time = 77.18156099319458
all-measurements = [ 60.78897023200989, 61.05710244178772, 60.31531047821045,]
