best-result = 110.31308174133301
warmup-time = 138.61951565742493
all-measurements = [ 110.31308174133301, 110.3814549446106, 110.68086171150208,]
