best-result = 772.900114774704
warmup-time = 840.6067147254944
all-measurements = [ 799.2134718894958, 772.900114774704, 776.6573629379272,]
