best-result = 34.29387712478638
warmup-time = 43.01826524734497
all-measurements = [ 34.29387712478638, 35.201661348342896, 35.0237135887146,]
