best-result = 55.692195653915405
warmup-time = 72.63528609275818
all-measurements = [ 56.21652317047119, 55.692195653915405, 56.10957050323486,]
