best-result = 1647.2303297519684
warmup-time = 1460.196855545044
all-measurements = [ 1647.2303297519684, 2221.5479967594147, 1870.4810783863068,]
