best-result = 48.66684126853943
warmup-time = 69.61920309066772
all-measurements = [ 48.66684126853943, 49.04637813568115, 48.8755362033844,]
