best-result = 81.4631597995758
warmup-time = 98.60269093513489
all-measurements = [ 81.4631597995758, 81.55080938339233, 81.98909592628479,]
