best-result = 37.41749858856201
warmup-time = 46.25901174545288
all-measurements = [ 37.87631177902222, 37.41749858856201, 37.612998485565186,]
