best-result = 336.45151257514954
warmup-time = 471.5640790462494
all-measurements = [ 336.45151257514954, 340.2116620540619, 338.89174723625183,]
