best-result = 59.44868302345276
warmup-time = 59.86284589767456
all-measurements = [ 59.44868302345276, 59.66270852088928, 59.66898512840271,]
