best-result = 25.91934323310852
warmup-time = 26.61083674430847
all-measurements = [ 26.126691341400146, 26.20176887512207, 25.91934323310852,]
