best-result = 36.491394996643066
warmup-time = 36.277315855026245
all-measurements = [ 36.491394996643066, 37.89770245552063, 36.89448547363281,]
