best-result = 29.925943851470947
warmup-time = 32.41842174530029
all-measurements = [ 29.925943851470947, 31.076499938964844, 31.55758762359619,]
