best-result = 257.3955225944519
warmup-time = 262.4930045604706
all-measurements = [ 261.26581382751465, 257.3955225944519, 260.3657269477844,]
