best-result = 37.0220787525177
warmup-time = 36.060190200805664
all-measurements = [ 37.0220787525177, 37.57094359397888, 37.60722827911377,]
