best-result = 111.51391577720642
warmup-time = 115.70229196548462
all-measurements = [ 111.51391577720642, 113.97347140312195, 113.42774248123169,]
