best-result = 40.84799122810364
warmup-time = 42.43404793739319
all-measurements = [ 41.03095245361328, 40.84799122810364, 41.84661364555359,]
