best-result = 47.04362940788269
warmup-time = 49.4329309463501
all-measurements = [ 47.046000242233276, 47.04362940788269, 47.66862654685974,]
