best-result = 33.57008671760559
warmup-time = 33.370362997055054
all-measurements = [ 34.88914203643799, 33.57008671760559, 35.62719535827637,]
