best-result = 36.72796654701233
warmup-time = 36.28361535072327
all-measurements = [ 36.72796654701233, 37.25250458717346, 37.33122396469116,]
