best-result = 58.28380250930786
warmup-time = 59.582319498062134
all-measurements = [ 58.28380250930786, 58.41771674156189, 59.81057119369507,]
