best-result = 223.2033953666687
warmup-time = 226.4668369293213
all-measurements = [ 223.2033953666687, 226.34701013565063, 223.3946008682251,]
