best-result = 510.212327003479
warmup-time = 519.2429709434509
all-measurements = [ 511.64787340164185, 516.2888507843018, 510.212327003479,]
