best-result = 35.91029977798462
warmup-time = 37.679726123809814
all-measurements = [ 36.51140236854553, 38.644418478012085, 35.91029977798462,]
