best-result = 28.642080545425415
warmup-time = 29.299333095550537
all-measurements = [ 28.642080545425415, 29.262763500213623, 29.383077383041382,]
