best-result = 71.46601486206055
warmup-time = 75.00067973136902
all-measurements = [ 76.25378084182739, 71.46601486206055, 77.51984190940857,]
