best-result = 60.428176164627075
warmup-time = 62.15546131134033
all-measurements = [ 62.94549250602722, 60.428176164627075, 62.864238023757935,]
