best-result = 27.61261224746704
warmup-time = 28.646539211273193
all-measurements = [ 27.61261224746704, 28.800989866256714, 27.696855068206787,]
