best-result = 38.79805302619934
warmup-time = 35.72516655921936
all-measurements = [ 38.79805302619934, 41.84902048110962, 39.89064812660217,]
