best-result = 33.577537536621094
warmup-time = 34.74774742126465
all-measurements = [ 35.351860761642456, 33.577537536621094, 34.57887291908264,]
