best-result = 42.37382245063782
warmup-time = 43.42255616188049
all-measurements = [ 43.0357346534729, 42.59106087684631, 42.37382245063782,]
