best-result = 96.23685669898987
warmup-time = 95.40409326553345
all-measurements = [ 96.46161961555481, 96.23685669898987, 97.83121132850647,]
