best-result = 27.36870789527893
warmup-time = 29.345996856689453
all-measurements = [ 28.09224843978882, 27.36870789527893, 29.606392860412598,]
