best-result = 34.38864779472351
warmup-time = 34.31320571899414
all-measurements = [ 34.72775387763977, 34.38864779472351, 35.539931774139404,]
