best-result = 86.76047325134277
warmup-time = 94.31346774101257
all-measurements = [ 87.31163549423218, 86.76047325134277, 88.73737859725952,]
