best-result = 38.696539640426636
warmup-time = 38.753795862197876
all-measurements = [ 38.74523615837097, 38.696539640426636, 39.439229011535645,]
