best-result = 43.6934335231781
warmup-time = 46.27436184883118
all-measurements = [ 43.6934335231781, 44.84233832359314, 44.52628946304321,]
