best-result = 27.85259509086609
warmup-time = 29.5589919090271
all-measurements = [ 29.01933979988098, 28.82848882675171, 27.85259509086609,]
