best-result = 636.3908748626709
warmup-time = 677.1806890964508
all-measurements = [ 646.8075926303864, 637.7152414321899, 636.3908748626709,]
