best-result = 169.80229020118713
warmup-time = 171.92212843894958
all-measurements = [ 169.80229020118713, 173.16040968894958, 171.48818683624268,]
