best-result = 58.23765730857849
warmup-time = 65.15930938720703
all-measurements = [ 66.14064240455627, 65.1385338306427, 58.23765730857849,]
