best-result = 24.684024572372437
warmup-time = 25.14449667930603
all-measurements = [ 25.229562997817993, 24.821542501449585, 24.684024572372437,]
