best-result = 33.93010759353638
warmup-time = 38.370546102523804
all-measurements = [ 36.1267626285553, 33.93010759353638, 36.48706340789795,]
