best-result = 30.43465566635132
warmup-time = 32.126142740249634
all-measurements = [ 31.74582314491272, 31.47869563102722, 30.43465566635132,]
