best-result = 270.6981852054596
warmup-time = 276.94931411743164
all-measurements = [ 273.8789346218109, 270.6981852054596, 276.86261773109436,]
