best-result = 34.97387218475342
warmup-time = 36.24303102493286
all-measurements = [ 36.56518244743347, 34.97387218475342, 35.54205536842346,]
