best-result = 40.39791440963745
warmup-time = 41.42220950126648
all-measurements = [ 40.39791440963745, 42.56197166442871, 41.709341526031494,]
