best-result = 49.482688426971436
warmup-time = 51.22915863990784
all-measurements = [ 49.75991106033325, 50.57655191421509, 49.482688426971436,]
