best-result = 33.19303584098816
warmup-time = 33.275333642959595
all-measurements = [ 35.17825889587402, 33.278340578079224, 33.19303584098816,]
