best-result = 36.127060651779175
warmup-time = 37.24888896942139
all-measurements = [ 36.90583515167236, 36.127060651779175, 37.45870780944824,]
