best-result = 57.751561403274536
warmup-time = 59.42988157272339
all-measurements = [ 57.751561403274536, 61.44049620628357, 59.58541965484619,]
