best-result = 239.07372117042542
warmup-time = 240.88297057151794
all-measurements = [ 239.45204973220825, 241.02158093452454, 239.07372117042542,]
