best-result = 545.5907094478607
warmup-time = 544.1451182365417
all-measurements = [ 545.6863901615143, 545.5907094478607, 547.7016520500183,]
