best-result = 35.877707958221436
warmup-time = 37.000874042510986
all-measurements = [ 35.877707958221436, 36.32732152938843, 36.89201474189758,]
