best-result = 64.78368282318115
warmup-time = 65.94112086296082
all-measurements = [ 65.91833686828613, 64.78368282318115, 66.06737208366394,]
