best-result = 26.9611599445343
warmup-time = 26.871115684509277
all-measurements = [ 26.9611599445343, 27.66425347328186, 27.04202675819397,]
