best-result = 32.548144578933716
warmup-time = 33.40474557876587
all-measurements = [ 36.296799182891846, 33.02449154853821, 32.548144578933716,]
