best-result = 32.07894682884216
warmup-time = 32.98810935020447
all-measurements = [ 32.758625984191895, 32.07894682884216, 33.84661412239075,]
