best-result = 43.058422565460205
warmup-time = 44.31553387641907
all-measurements = [ 43.058422565460205, 43.54777264595032, 43.08248329162598,]
