best-result = 97.53460884094238
warmup-time = 97.6344895362854
all-measurements = [ 97.53460884094238, 99.10764479637146, 99.77617144584656,]
