best-result = 26.520548105239868
warmup-time = 28.449182510375977
all-measurements = [ 26.520548105239868, 28.073302507400513, 26.793449878692627,]
