best-result = 32.01973247528076
warmup-time = 35.160892724990845
all-measurements = [ 33.82325553894043, 32.95835041999817, 32.01973247528076,]
