best-result = 39.574151039123535
warmup-time = 39.21369457244873
all-measurements = [ 40.18510127067566, 39.574151039123535, 39.6947135925293,]
