best-result = 42.902007818222046
warmup-time = 44.03329849243164
all-measurements = [ 44.37261724472046, 42.902007818222046, 44.61817455291748,]
