best-result = 27.64622402191162
warmup-time = 27.787347078323364
all-measurements = [ 28.182345151901245, 27.64622402191162, 28.167200326919556,]
