best-result = 706.0661745071411
warmup-time = 717.7611258029938
all-measurements = [ 717.2553219795227, 719.8985397815704, 706.0661745071411,]
