best-result = 180.50851702690125
warmup-time = 197.26761436462402
all-measurements = [ 185.9357328414917, 181.56965565681458, 180.50851702690125,]
