best-result = 43.38463044166565
warmup-time = 44.04927849769592
all-measurements = [ 43.38463044166565, 43.80832505226135, 45.09776592254639,]
