best-result = 25.879908084869385
warmup-time = 26.377565383911133
all-measurements = [ 26.147915601730347, 25.934499740600586, 25.879908084869385,]
