best-result = 35.376147985458374
warmup-time = 37.94295787811279
all-measurements = [ 38.63514256477356, 37.514389753341675, 35.376147985458374,]
