best-result = 29.97207021713257
warmup-time = 30.518039226531982
all-measurements = [ 32.35212326049805, 31.565414905548096, 29.97207021713257,]
