best-result = 263.8012492656708
warmup-time = 267.57292890548706
all-measurements = [ 269.34880232810974, 263.8012492656708, 267.67794585227966,]
