best-result = 36.40315079689026
warmup-time = 37.595961809158325
all-measurements = [ 37.69642734527588, 37.03660011291504, 36.40315079689026,]
