best-result = 112.30762052536011
warmup-time = 115.07526636123657
all-measurements = [ 112.30762052536011, 113.39224576950073, 112.59686017036438,]
