best-result = 39.907626152038574
warmup-time = 41.40600943565369
all-measurements = [ 39.907626152038574, 42.69374632835388, 40.8533730506897,]
