best-result = 47.836637020111084
warmup-time = 48.40319800376892
all-measurements = [ 47.836637020111084, 48.72352409362793, 48.320533990859985,]
