best-result = 33.585638999938965
warmup-time = 34.81956434249878
all-measurements = [ 33.585638999938965, 34.67767262458801, 33.72300577163696,]
