best-result = 37.50686764717102
warmup-time = 36.72097325325012
all-measurements = [ 37.50686764717102, 37.63853359222412, 37.55872464179993,]
