best-result = 58.47115993499756
warmup-time = 63.10280203819275
all-measurements = [ 60.387341260910034, 61.18863368034363, 58.47115993499756,]
