best-result = 228.23629021644592
warmup-time = 232.72905254364014
all-measurements = [ 229.7141432762146, 229.59855151176453, 228.23629021644592,]
