best-result = 522.7833998203278
warmup-time = 528.9176526069641
all-measurements = [ 522.7833998203278, 526.4530746936798, 527.709171295166,]
