best-result = 34.3994882106781
warmup-time = 36.18691039085388
all-measurements = [ 34.3994882106781, 37.14265751838684, 38.86542892456055,]
