best-result = 28.815227508544922
warmup-time = 28.89946746826172
all-measurements = [ 29.157976865768433, 28.815227508544922, 29.17132544517517,]
