best-result = 72.6897656917572
warmup-time = 75.23771548271179
all-measurements = [ 72.6897656917572, 78.64440107345581, 79.11004614830017,]
