best-result = 62.769827365875244
warmup-time = 64.95093321800232
all-measurements = [ 63.64971446990967, 63.03768539428711, 62.769827365875244,]
