best-result = 27.593846797943115
warmup-time = 28.29284405708313
all-measurements = [ 28.432243585586548, 27.593846797943115, 28.802459239959717,]
