best-result = 32.919175148010254
warmup-time = 35.39441657066345
all-measurements = [ 32.919175148010254, 35.07836318016052, 35.40902781486511,]
