best-result = 33.610371589660645
warmup-time = 33.81505107879639
all-measurements = [ 33.610371589660645, 34.000250816345215, 33.95947027206421,]
