best-result = 43.296217918395996
warmup-time = 44.011220932006836
all-measurements = [ 44.64867925643921, 43.296217918395996, 44.53776741027832,]
