best-result = 97.31363296508789
warmup-time = 96.5814220905304
all-measurements = [ 97.31363296508789, 98.12619423866272, 98.742511510849,]
