best-result = 27.529188632965088
warmup-time = 29.37562370300293
all-measurements = [ 29.963430643081665, 29.251542568206787, 27.529188632965088,]
