best-result = 33.678245544433594
warmup-time = 34.68484807014465
all-measurements = [ 34.844587564468384, 33.678245544433594, 35.24251675605774,]
