best-result = 89.19133615493774
warmup-time = 88.4838240146637
all-measurements = [ 94.23274159431458, 89.19133615493774, 99.83803009986877,]
