best-result = 39.01023602485657
warmup-time = 38.60015368461609
all-measurements = [ 40.40923285484314, 39.79761052131653, 39.01023602485657,]
