best-result = 44.21566581726074
warmup-time = 47.52014422416687
all-measurements = [ 44.73946762084961, 45.78494334220886, 44.21566581726074,]
