best-result = 27.014113426208496
warmup-time = 28.569279193878174
all-measurements = [ 28.413278102874756, 27.014113426208496, 28.590829133987427,]
