best-result = 699.6512486934662
warmup-time = 736.792560338974
all-measurements = [ 705.6805782318115, 699.6512486934662, 706.1146111488342,]
