best-result = 175.25058436393738
warmup-time = 179.53485298156738
all-measurements = [ 177.91380167007446, 178.4762601852417, 175.25058436393738,]
