best-result = 68.01554703712463
warmup-time = 69.36858129501343
all-measurements = [ 68.27594876289368, 68.04109597206116, 68.01554703712463,]
