best-result = 22.57704257965088
warmup-time = 22.256412029266357
all-measurements = [ 22.57704257965088, 22.597718000411987, 22.655855417251587,]
