best-result = 47.89150667190552
warmup-time = 66.23489499092102
all-measurements = [ 47.89150667190552, 48.32461452484131, 48.46198749542236,]
