best-result = 47.27400064468384
warmup-time = 61.27714157104492
all-measurements = [ 47.86891222000122, 47.27400064468384, 48.41245937347412,]
