best-result = 1002.3189373016357
warmup-time = 1203.5385911464691
all-measurements = [ 1008.1877641677856, 1010.7259912490845, 1002.3189373016357,]
