best-result = 82.817214012146
warmup-time = 98.11267590522766
all-measurements = [ 82.817214012146, 83.91256022453308, 82.97110223770142,]
