best-result = 79.96627569198608
warmup-time = 100.90912747383118
all-measurements = [ 79.96627569198608, 80.23779702186584, 80.37800335884094,]
