best-result = 69.7434356212616
warmup-time = 93.08332180976868
all-measurements = [ 69.7434356212616, 69.99398231506348, 71.16694569587708,]
