best-result = 85.09913444519043
warmup-time = 101.55834007263184
all-measurements = [ 86.08927726745605, 86.65115427970886, 85.09913444519043,]
