best-result = 597.5697691440582
warmup-time = 607.2884435653687
all-measurements = [ 600.5343608856201, 597.5697691440582, 611.2638099193573,]
