best-result = 62.758487939834595
warmup-time = 78.42591786384583
all-measurements = [ 63.76608681678772, 62.758487939834595, 63.57604646682739,]
