best-result = 232.67875480651855
warmup-time = 415.97978234291077
all-measurements = [ 232.67875480651855, 234.89579725265503, 234.3265027999878,]
