best-result = 439.9727318286896
warmup-time = 956.2438576221466
all-measurements = [ 442.38727283477783, 440.53748059272766, 439.9727318286896,]
