best-result = 60.54682993888855
warmup-time = 79.27195620536804
all-measurements = [ 60.75810194015503, 61.98162293434143, 60.54682993888855,]
