best-result = 883.5486962795258
warmup-time = 925.6823284626007
all-measurements = [ 884.0482974052429, 883.5486962795258, 896.3289973735809,]
