best-result = 28.00292205810547
warmup-time = 36.39204263687134
all-measurements = [ 28.01402521133423, 28.065947771072388, 28.00292205810547,]
