best-result = 59.5122709274292
warmup-time = 74.52635145187378
all-measurements = [ 59.58687233924866, 60.47863149642944, 59.5122709274292,]
