best-result = 56.63443040847778
warmup-time = 71.18507552146912
all-measurements = [ 57.79543447494507, 57.32498908042908, 56.63443040847778,]
