best-result = 111.72640919685364
warmup-time = 143.19444489479065
all-measurements = [ 111.76690697669983, 113.08627009391785, 111.72640919685364,]
