best-result = 776.2544085979462
warmup-time = 856.2281341552734
all-measurements = [ 780.8223049640656, 776.2544085979462, 781.3620548248291,]
