best-result = 34.22889161109924
warmup-time = 41.41566324234009
all-measurements = [ 34.22889161109924, 35.55207657814026, 34.52995467185974,]
