best-result = 53.78078031539917
warmup-time = 70.04338788986206
all-measurements = [ 53.78078031539917, 53.864098072052, 54.03152847290039,]
