best-result = 50.995028495788574
warmup-time = 72.62306904792786
all-measurements = [ 51.57867455482483, 51.62099266052246, 50.995028495788574,]
