best-result = 80.33075523376465
warmup-time = 99.60020971298218
all-measurements = [ 80.33075523376465, 81.64143514633179, 80.62291097640991,]
