best-result = 36.47451591491699
warmup-time = 45.21307873725891
all-measurements = [ 36.657368183135986, 36.60210037231445, 36.47451591491699,]
