best-result = 359.2024471759796
warmup-time = 524.4441390037537
all-measurements = [ 359.2024471759796, 360.45402789115906, 362.4331443309784,]
