best-result = 104.14219832420349
warmup-time = 105.55582118034363
all-measurements = [ 104.45566082000732, 105.70713090896606, 104.14219832420349,]
