best-result = 26.19508147239685
warmup-time = 26.139254093170166
all-measurements = [ 26.19508147239685, 26.19921064376831, 26.780534505844116,]
