best-result = 37.46250557899475
warmup-time = 40.69098997116089
all-measurements = [ 37.71918439865112, 38.614171504974365, 37.46250557899475,]
