best-result = 31.22137713432312
warmup-time = 31.097322940826416
all-measurements = [ 31.55308175086975, 31.690834045410156, 31.22137713432312,]
