best-result = 263.8601152896881
warmup-time = 269.46257281303406
all-measurements = [ 267.8097634315491, 263.8601152896881, 264.05709624290466,]
