best-result = 36.2420380115509
warmup-time = 37.066423416137695
all-measurements = [ 37.42168831825256, 36.89566993713379, 36.2420380115509,]
