best-result = 40.37792468070984
warmup-time = 42.24441194534302
all-measurements = [ 40.37792468070984, 41.78613567352295, 41.78149676322937,]
