best-result = 48.64767122268677
warmup-time = 50.04280066490173
all-measurements = [ 51.07175254821777, 51.64196586608887, 48.64767122268677,]
