best-result = 33.562315702438354
warmup-time = 34.17176961898804
all-measurements = [ 34.059062004089355, 34.72151494026184, 33.562315702438354,]
