best-result = 36.009536266326904
warmup-time = 36.07936906814575
all-measurements = [ 37.32632255554199, 36.009536266326904, 37.09140634536743,]
