best-result = 62.31297826766968
warmup-time = 65.95648121833801
all-measurements = [ 62.8989679813385, 62.31297826766968, 65.3551013469696,]
