best-result = 226.36860275268555
warmup-time = 231.84208345413208
all-measurements = [ 229.0614631175995, 226.36860275268555, 228.90972900390625,]
