best-result = 521.4217185974121
warmup-time = 525.491938829422
all-measurements = [ 522.8324618339539, 521.4217185974121, 522.3112053871155,]
