best-result = 35.730002641677856
warmup-time = 34.818129539489746
all-measurements = [ 36.778059244155884, 39.044533014297485, 35.730002641677856,]
