best-result = 72.03376722335815
warmup-time = 82.60027170181274
all-measurements = [ 83.66859674453735, 76.87896037101746, 72.03376722335815,]
