best-result = 63.83876395225525
warmup-time = 62.8845591545105
all-measurements = [ 64.3082377910614, 63.83876395225525, 64.28747868537903,]
