best-result = 28.16989278793335
warmup-time = 28.020833015441895
all-measurements = [ 29.147693157196045, 28.288714170455933, 28.16989278793335,]
