best-result = 35.56642413139343
warmup-time = 35.90194916725159
all-measurements = [ 36.259323596954346, 35.56642413139343, 35.92584586143494,]
