best-result = 33.663578033447266
warmup-time = 33.87289094924927
all-measurements = [ 33.663578033447266, 34.502389430999756, 34.16722226142883,]
