best-result = 42.233847856521606
warmup-time = 43.68703532218933
all-measurements = [ 43.741546869277954, 42.35000395774841, 42.233847856521606,]
