best-result = 96.4516716003418
warmup-time = 98.47857117652893
all-measurements = [ 97.6212968826294, 96.4516716003418, 98.70563793182373,]
