best-result = 28.54768705368042
warmup-time = 29.7125461101532
all-measurements = [ 29.25086998939514, 29.60944151878357, 28.54768705368042,]
