best-result = 35.232059717178345
warmup-time = 34.96753668785095
all-measurements = [ 36.06141710281372, 35.232059717178345, 35.92012810707092,]
