best-result = 86.80452251434326
warmup-time = 88.29821825027466
all-measurements = [ 98.81564426422119, 86.80452251434326, 90.26689958572388,]
