best-result = 38.94568133354187
warmup-time = 39.337767601013184
all-measurements = [ 39.70512652397156, 38.94568133354187, 39.592631101608276,]
