best-result = 44.10860586166382
warmup-time = 48.13070511817932
all-measurements = [ 44.99729943275452, 44.6772882938385, 44.10860586166382,]
