best-result = 28.150606393814087
warmup-time = 28.947416305541992
all-measurements = [ 29.663552045822144, 28.150606393814087, 29.108956336975098,]
