best-result = 715.0323805809021
warmup-time = 737.8957560062408
all-measurements = [ 719.3379280567169, 715.0323805809021, 716.4821293354034,]
