best-result = 172.57503509521484
warmup-time = 176.49243688583374
all-measurements = [ 173.242742061615, 174.21623396873474, 172.57503509521484,]
