best-result = 65.22253513336182
warmup-time = 68.4677665233612
all-measurements = [ 65.22253513336182, 68.83434915542603, 68.25999331474304,]
