best-result = 23.486522912979126
warmup-time = 23.62021541595459
all-measurements = [ 23.838050842285156, 23.486522912979126, 23.803090810775757,]
