best-result = 46.97190761566162
warmup-time = 65.68478226661682
all-measurements = [ 47.43521595001221, 46.97190761566162, 47.1395308971405,]
