best-result = 46.78722834587097
warmup-time = 58.18936610221863
all-measurements = [ 47.15974974632263, 46.78722834587097, 46.94093060493469,]
