best-result = 895.5952534675598
warmup-time = 1115.0126469135284
all-measurements = [ 896.0946078300476, 896.7958688735962, 895.5952534675598,]
