best-result = 85.73968076705933
warmup-time = 99.65828514099121
all-measurements = [ 85.73968076705933, 86.19512987136841, 86.56845378875732,]
