best-result = 989.1747908592224
warmup-time = 1027.1189012527466
all-measurements = [ 991.6461706161499, 989.1747908592224, 991.0189096927643,]
