best-result = 81.46119093894958
warmup-time = 101.92429041862488
all-measurements = [ 81.46119093894958, 81.91767287254333, 82.20541143417358,]
