best-result = 68.7459819316864
warmup-time = 90.68137216567993
all-measurements = [ 68.7459819316864, 69.15644073486328, 69.52213430404663,]
