best-result = 92.16594004631042
warmup-time = 107.87237787246704
all-measurements = [ 92.16594004631042, 92.97084498405457, 92.38911771774292,]
