best-result = 646.5308248996735
warmup-time = 662.5390205383301
all-measurements = [ 646.5308248996735, 655.9450581073761, 652.4439299106598,]
