best-result = 62.49720478057861
warmup-time = 78.29087138175964
all-measurements = [ 62.69319820404053, 62.950440645217896, 62.49720478057861,]
