best-result = 205.68292999267578
warmup-time = 360.82969069480896
all-measurements = [ 207.81470370292664, 205.68292999267578, 209.38881850242615,]
