best-result = 386.1093063354492
warmup-time = 829.2314827442169
all-measurements = [ 388.0795681476593, 386.1093063354492, 388.37912464141846,]
