best-result = 63.144094467163086
warmup-time = 78.44884991645813
all-measurements = [ 63.62235116958618, 63.144094467163086, 63.25659465789795,]
