best-result = 40.46640229225159
warmup-time = 48.36363697052002
all-measurements = [ 40.66286826133728, 40.46640229225159, 41.42557382583618,]
