best-result = 134.40189290046692
warmup-time = 158.64095640182495
all-measurements = [ 134.40189290046692, 134.9742796421051, 136.12855672836304,]
