best-result = 921.5831661224365
warmup-time = 945.4705588817596
all-measurements = [ 935.0984027385712, 948.6357238292694, 921.5831661224365,]
