best-result = 28.20381498336792
warmup-time = 38.290528297424316
all-measurements = [ 28.20381498336792, 28.424882173538208, 28.35012173652649,]
