best-result = 57.31988453865051
warmup-time = 70.6712257862091
all-measurements = [ 57.798044204711914, 57.66941452026367, 57.31988453865051,]
