best-result = 60.59060716629028
warmup-time = 77.54548335075378
all-measurements = [ 60.78250026702881, 61.741013526916504, 60.59060716629028,]
