best-result = 109.9939603805542
warmup-time = 138.30507349967957
all-measurements = [ 109.9939603805542, 111.19557762145996, 110.45826625823975,]
