best-result = 770.5191857814789
warmup-time = 841.5690362453461
all-measurements = [ 773.2055952548981, 770.5191857814789, 782.5641441345215,]
