best-result = 34.48895835876465
warmup-time = 41.72385287284851
all-measurements = [ 34.67649006843567, 34.84171795845032, 34.48895835876465,]
