best-result = 56.047117471694946
warmup-time = 73.01987648010254
all-measurements = [ 56.16632008552551, 56.39187407493591, 56.047117471694946,]
