best-result = 1357.6878535747528
warmup-time = 2359.9359815120697
all-measurements = [ 1914.1161646842957, 1357.6878535747528, 1779.7597196102142,]
