best-result = 48.79504728317261
warmup-time = 70.21939897537231
all-measurements = [ 48.79504728317261, 49.895304918289185, 49.108450412750244,]
