best-result = 81.1244125366211
warmup-time = 101.17713904380798
all-measurements = [ 81.1244125366211, 81.3707811832428, 81.17848873138428,]
