best-result = 37.55393648147583
warmup-time = 45.701799154281616
all-measurements = [ 38.01450300216675, 37.55393648147583, 38.04103064537048,]
