best-result = 326.47617268562317
warmup-time = 476.749605178833
all-measurements = [ 326.47617268562317, 330.1518235206604, 333.92552161216736,]
