best-result = 59.40971612930298
warmup-time = 60.02915668487549
all-measurements = [ 59.88115906715393, 59.63931941986084, 59.40971612930298,]
