best-result = 24.70745539665222
warmup-time = 24.825599908828735
all-measurements = [ 24.70745539665222, 25.228034496307373, 25.36291193962097,]
