best-result = 34.53315711021423
warmup-time = 36.09924006462097
all-measurements = [ 38.36790490150452, 34.53315711021423, 36.83762717247009,]
