best-result = 31.30892825126648
warmup-time = 30.9357168674469
all-measurements = [ 32.33251905441284, 31.30892825126648, 31.82219886779785,]
