best-result = 274.39849972724915
warmup-time = 281.15583086013794
all-measurements = [ 274.39849972724915, 279.23890209198, 276.12625193595886,]
