best-result = 35.44229507446289
warmup-time = 36.49667716026306
all-measurements = [ 35.44229507446289, 36.065075159072876, 36.3005850315094,]
