best-result = 40.80716586112976
warmup-time = 40.664310455322266
all-measurements = [ 41.53105449676514, 41.46782398223877, 40.80716586112976,]
