best-result = 49.01623845100403
warmup-time = 52.659385681152344
all-measurements = [ 50.474358320236206, 49.01623845100403, 50.92111778259277,]
