best-result = 34.267436027526855
warmup-time = 35.322181224823
all-measurements = [ 35.13980960845947, 34.267436027526855, 34.421140909194946,]
