best-result = 37.41336536407471
warmup-time = 37.690765619277954
all-measurements = [ 37.68339800834656, 38.071011543273926, 37.41336536407471,]
