best-result = 59.35794377326965
warmup-time = 61.09717845916748
all-measurements = [ 63.266024112701416, 59.35794377326965, 59.92445659637451,]
