best-result = 241.16431879997253
warmup-time = 246.87845492362976
all-measurements = [ 242.4804515838623, 241.16431879997253, 244.69009351730347,]
