best-result = 544.7561187744141
warmup-time = 551.264487028122
all-measurements = [ 548.698972940445, 544.7561187744141, 549.2202003002167,]
