best-result = 33.98124814033508
warmup-time = 36.194547176361084
all-measurements = [ 37.17411756515503, 35.11905860900879, 33.98124814033508,]
