best-result = 64.96063208580017
warmup-time = 68.40298771858215
all-measurements = [ 67.08754587173462, 65.93285036087036, 64.96063208580017,]
