best-result = 26.505926370620728
warmup-time = 26.753326177597046
all-measurements = [ 28.101938247680664, 26.88313102722168, 26.505926370620728,]
