best-result = 36.35271453857422
warmup-time = 34.028071880340576
all-measurements = [ 36.35271453857422, 36.38504385948181, 36.38026165962219,]
