best-result = 31.916481256484985
warmup-time = 34.0775511264801
all-measurements = [ 33.12268376350403, 33.45025992393494, 31.916481256484985,]
