best-result = 43.922298431396484
warmup-time = 44.01605677604675
all-measurements = [ 43.922298431396484, 50.085272550582886, 50.105512619018555,]
