best-result = 98.97313046455383
warmup-time = 99.4576485157013
all-measurements = [ 100.50310111045837, 99.06400680541992, 98.97313046455383,]
