best-result = 26.613681077957153
warmup-time = 27.380968809127808
all-measurements = [ 27.174784660339355, 27.49626898765564, 26.613681077957153,]
