best-result = 34.068063259124756
warmup-time = 34.311355113983154
all-measurements = [ 35.210299253463745, 34.25117754936218, 34.068063259124756,]
