best-result = 38.69578218460083
warmup-time = 39.93252730369568
all-measurements = [ 38.69578218460083, 39.5907084941864, 40.48574423789978,]
