best-result = 42.43490743637085
warmup-time = 44.99890756607056
all-measurements = [ 42.43490743637085, 43.51393127441406, 44.48348093032837,]
