best-result = 26.952293872833252
warmup-time = 27.220744132995605
all-measurements = [ 26.952293872833252, 27.14070177078247, 27.416443347930908,]
