best-result = 700.8712847232819
warmup-time = 698.1694314479828
all-measurements = [ 703.0055406093597, 700.8712847232819, 711.6930375099182,]
