best-result = 179.0167646408081
warmup-time = 182.81991696357727
all-measurements = [ 179.7351312637329, 179.0167646408081, 179.29421091079712,]
