best-result = 43.12060785293579
warmup-time = 44.902911901474
all-measurements = [ 44.85504150390625, 43.16319274902344, 43.12060785293579,]
