best-result = 25.76423740386963
warmup-time = 25.598087549209595
all-measurements = [ 25.85580611228943, 25.890851974487305, 25.76423740386963,]
