best-result = 37.68593907356262
warmup-time = 38.03417181968689
all-measurements = [ 39.04427695274353, 37.68593907356262, 38.155532121658325,]
