best-result = 30.834271907806396
warmup-time = 30.659816026687622
all-measurements = [ 31.005445957183838, 30.834271907806396, 31.256657123565674,]
