best-result = 264.4256989955902
warmup-time = 265.69060826301575
all-measurements = [ 264.4256989955902, 266.8074436187744, 265.0350019931793,]
