best-result = 35.693419456481934
warmup-time = 37.0458083152771
all-measurements = [ 37.02395510673523, 35.693419456481934, 36.95437026023865,]
