best-result = 114.71760082244873
warmup-time = 116.25743961334229
all-measurements = [ 114.71760082244873, 116.54963445663452, 116.64219379425049,]
