best-result = 40.9298357963562
warmup-time = 42.26578760147095
all-measurements = [ 40.9298357963562, 41.44317889213562, 40.994479179382324,]
