best-result = 49.65290832519531
warmup-time = 49.42608070373535
all-measurements = [ 49.951313972473145, 49.65290832519531, 50.554219484329224,]
