best-result = 33.07137203216553
warmup-time = 33.465720415115356
all-measurements = [ 33.07137203216553, 33.671473026275635, 34.11651372909546,]
