best-result = 58.79493165016174
warmup-time = 65.2671389579773
all-measurements = [ 60.39416217803955, 60.81033992767334, 58.79493165016174,]
