best-result = 226.6029918193817
warmup-time = 230.87664937973022
all-measurements = [ 226.6029918193817, 226.64846563339233, 227.57354378700256,]
