best-result = 522.0032734870911
warmup-time = 523.0892102718353
all-measurements = [ 522.0032734870911, 522.80584025383, 522.66739153862,]
