best-result = 36.50697088241577
warmup-time = 36.08230805397034
all-measurements = [ 37.380025148391724, 37.04542684555054, 36.50697088241577,]
