best-result = 28.58611512184143
warmup-time = 29.01630997657776
all-measurements = [ 28.72591257095337, 28.58611512184143, 28.958366632461548,]
