best-result = 74.48005843162537
warmup-time = 77.76925683021545
all-measurements = [ 78.66254901885986, 74.48005843162537, 80.31753206253052,]
