best-result = 61.90894675254822
warmup-time = 63.26570391654968
all-measurements = [ 62.05943822860718, 62.013957023620605, 61.90894675254822,]
