best-result = 27.528076887130737
warmup-time = 27.456008434295654
all-measurements = [ 27.880728721618652, 27.528076887130737, 28.225123167037964,]
