best-result = 31.741188049316406
warmup-time = 35.79740381240845
all-measurements = [ 35.0249285697937, 31.741188049316406, 35.40854096412659,]
