best-result = 33.62605333328247
warmup-time = 31.770795583724976
all-measurements = [ 33.62605333328247, 33.93145513534546, 35.13256311416626,]
