best-result = 40.75034189224243
warmup-time = 41.84001922607422
all-measurements = [ 41.202616930007935, 40.75034189224243, 42.37731409072876,]
