best-result = 97.40448236465454
warmup-time = 97.82861113548279
all-measurements = [ 98.38932943344116, 97.96072673797607, 97.40448236465454,]
