best-result = 28.251200675964355
warmup-time = 27.806885480880737
all-measurements = [ 28.251200675964355, 29.10327649116516, 28.370525121688843,]
