best-result = 33.1129789352417
warmup-time = 34.025511741638184
all-measurements = [ 33.1129789352417, 35.42631244659424, 33.58245348930359,]
