best-result = 87.8008918762207
warmup-time = 88.26991987228394
all-measurements = [ 87.8008918762207, 89.9695508480072, 97.45112299919128,]
