best-result = 38.6752667427063
warmup-time = 39.01781725883484
all-measurements = [ 38.6752667427063, 40.38566327095032, 38.92507886886597,]
