best-result = 43.94975662231445
warmup-time = 43.9253568649292
all-measurements = [ 46.27153515815735, 43.94975662231445, 44.8590407371521,]
