best-result = 28.754626274108887
warmup-time = 28.615950107574463
all-measurements = [ 28.754626274108887, 28.849618434906006, 29.196268320083618,]
