best-result = 693.8313722610474
warmup-time = 734.3813247680664
all-measurements = [ 711.3816833496094, 693.8313722610474, 697.2626099586487,]
