best-result = 171.9192464351654
warmup-time = 172.63429284095764
all-measurements = [ 171.9192464351654, 173.64811635017395, 173.98570775985718,]
