best-result = 66.70009899139404
warmup-time = 67.6267261505127
all-measurements = [ 66.70009899139404, 69.06059145927429, 68.94845485687256,]
