best-result = 23.263160228729248
warmup-time = 23.585012435913086
all-measurements = [ 23.728330850601196, 23.75935983657837, 23.263160228729248,]
