best-result = 47.35891819000244
warmup-time = 63.64427185058594
all-measurements = [ 47.67522072792053, 47.35891819000244, 47.58848834037781,]
