best-result = 47.110676288604736
warmup-time = 58.93678689002991
all-measurements = [ 47.110676288604736, 47.466986656188965, 47.594862937927246,]
