best-result = 898.9599878787994
warmup-time = 1103.4317727088928
all-measurements = [ 898.9599878787994, 901.3675570487976, 899.0308072566986,]
