best-result = 86.60629200935364
warmup-time = 99.38936138153076
all-measurements = [ 86.60629200935364, 87.16872525215149, 86.6634407043457,]
