best-result = 995.7482550144196
warmup-time = 1022.1759324073792
all-measurements = [ 995.7482550144196, 997.5054023265839,]
