best-result = 84.26391315460205
warmup-time = 103.47280502319336
all-measurements = [ 84.77186799049377, 85.19054651260376, 84.26391315460205,]
