best-result = 68.59887766838074
warmup-time = 87.40073919296265
all-measurements = [ 68.62725687026978, 68.59887766838074, 69.55117750167847,]
