best-result = 92.46124219894409
warmup-time = 107.13784646987915
all-measurements = [ 92.46124219894409, 92.92980313301086, 92.56015181541443,]
