best-result = 651.0741114616394
warmup-time = 669.7963290214539
all-measurements = [ 653.3431804180145, 651.0741114616394, 654.1583216190338,]
