best-result = 63.10275387763977
warmup-time = 78.97730159759521
all-measurements = [ 63.117496967315674, 63.10275387763977, 63.913437604904175,]
