best-result = 203.57222080230713
warmup-time = 353.8459062576294
all-measurements = [ 205.451406955719, 203.57222080230713, 206.11376476287842,]
