best-result = 385.8533799648285
warmup-time = 830.7953372001648
all-measurements = [ 385.8533799648285, 389.5861060619354, 400.7307240962982,]
