best-result = 63.44845795631409
warmup-time = 81.00071811676025
all-measurements = [ 63.80855655670166, 63.69447064399719, 63.44845795631409,]
