best-result = 40.195048809051514
warmup-time = 49.39425849914551
all-measurements = [ 41.20395827293396, 40.195048809051514, 40.70070695877075,]
