best-result = 135.93811345100403
warmup-time = 164.0162980556488
all-measurements = [ 136.46185088157654, 135.93811345100403, 136.71970319747925,]
