best-result = 931.2044723033905
warmup-time = 959.029890537262
all-measurements = [ 931.2044723033905, 933.5922381877899, 941.1694598197937,]
