best-result = 28.627942323684692
warmup-time = 37.73454260826111
all-measurements = [ 28.627942323684692, 28.71031641960144, 29.107596397399902,]
