best-result = 58.09704637527466
warmup-time = 70.33164668083191
all-measurements = [ 58.09704637527466, 58.179147243499756, 58.67549514770508,]
