best-result = 60.653889656066895
warmup-time = 74.33527827262878
all-measurements = [ 61.1205313205719, 61.30668377876282, 60.653889656066895,]
