best-result = 110.69701671600342
warmup-time = 138.4574728012085
all-measurements = [ 110.84349155426025, 110.69701671600342, 111.00441884994507,]
