best-result = 775.0290393829346
warmup-time = 841.9914178848267
all-measurements = [ 777.3483288288116, 775.923103094101, 775.0290393829346,]
