best-result = 34.38653039932251
warmup-time = 42.616679668426514
all-measurements = [ 34.38653039932251, 34.94987463951111, 34.49052143096924,]
