best-result = 56.05203366279602
warmup-time = 70.669362783432
all-measurements = [ 56.29985284805298, 56.05203366279602, 56.89802265167236,]
