best-result = 1808.8458619117737
warmup-time = 1772.7726390361786
all-measurements = [ 1994.4482073783875, 1808.8458619117737, 2031.5632429122925,]
