best-result = 49.0322847366333
warmup-time = 69.22657585144043
all-measurements = [ 49.0322847366333, 50.10048770904541, 49.086872577667236,]
