best-result = 82.89557433128357
warmup-time = 100.8493185043335
all-measurements = [ 84.41186118125916, 82.89557433128357, 84.38343453407288,]
