best-result = 38.24797749519348
warmup-time = 46.44061231613159
all-measurements = [ 38.38072180747986, 38.24797749519348, 38.55279731750488,]
