best-result = 328.8451900482178
warmup-time = 479.33439087867737
all-measurements = [ 330.24535179138184, 334.73699259757996, 328.8451900482178,]
