best-result = 59.930673122406006
warmup-time = 60.5719313621521
all-measurements = [ 60.318387508392334, 59.930673122406006, 60.32076096534729,]
