best-result = 22.61600923538208
warmup-time = 22.422948598861694
all-measurements = [ 22.70196557044983, 22.61600923538208, 23.017386198043823,]
