best-result = 46.78035545349121
warmup-time = 64.66199564933777
all-measurements = [ 47.52279567718506, 46.78035545349121, 47.689274072647095,]
