best-result = 46.58726382255554
warmup-time = 59.14109134674072
all-measurements = [ 46.58726382255554, 46.59897446632385, 46.82007670402527,]
