best-result = 959.2326800823212
warmup-time = 1166.7839686870575
all-measurements = [ 964.4366002082825, 959.2326800823212, 964.0761015415192,]
