best-result = 85.43047618865967
warmup-time = 101.16705679893494
all-measurements = [ 85.9457950592041, 85.43047618865967, 85.59870529174805,]
