best-result = 81.22929286956787
warmup-time = 102.9739294052124
all-measurements = [ 81.44338583946228, 81.45677828788757, 81.22929286956787,]
