best-result = 70.9515974521637
warmup-time = 93.03508567810059
all-measurements = [ 70.9515974521637, 72.12774896621704, 70.97128105163574,]
