best-result = 91.00967621803284
warmup-time = 105.80910634994507
all-measurements = [ 91.54052877426147, 91.00967621803284, 92.02935552597046,]
