best-result = 637.8226857185364
warmup-time = 650.2059862613678
all-measurements = [ 637.8226857185364, 641.0967948436737, 638.1505753993988,]
