best-result = 64.6714768409729
warmup-time = 78.05936479568481
all-measurements = [ 64.8550853729248, 64.94100618362427, 64.6714768409729,]
