best-result = 221.7393741607666
warmup-time = 374.90178418159485
all-measurements = [ 221.7393741607666, 223.2783579826355, 224.0793421268463,]
