best-result = 444.8938808441162
warmup-time = 893.7885932922363
all-measurements = [ 444.8938808441162, 447.74834418296814, 446.5408363342285,]
