best-result = 61.45668864250183
warmup-time = 75.99680924415588
all-measurements = [ 61.45668864250183, 61.49830341339111, 62.3196005821228,]
