best-result = 143.43631958961487
warmup-time = 182.7304928302765
all-measurements = [ 149.523677110672, 143.80430579185486, 143.43631958961487,]
