best-result = 874.6945362091064
warmup-time = 910.4331369400024
all-measurements = [ 874.6945362091064, 880.5427849292755, 876.9268791675568,]
