best-result = 27.209282159805298
warmup-time = 35.2077214717865
all-measurements = [ 27.524531364440918, 27.97528910636902, 27.209282159805298,]
