best-result = 57.67079782485962
warmup-time = 71.27186584472656
all-measurements = [ 58.13569188117981, 57.67079782485962, 58.104984521865845,]
