best-result = 58.30696129798889
warmup-time = 72.84966659545898
all-measurements = [ 59.222418785095215, 58.30696129798889, 59.19511079788208,]
