best-result = 110.05370593070984
warmup-time = 139.47952723503113
all-measurements = [ 111.28830814361572, 110.32483434677124, 110.05370593070984,]
