best-result = 789.7214689254761
warmup-time = 863.0307624340057
all-measurements = [ 789.7214689254761, 796.6809349060059, 792.2721071243286,]
