best-result = 33.65639042854309
warmup-time = 41.61041021347046
all-measurements = [ 34.027891397476196, 33.936936140060425, 33.65639042854309,]
