best-result = 54.29132604598999
warmup-time = 69.84325647354126
all-measurements = [ 54.78579044342041, 54.294259786605835, 54.29132604598999,]
