best-result = 1400.664873600006
warmup-time = 2181.1515996456146
all-measurements = [ 1400.664873600006, 2058.2058432102203, 2223.8024802207947,]
