best-result = 49.49781680107117
warmup-time = 72.67213988304138
all-measurements = [ 49.49781680107117, 49.656991720199585, 49.800620317459106,]
