best-result = 79.82401633262634
warmup-time = 98.09886240959167
all-measurements = [ 79.93137860298157, 79.82401633262634, 80.20926570892334,]
