best-result = 36.235469579696655
warmup-time = 46.267643451690674
all-measurements = [ 36.235469579696655, 36.28156113624573, 36.69144868850708,]
