best-result = 347.0908303260803
warmup-time = 474.77616786956787
all-measurements = [ 351.9124364852905, 347.0908303260803, 348.1431851387024,]
