best-result = 105.0724949836731
warmup-time = 129.0001084804535
all-measurements = [ 105.0724949836731, 105.56999778747559, 105.50989747047424,]
