best-result = 58.67731308937073
warmup-time = 58.74555850028992
all-measurements = [ 58.84550380706787, 59.1158230304718, 58.67731308937073,]
