best-result = 25.161940336227417
warmup-time = 25.231923580169678
all-measurements = [ 25.32608985900879, 25.161940336227417, 25.33068060874939,]
