best-result = 35.86154627799988
warmup-time = 39.41286253929138
all-measurements = [ 37.46674704551697, 37.403456926345825, 35.86154627799988,]
