best-result = 31.525282382965088
warmup-time = 31.84564518928528
all-measurements = [ 31.607896327972412, 31.674577474594116, 31.525282382965088,]
