best-result = 273.3473949432373
warmup-time = 279.3479633331299
all-measurements = [ 277.1535348892212, 273.7697284221649, 273.3473949432373,]
