best-result = 35.55447816848755
warmup-time = 35.24048614501953
all-measurements = [ 35.97982954978943, 35.55447816848755, 36.06572151184082,]
