best-result = 41.28280973434448
warmup-time = 41.63476824760437
all-measurements = [ 41.483442306518555, 41.28280973434448, 43.1427218914032,]
