best-result = 49.613295793533325
warmup-time = 51.05334496498108
all-measurements = [ 50.11658334732056, 50.733638525009155, 49.613295793533325,]
