best-result = 33.47150278091431
warmup-time = 35.032591819763184
all-measurements = [ 33.47150278091431, 33.77087903022766, 34.68299055099487,]
