best-result = 35.534953594207764
warmup-time = 37.86820602416992
all-measurements = [ 35.534953594207764, 37.95875954627991, 36.737823247909546,]
