best-result = 59.105600357055664
warmup-time = 57.919642210006714
all-measurements = [ 59.105600357055664, 59.24697756767273, 62.76339364051819,]
