best-result = 240.54000115394592
warmup-time = 240.61298418045044
all-measurements = [ 241.86577916145325, 244.07921934127808, 240.54000115394592,]
