best-result = 547.4178967475891
warmup-time = 549.1113352775574
all-measurements = [ 552.7269039154053, 547.4178967475891, 550.421315908432,]
