best-result = 34.123764991760254
warmup-time = 37.13764429092407
all-measurements = [ 34.123764991760254, 36.16890048980713, 35.54980397224426,]
