best-result = 64.4919114112854
warmup-time = 65.09202408790588
all-measurements = [ 64.4919114112854, 65.84557747840881, 66.99729657173157,]
