best-result = 27.06120991706848
warmup-time = 27.701622486114502
all-measurements = [ 27.06120991706848, 27.092800855636597, 27.755603790283203,]
