best-result = 36.09882950782776
warmup-time = 36.19660449028015
all-measurements = [ 36.353090047836304, 36.653130292892456, 36.09882950782776,]
