best-result = 31.980493783950806
warmup-time = 33.12559914588928
all-measurements = [ 33.033061265945435, 32.72285985946655, 31.980493783950806,]
