best-result = 42.52830672264099
warmup-time = 42.58059358596802
all-measurements = [ 42.52830672264099, 43.137818336486816, 42.980098485946655,]
