best-result = 99.03458523750305
warmup-time = 98.48011326789856
all-measurements = [ 99.73335480690002, 99.03458523750305, 100.11811923980713,]
