best-result = 27.7631094455719
warmup-time = 29.001694202423096
all-measurements = [ 27.83655619621277, 27.7631094455719, 27.98744225502014,]
