best-result = 33.84572505950928
warmup-time = 34.16904878616333
all-measurements = [ 34.72080683708191, 33.846111536026, 33.84572505950928,]
