best-result = 39.03851890563965
warmup-time = 40.59086346626282
all-measurements = [ 39.03851890563965, 39.30583214759827, 40.55130410194397,]
