best-result = 44.35842823982239
warmup-time = 45.782063007354736
all-measurements = [ 44.69551348686218, 44.9584686756134, 44.35842823982239,]
