best-result = 27.776803970336914
warmup-time = 28.59813165664673
all-measurements = [ 28.549806594848633, 28.069456338882446, 27.776803970336914,]
