best-result = 704.3250503540039
warmup-time = 722.9281098842621
all-measurements = [ 709.0849595069885, 704.3250503540039, 713.8442351818085,]
