best-result = 180.58812141418457
warmup-time = 185.8146276473999
all-measurements = [ 181.18230175971985, 182.78957891464233, 180.58812141418457,]
