best-result = 42.89680075645447
warmup-time = 41.96622705459595
all-measurements = [ 44.67902755737305, 42.89680075645447, 43.66529560089111,]
