best-result = 26.944196939468384
warmup-time = 27.02838659286499
all-measurements = [ 27.228144884109497, 27.924960374832153, 26.944196939468384,]
