best-result = 37.612876892089844
warmup-time = 42.317097425460815
all-measurements = [ 37.612876892089844, 38.9824104309082, 38.51756405830383,]
