best-result = 34.64215540885925
warmup-time = 35.452473640441895
all-measurements = [ 34.64215540885925, 35.27281856536865, 34.65260124206543,]
