best-result = 288.78571248054504
warmup-time = 290.23295640945435
all-measurements = [ 289.70394372940063, 288.78571248054504, 289.07820177078247,]
