best-result = 37.262542486190796
warmup-time = 39.86541533470154
all-measurements = [ 37.262542486190796, 38.268399238586426, 37.400702238082886,]
