best-result = 45.06292247772217
warmup-time = 47.378751039505005
all-measurements = [ 45.662508487701416, 45.06292247772217, 45.30842471122742,]
