best-result = 52.854721784591675
warmup-time = 53.50634551048279
all-measurements = [ 52.854721784591675, 54.026020765304565, 53.42011737823486,]
