best-result = 36.951658725738525
warmup-time = 37.26841711997986
all-measurements = [ 37.910467863082886, 37.48874258995056, 36.951658725738525,]
