best-result = 38.97423982620239
warmup-time = 42.194419384002686
all-measurements = [ 41.45042610168457, 41.03074502944946, 38.97423982620239,]
