best-result = 59.75321054458618
warmup-time = 63.88178730010986
all-measurements = [ 64.19904685020447, 64.46254873275757, 59.75321054458618,]
