best-result = 256.82699155807495
warmup-time = 257.84361028671265
all-measurements = [ 257.1793100833893, 256.82699155807495, 291.8538496494293,]
