best-result = 596.0370051860809
warmup-time = 673.0279970169067
all-measurements = [ 596.0370051860809, 596.1441376209259, 598.0992848873138,]
