best-result = 37.991519927978516
warmup-time = 38.69769859313965
all-measurements = [ 38.37304925918579, 40.82165551185608, 37.991519927978516,]
