best-result = 69.46007776260376
warmup-time = 70.12622261047363
all-measurements = [ 69.46391367912292, 70.41013979911804, 69.46007776260376,]
