best-result = 29.445701122283936
warmup-time = 29.864928722381592
all-measurements = [ 31.19364619255066, 29.445701122283936, 30.356449365615845,]
