best-result = 38.63769602775574
warmup-time = 38.56615924835205
all-measurements = [ 38.6546196937561, 38.63769602775574, 40.292802810668945,]
