best-result = 35.114623069763184
warmup-time = 35.98530101776123
all-measurements = [ 35.114623069763184, 35.531593561172485, 35.39198541641235,]
