best-result = 46.15679597854614
warmup-time = 47.713160037994385
all-measurements = [ 46.23809313774109, 46.15679597854614, 47.373801708221436,]
