best-result = 107.72953128814697
warmup-time = 108.75206327438354
all-measurements = [ 109.8207676410675, 111.58004021644592, 107.72953128814697,]
