best-result = 29.734246492385864
warmup-time = 29.998913526535034
all-measurements = [ 29.734246492385864, 30.013911485671997, 30.761699438095093,]
