best-result = 35.863433599472046
warmup-time = 37.399385929107666
all-measurements = [ 37.42988133430481, 38.12845802307129, 35.863433599472046,]
