best-result = 43.49211072921753
warmup-time = 45.2089204788208
all-measurements = [ 43.49211072921753, 43.61037850379944, 44.33900213241577,]
