best-result = 46.63327383995056
warmup-time = 44.24756193161011
all-measurements = [ 47.676064252853394, 48.58375096321106, 46.63327383995056,]
