best-result = 29.362608194351196
warmup-time = 30.581021785736084
all-measurements = [ 29.362608194351196, 30.334076642990112, 30.66334891319275,]
