best-result = 727.4483935832977
warmup-time = 749.7314612865448
all-measurements = [ 744.5669405460358, 747.9025440216064, 727.4483935832977,]
