best-result = 196.93403720855713
warmup-time = 199.21427130699158
all-measurements = [ 196.93403720855713, 199.27125668525696, 198.46945071220398,]
