best-result = 47.176981687545776
warmup-time = 47.70458626747131
all-measurements = [ 47.4067816734314, 47.176981687545776, 47.87042450904846,]
