best-result = 26.374927520751953
warmup-time = 26.757368326187134
all-measurements = [ 27.29877519607544, 26.374927520751953, 27.445311784744263,]
