best-result = 37.042442321777344
warmup-time = 41.4699592590332
all-measurements = [ 40.54188823699951, 37.042442321777344, 39.8985013961792,]
