best-result = 34.39274978637695
warmup-time = 34.08539962768555
all-measurements = [ 35.60272145271301, 34.55033564567566, 34.39274978637695,]
