best-result = 285.16507625579834
warmup-time = 286.45689272880554
all-measurements = [ 293.3570840358734, 285.16507625579834, 290.1329381465912,]
