best-result = 37.35675287246704
warmup-time = 38.83929944038391
all-measurements = [ 37.41771841049194, 37.35675287246704, 37.886600732803345,]
