best-result = 48.11477065086365
warmup-time = 49.73833703994751
all-measurements = [ 48.11477065086365, 49.597723722457886, 48.27662658691406,]
