best-result = 53.018208026885986
warmup-time = 53.14480113983154
all-measurements = [ 54.46460151672363, 54.63790035247803, 53.018208026885986,]
