best-result = 37.268205642700195
warmup-time = 37.54133057594299
all-measurements = [ 37.93159246444702, 37.268205642700195, 38.40915870666504,]
