best-result = 40.20814228057861
warmup-time = 41.12162494659424
all-measurements = [ 40.41508889198303, 42.00543999671936, 40.20814228057861,]
