best-result = 61.35341501235962
warmup-time = 65.73939824104309
all-measurements = [ 61.539459466934204, 61.788113832473755, 61.35341501235962,]
