best-result = 257.1776044368744
warmup-time = 258.0376715660095
all-measurements = [ 257.1776044368744, 258.45181941986084, 259.6933481693268,]
