best-result = 596.8423743247986
warmup-time = 600.067332983017
all-measurements = [ 599.2200593948364, 599.7199189662933, 596.8423743247986,]
