best-result = 39.486520767211914
warmup-time = 39.78629541397095
all-measurements = [ 40.8343460559845, 39.83743238449097, 39.486520767211914,]
