best-result = 69.48219776153564
warmup-time = 68.75282025337219
all-measurements = [ 71.13978576660156, 69.48219776153564, 70.47308421134949,]
