best-result = 29.13361358642578
warmup-time = 28.67237901687622
all-measurements = [ 29.268905878067017, 29.13361358642578, 31.294336080551147,]
