best-result = 35.070480823516846
warmup-time = 34.315614461898804
all-measurements = [ 35.074586391448975, 35.070480823516846, 35.86319422721863,]
