best-result = 45.93662905693054
warmup-time = 46.719332218170166
all-measurements = [ 47.90338134765625, 45.93662905693054, 47.24262070655823,]
