best-result = 106.89351391792297
warmup-time = 107.45113372802734
all-measurements = [ 109.10328388214111, 106.89351391792297, 108.57427096366882,]
