best-result = 35.25965714454651
warmup-time = 35.86911606788635
all-measurements = [ 37.657347679138184, 36.8447539806366, 35.25965714454651,]
