best-result = 42.57143473625183
warmup-time = 42.43110489845276
all-measurements = [ 42.57143473625183, 43.747952461242676, 43.513288497924805,]
