best-result = 46.069737911224365
warmup-time = 44.8071711063385
all-measurements = [ 47.223886013031006, 48.24533653259277, 46.069737911224365,]
