best-result = 29.1481192111969
warmup-time = 29.53096079826355
all-measurements = [ 29.1481192111969, 30.96029543876648, 29.621496200561523,]
