best-result = 739.1551129817963
warmup-time = 758.3439707756042
all-measurements = [ 741.1195456981659, 745.1898891925812, 739.1551129817963,]
