best-result = 196.91950726509094
warmup-time = 194.51637029647827
all-measurements = [ 197.89937019348145, 197.83602380752563, 196.91950726509094,]
