best-result = 46.690704107284546
warmup-time = 48.28458762168884
all-measurements = [ 47.790586948394775, 46.93620800971985, 46.690704107284546,]
