best-result = 21.522889137268066
warmup-time = 21.51082992553711
all-measurements = [ 21.938287019729614, 21.522889137268066, 21.657829999923706,]
