best-result = 46.813088178634644
warmup-time = 64.5736780166626
all-measurements = [ 46.90417289733887, 47.35094738006592, 46.813088178634644,]
