best-result = 46.676552057266235
warmup-time = 60.77698636054993
all-measurements = [ 46.70052242279053, 46.929598808288574, 46.676552057266235,]
