best-result = 998.0161738395691
warmup-time = 1197.9916996955872
all-measurements = [ 998.0161738395691, 1013.2735800743103, 1001.1912839412689,]
