best-result = 82.20484209060669
warmup-time = 97.45767664909363
all-measurements = [ 82.30548429489136, 82.20484209060669, 83.01350617408752,]
