best-result = 78.18250775337219
warmup-time = 101.76282572746277
all-measurements = [ 78.18250775337219, 78.99348998069763, 78.33355784416199,]
