best-result = 68.91062688827515
warmup-time = 93.22636651992798
all-measurements = [ 69.57969737052917, 69.28844904899597, 68.91062688827515,]
