best-result = 84.51440477371216
warmup-time = 100.00978803634644
all-measurements = [ 84.99211120605469, 84.51440477371216, 84.90125632286072,]
