best-result = 598.5969426631927
warmup-time = 609.9379482269287
all-measurements = [ 602.331759929657, 604.4611079692841, 598.5969426631927,]
