best-result = 63.12101626396179
warmup-time = 75.37727618217468
all-measurements = [ 63.22898316383362, 63.80440092086792, 63.12101626396179,]
