best-result = 234.43583917617798
warmup-time = 447.56286907196045
all-measurements = [ 236.2630066871643, 234.63387203216553, 234.43583917617798,]
