best-result = 444.24962186813354
warmup-time = 961.3386962413788
all-measurements = [ 448.34437108039856, 447.636479139328, 444.24962186813354,]
