best-result = 60.01290726661682
warmup-time = 79.16723799705505
all-measurements = [ 60.460068702697754, 60.3510639667511, 60.01290726661682,]
