best-result = 881.7000939846039
warmup-time = 922.0186204910278
all-measurements = [ 881.7000939846039, 885.2964384555817, 887.9261872768402,]
