best-result = 27.012118101119995
warmup-time = 35.64467096328735
all-measurements = [ 27.445929765701294, 27.012118101119995, 27.179247856140137,]
