best-result = 58.83969044685364
warmup-time = 74.64508533477783
all-measurements = [ 58.83969044685364, 60.10428214073181, 59.84720969200134,]
