best-result = 55.94497466087341
warmup-time = 71.39828109741211
all-measurements = [ 55.999412536621094, 55.96225953102112, 55.94497466087341,]
