best-result = 109.18668580055237
warmup-time = 141.29283714294434
all-measurements = [ 109.6927490234375, 109.18668580055237, 111.02218008041382,]
