best-result = 774.7367527484894
warmup-time = 857.7187461853027
all-measurements = [ 775.0507259368896, 774.7367527484894, 777.0221171379089,]
