best-result = 33.51050901412964
warmup-time = 40.823180198669434
all-measurements = [ 33.55180597305298, 33.51050901412964, 34.0624897480011,]
