best-result = 53.090744495391846
warmup-time = 69.536616563797
all-measurements = [ 53.341068744659424, 53.090744495391846, 53.89818596839905,]
