best-result = 49.77757668495178
warmup-time = 71.09156250953674
all-measurements = [ 49.91947627067566, 50.41311573982239, 49.77757668495178,]
