best-result = 78.80928778648376
warmup-time = 100.12689757347107
all-measurements = [ 79.74968934059143, 79.45583868026733, 78.80928778648376,]
