best-result = 35.55299425125122
warmup-time = 44.40504550933838
all-measurements = [ 35.55299425125122, 35.839372873306274, 35.80612874031067,]
