best-result = 355.20088386535645
warmup-time = 514.1466543674469
all-measurements = [ 363.1013939380646, 355.20088386535645, 358.7785747051239,]
