best-result = 103.4045512676239
warmup-time = 103.54917001724243
all-measurements = [ 103.4045512676239, 104.10128903388977, 104.69561123847961,]
