best-result = 22.563429355621338
warmup-time = 23.034841537475586
all-measurements = [ 23.003114700317383, 22.563429355621338, 23.1946702003479,]
