best-result = 46.760087966918945
warmup-time = 63.20365571975708
all-measurements = [ 46.92646813392639, 47.067564725875854, 46.760087966918945,]
