best-result = 46.67382097244263
warmup-time = 58.443366289138794
all-measurements = [ 46.780383348464966, 46.67382097244263, 47.06079888343811,]
