best-result = 950.9386913776398
warmup-time = 1142.8406937122345
all-measurements = [ 951.2087368965149, 950.9386913776398, 954.8021097183228,]
