best-result = 85.15348935127258
warmup-time = 100.07407569885254
all-measurements = [ 85.15348935127258, 85.57156682014465, 85.1583104133606,]
