best-result = 81.26977157592773
warmup-time = 100.82115912437439
all-measurements = [ 81.26977157592773, 81.60203528404236, 81.42350125312805,]
