best-result = 69.74752759933472
warmup-time = 92.8564043045044
all-measurements = [ 70.81811356544495, 70.20209455490112, 69.74752759933472,]
