best-result = 91.35105061531067
warmup-time = 106.5687518119812
all-measurements = [ 91.64973163604736, 91.35105061531067, 91.99991965293884,]
