best-result = 642.9442708492279
warmup-time = 653.9356129169464
all-measurements = [ 642.9442708492279, 649.5031678676605, 644.9525346755981,]
