best-result = 64.3957908153534
warmup-time = 78.28275752067566
all-measurements = [ 64.46826648712158, 64.87753129005432, 64.3957908153534,]
