best-result = 220.98947048187256
warmup-time = 372.26490473747253
all-measurements = [ 222.8662657737732, 223.08680653572083, 220.98947048187256,]
