best-result = 445.72157549858093
warmup-time = 889.5257093906403
all-measurements = [ 445.72157549858093, 446.19211077690125, 470.75192427635193,]
