best-result = 62.027918577194214
warmup-time = 77.23280763626099
all-measurements = [ 62.14635491371155, 62.5862193107605, 62.027918577194214,]
