best-result = 142.11993145942688
warmup-time = 173.34107756614685
all-measurements = [ 142.11993145942688, 142.40713238716125, 142.29913711547852,]
