best-result = 874.0004825592041
warmup-time = 912.3507144451141
all-measurements = [ 874.0004825592041, 879.3038783073425, 875.7806208133698,]
