best-result = 27.22979474067688
warmup-time = 35.15016555786133
all-measurements = [ 27.331443309783936, 28.05828356742859, 27.22979474067688,]
