best-result = 56.9183623790741
warmup-time = 70.755695104599
all-measurements = [ 57.391669034957886, 56.9183623790741, 57.087403297424316,]
