best-result = 58.730446577072144
warmup-time = 71.58744716644287
all-measurements = [ 58.92577767372131, 59.344801902770996, 58.730446577072144,]
