best-result = 110.00440788269043
warmup-time = 141.11530876159668
all-measurements = [ 110.83936047554016, 110.43962526321411, 110.00440788269043,]
