best-result = 785.5452897548676
warmup-time = 860.015538930893
all-measurements = [ 786.0901441574097, 788.0920114517212, 785.5452897548676,]
