best-result = 33.72556781768799
warmup-time = 40.710144996643066
all-measurements = [ 33.85725951194763, 34.020277976989746, 33.72556781768799,]
