best-result = 54.31825232505798
warmup-time = 71.59896230697632
all-measurements = [ 54.31825232505798, 54.66892957687378, 54.87205219268799,]
