best-result = 1562.3044083118439
warmup-time = 1767.143084526062
all-measurements = [ 1785.6653203964233, 1562.3044083118439, 2624.095509290695,]
