best-result = 49.12926363945007
warmup-time = 70.83696365356445
all-measurements = [ 49.21622133255005, 49.5945839881897, 49.12926363945007,]
