best-result = 77.89840054512024
warmup-time = 97.8934166431427
all-measurements = [ 77.89840054512024, 79.25605511665344, 78.44402575492859,]
