best-result = 36.17590665817261
warmup-time = 46.28458786010742
all-measurements = [ 36.560492515563965, 36.20673894882202, 36.17590665817261,]
