best-result = 337.3853671550751
warmup-time = 472.6673331260681
all-measurements = [ 340.04307436943054, 344.65671372413635, 337.3853671550751,]
