best-result = 104.46893191337585
warmup-time = 129.47507667541504
all-measurements = [ 105.0130045413971, 105.1826479434967, 104.46893191337585,]
