best-result = 59.086474657058716
warmup-time = 58.91606163978577
all-measurements = [ 59.521479845047, 59.12346696853638, 59.086474657058716,]
