best-result = 26.435191869735718
warmup-time = 27.264647245407104
all-measurements = [ 26.64762830734253, 26.435191869735718, 26.615691423416138,]
