best-result = 36.026174545288086
warmup-time = 38.538633584976196
all-measurements = [ 39.25326490402222, 36.52670645713806, 36.026174545288086,]
