best-result = 30.120920658111572
warmup-time = 31.97580647468567
all-measurements = [ 31.035472631454468, 31.2142231464386, 30.120920658111572,]
