best-result = 233.45057201385498
warmup-time = 232.9242525100708
all-measurements = [ 235.64440727233887, 233.45057201385498, 234.79776334762573,]
