best-result = 36.47554302215576
warmup-time = 38.22988414764404
all-measurements = [ 36.486626625061035, 37.907552003860474, 36.47554302215576,]
