best-result = 113.1376359462738
warmup-time = 115.63149213790894
all-measurements = [ 115.5760383605957, 114.49330019950867, 113.1376359462738,]
