best-result = 35.08498668670654
warmup-time = 34.78592896461487
all-measurements = [ 36.0837607383728, 35.08498668670654, 36.19002437591553,]
