best-result = 41.56522822380066
warmup-time = 41.10896325111389
all-measurements = [ 41.56522822380066, 42.321941614151, 41.86463522911072,]
