best-result = 48.10710620880127
warmup-time = 49.515748739242554
all-measurements = [ 48.10710620880127, 48.375712394714355, 48.937217473983765,]
