best-result = 32.93559551239014
warmup-time = 34.4710590839386
all-measurements = [ 34.14803123474121, 32.93559551239014, 36.26440119743347,]
