best-result = 36.85070490837097
warmup-time = 38.26156282424927
all-measurements = [ 38.47779631614685, 38.01613903045654, 36.85070490837097,]
