best-result = 61.030447006225586
warmup-time = 62.449811935424805
all-measurements = [ 63.33803725242615, 61.030447006225586, 65.78408718109131,]
