best-result = 220.9653251171112
warmup-time = 224.98363399505615
all-measurements = [ 224.78855657577515, 221.9613480567932, 220.9653251171112,]
