best-result = 503.1968078613281
warmup-time = 513.4460895061493
all-measurements = [ 505.516015291214, 505.4813551902771, 503.1968078613281,]
