best-result = 36.29642128944397
warmup-time = 38.80321455001831
all-measurements = [ 36.29642128944397, 37.45000147819519, 36.480042934417725,]
