best-result = 29.841102123260498
warmup-time = 29.55081295967102
all-measurements = [ 29.841102123260498, 29.92025899887085, 29.934246301651,]
