best-result = 70.598064661026
warmup-time = 79.77837896347046
all-measurements = [ 72.3776261806488, 70.598064661026, 71.24554371833801,]
