best-result = 61.6855571269989
warmup-time = 62.15149664878845
all-measurements = [ 63.25392293930054, 62.3566153049469, 61.6855571269989,]
