best-result = 27.819525957107544
warmup-time = 28.011105060577393
all-measurements = [ 28.917577028274536, 29.59151315689087, 27.819525957107544,]
