best-result = 33.345072746276855
warmup-time = 36.32748031616211
all-measurements = [ 33.345072746276855, 35.693071365356445, 33.880056858062744,]
