best-result = 33.21530032157898
warmup-time = 34.04229712486267
all-measurements = [ 33.94411849975586, 35.12399435043335, 33.21530032157898,]
