best-result = 42.667272329330444
warmup-time = 44.320314168930054
all-measurements = [ 43.562084436416626, 42.667272329330444, 44.18984365463257,]
