best-result = 94.87653279304504
warmup-time = 96.90909671783447
all-measurements = [ 94.87653279304504, 95.67153072357178, 95.88343667984009,]
