best-result = 28.633180856704712
warmup-time = 29.031845331192017
all-measurements = [ 28.633180856704712, 30.012123346328735, 29.617724418640137,]
