best-result = 34.88938665390015
warmup-time = 35.06797385215759
all-measurements = [ 36.857197284698486, 34.94927382469177, 34.88938665390015,]
