best-result = 90.36252045631409
warmup-time = 100.30478763580322
all-measurements = [ 98.55949449539185, 95.21155381202698, 90.36252045631409,]
