best-result = 39.73944139480591
warmup-time = 40.197521924972534
all-measurements = [ 39.73944139480591, 40.65765047073364, 40.64515209197998,]
