best-result = 42.79143691062927
warmup-time = 45.87129521369934
all-measurements = [ 44.20412302017212, 42.79143691062927, 45.15598726272583,]
