best-result = 51.10934543609619
warmup-time = 51.49085283279419
all-measurements = [ 51.10934543609619, 51.377094984054565, 51.69699430465698,]
