best-result = 28.692466259002686
warmup-time = 29.300050258636475
all-measurements = [ 28.692466259002686, 28.90062165260315, 28.931649684906006,]
