best-result = 635.6412539482117
warmup-time = 694.9600851535797
all-measurements = [ 635.6412539482117, 645.1182734966278, 643.7467823028564,]
