best-result = 168.35288190841675
warmup-time = 171.20549821853638
all-measurements = [ 168.35288190841675, 168.55398225784302, 170.29645991325378,]
