best-result = 61.113734006881714
warmup-time = 70.52340316772461
all-measurements = [ 61.113734006881714, 67.1951494216919, 70.69187188148499,]
