best-result = 22.7991201877594
warmup-time = 23.202808141708374
all-measurements = [ 23.795655250549316, 23.154582023620605, 22.7991201877594,]
