best-result = 46.64547348022461
warmup-time = 63.430877447128296
all-measurements = [ 47.051088094711304, 47.22037100791931, 46.64547348022461,]
