best-result = 46.508379220962524
warmup-time = 58.95387387275696
all-measurements = [ 46.508379220962524, 46.99147176742554, 46.897289991378784,]
