best-result = 935.2798638343811
warmup-time = 1141.1678023338318
all-measurements = [ 938.8554060459137, 935.2798638343811, 935.6998541355133,]
