best-result = 83.9211950302124
warmup-time = 100.12971711158752
all-measurements = [ 85.49299502372742, 85.88036179542542, 83.9211950302124,]
