best-result = 82.67149877548218
warmup-time = 103.41410970687866
all-measurements = [ 83.19853639602661, 82.67149877548218, 83.07734370231628,]
