best-result = 69.78977608680725
warmup-time = 92.96704339981079
all-measurements = [ 69.78977608680725, 70.94956970214844, 71.17051196098328,]
