best-result = 91.62409591674805
warmup-time = 105.2086455821991
all-measurements = [ 92.28096294403076, 92.33237648010254, 91.62409591674805,]
