best-result = 635.8818252086639
warmup-time = 653.0839076042175
all-measurements = [ 638.6485288143158, 635.8818252086639, 640.5503370761871,]
