best-result = 65.20635557174683
warmup-time = 82.40728878974915
all-measurements = [ 65.59667754173279, 65.20635557174683, 65.84829044342041,]
