best-result = 222.88309001922607
warmup-time = 377.8417229652405
all-measurements = [ 222.88309001922607, 223.1243360042572, 225.51772332191467,]
