best-result = 436.6701760292053
warmup-time = 883.4393057823181
all-measurements = [ 436.6701760292053, 441.9862358570099, 439.86571502685547,]
