best-result = 61.99905204772949
warmup-time = 78.6357171535492
all-measurements = [ 61.99905204772949, 62.48162794113159, 62.18583369255066,]
