best-result = 142.50073766708374
warmup-time = 174.97336435317993
all-measurements = [ 142.65148854255676, 143.10271406173706, 142.50073766708374,]
