best-result = 883.6448094844818
warmup-time = 913.5146775245667
all-measurements = [ 885.4861521720886, 883.6448094844818, 887.324271440506,]
