best-result = 27.523473024368286
warmup-time = 35.45738911628723
all-measurements = [ 27.6210515499115, 27.523473024368286, 27.940707683563232,]
