best-result = 58.64676332473755
warmup-time = 72.79801940917969
all-measurements = [ 58.64676332473755, 58.97684907913208, 59.25763750076294,]
