best-result = 59.10768270492554
warmup-time = 72.88828349113464
all-measurements = [ 60.04334497451782, 59.10768270492554, 60.07952260971069,]
