best-result = 111.12738537788391
warmup-time = 138.63140749931335
all-measurements = [ 112.745352268219, 111.12738537788391, 112.36753368377686,]
