best-result = 789.2764678001404
warmup-time = 893.1692757606506
all-measurements = [ 793.2265908718109, 789.2764678001404, 792.6836271286011,]
