best-result = 33.64795279502869
warmup-time = 41.92444944381714
all-measurements = [ 34.035746812820435, 34.0814847946167, 33.64795279502869,]
