best-result = 55.5327262878418
warmup-time = 70.47530245780945
all-measurements = [ 55.67267918586731, 55.5327262878418, 55.69762825965881,]
