best-result = 1836.321300983429
warmup-time = 2482.6206908226013
all-measurements = [ 2161.6793336868286, 1836.321300983429, 2632.9488711357117,]
