best-result = 49.01617479324341
warmup-time = 71.25918507575989
all-measurements = [ 49.960845708847046, 49.01617479324341, 50.15584325790405,]
