best-result = 78.52038478851318
warmup-time = 97.66818118095398
all-measurements = [ 78.52038478851318, 79.2203369140625, 79.68691325187683,]
