best-result = 36.61371970176697
warmup-time = 45.96444344520569
all-measurements = [ 37.00462079048157, 36.61371970176697, 37.55660963058472,]
