best-result = 348.99010181427
warmup-time = 502.35568356513977
all-measurements = [ 355.84850668907166, 368.2127618789673, 348.99010181427,]
