best-result = 59.559287786483765
warmup-time = 60.315561056137085
all-measurements = [ 59.559287786483765, 60.565115213394165, 60.35481262207031,]
