best-result = 23.33189296722412
warmup-time = 23.428818225860596
all-measurements = [ 23.70842671394348, 23.896896600723267, 23.33189296722412,]
