best-result = 47.26786732673645
warmup-time = 62.43438172340393
all-measurements = [ 47.89827919006348, 47.27923512458801, 47.26786732673645,]
