best-result = 47.05935788154602
warmup-time = 57.704511880874634
all-measurements = [ 47.05935788154602, 47.10633945465088, 47.33056664466858,]
