best-result = 899.2798848152161
warmup-time = 1116.3989579677582
all-measurements = [ 899.2798848152161, 903.7065210342407, 901.697911977768,]
