best-result = 86.47181177139282
warmup-time = 99.55237889289856
all-measurements = [ 86.5040488243103, 86.47181177139282,]
