best-result = 986.3013126850128
warmup-time = 1020.5990784168243
all-measurements = [ 990.6689286231995, 993.7706356048584, 986.3013126850128,]
