best-result = 83.78958058357239
warmup-time = 105.28769874572754
all-measurements = [ 84.52651262283325, 84.52700448036194, 83.78958058357239,]
