best-result = 68.42466187477112
warmup-time = 89.21600842475891
all-measurements = [ 68.60415077209473, 69.39956617355347, 68.42466187477112,]
