best-result = 91.34725618362427
warmup-time = 105.15578937530518
all-measurements = [ 92.89535331726074, 92.17384743690491, 91.34725618362427,]
