best-result = 648.7620511054993
warmup-time = 663.7861104011536
all-measurements = [ 648.7620511054993, 650.9184260368347, 649.667121887207,]
