best-result = 62.43954420089722
warmup-time = 75.24314665794373
all-measurements = [ 63.261626958847046, 63.08852791786194, 62.43954420089722,]
