best-result = 203.31620025634766
warmup-time = 358.2093596458435
all-measurements = [ 208.02756881713867, 203.31620025634766, 205.8321762084961,]
