best-result = 384.196861743927
warmup-time = 828.4568300247192
all-measurements = [ 384.196861743927, 386.8610384464264, 385.881089925766,]
