best-result = 63.36032581329346
warmup-time = 80.83212494850159
all-measurements = [ 63.67323637008667, 63.36032581329346, 63.80023741722107,]
