best-result = 40.51917028427124
warmup-time = 48.04602241516113
all-measurements = [ 41.45689296722412, 40.51917028427124, 41.04909586906433,]
