best-result = 135.513836145401
warmup-time = 157.80168867111206
all-measurements = [ 136.14960956573486, 136.0138337612152, 135.513836145401,]
