best-result = 916.1674103736877
warmup-time = 946.308559179306
all-measurements = [ 922.6929361820221, 916.1674103736877, 923.2044456005096,]
