best-result = 28.35937738418579
warmup-time = 37.86366629600525
all-measurements = [ 28.631012201309204, 28.40586495399475, 28.35937738418579,]
