best-result = 57.599170446395874
warmup-time = 70.74110770225525
all-measurements = [ 58.583319902420044, 57.599170446395874, 58.16193437576294,]
