best-result = 60.193262338638306
warmup-time = 74.57636618614197
all-measurements = [ 61.26636600494385, 60.77358603477478, 60.193262338638306,]
