best-result = 109.94525933265686
warmup-time = 140.91360187530518
all-measurements = [ 110.70215225219727, 110.9467384815216, 109.94525933265686,]
