best-result = 773.8610985279083
warmup-time = 875.9648587703705
all-measurements = [ 773.8610985279083, 774.6277902126312, 789.7530055046082,]
