best-result = 34.12569522857666
warmup-time = 43.203174352645874
all-measurements = [ 34.49226951599121, 34.27934670448303, 34.12569522857666,]
