best-result = 56.23412895202637
warmup-time = 71.76649451255798
all-measurements = [ 56.370638608932495, 56.23412895202637, 56.24792718887329,]
