best-result = 1764.7904386520386
warmup-time = 2557.7115321159363
all-measurements = [ 2639.8695797920227, 1914.8351683616638, 1764.7904386520386,]
