best-result = 49.22453308105469
warmup-time = 70.92506241798401
all-measurements = [ 49.22453308105469, 50.303751945495605, 49.39181184768677,]
