best-result = 82.94547200202942
warmup-time = 101.35300827026367
all-measurements = [ 82.94547200202942, 83.45109510421753, 83.32276463508606,]
