best-result = 38.01924777030945
warmup-time = 47.3582329750061
all-measurements = [ 38.65339136123657, 38.24387049674988, 38.01924777030945,]
