best-result = 329.07443714141846
warmup-time = 480.48106694221497
all-measurements = [ 333.8019013404846, 333.6936445236206, 329.07443714141846,]
