best-result = 59.412153244018555
warmup-time = 59.77935743331909
all-measurements = [ 59.89266085624695, 59.412153244018555, 59.628918170928955,]
