best-result = 21.36449408531189
warmup-time = 21.454834938049316
all-measurements = [ 21.537190914154053, 21.461602210998535, 21.36449408531189,]
