best-result = 46.64249920845032
warmup-time = 64.5665340423584
all-measurements = [ 47.011882305145264, 46.64249920845032, 47.369969606399536,]
