best-result = 46.065409898757935
warmup-time = 59.05757999420166
all-measurements = [ 46.77422881126404, 46.55270600318909, 46.065409898757935,]
