best-result = 972.0023920536041
warmup-time = 1175.0475373268127
all-measurements = [ 997.7970063686371, 982.8079209327698, 972.0023920536041,]
