best-result = 81.86701035499573
warmup-time = 94.31631898880005
all-measurements = [ 82.62282228469849, 82.23332738876343, 81.86701035499573,]
