best-result = 78.16808533668518
warmup-time = 99.66145777702332
all-measurements = [ 79.09748530387878, 78.16808533668518, 78.54957818984985,]
