best-result = 68.32966375350952
warmup-time = 90.67676186561584
all-measurements = [ 68.7276976108551, 69.13310289382935, 68.32966375350952,]
