best-result = 83.91575193405151
warmup-time = 98.11447739601135
all-measurements = [ 83.91575193405151, 83.91832137107849, 84.34833836555481,]
