best-result = 589.1164400577545
warmup-time = 606.9143731594086
all-measurements = [ 589.1164400577545, 593.6399462223053, 592.8397316932678,]
