best-result = 61.75063681602478
warmup-time = 72.82403922080994
all-measurements = [ 62.03388786315918, 62.030622482299805, 61.75063681602478,]
