best-result = 232.2105233669281
warmup-time = 395.0164587497711
all-measurements = [ 232.2105233669281, 233.75222539901733, 233.28758668899536,]
