best-result = 441.44360995292664
warmup-time = 912.513475894928
all-measurements = [ 447.1472587585449, 442.0399978160858, 441.44360995292664,]
