best-result = 59.50146722793579
warmup-time = 74.23285675048828
all-measurements = [ 59.72441625595093, 59.50146722793579, 60.45263648033142,]
