best-result = 857.4030494689941
warmup-time = 886.55899310112
all-measurements = [ 887.4707255363464, 866.7852339744568, 857.4030494689941,]
