best-result = 26.604530811309814
warmup-time = 34.31939911842346
all-measurements = [ 26.634641885757446, 27.378676891326904, 26.604530811309814,]
