best-result = 57.932180643081665
warmup-time = 72.36522459983826
all-measurements = [ 57.932180643081665, 59.07626724243164, 58.08343482017517,]
