best-result = 55.83532238006592
warmup-time = 69.27918553352356
all-measurements = [ 55.90088152885437, 56.171008348464966, 55.83532238006592,]
