best-result = 108.01247572898865
warmup-time = 138.75644659996033
all-measurements = [ 108.01247572898865, 108.53434801101685, 108.06200957298279,]
