best-result = 766.5111470222473
warmup-time = 833.550281047821
all-measurements = [ 766.5111470222473, 774.2025849819183, 772.8146443367004,]
