best-result = 33.36317825317383
warmup-time = 41.03066062927246
all-measurements = [ 33.95012593269348, 33.36317825317383, 33.77314209938049,]
