best-result = 52.902071714401245
warmup-time = 68.43083214759827
all-measurements = [ 53.30966091156006, 53.10834980010986, 52.902071714401245,]
