best-result = 49.168031215667725
warmup-time = 70.07571458816528
all-measurements = [ 49.168031215667725, 49.59368419647217, 49.62874937057495,]
