best-result = 78.29998207092285
warmup-time = 98.61488246917725
all-measurements = [ 78.29998207092285, 78.79058361053467, 78.33306980133057,]
