best-result = 35.64966011047363
warmup-time = 44.4695930480957
all-measurements = [ 35.64966011047363, 35.65798902511597, 35.94208383560181,]
