best-result = 345.76520347595215
warmup-time = 487.9705114364624
all-measurements = [ 349.83050775527954, 346.53507113456726, 345.76520347595215,]
