best-result = 102.67484378814697
warmup-time = 102.5763418674469
all-measurements = [ 102.91907000541687, 102.67484378814697, 102.78797006607056,]
