best-result = 23.04082489013672
warmup-time = 23.30179762840271
all-measurements = [ 23.11426591873169, 23.40260076522827, 23.04082489013672,]
