best-result = 46.66044020652771
warmup-time = 62.486504554748535
all-measurements = [ 46.66044020652771, 46.93396878242493, 46.80541634559631,]
