best-result = 46.55731534957886
warmup-time = 57.85620617866516
all-measurements = [ 46.644221782684326, 46.605411529541016, 46.55731534957886,]
