best-result = 895.8201177120209
warmup-time = 1105.3434402942657
all-measurements = [ 895.8201177120209, 896.4122786521912, 906.167573928833,]
