best-result = 85.54480791091919
warmup-time = 99.81854271888733
all-measurements = [ 85.54480791091919, 86.02708387374878, 86.380136013031,]
