best-result = 980.9539544582367
warmup-time = 1011.6493349075317
all-measurements = [ 985.3519701957703, 986.288419008255, 980.9539544582367,]
