best-result = 82.09518098831177
warmup-time = 103.66723585128784
all-measurements = [ 82.68998575210571, 82.09518098831177, 82.7319016456604,]
