best-result = 67.93008017539978
warmup-time = 89.37612771987915
all-measurements = [ 68.09253716468811, 68.46794128417969, 67.93008017539978,]
