best-result = 90.81997466087341
warmup-time = 105.61270713806152
all-measurements = [ 91.91286754608154, 91.03237438201904, 90.81997466087341,]
