best-result = 646.3014607429504
warmup-time = 659.158536195755
all-measurements = [ 651.7485480308533, 651.7392477989197, 646.3014607429504,]
