best-result = 62.05595541000366
warmup-time = 73.27389979362488
all-measurements = [ 62.14114475250244, 62.24287724494934, 62.05595541000366,]
