best-result = 207.37170600891113
warmup-time = 358.336580991745
all-measurements = [ 207.82450485229492, 210.77915239334106, 207.37170600891113,]
