best-result = 429.7049379348755
warmup-time = 865.1842415332794
all-measurements = [ 429.7049379348755, 431.5427393913269, 435.4735770225525,]
