best-result = 61.79575538635254
warmup-time = 95.20636415481567
all-measurements = [ 63.20370531082153, 63.49076437950134, 61.79575538635254,]
