best-result = 40.364070415496826
warmup-time = 48.69969081878662
all-measurements = [ 40.61484503746033, 40.364070415496826, 40.53681254386902,]
