best-result = 134.9073076248169
warmup-time = 164.54115533828735
all-measurements = [ 134.9073076248169, 135.0076744556427, 135.56539583206177,]
