best-result = 912.1296107769012
warmup-time = 947.6074893474579
all-measurements = [ 912.9577536582947, 917.9050295352936, 912.1296107769012,]
