best-result = 27.774670124053955
warmup-time = 36.514368534088135
all-measurements = [ 27.774670124053955, 28.0698401927948, 28.11319851875305,]
