best-result = 57.305410623550415
warmup-time = 70.95221662521362
all-measurements = [ 57.613460302352905, 57.305410623550415, 58.06528282165527,]
