best-result = 60.643064975738525
warmup-time = 73.91788053512573
all-measurements = [ 60.77524256706238, 60.94319415092468, 60.643064975738525,]
