best-result = 110.04984426498413
warmup-time = 136.53939294815063
all-measurements = [ 110.04984426498413, 111.38771057128906, 110.85847735404968,]
