best-result = 779.2579622268677
warmup-time = 850.8666822910309
all-measurements = [ 782.9278607368469, 779.2579622268677, 781.4829292297363,]
