best-result = 33.778104305267334
warmup-time = 42.75167655944824
all-measurements = [ 33.778104305267334, 34.22777318954468, 34.12727761268616,]
