best-result = 55.32181358337402
warmup-time = 71.83568286895752
all-measurements = [ 55.87540054321289, 55.32181358337402, 55.95122265815735,]
