best-result = 1787.4403574466705
warmup-time = 2764.2896432876587
all-measurements = [ 2541.719340801239, 2176.102718114853, 1787.4403574466705,]
