best-result = 48.20618486404419
warmup-time = 69.18663883209229
all-measurements = [ 48.74397397041321, 48.889729499816895, 48.20618486404419,]
