best-result = 79.66356086730957
warmup-time = 97.77213501930237
all-measurements = [ 79.99827814102173, 80.1509780883789, 79.66356086730957,]
