best-result = 37.13276958465576
warmup-time = 47.35957360267639
all-measurements = [ 37.13276958465576, 37.66124105453491, 37.397531270980835,]
