best-result = 333.72275829315186
warmup-time = 467.3904495239258
all-measurements = [ 334.6500985622406, 333.72275829315186, 337.2852635383606,]
