best-result = 58.99151420593262
warmup-time = 59.099549770355225
all-measurements = [ 59.27093839645386, 59.0203595161438, 58.99151420593262,]
