best-result = 22.829495191574097
warmup-time = 22.595391750335693
all-measurements = [ 23.047630310058594, 22.829495191574097, 23.026117086410522,]
