best-result = 47.15347671508789
warmup-time = 62.4107768535614
all-measurements = [ 47.323766231536865, 47.15347671508789, 47.359209060668945,]
