best-result = 46.58859586715698
warmup-time = 60.78784513473511
all-measurements = [ 46.58859586715698, 46.88478684425354, 46.65099835395813,]
