best-result = 947.5572323799133
warmup-time = 1139.9596862792969
all-measurements = [ 963.1702883243561, 947.5572323799133, 951.0503380298615,]
