best-result = 85.26648998260498
warmup-time = 98.44675803184509
all-measurements = [ 85.67015147209167, 85.6400978565216, 85.26648998260498,]
