best-result = 80.4445378780365
warmup-time = 101.54938983917236
all-measurements = [ 80.60140109062195, 80.4445378780365, 81.246258020401,]
