best-result = 69.01043391227722
warmup-time = 91.3829734325409
all-measurements = [ 69.57671523094177, 69.58094644546509, 69.01043391227722,]
