best-result = 90.91021299362183
warmup-time = 103.81117486953735
all-measurements = [ 91.0446982383728, 90.91021299362183, 91.27981162071228,]
