best-result = 616.4718856811523
warmup-time = 633.3587470054626
all-measurements = [ 620.9429152011871, 618.5911641120911, 616.4718856811523,]
