best-result = 64.49696350097656
warmup-time = 75.55881762504578
all-measurements = [ 64.49696350097656, 65.048348903656, 65.36852407455444,]
