best-result = 219.6953468322754
warmup-time = 374.3378715515137
all-measurements = [ 222.0255651473999, 220.05033254623413, 219.6953468322754,]
