best-result = 445.5538318157196
warmup-time = 889.9299092292786
all-measurements = [ 447.32175493240356, 445.5538318157196, 446.1435353755951,]
