best-result = 61.53000330924988
warmup-time = 77.87637829780579
all-measurements = [ 62.14785313606262, 61.53000330924988, 62.22005653381348,]
