best-result = 862.5970320701599
warmup-time = 892.4182105064392
all-measurements = [ 865.1032528877258, 862.5970320701599, 864.4312059879303,]
