best-result = 27.519886016845703
warmup-time = 35.82010006904602
all-measurements = [ 27.709251642227173, 27.519886016845703, 27.60924768447876,]
