best-result = 57.708404779434204
warmup-time = 68.86933898925781
all-measurements = [ 58.171931982040405, 57.708404779434204, 57.96754813194275,]
