best-result = 58.65589666366577
warmup-time = 71.40072703361511
all-measurements = [ 59.45135951042175, 58.65589666366577, 58.85057735443115,]
