best-result = 109.25255942344666
warmup-time = 137.53159952163696
all-measurements = [ 110.49407982826233, 109.25255942344666, 110.49184727668762,]
