best-result = 776.6064128875732
warmup-time = 848.3095993995667
all-measurements = [ 776.6064128875732, 784.0961413383484, 797.7558720111847,]
