best-result = 34.117958784103394
warmup-time = 48.50637245178223
all-measurements = [ 37.013694286346436, 34.117958784103394, 34.92000699043274,]
