best-result = 53.94628667831421
warmup-time = 70.16869783401489
all-measurements = [ 54.43307709693909, 54.064659118652344, 53.94628667831421,]
