best-result = 1681.5533142089844
warmup-time = 2003.4962055683136
all-measurements = [ 2669.475480556488, 1681.5533142089844, 2079.7252655029297,]
