best-result = 49.46440672874451
warmup-time = 71.65563344955444
all-measurements = [ 49.84010624885559, 49.46440672874451, 49.58124399185181,]
