best-result = 80.19499039649963
warmup-time = 100.92756295204163
all-measurements = [ 80.7429666519165, 80.19499039649963, 80.31420397758484,]
