best-result = 36.583725690841675
warmup-time = 46.36037492752075
all-measurements = [ 36.583725690841675, 36.89994239807129, 36.80258011817932,]
