best-result = 339.98376393318176
warmup-time = 479.7174029350281
all-measurements = [ 342.13871455192566, 341.5621795654297, 339.98376393318176,]
