best-result = 103.5815327167511
warmup-time = 104.28107690811157
all-measurements = [ 105.25855827331543, 104.49842882156372, 103.5815327167511,]
