best-result = 26.04427456855774
warmup-time = 26.43399667739868
all-measurements = [ 26.04427456855774, 26.63189125061035, 26.484840393066406,]
