best-result = 36.96606945991516
warmup-time = 39.98053240776062
all-measurements = [ 36.96606945991516, 37.66654181480408, 38.91535449028015,]
