best-result = 31.124280214309692
warmup-time = 33.42830967903137
all-measurements = [ 31.124280214309692, 32.628939151763916, 31.968192100524902,]
