best-result = 265.6044714450836
warmup-time = 269.8389005661011
all-measurements = [ 266.55282855033875, 269.7999541759491, 265.6044714450836,]
