best-result = 36.622368574142456
warmup-time = 37.290627002716064
all-measurements = [ 37.140551805496216, 37.514164447784424, 36.622368574142456,]
