best-result = 41.52011513710022
warmup-time = 43.55916237831116
all-measurements = [ 42.10598659515381, 43.22473621368408, 41.52011513710022,]
