best-result = 49.44074606895447
warmup-time = 49.90426278114319
all-measurements = [ 49.81050968170166, 49.44074606895447, 50.518489599227905,]
