best-result = 34.11928367614746
warmup-time = 34.944700479507446
all-measurements = [ 34.11928367614746, 34.429418325424194, 35.37877678871155,]
