best-result = 37.850199460983276
warmup-time = 38.11963725090027
all-measurements = [ 37.850199460983276, 37.99509859085083, 37.972904443740845,]
