best-result = 60.562546491622925
warmup-time = 67.51977849006653
all-measurements = [ 64.95506238937378, 68.59764170646667, 60.562546491622925,]
