best-result = 225.30714392662048
warmup-time = 228.28468346595764
all-measurements = [ 225.30714392662048, 229.63286232948303, 225.4449110031128,]
