best-result = 520.6793162822723
warmup-time = 525.0602660179138
all-measurements = [ 520.6793162822723, 520.9644029140472, 522.1248371601105,]
