best-result = 35.99568557739258
warmup-time = 37.935882806777954
all-measurements = [ 36.36294221878052, 37.32591509819031, 35.99568557739258,]
