best-result = 73.3687686920166
warmup-time = 81.07012987136841
all-measurements = [ 79.13042330741882, 73.3687686920166, 75.6779773235321,]
