best-result = 63.58874297142029
warmup-time = 62.91379690170288
all-measurements = [ 63.84280776977539, 63.58874297142029, 65.18858098983765,]
