best-result = 28.145615577697754
warmup-time = 29.854438543319702
all-measurements = [ 28.87407350540161, 29.16748070716858, 28.145615577697754,]
