best-result = 33.226482629776
warmup-time = 36.072917222976685
all-measurements = [ 33.226482629776, 35.595019578933716, 33.984214782714844,]
