best-result = 33.112380027770996
warmup-time = 35.37902903556824
all-measurements = [ 33.913180112838745, 35.24585008621216, 33.112380027770996,]
