best-result = 42.50950241088867
warmup-time = 43.51354479789734
all-measurements = [ 42.66425108909607, 42.50950241088867, 43.43405604362488,]
