best-result = 96.71534419059753
warmup-time = 97.90310955047607
all-measurements = [ 97.63324284553528, 96.71534419059753, 98.65236639976501,]
