best-result = 27.76042914390564
warmup-time = 29.70608639717102
all-measurements = [ 30.29218554496765, 30.067573308944702, 27.76042914390564,]
