best-result = 35.35430669784546
warmup-time = 36.37632346153259
all-measurements = [ 35.42493486404419, 35.677124977111816, 35.35430669784546,]
