best-result = 92.56952953338623
warmup-time = 92.2369327545166
all-measurements = [ 94.17961692810059, 95.95902681350708, 92.56952953338623,]
