best-result = 39.051201820373535
warmup-time = 40.47388768196106
all-measurements = [ 39.71719932556152, 40.84196710586548, 39.051201820373535,]
