best-result = 43.65799403190613
warmup-time = 47.11086177825928
all-measurements = [ 46.630204916000366, 43.65799403190613, 44.97874450683594,]
