best-result = 28.451313734054565
warmup-time = 28.940088272094727
all-measurements = [ 28.761120796203613, 28.451313734054565, 29.39036989212036,]
