best-result = 701.5530598163605
warmup-time = 729.7822186946869
all-measurements = [ 714.1785004138947, 701.5530598163605, 713.1755731105804,]
