best-result = 173.09415340423584
warmup-time = 176.09720754623413
all-measurements = [ 176.78615140914917, 173.09415340423584, 175.40304470062256,]
