best-result = 58.7000458240509
warmup-time = 58.25518989562988
all-measurements = [ 70.96111297607422, 58.7000458240509, 69.5458116531372,]
