best-result = 25.71218252182007
warmup-time = 26.28956627845764
all-measurements = [ 26.168407440185547, 25.71218252182007, 26.356664180755615,]
