best-result = 35.14947247505188
warmup-time = 36.70675778388977
all-measurements = [ 36.636499881744385, 35.14947247505188, 35.57823181152344,]
