best-result = 30.499130964279175
warmup-time = 30.750969648361206
all-measurements = [ 30.698476791381836, 30.499130964279175, 30.958620071411133,]
