best-result = 255.7311189174652
warmup-time = 266.57666277885437
all-measurements = [ 264.7275619506836, 255.7311189174652, 260.9522669315338,]
