best-result = 36.75266695022583
warmup-time = 36.943506956100464
all-measurements = [ 37.26383662223816, 36.79092311859131, 36.75266695022583,]
