best-result = 110.31481838226318
warmup-time = 113.84886598587036
all-measurements = [ 110.31481838226318, 111.38552808761597, 111.94878888130188,]
