best-result = 39.41257953643799
warmup-time = 42.32886052131653
all-measurements = [ 40.651113986968994, 39.94938588142395, 39.41257953643799,]
