best-result = 46.458664894104004
warmup-time = 48.51081871986389
all-measurements = [ 49.1499457359314, 47.62084436416626, 46.458664894104004,]
