best-result = 32.90020966529846
warmup-time = 34.75380253791809
all-measurements = [ 34.951048612594604, 33.06440448760986, 32.90020966529846,]
