best-result = 36.78158164024353
warmup-time = 37.465113162994385
all-measurements = [ 36.78158164024353, 37.06375026702881, 37.76635479927063,]
