best-result = 56.46858048439026
warmup-time = 62.91132068634033
all-measurements = [ 56.46858048439026, 64.32102227210999, 63.77059888839722,]
