best-result = 226.34219670295715
warmup-time = 224.31627225875854
all-measurements = [ 226.34219670295715, 227.57824754714966, 227.10967803001404,]
