best-result = 512.1141712665558
warmup-time = 517.8188087940216
all-measurements = [ 512.1141712665558, 515.4691586494446, 512.5737552642822,]
