best-result = 35.71987986564636
warmup-time = 36.881653785705566
all-measurements = [ 35.71987986564636, 36.394695520401, 38.26422905921936,]
