best-result = 28.312454223632812
warmup-time = 28.904072284698486
all-measurements = [ 28.63298463821411, 29.48918104171753, 28.312454223632812,]
