best-result = 66.22333455085754
warmup-time = 73.27369093894958
all-measurements = [ 66.22333455085754, 78.96314930915833, 69.70573854446411,]
