best-result = 60.149516105651855
warmup-time = 61.09073781967163
all-measurements = [ 60.695576190948486, 60.149516105651855, 64.16006875038147,]
