best-result = 27.442053079605103
warmup-time = 28.72532868385315
all-measurements = [ 28.195926904678345, 28.53217339515686, 27.442053079605103,]
