best-result = 32.18119549751282
warmup-time = 35.423009634017944
all-measurements = [ 34.976404905319214, 32.18119549751282, 34.929128885269165,]
