best-result = 32.32073354721069
warmup-time = 33.90306091308594
all-measurements = [ 32.32073354721069, 34.36068415641785, 33.55867671966553,]
