best-result = 42.78877067565918
warmup-time = 42.29721736907959
all-measurements = [ 42.78877067565918, 42.80379104614258, 52.059882164001465,]
