best-result = 94.9286458492279
warmup-time = 103.6379861831665
all-measurements = [ 99.9185221195221, 94.9286458492279, 95.41323614120483,]
