best-result = 28.290039777755737
warmup-time = 29.256593704223633
all-measurements = [ 29.6464900970459, 29.431535005569458, 28.290039777755737,]
