best-result = 34.87254595756531
warmup-time = 34.210230350494385
all-measurements = [ 35.040825843811035, 34.87254595756531, 35.1152880191803,]
