best-result = 87.07877898216248
warmup-time = 88.46175241470337
all-measurements = [ 88.16210579872131, 90.52007174491882, 87.07877898216248,]
