best-result = 37.59041953086853
warmup-time = 38.434704065322876
all-measurements = [ 38.88686394691467, 37.59041953086853, 38.663727045059204,]
