best-result = 43.44294500350952
warmup-time = 43.42219591140747
all-measurements = [ 45.591217041015625, 43.44294500350952, 44.79353976249695,]
