best-result = 27.88214349746704
warmup-time = 28.437193393707275
all-measurements = [ 28.952090978622437, 29.15365481376648, 27.88214349746704,]
