best-result = 636.8542139530182
warmup-time = 674.4503617286682
all-measurements = [ 652.865106344223, 636.8542139530182, 638.5221095085144,]
