best-result = 173.76725673675537
warmup-time = 177.30866479873657
all-measurements = [ 175.02349972724915, 173.76725673675537, 174.18392252922058,]
