best-result = 63.51118326187134
warmup-time = 59.535842180252075
all-measurements = [ 69.0007574558258, 66.04970860481262, 63.51118326187134,]
