best-result = 25.860130548477173
warmup-time = 26.42073369026184
all-measurements = [ 26.20413851737976, 25.860130548477173, 25.879948377609253,]
