best-result = 34.760963678359985
warmup-time = 37.647509813308716
all-measurements = [ 37.49910068511963, 38.65304946899414, 34.760963678359985,]
