best-result = 30.59428858757019
warmup-time = 32.07063603401184
all-measurements = [ 30.92972230911255, 30.855583667755127, 30.59428858757019,]
