best-result = 258.1545021533966
warmup-time = 265.8772044181824
all-measurements = [ 260.3243613243103, 258.1545021533966, 259.1522009372711,]
