best-result = 36.43065810203552
warmup-time = 37.62057614326477
all-measurements = [ 36.43065810203552, 36.46592736244202, 37.09953761100769,]
