best-result = 112.13148069381714
warmup-time = 113.83046913146973
all-measurements = [ 112.13148069381714, 114.78547668457031, 113.46002149581909,]
