best-result = 40.49400234222412
warmup-time = 41.12790513038635
all-measurements = [ 40.49400234222412, 41.015650510787964, 40.71263313293457,]
