best-result = 46.84932899475098
warmup-time = 47.582711696624756
all-measurements = [ 49.22059750556946, 47.65296721458435, 46.84932899475098,]
