best-result = 33.47867226600647
warmup-time = 33.596543073654175
all-measurements = [ 33.47867226600647, 34.28553056716919, 34.185086727142334,]
