best-result = 36.81624412536621
warmup-time = 37.55536866188049
all-measurements = [ 38.283645153045654, 36.93623614311218, 36.81624412536621,]
