best-result = 59.158852338790894
warmup-time = 60.960763454437256
all-measurements = [ 60.769206285476685, 59.158852338790894, 60.84397792816162,]
