best-result = 221.82102346420288
warmup-time = 227.05141019821167
all-measurements = [ 221.82102346420288, 226.9976737499237, 224.63848447799683,]
