best-result = 510.35470175743103
warmup-time = 522.6181874275208
all-measurements = [ 514.0579316616058, 510.35470175743103, 515.2714056968689,]
