best-result = 36.069828510284424
warmup-time = 36.920145750045776
all-measurements = [ 37.39530396461487, 36.069828510284424, 36.21623373031616,]
