best-result = 28.80435609817505
warmup-time = 29.514153957366943
all-measurements = [ 29.103602409362793, 29.30853819847107, 28.80435609817505,]
