best-result = 72.92393612861633
warmup-time = 80.42296290397644
all-measurements = [ 76.0536253452301, 72.92393612861633, 80.4449143409729,]
