best-result = 60.55092906951904
warmup-time = 61.39717388153076
all-measurements = [ 60.77685356140137, 60.55092906951904, 61.909417390823364,]
