best-result = 27.507700204849243
warmup-time = 27.8389892578125
all-measurements = [ 28.234865188598633, 27.89534902572632, 27.507700204849243,]
