best-result = 35.619062423706055
warmup-time = 35.65446400642395
all-measurements = [ 35.619062423706055, 44.17196989059448, 40.61946439743042,]
