best-result = 33.73162007331848
warmup-time = 35.20403718948364
all-measurements = [ 34.25776672363281, 35.087549448013306, 33.73162007331848,]
