best-result = 40.56240439414978
warmup-time = 42.23387908935547
all-measurements = [ 40.56240439414978, 42.477579832077026, 41.641782999038696,]
