best-result = 95.61735892295837
warmup-time = 96.5867178440094
all-measurements = [ 95.9406099319458, 95.61735892295837, 96.60961818695068,]
