best-result = 27.433239221572876
warmup-time = 29.647278547286987
all-measurements = [ 27.433239221572876, 27.445317268371582, 28.01638698577881,]
