best-result = 35.1509850025177
warmup-time = 35.116578102111816
all-measurements = [ 35.16774773597717, 35.9424250125885, 35.1509850025177,]
