best-result = 86.31889176368713
warmup-time = 97.34891867637634
all-measurements = [ 91.04724049568176, 95.64561462402344, 86.31889176368713,]
