best-result = 39.00857448577881
warmup-time = 38.4728057384491
all-measurements = [ 39.268622159957886, 39.36616492271423, 39.00857448577881,]
