best-result = 43.40631175041199
warmup-time = 44.30661416053772
all-measurements = [ 43.40631175041199, 44.439494132995605, 44.8091254234314,]
