best-result = 28.985186338424683
warmup-time = 27.61444401741028
all-measurements = [ 29.098010301589966, 28.985186338424683, 29.133597373962402,]
