best-result = 635.8715000152588
warmup-time = 666.6552021503448
all-measurements = [ 637.8407664299011, 635.8715000152588, 639.4742710590363,]
