best-result = 170.40722036361694
warmup-time = 170.9746265411377
all-measurements = [ 175.47599744796753, 174.0467712879181, 170.40722036361694,]
