best-result = 62.74497127532959
warmup-time = 54.32936191558838
all-measurements = [ 62.74497127532959, 65.7958254814148, 63.60558032989502,]
