best-result = 25.93341064453125
warmup-time = 25.66227674484253
all-measurements = [ 26.343315839767456, 25.93341064453125, 26.796117305755615,]
