best-result = 35.986867904663086
warmup-time = 41.62583899497986
all-measurements = [ 38.48935890197754, 36.79896426200867, 35.986867904663086,]
