best-result = 32.13043832778931
warmup-time = 33.125882387161255
all-measurements = [ 32.829527139663696, 32.196359634399414, 32.13043832778931,]
