best-result = 282.86641550064087
warmup-time = 282.81695652008057
all-measurements = [ 286.24273204803467, 282.86641550064087, 285.6025297641754,]
