best-result = 35.99767541885376
warmup-time = 37.8586368560791
all-measurements = [ 35.99767541885376, 38.20786929130554, 36.13255953788757,]
