best-result = 43.36424160003662
warmup-time = 43.974310874938965
all-measurements = [ 43.36424160003662, 44.67297673225403, 43.464632987976074,]
