best-result = 51.36879301071167
warmup-time = 51.80072355270386
all-measurements = [ 51.36879301071167, 53.045172691345215, 52.39715075492859,]
