best-result = 34.57889199256897
warmup-time = 35.29435873031616
all-measurements = [ 34.57889199256897, 36.506980419158936, 36.32856869697571,]
