best-result = 40.05789303779602
warmup-time = 39.479533672332764
all-measurements = [ 40.277470111846924, 40.05789303779602, 40.61814641952515,]
