best-result = 61.211590051651
warmup-time = 61.889965534210205
all-measurements = [ 61.417678356170654, 62.24947643280029, 61.211590051651,]
