best-result = 253.03413462638855
warmup-time = 256.3731288909912
all-measurements = [ 255.12196397781372, 254.4497640132904, 253.03413462638855,]
