best-result = 592.8763477802277
warmup-time = 600.0274837017059
all-measurements = [ 593.869656085968, 592.8763477802277, 595.8861026763916,]
