best-result = 35.356529712677
warmup-time = 37.29786801338196
all-measurements = [ 36.00269293785095, 35.356529712677, 38.87414002418518,]
