best-result = 68.3204255104065
warmup-time = 65.85068726539612
all-measurements = [ 69.26006054878235, 68.3204255104065, 69.26273989677429,]
