best-result = 27.91149592399597
warmup-time = 28.188469886779785
all-measurements = [ 27.91149592399597, 29.70828866958618, 28.032572746276855,]
