best-result = 33.93433451652527
warmup-time = 37.31116247177124
all-measurements = [ 33.93433451652527, 36.983609199523926, 36.97397541999817,]
