best-result = 33.46396541595459
warmup-time = 34.84977102279663
all-measurements = [ 33.46396541595459, 34.230825662612915, 34.07200765609741,]
