best-result = 45.154383420944214
warmup-time = 45.10906362533569
all-measurements = [ 45.81480813026428, 45.59215259552002, 45.154383420944214,]
