best-result = 103.24018359184265
warmup-time = 105.1112596988678
all-measurements = [ 107.19570660591125, 103.24018359184265, 104.59992623329163,]
