best-result = 28.31368136405945
warmup-time = 28.47482919692993
all-measurements = [ 29.263710021972656, 28.89972472190857, 28.31368136405945,]
