best-result = 34.78659224510193
warmup-time = 38.10067415237427
all-measurements = [ 34.78659224510193, 34.949110984802246, 35.193010091781616,]
