best-result = 40.52416396141052
warmup-time = 40.76250100135803
all-measurements = [ 40.52416396141052, 42.4595901966095, 40.66892099380493,]
