best-result = 44.47798728942871
warmup-time = 45.12952136993408
all-measurements = [ 44.47798728942871, 45.31822466850281, 45.77953219413757,]
