best-result = 27.688984394073486
warmup-time = 27.910419464111328
all-measurements = [ 27.688984394073486, 28.8814799785614, 28.634000778198242,]
