best-result = 731.329256772995
warmup-time = 735.8276705741882
all-measurements = [ 746.5245630741119, 731.329256772995, 734.6105732917786,]
