best-result = 194.09388375282288
warmup-time = 196.38975262641907
all-measurements = [ 194.09388375282288, 195.4778733253479, 196.47796082496643,]
