best-result = 45.10272026062012
warmup-time = 45.8367178440094
all-measurements = [ 46.452850341796875, 45.48855996131897, 45.10272026062012,]
