best-result = 24.88864517211914
warmup-time = 25.01883292198181
all-measurements = [ 25.18742537498474, 24.895445108413696, 24.88864517211914,]
