best-result = 34.99156355857849
warmup-time = 39.42542505264282
all-measurements = [ 34.99156355857849, 36.893118143081665, 38.14266347885132,]
