best-result = 31.566349267959595
warmup-time = 32.32580828666687
all-measurements = [ 32.34878611564636, 31.566349267959595, 32.927247762680054,]
