best-result = 273.1837749481201
warmup-time = 277.0371615886688
all-measurements = [ 276.89425468444824, 273.1837749481201, 274.7248885631561,]
