best-result = 35.432661056518555
warmup-time = 36.25885629653931
all-measurements = [ 37.09823513031006, 35.432661056518555, 36.48066687583923,]
