best-result = 41.09472370147705
warmup-time = 41.17256283760071
all-measurements = [ 41.09472370147705, 41.177544593811035, 41.378159284591675,]
