best-result = 50.13655114173889
warmup-time = 51.7348997592926
all-measurements = [ 50.23761606216431, 50.42241621017456, 50.13655114173889,]
