best-result = 33.819095611572266
warmup-time = 34.875812292099
all-measurements = [ 35.34079051017761, 33.819095611572266, 34.60666346549988,]
