best-result = 37.56028914451599
warmup-time = 38.302161693573
all-measurements = [ 37.88835334777832, 37.56028914451599, 37.792890548706055,]
