best-result = 57.85588240623474
warmup-time = 57.01137828826904
all-measurements = [ 61.75414562225342, 57.85588240623474, 58.46413803100586,]
