best-result = 241.18430399894714
warmup-time = 243.4166271686554
all-measurements = [ 241.18430399894714, 243.08767247200012, 243.37770771980286,]
