best-result = 548.5917527675629
warmup-time = 550.5023231506348
all-measurements = [ 551.4310884475708, 548.5917527675629, 563.8700256347656,]
