best-result = 35.90818428993225
warmup-time = 36.090264320373535
all-measurements = [ 35.90818428993225, 38.02870535850525, 37.26658916473389,]
