best-result = 64.79680919647217
warmup-time = 66.52166223526001
all-measurements = [ 65.0479302406311, 64.97070598602295, 64.79680919647217,]
