best-result = 27.257356882095337
warmup-time = 27.347066640853882
all-measurements = [ 27.257356882095337, 28.150449752807617, 27.903090476989746,]
