best-result = 36.02663540840149
warmup-time = 36.33250713348389
all-measurements = [ 36.4037868976593, 36.3764762878418, 36.02663540840149,]
