best-result = 32.98649072647095
warmup-time = 33.864179372787476
all-measurements = [ 32.98649072647095, 33.211703300476074, 34.01916217803955,]
