best-result = 41.82997393608093
warmup-time = 43.568154096603394
all-measurements = [ 43.43007469177246, 41.82997393608093, 42.90441274642944,]
