best-result = 96.8496584892273
warmup-time = 101.13527631759644
all-measurements = [ 96.8496584892273, 99.41588616371155, 99.61452221870422,]
