best-result = 28.095918655395508
warmup-time = 27.234331846237183
all-measurements = [ 28.095918655395508, 28.791176557540894, 28.369877099990845,]
