best-result = 34.34245228767395
warmup-time = 33.86064338684082
all-measurements = [ 35.68301057815552, 34.786303997039795, 34.34245228767395,]
