best-result = 39.5833158493042
warmup-time = 40.465545654296875
all-measurements = [ 39.5833158493042, 40.47446823120117, 40.17159700393677,]
