best-result = 42.57931184768677
warmup-time = 43.87795090675354
all-measurements = [ 42.61413025856018, 44.07074785232544, 42.57931184768677,]
