best-result = 27.292991876602173
warmup-time = 28.429537296295166
all-measurements = [ 27.292991876602173, 27.654101610183716, 28.187856912612915,]
