best-result = 696.2023093700409
warmup-time = 723.3637363910675
all-measurements = [ 717.463240146637, 696.2023093700409, 705.8718311786652,]
