best-result = 178.52969884872437
warmup-time = 182.01491594314575
all-measurements = [ 181.3941352367401, 178.52969884872437, 184.6205575466156,]
