best-result = 42.28515028953552
warmup-time = 44.76404571533203
all-measurements = [ 42.28515028953552, 45.972604513168335, 45.32239007949829,]
