best-result = 23.197352647781372
warmup-time = 23.620177268981934
all-measurements = [ 23.653260231018066, 23.696242570877075, 23.197352647781372,]
