best-result = 47.068665504455566
warmup-time = 65.13273286819458
all-measurements = [ 47.25202012062073, 47.068665504455566, 47.182528495788574,]
