best-result = 46.2929413318634
warmup-time = 57.25095176696777
all-measurements = [ 46.2929413318634, 47.31217002868652, 47.22299289703369,]
