best-result = 900.5967683792114
warmup-time = 1117.5572764873505
all-measurements = [ 903.0071766376495, 900.5967683792114, 900.7751059532166,]
