best-result = 86.30683970451355
warmup-time = 113.28203988075256
all-measurements = [ 86.30683970451355, 86.9841833114624, 87.31047224998474,]
