best-result = 989.7093544006348
warmup-time = 1025.2760453224182
all-measurements = [ 990.9997887611389, 990.5006127357483, 989.7093544006348,]
