best-result = 84.23459124565125
warmup-time = 103.28443956375122
all-measurements = [ 84.55881357192993, 84.37534785270691, 84.23459124565125,]
