best-result = 67.96132779121399
warmup-time = 90.85383582115173
all-measurements = [ 68.6512496471405, 67.96132779121399, 68.36278820037842,]
