best-result = 91.97725939750671
warmup-time = 105.82148718833923
all-measurements = [ 91.97725939750671, 92.89981603622437, 92.15447449684143,]
