best-result = 646.6025176048279
warmup-time = 663.5387277603149
all-measurements = [ 649.9467597007751, 651.0834786891937, 646.6025176048279,]
