best-result = 62.63892984390259
warmup-time = 72.33012413978577
all-measurements = [ 62.737406492233276, 62.63892984390259, 63.09986710548401,]
