best-result = 207.00008487701416
warmup-time = 363.79274559020996
all-measurements = [ 207.00008487701416, 207.00044012069702, 207.6939980983734,]
