best-result = 386.5886118412018
warmup-time = 828.3789687156677
all-measurements = [ 388.70011615753174, 389.99248576164246, 386.5886118412018,]
