best-result = 63.329325437545776
warmup-time = 78.49308943748474
all-measurements = [ 63.85521960258484, 63.329325437545776, 63.49125695228577,]
