best-result = 40.391557693481445
warmup-time = 48.564043283462524
all-measurements = [ 40.391557693481445, 40.83588457107544, 40.524078369140625,]
