best-result = 135.3309519290924
warmup-time = 168.36274909973145
all-measurements = [ 135.88065028190613, 135.3309519290924, 136.06658720970154,]
