best-result = 925.8013741970062
warmup-time = 964.226645231247
all-measurements = [ 941.1979825496674, 925.8013741970062, 925.8243134021759,]
