best-result = 28.18373394012451
warmup-time = 37.3996262550354
all-measurements = [ 28.209348678588867, 28.18373394012451, 29.08535146713257,]
