best-result = 57.484936237335205
warmup-time = 70.93340158462524
all-measurements = [ 57.484936237335205, 58.01380896568298, 57.92202615737915,]
