best-result = 60.11272048950195
warmup-time = 76.46680450439453
all-measurements = [ 60.56669569015503, 60.521870374679565, 60.11272048950195,]
