best-result = 110.21450972557068
warmup-time = 139.3438286781311
all-measurements = [ 110.35980606079102, 110.5247814655304, 110.21450972557068,]
