best-result = 777.8143079280853
warmup-time = 847.5145716667175
all-measurements = [ 796.6393070220947, 777.8143079280853, 779.3426983356476,]
