best-result = 34.332547664642334
warmup-time = 41.756399631500244
all-measurements = [ 34.393733739852905, 34.46401572227478, 34.332547664642334,]
