best-result = 56.20884895324707
warmup-time = 72.19651556015015
all-measurements = [ 56.20884895324707, 56.47146487236023, 56.7085964679718,]
