best-result = 1614.2877368927002
warmup-time = 2431.368932723999
all-measurements = [ 2194.2875945568085, 1614.2877368927002, 1716.2027444839478,]
