best-result = 48.83682203292847
warmup-time = 69.36854791641235
all-measurements = [ 48.83682203292847, 49.40912365913391, 49.314921379089355,]
