best-result = 81.57612299919128
warmup-time = 99.96623802185059
all-measurements = [ 81.81618809700012, 81.57612299919128, 82.1204776763916,]
