best-result = 38.081562757492065
warmup-time = 47.444560527801514
all-measurements = [ 38.081562757492065, 38.77370643615723, 38.37191367149353,]
