best-result = 328.222957611084
warmup-time = 486.70487904548645
all-measurements = [ 334.534850358963, 328.222957611084, 330.3721752166748,]
