best-result = 58.957255601882935
warmup-time = 60.069785594940186
all-measurements = [ 59.90797567367554, 58.957255601882935, 60.091893434524536,]
