best-result = 21.43874192237854
warmup-time = 21.762404203414917
all-measurements = [ 21.43874192237854, 21.90004563331604, 22.06361699104309,]
