best-result = 46.75070858001709
warmup-time = 62.89634442329407
all-measurements = [ 47.25672483444214, 47.35849905014038, 46.75070858001709,]
