best-result = 46.62992477416992
warmup-time = 59.00221300125122
all-measurements = [ 46.93920588493347, 46.730124711990356, 46.62992477416992,]
