best-result = 982.592452287674
warmup-time = 1172.2075099945068
all-measurements = [ 995.8515295982361, 982.592452287674, 983.9015047550201,]
