best-result = 81.1112163066864
warmup-time = 95.84230470657349
all-measurements = [ 81.1112163066864, 82.22974944114685, 81.8762936592102,]
