best-result = 78.34302043914795
warmup-time = 99.11342239379883
all-measurements = [ 78.34302043914795, 78.53631401062012, 79.2408881187439,]
