best-result = 68.75544381141663
warmup-time = 91.2865948677063
all-measurements = [ 70.16404843330383, 68.81464409828186, 68.75544381141663,]
