best-result = 84.07733798027039
warmup-time = 98.54301977157593
all-measurements = [ 84.07733798027039, 84.35741996765137, 84.36250758171082,]
