best-result = 592.5260062217712
warmup-time = 631.4074685573578
all-measurements = [ 593.4848012924194, 596.099974155426, 592.5260062217712,]
