best-result = 62.22160577774048
warmup-time = 76.3732419013977
all-measurements = [ 62.22160577774048, 62.49798083305359, 63.54919648170471,]
