best-result = 231.14666056632996
warmup-time = 398.60591316223145
all-measurements = [ 232.8919222354889, 234.2338535785675, 231.14666056632996,]
