best-result = 444.92052006721497
warmup-time = 911.3471434116364
all-measurements = [ 450.73036313056946, 447.49304962158203, 444.92052006721497,]
