best-result = 59.67195725440979
warmup-time = 75.811115026474
all-measurements = [ 60.514474868774414, 59.67195725440979, 59.967981576919556,]
