best-result = 857.0993700027466
warmup-time = 891.9001696109772
all-measurements = [ 860.2869083881378, 864.9680819511414, 857.0993700027466,]
