best-result = 26.73684811592102
warmup-time = 34.55280256271362
all-measurements = [ 26.73684811592102, 26.784353017807007, 28.060138463974,]
