best-result = 58.33453631401062
warmup-time = 73.45446634292603
all-measurements = [ 58.33453631401062, 59.1278600692749, 58.516106367111206,]
