best-result = 55.20239448547363
warmup-time = 70.25066924095154
all-measurements = [ 56.543577432632446, 55.20239448547363, 55.49980115890503,]
