best-result = 108.74009680747986
warmup-time = 138.5371880531311
all-measurements = [ 108.89182162284851, 108.74009680747986, 109.35934901237488,]
