best-result = 769.9695291519165
warmup-time = 837.603556394577
all-measurements = [ 769.9695291519165, 771.6005415916443, 771.2306711673737,]
