best-result = 33.58493781089783
warmup-time = 40.203108072280884
all-measurements = [ 33.969921588897705, 33.58493781089783, 34.05949831008911,]
