best-result = 53.30296874046326
warmup-time = 66.30756211280823
all-measurements = [ 53.99777173995972, 53.62573957443237, 53.30296874046326,]
