best-result = 49.03484392166138
warmup-time = 68.76930403709412
all-measurements = [ 50.08473038673401, 49.03484392166138, 49.82967758178711,]
