best-result = 78.78861236572266
warmup-time = 97.05897331237793
all-measurements = [ 80.05198526382446, 78.78861236572266, 80.40197563171387,]
