best-result = 35.61459946632385
warmup-time = 43.59756660461426
all-measurements = [ 35.61459946632385, 35.84869718551636, 35.9387743473053,]
