best-result = 349.27744030952454
warmup-time = 491.9174110889435
all-measurements = [ 349.3380949497223, 354.9000790119171, 349.27744030952454,]
