best-result = 103.27421498298645
warmup-time = 103.0026068687439
all-measurements = [ 103.27421498298645, 104.0869791507721, 104.13194251060486,]
