best-result = 26.13829493522644
warmup-time = 26.366318702697754
all-measurements = [ 26.13829493522644, 26.195767641067505, 26.324331045150757,]
