best-result = 36.75221061706543
warmup-time = 37.97314786911011
all-measurements = [ 36.75221061706543, 38.568122148513794, 37.00443124771118,]
