best-result = 30.817273378372192
warmup-time = 31.095216274261475
all-measurements = [ 30.817273378372192, 31.05792760848999, 31.24762201309204,]
