best-result = 253.3359670639038
warmup-time = 258.59406328201294
all-measurements = [ 258.60272550582886, 253.3359670639038, 258.6817786693573,]
