best-result = 35.91924428939819
warmup-time = 36.814284801483154
all-measurements = [ 37.11117219924927, 36.32768249511719, 35.91924428939819,]
