best-result = 113.49880409240723
warmup-time = 117.41804957389832
all-measurements = [ 115.24326777458191, 114.16577672958374, 113.49880409240723,]
