best-result = 40.77960968017578
warmup-time = 40.97285437583923
all-measurements = [ 40.77960968017578, 41.934152364730835, 42.48189449310303,]
