best-result = 47.22667336463928
warmup-time = 48.25799870491028
all-measurements = [ 49.04509449005127, 47.22667336463928, 47.55982708930969,]
