best-result = 33.14348483085632
warmup-time = 34.12888693809509
all-measurements = [ 33.67538499832153, 34.12406802177429, 33.14348483085632,]
