best-result = 37.406962156295776
warmup-time = 37.73476767539978
all-measurements = [ 37.93162751197815, 37.406962156295776, 37.97799730300903,]
