best-result = 57.12214112281799
warmup-time = 64.79416036605835
all-measurements = [ 60.7050986289978, 57.12214112281799, 61.4230899810791,]
