best-result = 222.81431794166565
warmup-time = 224.79383993148804
all-measurements = [ 226.1809685230255, 222.81431794166565, 226.24205350875854,]
