best-result = 514.4814035892487
warmup-time = 520.6910843849182
all-measurements = [ 515.7619338035583, 515.4313025474548, 514.4814035892487,]
