best-result = 35.008429765701294
warmup-time = 37.36923003196716
all-measurements = [ 37.37281274795532, 35.008429765701294, 36.83554720878601,]
