best-result = 28.704406023025513
warmup-time = 29.01069974899292
all-measurements = [ 28.704406023025513, 28.752715349197388, 29.79141855239868,]
