best-result = 78.14282631874084
warmup-time = 81.14474415779114
all-measurements = [ 78.47824883460999, 78.14282631874084, 80.39879894256592,]
