best-result = 61.471877336502075
warmup-time = 63.812158823013306
all-measurements = [ 62.89936900138855, 61.471877336502075, 63.79425835609436,]
