best-result = 27.77104949951172
warmup-time = 29.179906606674194
all-measurements = [ 28.242005348205566, 27.77104949951172, 28.003146171569824,]
