best-result = 35.103599071502686
warmup-time = 35.47450280189514
all-measurements = [ 35.53814172744751, 35.231037855148315, 35.103599071502686,]
