best-result = 32.75122904777527
warmup-time = 34.19729733467102
all-measurements = [ 32.75122904777527, 33.65069818496704, 33.44825267791748,]
