best-result = 41.91750478744507
warmup-time = 43.861934661865234
all-measurements = [ 42.453861713409424, 43.911104679107666, 41.91750478744507,]
