best-result = 96.1748685836792
warmup-time = 98.9244589805603
all-measurements = [ 96.77717614173889, 96.1748685836792, 96.5517725944519,]
