best-result = 27.51463270187378
warmup-time = 29.49786901473999
all-measurements = [ 29.36939263343811, 27.51463270187378, 29.90590810775757,]
