best-result = 33.8485209941864
warmup-time = 35.33173871040344
all-measurements = [ 34.29027032852173, 34.14991211891174, 33.8485209941864,]
