best-result = 85.97380566596985
warmup-time = 87.0572509765625
all-measurements = [ 85.97380566596985, 95.14645171165466, 88.4502637386322,]
