best-result = 38.33813834190369
warmup-time = 39.31177496910095
all-measurements = [ 38.33813834190369, 38.470637798309326, 39.95921063423157,]
