best-result = 42.99990367889404
warmup-time = 44.65151000022888
all-measurements = [ 45.290302991867065, 44.80318212509155, 42.99990367889404,]
