best-result = 28.74412727355957
warmup-time = 29.068642139434814
all-measurements = [ 28.970380067825317, 28.74412727355957, 28.989123821258545,]
