best-result = 635.6782937049866
warmup-time = 677.2478120326996
all-measurements = [ 644.1021656990051, 635.6782937049866, 643.1944918632507,]
