best-result = 171.41339254379272
warmup-time = 174.00792050361633
all-measurements = [ 173.28395414352417, 171.41339254379272, 174.66795873641968,]
