best-result = 59.99235701560974
warmup-time = 66.38680791854858
all-measurements = [ 59.99235701560974, 68.49741744995117, 66.75790238380432,]
