best-result = 25.862439155578613
warmup-time = 26.41756272315979
all-measurements = [ 26.045344829559326, 27.10541033744812, 25.862439155578613,]
