best-result = 38.84638857841492
warmup-time = 38.49567270278931
all-measurements = [ 40.08913016319275, 40.072997093200684, 38.84638857841492,]
