best-result = 30.971911191940308
warmup-time = 30.918835163116455
all-measurements = [ 31.979679584503174, 30.971911191940308, 31.75057029724121,]
