best-result = 257.2678499221802
warmup-time = 264.32498574256897
all-measurements = [ 260.1184911727905, 260.0883231163025, 257.2678499221802,]
