best-result = 35.85035681724548
warmup-time = 34.914185762405396
all-measurements = [ 37.12243461608887, 35.85035681724548, 36.87214207649231,]
