best-result = 119.07841968536377
warmup-time = 121.98023414611816
all-measurements = [ 119.07841968536377, 120.6991319656372, 119.51275181770325,]
