best-result = 39.36777663230896
warmup-time = 42.59108638763428
all-measurements = [ 39.36777663230896, 39.95921492576599, 39.912330627441406,]
