best-result = 47.93212032318115
warmup-time = 49.18857479095459
all-measurements = [ 47.93212032318115, 49.37687802314758, 50.20111680030823,]
