best-result = 33.0848867893219
warmup-time = 34.490288734436035
all-measurements = [ 33.45864129066467, 33.0848867893219, 33.85233521461487,]
