best-result = 37.171326875686646
warmup-time = 37.6946918964386
all-measurements = [ 37.34325885772705, 37.171326875686646, 37.531853675842285,]
