best-result = 61.89501905441284
warmup-time = 61.22146272659302
all-measurements = [ 62.56063795089722, 61.89501905441284, 63.0412712097168,]
