best-result = 225.8759789466858
warmup-time = 228.14975690841675
all-measurements = [ 228.07052278518677, 225.8759789466858, 230.849036693573,]
