best-result = 514.8553712368011
warmup-time = 520.1303658485413
all-measurements = [ 514.8553712368011, 515.5040516853333, 532.3890643119812,]
