best-result = 34.489203214645386
warmup-time = 37.32892918586731
all-measurements = [ 36.13361048698425, 34.489203214645386, 37.58425188064575,]
