best-result = 28.84703493118286
warmup-time = 29.371299266815186
all-measurements = [ 28.84703493118286, 29.051146984100342, 28.914578437805176,]
