best-result = 77.04759621620178
warmup-time = 79.28154563903809
all-measurements = [ 79.18265795707703, 79.23433017730713, 77.04759621620178,]
