best-result = 61.34933376312256
warmup-time = 64.02318859100342
all-measurements = [ 61.34933376312256, 61.97053003311157, 64.16365957260132,]
