best-result = 29.40004062652588
warmup-time = 30.321090698242188
all-measurements = [ 29.40004062652588, 30.463440895080566, 29.830230951309204,]
