best-result = 34.97402262687683
warmup-time = 35.602694511413574
all-measurements = [ 34.97402262687683, 35.30487775802612, 35.74715828895569,]
