best-result = 35.59374952316284
warmup-time = 36.625813484191895
all-measurements = [ 35.80251431465149, 35.59374952316284, 35.863871335983276,]
