best-result = 43.24658250808716
warmup-time = 43.48280882835388
all-measurements = [ 44.43419170379639, 43.24658250808716, 43.320133686065674,]
