best-result = 98.12078738212585
warmup-time = 100.85377430915833
all-measurements = [ 99.06336331367493, 100.50785326957703, 98.12078738212585,]
