best-result = 28.193106412887573
warmup-time = 28.50515103340149
all-measurements = [ 28.193106412887573, 29.358698844909668, 28.352860927581787,]
