best-result = 35.030839681625366
warmup-time = 35.699397563934326
all-measurements = [ 35.922773599624634, 35.030839681625366, 36.17054224014282,]
