best-result = 86.51580119132996
warmup-time = 95.98491549491882
all-measurements = [ 95.94181537628174, 86.51580119132996, 92.4595901966095,]
