best-result = 39.54878520965576
warmup-time = 39.834768533706665
all-measurements = [ 40.60810208320618, 40.26868033409119, 39.54878520965576,]
