best-result = 43.51170372962952
warmup-time = 43.58297824859619
all-measurements = [ 44.021860122680664, 43.51170372962952, 44.320653438568115,]
