best-result = 28.07620072364807
warmup-time = 28.432988166809082
all-measurements = [ 28.318641424179077, 28.861807107925415, 28.07620072364807,]
