best-result = 651.037055015564
warmup-time = 703.6780111789703
all-measurements = [ 657.0441806316376, 651.037055015564, 651.0491988658905,]
