best-result = 171.0382421016693
warmup-time = 173.81739807128906
all-measurements = [ 177.95852160453796, 171.0382421016693, 172.62373423576355,]
