best-result = 64.29329490661621
warmup-time = 69.47125387191772
all-measurements = [ 66.44088912010193, 66.53461503982544, 64.29329490661621,]
