best-result = 24.659469604492188
warmup-time = 24.983036994934082
all-measurements = [ 24.659469604492188, 25.692026138305664, 24.890769958496094,]
