best-result = 36.62113094329834
warmup-time = 38.90890860557556
all-measurements = [ 36.84549832344055, 36.87467288970947, 36.62113094329834,]
