best-result = 31.570071697235107
warmup-time = 32.399746894836426
all-measurements = [ 31.892624855041504, 33.013935804367065, 31.570071697235107,]
