best-result = 275.1388328075409
warmup-time = 275.520272731781
all-measurements = [ 276.33359360694885, 275.1388328075409, 276.94898223876953,]
