best-result = 35.32384157180786
warmup-time = 37.012508392333984
all-measurements = [ 35.984599590301514, 36.07110261917114, 35.32384157180786,]
