best-result = 40.48895239830017
warmup-time = 41.03086304664612
all-measurements = [ 40.73870635032654, 41.18727207183838, 40.48895239830017,]
