best-result = 49.83472442626953
warmup-time = 51.06479501724243
all-measurements = [ 49.83472442626953, 50.68725252151489, 50.501620054244995,]
