best-result = 33.33092713356018
warmup-time = 33.47868227958679
all-measurements = [ 33.33092713356018, 35.90525436401367, 35.29219961166382,]
