best-result = 35.60790181159973
warmup-time = 37.592042446136475
all-measurements = [ 35.60790181159973, 38.150203704833984, 37.583884954452515,]
