best-result = 55.54977369308472
warmup-time = 60.816548585891724
all-measurements = [ 60.23321056365967, 60.43964743614197, 55.54977369308472,]
