best-result = 242.25790572166443
warmup-time = 245.13762831687927
all-measurements = [ 242.25790572166443, 242.46779441833496, 242.59111046791077,]
