best-result = 546.3310887813568
warmup-time = 546.0716116428375
all-measurements = [ 546.6615765094757, 546.3310887813568, 548.1691701412201,]
