best-result = 34.115105628967285
warmup-time = 35.705092906951904
all-measurements = [ 34.115105628967285, 36.014267921447754, 37.64610958099365,]
