best-result = 64.67092323303223
warmup-time = 66.61443042755127
all-measurements = [ 66.77977681159973, 64.67092323303223, 65.83594489097595,]
