best-result = 27.41834282875061
warmup-time = 27.92735719680786
all-measurements = [ 27.467875003814697, 27.41834282875061, 27.662308931350708,]
