best-result = 35.80085206031799
warmup-time = 36.25897717475891
all-measurements = [ 35.80085206031799, 36.51208806037903, 37.238054513931274,]
