best-result = 32.11904978752136
warmup-time = 33.543720722198486
all-measurements = [ 32.11904978752136, 33.92065739631653, 33.77252221107483,]
