best-result = 42.45971632003784
warmup-time = 42.76219391822815
all-measurements = [ 42.45971632003784, 44.41546154022217, 42.55109977722168,]
