best-result = 97.10843586921692
warmup-time = 99.07579708099365
all-measurements = [ 97.10843586921692, 101.25145840644836, 98.90276312828064,]
