best-result = 27.78288459777832
warmup-time = 27.66788411140442
all-measurements = [ 28.77499032020569, 28.172677516937256, 27.78288459777832,]
