best-result = 34.18945240974426
warmup-time = 33.48921346664429
all-measurements = [ 34.18945240974426, 34.80195379257202, 35.58502793312073,]
