best-result = 38.32041263580322
warmup-time = 39.655965089797974
all-measurements = [ 38.32041263580322, 40.17239832878113, 39.36961603164673,]
