best-result = 42.68571758270264
warmup-time = 46.08466053009033
all-measurements = [ 44.23545455932617, 44.97036266326904, 42.68571758270264,]
