best-result = 26.980602741241455
warmup-time = 28.154052257537842
all-measurements = [ 26.980602741241455, 27.54026770591736, 28.428298473358154,]
