best-result = 699.6414430141449
warmup-time = 703.187331199646
all-measurements = [ 699.6414430141449, 717.3680362701416, 709.0764834880829,]
