best-result = 180.71253395080566
warmup-time = 182.62640500068665
all-measurements = [ 180.71253395080566, 184.1573507785797, 184.6515827178955,]
