best-result = 42.64435267448425
warmup-time = 48.89454889297485
all-measurements = [ 47.40672516822815, 51.25581431388855, 42.64435267448425,]
