best-result = 26.0777268409729
warmup-time = 26.108678102493286
all-measurements = [ 26.345025777816772, 26.0777268409729, 26.637383460998535,]
