best-result = 34.63146233558655
warmup-time = 38.61377286911011
all-measurements = [ 37.23272681236267, 38.16724395751953, 34.63146233558655,]
