best-result = 31.451677560806274
warmup-time = 31.273350954055786
all-measurements = [ 31.95120620727539, 32.12596368789673, 31.451677560806274,]
