best-result = 262.9972469806671
warmup-time = 271.5093836784363
all-measurements = [ 263.65652322769165, 266.8234839439392, 262.9972469806671,]
