best-result = 36.90920066833496
warmup-time = 37.38895630836487
all-measurements = [ 36.90920066833496, 37.41756081581116, 37.167978286743164,]
