best-result = 40.380104064941406
warmup-time = 42.144038915634155
all-measurements = [ 40.380104064941406, 41.3339409828186, 42.21117615699768,]
