best-result = 49.11671447753906
warmup-time = 52.962952852249146
all-measurements = [ 50.240315437316895, 49.11671447753906, 50.19644236564636,]
