best-result = 34.01370191574097
warmup-time = 33.30993151664734
all-measurements = [ 34.230372190475464, 34.01370191574097, 36.298545598983765,]
