best-result = 36.963680028915405
warmup-time = 37.50293779373169
all-measurements = [ 37.70739436149597, 36.963680028915405, 38.00316047668457,]
