best-result = 62.11914849281311
warmup-time = 65.05723524093628
all-measurements = [ 64.36115646362305, 62.11914849281311, 62.24691104888916,]
