best-result = 224.40903401374817
warmup-time = 229.44898414611816
all-measurements = [ 224.40903401374817, 225.64980006217957, 226.0360209941864,]
