best-result = 519.4634461402893
warmup-time = 528.1132917404175
all-measurements = [ 523.0146758556366, 519.4634461402893, 521.4261450767517,]
