best-result = 37.68457317352295
warmup-time = 36.57917499542236
all-measurements = [ 37.68457317352295, 40.01421570777893, 38.2922842502594,]
