best-result = 72.838862657547
warmup-time = 74.14417147636414
all-measurements = [ 72.838862657547, 77.57237219810486, 73.1100401878357,]
