best-result = 62.439353704452515
warmup-time = 63.560893535614014
all-measurements = [ 64.0427496433258, 62.439353704452515, 62.95091223716736,]
