best-result = 27.53615117073059
warmup-time = 28.951040267944336
all-measurements = [ 28.980538845062256, 28.662957668304443, 27.53615117073059,]
