best-result = 32.93179726600647
warmup-time = 33.57942175865173
all-measurements = [ 36.04237747192383, 32.93179726600647, 35.55166983604431,]
