best-result = 32.51057505607605
warmup-time = 34.471614837646484
all-measurements = [ 33.659770488739014, 33.5243124961853, 32.51057505607605,]
