best-result = 43.04355502128601
warmup-time = 43.33863043785095
all-measurements = [ 43.066457986831665, 43.420475244522095, 43.04355502128601,]
