best-result = 95.9100968837738
warmup-time = 98.89670062065125
all-measurements = [ 95.9100968837738, 97.78116059303284, 99.48352146148682,]
