best-result = 29.32846999168396
warmup-time = 28.509165048599243
all-measurements = [ 29.70909357070923, 29.32846999168396, 30.13177251815796,]
