best-result = 34.5333468914032
warmup-time = 36.57162642478943
all-measurements = [ 35.98916578292847, 34.5333468914032, 34.986414432525635,]
