best-result = 85.92476081848145
warmup-time = 88.14549422264099
all-measurements = [ 92.66061806678772, 87.87291717529297, 85.92476081848145,]
