best-result = 39.72640585899353
warmup-time = 40.24960494041443
all-measurements = [ 40.40628528594971, 39.963266134262085, 39.72640585899353,]
