best-result = 44.806591272354126
warmup-time = 46.26097869873047
all-measurements = [ 45.821728229522705, 44.98029899597168, 44.806591272354126,]
