best-result = 27.69924783706665
warmup-time = 29.504871129989624
all-measurements = [ 28.673341274261475, 29.24135136604309, 27.69924783706665,]
