best-result = 707.7561991214752
warmup-time = 743.2897493839264
all-measurements = [ 709.2422370910645, 707.7561991214752, 715.140212059021,]
