best-result = 173.6884639263153
warmup-time = 175.14093828201294
all-measurements = [ 176.1618161201477, 174.42452001571655, 173.6884639263153,]
