best-result = 60.91754412651062
warmup-time = 57.676836252212524
all-measurements = [ 60.91754412651062, 70.28035426139832, 68.0471785068512,]
