best-result = 25.57058024406433
warmup-time = 26.188465356826782
all-measurements = [ 25.96912121772766, 25.57058024406433, 25.796627283096313,]
