best-result = 36.24499702453613
warmup-time = 36.65101957321167
all-measurements = [ 37.08731818199158, 37.382545709609985, 36.24499702453613,]
