best-result = 31.51575469970703
warmup-time = 33.38524389266968
all-measurements = [ 32.911540031433105, 34.03291153907776, 31.51575469970703,]
