best-result = 262.06029057502747
warmup-time = 272.20302510261536
all-measurements = [ 262.06029057502747, 266.0556712150574, 266.0748116970062,]
