best-result = 35.826618909835815
warmup-time = 37.69136929512024
all-measurements = [ 36.364569902420044, 36.737635135650635, 35.826618909835815,]
