best-result = 43.27856683731079
warmup-time = 41.015273094177246
all-measurements = [ 44.61741852760315, 43.27856683731079, 43.29261040687561,]
