best-result = 50.11154103279114
warmup-time = 49.97964072227478
all-measurements = [ 51.5851845741272, 52.501012563705444, 50.11154103279114,]
