best-result = 33.70056080818176
warmup-time = 34.418891191482544
all-measurements = [ 33.70915603637695, 36.27247953414917, 33.70056080818176,]
