best-result = 37.608595848083496
warmup-time = 39.15840196609497
all-measurements = [ 38.269402265548706, 38.461902379989624, 37.608595848083496,]
