best-result = 59.260886907577515
warmup-time = 60.31598210334778
all-measurements = [ 66.24694657325745, 63.76967978477478, 59.260886907577515,]
