best-result = 227.08293342590332
warmup-time = 229.34042143821716
all-measurements = [ 227.08293342590332, 230.98007035255432, 227.9743971824646,]
