best-result = 524.8185114860535
warmup-time = 530.3465564250946
all-measurements = [ 525.6212186813354, 524.8185114860535, 526.9028916358948,]
