best-result = 36.17185163497925
warmup-time = 37.19034457206726
all-measurements = [ 36.7105507850647, 36.17185163497925, 36.29896020889282,]
