best-result = 62.68864965438843
warmup-time = 64.11389231681824
all-measurements = [ 65.10357570648193, 63.43269681930542, 62.68864965438843,]
