best-result = 27.829150199890137
warmup-time = 28.471726417541504
all-measurements = [ 28.397874116897583, 28.802175521850586, 27.829150199890137,]
