best-result = 36.16236233711243
warmup-time = 36.62656807899475
all-measurements = [ 36.54870271682739, 36.16236233711243, 36.647812604904175,]
