best-result = 33.246766328811646
warmup-time = 33.59508466720581
all-measurements = [ 36.67364549636841, 33.28314232826233, 33.246766328811646,]
