best-result = 42.7902717590332
warmup-time = 44.60111951828003
all-measurements = [ 42.7902717590332, 43.944262742996216, 44.18129563331604,]
