best-result = 98.01255059242249
warmup-time = 100.57519769668579
all-measurements = [ 98.01255059242249, 98.31953859329224, 98.91822934150696,]
