best-result = 27.85133647918701
warmup-time = 28.95540165901184
all-measurements = [ 28.92289638519287, 27.85133647918701, 29.09829545021057,]
