best-result = 34.98700213432312
warmup-time = 34.63574171066284
all-measurements = [ 34.98700213432312, 35.23190474510193, 35.066736936569214,]
