best-result = 89.98433113098145
warmup-time = 91.97842597961426
all-measurements = [ 89.98433113098145, 96.48267531394958, 101.2892587184906,]
