best-result = 40.02592086791992
warmup-time = 39.404104471206665
all-measurements = [ 41.25053071975708, 41.5414936542511, 40.02592086791992,]
