best-result = 43.40323829650879
warmup-time = 44.7124183177948
all-measurements = [ 43.40323829650879, 46.93832325935364, 44.1752290725708,]
