best-result = 27.290517568588257
warmup-time = 28.091287851333618
all-measurements = [ 29.636338233947754, 27.290517568588257, 27.683006525039673,]
