best-result = 683.738481760025
warmup-time = 727.8673253059387
all-measurements = [ 693.540531873703, 683.738481760025, 692.0281846523285,]
