best-result = 176.3902587890625
warmup-time = 177.26223230361938
all-measurements = [ 176.87661337852478, 176.3902587890625, 179.27990341186523,]
