best-result = 42.900728940963745
warmup-time = 44.70836639404297
all-measurements = [ 44.50349736213684, 46.310349464416504, 42.900728940963745,]
