best-result = 22.395292043685913
warmup-time = 22.75653052330017
all-measurements = [ 22.815444231033325, 22.851075410842896, 22.395292043685913,]
