best-result = 47.07148218154907
warmup-time = 64.30805468559265
all-measurements = [ 47.07148218154907, 47.494945764541626, 47.42032980918884,]
