best-result = 45.83263611793518
warmup-time = 59.44259023666382
all-measurements = [ 46.07479691505432, 46.39453148841858, 45.83263611793518,]
