best-result = 919.7256624698639
warmup-time = 1145.3234515190125
all-measurements = [ 925.6798119544983, 919.7256624698639, 924.4025454521179,]
