best-result = 85.45021462440491
warmup-time = 99.91089725494385
all-measurements = [ 85.45021462440491, 85.92546725273132, 85.62645101547241,]
