best-result = 982.7139801979065
warmup-time = 1014.8111448287964
all-measurements = [ 982.7139801979065, 987.3357536792755, 991.9666926860809,]
