best-result = 82.64825463294983
warmup-time = 102.97194743156433
all-measurements = [ 82.73369836807251, 83.61846899986267, 82.64825463294983,]
