best-result = 67.95624828338623
warmup-time = 88.3395676612854
all-measurements = [ 67.95624828338623, 68.58825874328613, 68.30261063575745,]
