best-result = 91.02073931694031
warmup-time = 105.22804760932922
all-measurements = [ 91.60296392440796, 91.02073931694031, 92.31713604927063,]
