best-result = 63.32258868217468
warmup-time = 82.70719909667969
all-measurements = [ 63.45511484146118, 63.32258868217468, 63.655423164367676,]
