best-result = 209.0402603149414
warmup-time = 364.2763102054596
all-measurements = [ 209.42784452438354, 209.0402603149414, 209.32585453987122,]
