best-result = 427.57750415802
warmup-time = 879.3570544719696
all-measurements = [ 431.17895221710205, 427.57750415802, 430.4318344593048,]
