best-result = 62.37334585189819
warmup-time = 78.5041298866272
all-measurements = [ 62.37334585189819, 62.66219902038574, 62.91957211494446,]
