best-result = 39.27473592758179
warmup-time = 47.801482915878296
all-measurements = [ 40.04076814651489, 39.27473592758179, 39.49770379066467,]
