best-result = 138.28504920005798
warmup-time = 172.49431324005127
all-measurements = [ 138.28504920005798, 138.73347187042236, 138.50416898727417,]
