best-result = 906.047947883606
warmup-time = 936.5511636734009
all-measurements = [ 906.047947883606, 911.0186140537262, 911.3692514896393,]
