best-result = 27.233877182006836
warmup-time = 35.306265354156494
all-measurements = [ 27.233877182006836, 27.99923348426819, 27.26996612548828,]
