best-result = 57.44035792350769
warmup-time = 71.76143550872803
all-measurements = [ 58.481812477111816, 57.44035792350769, 57.86282825469971,]
