best-result = 59.3786346912384
warmup-time = 74.27873706817627
all-measurements = [ 59.3786346912384, 60.40819764137268, 60.09298300743103,]
