best-result = 110.85029816627502
warmup-time = 139.46561479568481
all-measurements = [ 111.13188672065735, 111.66109228134155, 110.85029816627502,]
