best-result = 789.6785311698914
warmup-time = 858.348956823349
all-measurements = [ 789.6785311698914, 790.867856502533, 790.4548962116241,]
