best-result = 33.7259635925293
warmup-time = 42.39212989807129
all-measurements = [ 33.81182837486267, 33.7259635925293, 34.3208122253418,]
