best-result = 55.185819149017334
warmup-time = 72.50601840019226
all-measurements = [ 55.760111570358276, 55.63781476020813, 55.185819149017334,]
