best-result = 1564.7359189987183
warmup-time = 2391.804998397827
all-measurements = [ 1564.7359189987183, 2411.3678438663483, 2058.8589293956757,]
