best-result = 48.412808656692505
warmup-time = 70.10525321960449
all-measurements = [ 48.412808656692505, 49.59557485580444, 48.7746524810791,]
