best-result = 78.32138228416443
warmup-time = 97.29452466964722
all-measurements = [ 78.6364357471466, 78.32138228416443, 78.77814316749573,]
