best-result = 36.76379704475403
warmup-time = 46.8340539932251
all-measurements = [ 36.76379704475403, 37.305535554885864, 37.17517614364624,]
