best-result = 347.9736518859863
warmup-time = 499.812246799469
all-measurements = [ 347.9993577003479, 347.9736518859863, 351.8611800670624,]
