best-result = 58.9816038608551
warmup-time = 59.64046096801758
all-measurements = [ 58.985532999038696, 58.9816038608551, 59.669875383377075,]
