best-result = 21.499001502990723
warmup-time = 21.600887775421143
all-measurements = [ 21.736783504486084, 21.775471448898315, 21.499001502990723,]
