best-result = 46.87521481513977
warmup-time = 62.22591710090637
all-measurements = [ 46.87521481513977, 47.054038286209106, 47.070247411727905,]
