best-result = 46.420918703079224
warmup-time = 58.3460636138916
all-measurements = [ 47.2404944896698, 46.420918703079224, 47.03832292556763,]
