best-result = 978.830319404602
warmup-time = 1187.6010897159576
all-measurements = [ 979.0130703449249, 978.9992644786835, 978.830319404602,]
