best-result = 81.41072654724121
warmup-time = 95.76352143287659
all-measurements = [ 81.41072654724121, 81.73049283027649, 82.56939840316772,]
