best-result = 77.7243332862854
warmup-time = 101.27309226989746
all-measurements = [ 77.7243332862854, 77.78324437141418, 78.55381059646606,]
