best-result = 68.66290235519409
warmup-time = 92.19919013977051
all-measurements = [ 68.66290235519409, 68.86923956871033, 69.61534070968628,]
