best-result = 84.65729999542236
warmup-time = 99.28238606452942
all-measurements = [ 84.65729999542236, 85.01985096931458, 85.35887670516968,]
