best-result = 595.81769323349
warmup-time = 610.9489231109619
all-measurements = [ 595.81769323349, 597.3179857730865, 598.6318163871765,]
