best-result = 62.688167095184326
warmup-time = 78.13776159286499
all-measurements = [ 62.89161539077759, 62.688167095184326, 62.72791123390198,]
