best-result = 230.94238376617432
warmup-time = 403.8558418750763
all-measurements = [ 233.19405484199524, 231.78831434249878, 230.94238376617432,]
