best-result = 436.17003440856934
warmup-time = 945.9401865005493
all-measurements = [ 443.40507650375366, 436.17003440856934, 443.0292811393738,]
