best-result = 60.08872389793396
warmup-time = 77.74051332473755
all-measurements = [ 60.08872389793396, 60.109089612960815, 60.234363079071045,]
