best-result = 868.9915096759796
warmup-time = 904.3129751682281
all-measurements = [ 872.775381565094, 872.423502445221, 868.9915096759796,]
