best-result = 26.70683479309082
warmup-time = 35.2711980342865
all-measurements = [ 26.70683479309082, 26.965357065200806, 27.45354127883911,]
