best-result = 58.17275381088257
warmup-time = 69.21115112304688
all-measurements = [ 58.38073706626892, 58.531867027282715, 58.17275381088257,]
