best-result = 55.69399666786194
warmup-time = 69.60953092575073
all-measurements = [ 56.38503384590149, 55.92201781272888, 55.69399666786194,]
