best-result = 108.72985243797302
warmup-time = 139.92825174331665
all-measurements = [ 109.48976159095764, 109.04099106788635, 108.72985243797302,]
