best-result = 769.6401960849762
warmup-time = 843.9147765636444
all-measurements = [ 770.415967464447, 769.6401960849762, 770.8081560134888,]
