best-result = 33.521795988082886
warmup-time = 41.42078638076782
all-measurements = [ 33.548879861831665, 33.521795988082886, 33.54459285736084,]
