best-result = 52.970404863357544
warmup-time = 67.75654792785645
all-measurements = [ 53.34374237060547, 52.970404863357544, 53.45624494552612,]
