best-result = 49.32731652259827
warmup-time = 68.79714751243591
all-measurements = [ 49.37225604057312, 49.65132284164429, 49.32731652259827,]
