best-result = 79.07568645477295
warmup-time = 98.11640691757202
all-measurements = [ 79.18617177009583, 79.07568645477295, 79.11433124542236,]
