best-result = 35.39021682739258
warmup-time = 45.09947991371155
all-measurements = [ 35.39021682739258, 35.52271819114685, 35.99301624298096,]
