best-result = 344.8623139858246
warmup-time = 523.9861426353455
all-measurements = [ 360.82209062576294, 352.36768984794617, 344.8623139858246,]
