best-result = 102.88922882080078
warmup-time = 103.29731249809265
all-measurements = [ 103.01739239692688, 102.88922882080078, 103.54837131500244,]
