best-result = 23.445823431015015
warmup-time = 25.17295479774475
all-measurements = [ 23.458770036697388, 23.637078285217285, 23.445823431015015,]
memory-traffic = 274
