best-result = 47.18404817581177
warmup-time = 65.42411494255066
all-measurements = [ 47.32743287086487, 47.25691342353821, 47.18404817581177,]
memory-traffic = 3727
