best-result = 46.92321443557739
warmup-time = 60.718820571899414
all-measurements = [ 47.34937119483948, 46.92321443557739, 47.102394342422485,]
memory-traffic = 3364
