best-result = 966.4597656726837
warmup-time = 1149.5499835014343
all-measurements = [ 966.4597656726837, 972.2124216556549, 973.037141084671,]
memory-traffic = 94558
