best-result = 84.30315232276917
warmup-time = 101.52565479278564
all-measurements = [ 84.92873334884644, 84.30315232276917, 84.9783935546875,]
memory-traffic = 7566
