best-result = 81.32203531265259
warmup-time = 103.24983620643616
all-measurements = [ 81.32203531265259, 81.36738538742065, 81.54686856269836,]
memory-traffic = 6216
