best-result = 71.01187872886658
warmup-time = 95.36938309669495
all-measurements = [ 84.53429579734802, 74.22691178321838, 71.01187872886658,]
memory-traffic = 6115
