best-result = 89.28086614608765
warmup-time = 107.73593378067017
all-measurements = [ 89.28866147994995, 89.28086614608765, 90.41374588012695,]
memory-traffic = 8155
