best-result = 616.1315519809723
warmup-time = 635.2604336738586
all-measurements = [ 616.7455234527588, 616.1315519809723, 618.0708456039429,]
memory-traffic = 56689
