best-result = 63.13048195838928
warmup-time = 77.92092943191528
all-measurements = [ 64.1467797756195, 64.22199058532715, 63.13048195838928,]
memory-traffic = 3654
