best-result = 217.7490131855011
warmup-time = 377.7064678668976
all-measurements = [ 222.61372351646423, 219.7381043434143, 217.7490131855011,]
