best-result = 442.64829874038696
warmup-time = 889.7816269397736
all-measurements = [ 442.64829874038696, 446.3100109100342, 450.69632601737976,]
memory-traffic = 26345
