best-result = 61.706180810928345
warmup-time = 79.63487482070923
all-measurements = [ 62.27917838096619, 61.974549531936646, 61.706180810928345,]
memory-traffic = 3722
