best-result = 858.4991278648376
warmup-time = 900.3387050628662
all-measurements = [ 862.2176551818848, 863.7810232639313, 858.4991278648376,]
memory-traffic = 101368
