best-result = 27.455533981323242
warmup-time = 37.58579897880554
all-measurements = [ 27.907083988189697, 27.455533981323242, 27.63683843612671,]
memory-traffic = 803
