best-result = 57.759541511535645
warmup-time = 73.39326548576355
all-measurements = [ 57.86533164978027, 58.16739535331726, 57.759541511535645,]
memory-traffic = 3987
