best-result = 58.324941873550415
warmup-time = 74.01300096511841
all-measurements = [ 58.4059534072876, 58.92711567878723, 58.324941873550415,]
memory-traffic = 3349
