best-result = 109.36383295059204
warmup-time = 141.27012658119202
all-measurements = [ 109.78909492492676, 111.0133261680603, 109.36383295059204,]
memory-traffic = 10502
