best-result = 776.1652948856354
warmup-time = 851.358247756958
all-measurements = [ 780.4460430145264, 776.1652948856354, 777.7048151493073,]
memory-traffic = 68820
