best-result = 34.00680422782898
warmup-time = 45.11875820159912
all-measurements = [ 34.236080169677734, 34.00680422782898, 34.30759000778198,]
memory-traffic = 1321
