best-result = 53.543312072753906
warmup-time = 71.25509071350098
all-measurements = [ 53.543312072753906, 54.30073595046997, 54.224464893341064,]
memory-traffic = 3768
