best-result = 1600.585657119751
warmup-time = 1464.624541759491
all-measurements = [ 2078.5386748313904, 2049.781352996826, 1600.585657119751,]
