best-result = 49.594362020492554
warmup-time = 72.98273611068726
all-measurements = [ 49.63757562637329, 50.365185260772705, 49.594362020492554,]
memory-traffic = 3763
