best-result = 81.53354287147522
warmup-time = 101.15860342979431
all-measurements = [ 83.01830387115479, 81.53354287147522, 82.02038955688477,]
memory-traffic = 6697
