best-result = 36.48532772064209
warmup-time = 48.03769636154175
all-measurements = [ 36.55874586105347, 36.48532772064209, 36.51525545120239,]
memory-traffic = 1775
