best-result = 339.96740555763245
warmup-time = 478.5710620880127
all-measurements = [ 346.0413076877594, 340.8646867275238, 339.96740555763245,]
memory-traffic = 34592
