best-result = 123.94853234291077
warmup-time = 126.93703699111938
all-measurements = [ 123.94853234291077, 125.79404878616333, 125.95192980766296,]
memory-traffic = 9190
