best-result = 25.17172384262085
warmup-time = 25.42159366607666
all-measurements = [ 25.17172384262085, 25.88821768760681, 25.17813730239868,]
