best-result = 36.75569152832031
warmup-time = 40.68251848220825
all-measurements = [ 36.75569152832031, 37.03825664520264, 37.11867952346802,]
