best-result = 31.592692136764526
warmup-time = 32.017579793930054
all-measurements = [ 31.592692136764526, 32.142964124679565, 32.82150864601135,]
