best-result = 267.28793454170227
warmup-time = 272.0844123363495
all-measurements = [ 269.8259015083313, 267.28793454170227, 268.6947796344757,]
