best-result = 36.40456032752991
warmup-time = 37.239033699035645
all-measurements = [ 36.42529845237732, 36.40456032752991, 36.77765250205994,]
