best-result = 40.70411038398743
warmup-time = 42.0026912689209
all-measurements = [ 41.39943027496338, 40.70411038398743, 42.8270161151886,]
