best-result = 49.91856861114502
warmup-time = 51.61778998374939
all-measurements = [ 51.52751612663269, 49.91856861114502, 51.07251167297363,]
