best-result = 34.02095079421997
warmup-time = 34.9449508190155
all-measurements = [ 34.54152321815491, 35.584540128707886, 34.02095079421997,]
