best-result = 37.69424533843994
warmup-time = 37.78093934059143
all-measurements = [ 37.69424533843994, 37.89221119880676, 37.7142391204834,]
