best-result = 59.13804888725281
warmup-time = 57.00762343406677
all-measurements = [ 59.13804888725281, 62.553648233413696, 60.06713843345642,]
