best-result = 233.16778802871704
warmup-time = 235.18157720565796
all-measurements = [ 233.16778802871704, 234.37410926818848, 233.60458111763,]
