best-result = 526.1450238227844
warmup-time = 530.9307208061218
all-measurements = [ 527.3512880802155, 527.4135794639587, 526.1450238227844,]
