best-result = 35.43356156349182
warmup-time = 37.022106647491455
all-measurements = [ 35.43356156349182, 37.38572025299072, 35.750672817230225,]
