best-result = 62.723251819610596
warmup-time = 63.251160860061646
all-measurements = [ 64.10354018211365, 64.37538838386536, 62.723251819610596,]
