best-result = 26.662373304367065
warmup-time = 29.0872802734375
all-measurements = [ 27.434809684753418, 26.662373304367065, 27.68258833885193,]
