best-result = 33.48200750350952
warmup-time = 36.43169546127319
all-measurements = [ 35.943556785583496, 33.48200750350952, 36.191133975982666,]
