best-result = 32.67743897438049
warmup-time = 34.121609687805176
all-measurements = [ 34.04318690299988, 32.67743897438049, 33.81741976737976,]
