best-result = 42.83296608924866
warmup-time = 43.49341678619385
all-measurements = [ 43.19312000274658, 43.62724542617798, 42.83296608924866,]
