best-result = 99.19157004356384
warmup-time = 98.09231066703796
all-measurements = [ 99.41622424125671, 100.66171622276306, 99.19157004356384,]
