best-result = 28.512858629226685
warmup-time = 29.163169145584106
all-measurements = [ 28.512858629226685, 28.81920051574707, 29.062850952148438,]
