best-result = 33.11240601539612
warmup-time = 33.71468424797058
all-measurements = [ 33.11240601539612, 34.1002516746521, 33.672877073287964,]
