best-result = 40.26941776275635
warmup-time = 39.89084029197693
all-measurements = [ 40.26941776275635, 40.62920832633972, 40.61205554008484,]
