best-result = 43.041420698165894
warmup-time = 45.98089051246643
all-measurements = [ 43.76673221588135, 43.041420698165894, 44.98569679260254,]
