best-result = 27.5963077545166
warmup-time = 28.302602529525757
all-measurements = [ 28.689850091934204, 28.436039209365845, 27.5963077545166,]
