best-result = 689.8916530609131
warmup-time = 705.1419885158539
all-measurements = [ 704.3339035511017, 689.8916530609131, 700.3367202281952,]
