best-result = 178.1144196987152
warmup-time = 180.6221776008606
all-measurements = [ 178.1144196987152, 178.76129627227783, 179.29889798164368,]
