best-result = 43.17625951766968
warmup-time = 45.622185945510864
all-measurements = [ 43.49593234062195, 45.25805997848511, 43.17625951766968,]
