best-result = 24.782554626464844
warmup-time = 25.25912380218506
all-measurements = [ 24.782554626464844, 25.814631462097168, 24.968176126480103,]
