best-result = 35.519773721694946
warmup-time = 40.65344524383545
all-measurements = [ 35.519773721694946, 36.583006620407104, 38.035950899124146,]
