best-result = 31.23664116859436
warmup-time = 32.42877721786499
all-measurements = [ 32.67076635360718, 31.23664116859436, 32.82266044616699,]
