best-result = 273.7639615535736
warmup-time = 277.2289626598358
all-measurements = [ 273.7639615535736, 276.02340054512024, 276.0815212726593,]
