best-result = 36.294394731521606
warmup-time = 36.17387795448303
all-measurements = [ 36.70083713531494, 36.294394731521606, 36.72045660018921,]
