best-result = 40.48459196090698
warmup-time = 40.99452757835388
all-measurements = [ 41.343918800354004, 40.48459196090698, 43.00021266937256,]
