best-result = 51.44214844703674
warmup-time = 49.6769483089447
all-measurements = [ 51.63342642784119, 52.36400628089905, 51.44214844703674,]
