best-result = 34.317609786987305
warmup-time = 35.256253480911255
all-measurements = [ 35.03509569168091, 34.36861038208008, 34.317609786987305,]
