best-result = 37.5465874671936
warmup-time = 37.7171950340271
all-measurements = [ 37.5465874671936, 37.94493341445923, 37.86368203163147,]
