best-result = 56.859076499938965
warmup-time = 59.68860125541687
all-measurements = [ 61.702497720718384, 58.701744556427, 56.859076499938965,]
