best-result = 241.60214638710022
warmup-time = 244.16526699066162
all-measurements = [ 241.86855220794678, 242.69525122642517, 241.60214638710022,]
