best-result = 543.9741322994232
warmup-time = 546.2034256458282
all-measurements = [ 543.9741322994232, 547.4767687320709, 547.6446676254272,]
