best-result = 35.849563121795654
warmup-time = 33.59279727935791
all-measurements = [ 36.01007056236267, 35.849563121795654, 36.758259773254395,]
