best-result = 65.65479564666748
warmup-time = 65.78835439682007
all-measurements = [ 68.07953810691833, 65.65479564666748, 67.29747414588928,]
