best-result = 26.967607498168945
warmup-time = 27.2590548992157
all-measurements = [ 27.27794647216797, 26.967607498168945, 27.547564029693604,]
