best-result = 33.46894979476929
warmup-time = 36.770907163619995
all-measurements = [ 33.46894979476929, 36.43049359321594, 36.573448181152344,]
