best-result = 33.073466539382935
warmup-time = 33.13431167602539
all-measurements = [ 33.33943486213684, 33.498711347579956, 33.073466539382935,]
