best-result = 43.22394609451294
warmup-time = 44.437682151794434
all-measurements = [ 43.79680156707764, 44.34435772895813, 43.22394609451294,]
