best-result = 99.03806257247925
warmup-time = 101.94567847251892
all-measurements = [ 99.0565299987793, 99.03806257247925, 99.31439518928528,]
