best-result = 26.85201859474182
warmup-time = 29.235345602035522
all-measurements = [ 26.85201859474182, 27.013860940933228, 27.144212245941162,]
