best-result = 33.30765438079834
warmup-time = 34.8548583984375
all-measurements = [ 33.30765438079834, 34.396907329559326, 34.42486596107483,]
