best-result = 39.908652782440186
warmup-time = 40.754738569259644
all-measurements = [ 39.98700165748596, 39.908652782440186, 40.59056854248047,]
