best-result = 43.810166120529175
warmup-time = 45.404489040374756
all-measurements = [ 46.75781440734863, 45.306758880615234, 43.810166120529175,]
