best-result = 32.075674057006836
warmup-time = 31.592015743255615
all-measurements = [ 32.075674057006836, 34.06166219711304, 34.002869606018066,]
