best-result = 699.0006244182587
warmup-time = 709.4756450653076
all-measurements = [ 699.0006244182587, 703.2056865692139, 704.285430431366,]
