best-result = 177.93757796287537
warmup-time = 183.15039086341858
all-measurements = [ 183.18938851356506, 177.93757796287537, 180.78920483589172,]
