best-result = 42.287752866744995
warmup-time = 43.47689342498779
all-measurements = [ 43.665132999420166, 42.287752866744995, 43.81879472732544,]
