best-result = 23.29040789604187
warmup-time = 23.46842122077942
all-measurements = [ 23.29040789604187, 23.475053310394287, 23.62611722946167,]
