best-result = 46.79460859298706
warmup-time = 64.64532113075256
all-measurements = [ 47.13044476509094, 46.79460859298706, 47.20886826515198,]
