best-result = 47.31979322433472
warmup-time = 57.16401982307434
all-measurements = [ 47.31979322433472, 47.59077858924866, 47.48415660858154,]
