best-result = 873.3524699211121
warmup-time = 1069.0608186721802
all-measurements = [ 873.3524699211121, 902.537059545517, 880.2610766887665,]
