best-result = 85.32003712654114
warmup-time = 98.3960633277893
all-measurements = [ 85.32003712654114, 85.49023604393005, 85.82647800445557,]
