best-result = 979.4927387237549
warmup-time = 1011.7859961986542
all-measurements = [ 985.1698474884033, 985.4869954586029, 979.4927387237549,]
