best-result = 66.3574481010437
warmup-time = 81.69925475120544
all-measurements = [ 66.88014507293701, 66.3574481010437, 66.72070026397705,]
