best-result = 83.38221454620361
warmup-time = 103.92433595657349
all-measurements = [ 83.38542819023132, 83.38221454620361, 83.60469770431519,]
