best-result = 68.2833309173584
warmup-time = 87.9507372379303
all-measurements = [ 68.30844807624817, 68.2833309173584, 68.78707981109619,]
