best-result = 91.2020845413208
warmup-time = 105.7778799533844
all-measurements = [ 91.2020845413208, 91.40462183952332, 91.73439931869507,]
