best-result = 637.2575962543488
warmup-time = 654.1864602565765
all-measurements = [ 637.2575962543488, 639.6333014965057, 640.2138524055481,]
