best-result = 62.5906023979187
warmup-time = 75.74308562278748
all-measurements = [ 62.5906023979187, 62.76407551765442, 63.60051083564758,]
