best-result = 192.81686854362488
warmup-time = 345.81167435646057
all-measurements = [ 192.81686854362488, 193.57290124893188, 192.96001410484314,]
