best-result = 388.4050464630127
warmup-time = 829.5875701904297
all-measurements = [ 388.4050464630127, 388.4555232524872, 388.85689425468445,]
