best-result = 62.63396501541138
warmup-time = 79.97019791603088
all-measurements = [ 63.04439568519592, 62.67565441131592, 62.63396501541138,]
