best-result = 40.11537146568298
warmup-time = 48.379483222961426
all-measurements = [ 40.4167959690094, 40.11537146568298, 40.5575966835022,]
