best-result = 134.70144748687744
warmup-time = 163.24112057685852
all-measurements = [ 135.48653888702393, 134.70144748687744, 135.1236011981964,]
