best-result = 915.856603384018
warmup-time = 943.0817728042603
all-measurements = [ 919.3944585323334, 915.856603384018, 920.2345554828644,]
