best-result = 28.198899507522583
warmup-time = 37.53909659385681
all-measurements = [ 28.694008588790894, 28.198899507522583, 28.438505172729492,]
