best-result = 58.81497001647949
warmup-time = 69.16217160224915
all-measurements = [ 59.3241446018219, 58.81497001647949, 59.15290594100952,]
