best-result = 60.07756161689758
warmup-time = 73.45143365859985
all-measurements = [ 61.08261799812317, 60.07756161689758, 60.54539394378662,]
