best-result = 109.85963869094849
warmup-time = 135.95694279670715
all-measurements = [ 109.85963869094849, 127.5803713798523, 113.21358871459961,]
