best-result = 765.4293472766876
warmup-time = 836.0248227119446
all-measurements = [ 765.4293472766876, 766.6302754878998, 766.0314526557922,]
