best-result = 34.708688735961914
warmup-time = 42.98996877670288
all-measurements = [ 34.708688735961914, 34.90351104736328, 35.01166820526123,]
