best-result = 56.15161466598511
warmup-time = 71.29257583618164
all-measurements = [ 56.160892486572266, 56.15161466598511, 56.61350083351135,]
