best-result = 1561.9601287841797
warmup-time = 2619.92959189415
all-measurements = [ 2257.795679807663, 1561.9601287841797, 2408.741928577423,]
