best-result = 49.05401039123535
warmup-time = 69.46417546272278
all-measurements = [ 49.05401039123535, 49.94985055923462, 49.40558338165283,]
