best-result = 82.22818613052368
warmup-time = 102.27355456352234
all-measurements = [ 82.52987599372864, 82.52640342712402, 82.22818613052368,]
