best-result = 93.16555643081665
warmup-time = 115.5906126499176
all-measurements = [ 93.36117434501648, 93.16555643081665, 93.43514776229858,]
