best-result = 37.61095070838928
warmup-time = 46.43066740036011
all-measurements = [ 37.81802010536194, 37.915504932403564, 37.61095070838928,]
