best-result = 318.3104507923126
warmup-time = 450.4913763999939
all-measurements = [ 318.450630903244, 332.9616734981537, 318.3104507923126,]
