best-result = 60.30842208862305
warmup-time = 60.242692708969116
all-measurements = [ 60.30842208862305, 60.35727119445801, 60.617685317993164,]
