best-result = 22.52323293685913
warmup-time = 22.995598793029785
all-measurements = [ 22.767618656158447, 22.52323293685913, 22.71849226951599,]
