best-result = 46.84280347824097
warmup-time = 63.14797043800354
all-measurements = [ 46.84280347824097, 47.758976459503174, 47.00364589691162,]
