best-result = 46.8704469203949
warmup-time = 58.61418414115906
all-measurements = [ 46.8704469203949, 47.012054443359375, 47.1613130569458,]
