best-result = 943.6654305458069
warmup-time = 1156.4675781726837
all-measurements = [ 961.8954544067383, 943.6654305458069, 956.5704264640808,]
