best-result = 84.44297766685486
warmup-time = 100.8935215473175
all-measurements = [ 85.03505659103394, 84.44297766685486, 85.07588219642639,]
