best-result = 81.165518283844
warmup-time = 101.03243112564087
all-measurements = [ 81.165518283844, 82.01179242134094, 81.24120998382568,]
