best-result = 70.53683495521545
warmup-time = 92.7053496837616
all-measurements = [ 71.14888954162598, 70.60343670845032, 70.53683495521545,]
