best-result = 89.98584818840027
warmup-time = 103.63605332374573
all-measurements = [ 89.99226212501526, 90.00652503967285, 89.98584818840027,]
