best-result = 613.1323523521423
warmup-time = 622.7998914718628
all-measurements = [ 613.7802429199219, 623.3706521987915, 613.1323523521423,]
