best-result = 63.903955698013306
warmup-time = 76.23495030403137
all-measurements = [ 64.48113679885864, 63.903955698013306, 64.02637934684753,]
