best-result = 222.2401261329651
warmup-time = 378.0587213039398
all-measurements = [ 224.28691816329956, 222.2401261329651, 222.2861030101776,]
