best-result = 442.52161717414856
warmup-time = 889.1181001663208
all-measurements = [ 445.18586468696594, 442.52161717414856, 447.2671456336975,]
