best-result = 61.2009961605072
warmup-time = 76.40252327919006
all-measurements = [ 61.89004969596863, 61.786787271499634, 61.2009961605072,]
