best-result = 859.471230506897
warmup-time = 894.6585857868195
all-measurements = [ 859.471230506897, 862.0560064315796, 860.6571111679077,]
