best-result = 27.993439197540283
warmup-time = 41.91592049598694
all-measurements = [ 30.590815544128418, 29.84438920021057, 27.993439197540283,]
