best-result = 57.735899925231934
warmup-time = 72.51821660995483
all-measurements = [ 58.10986876487732, 58.128788232803345, 57.735899925231934,]
