best-result = 58.37948203086853
warmup-time = 71.57916593551636
all-measurements = [ 58.37948203086853, 59.26435995101929, 59.14101600646973,]
