best-result = 109.27040934562683
warmup-time = 137.50577092170715
all-measurements = [ 109.85617208480835, 109.27040934562683, 110.11112356185913,]
