best-result = 776.74769115448
warmup-time = 837.706960439682
all-measurements = [ 776.74769115448, 777.2849872112274, 780.8883676528931,]
