best-result = 34.27901744842529
warmup-time = 42.17201042175293
all-measurements = [ 34.27901744842529, 34.382564544677734, 34.55723023414612,]
