best-result = 53.738669633865356
warmup-time = 68.72901725769043
all-measurements = [ 54.440290689468384, 53.738669633865356, 54.3975875377655,]
