best-result = 1314.837155342102
warmup-time = 1997.312421321869
all-measurements = [ 2173.225983142853, 1314.837155342102, 1715.8332946300507,]
