best-result = 49.472838401794434
warmup-time = 72.31399440765381
all-measurements = [ 49.472838401794434, 49.799811601638794, 49.81771445274353,]
