best-result = 81.11035394668579
warmup-time = 99.21915936470032
all-measurements = [ 81.14880466461182, 81.11035394668579, 81.21552586555481,]
