best-result = 36.64565443992615
warmup-time = 45.67977285385132
all-measurements = [ 36.75847125053406, 36.64565443992615, 36.79120397567749,]
