best-result = 340.26048159599304
warmup-time = 484.71145462989807
all-measurements = [ 340.90501046180725, 347.9365553855896, 340.26048159599304,]
