best-result = 104.4130802154541
warmup-time = 104.0347273349762
all-measurements = [ 104.4130802154541, 104.78756999969482, 105.23276233673096,]
