best-result = 22.811205863952637
warmup-time = 22.760793209075928
all-measurements = [ 23.777873992919922, 22.811205863952637, 23.22437882423401,]
