best-result = 46.57602858543396
warmup-time = 65.48977613449097
all-measurements = [ 47.111698389053345, 46.57602858543396, 46.79531168937683,]
