best-result = 46.42492055892944
warmup-time = 58.174757957458496
all-measurements = [ 46.48297572135925, 47.06409525871277, 46.42492055892944,]
