best-result = 910.6541750431061
warmup-time = 1117.6740429401398
all-measurements = [ 910.6541750431061, 911.5614941120148, 917.3460774421692,]
