best-result = 85.1553099155426
warmup-time = 102.20650935173035
all-measurements = [ 85.1553099155426, 85.56794381141663, 85.32437992095947,]
