best-result = 990.1494891643524
warmup-time = 1018.0019292831421
all-measurements = [ 993.5138368606567, 991.2354879379272, 990.1494891643524,]
