best-result = 82.36760354042053
warmup-time = 103.53008079528809
all-measurements = [ 83.5534336566925, 82.83718490600586, 82.36760354042053,]
