best-result = 67.75251650810242
warmup-time = 89.29056239128113
all-measurements = [ 67.75251650810242, 67.84806203842163, 67.757395029068,]
