best-result = 91.55669355392456
warmup-time = 107.38327193260193
all-measurements = [ 92.11969566345215, 91.76348948478699, 91.55669355392456,]
