best-result = 651.6840074062347
warmup-time = 663.9348032474518
all-measurements = [ 658.6567578315735, 651.6840074062347, 656.3920056819916,]
