best-result = 61.71270036697388
warmup-time = 80.07394552230835
all-measurements = [ 61.71270036697388, 62.535982847213745, 62.35280156135559,]
