best-result = 207.25895166397095
warmup-time = 359.17248249053955
all-measurements = [ 207.61904573440552, 210.14266395568848, 207.25895166397095,]
