best-result = 422.7606680393219
warmup-time = 893.9365413188934
all-measurements = [ 427.93128180503845, 422.7606680393219, 427.2572388648987,]
