best-result = 61.71295690536499
warmup-time = 76.8282823562622
all-measurements = [ 62.82465887069702, 62.15804624557495, 61.71295690536499,]
