best-result = 39.68887686729431
warmup-time = 47.97883653640747
all-measurements = [ 39.95478177070618, 39.68887686729431, 40.35910630226135,]
