best-result = 134.56817936897278
warmup-time = 159.43207621574402
all-measurements = [ 135.16293573379517, 135.93253183364868, 134.56817936897278,]
