best-result = 911.6899240016937
warmup-time = 937.6847898960114
all-measurements = [ 911.6899240016937, 916.76659989357, 913.4462201595306,]
