best-result = 27.556950330734253
warmup-time = 34.9314239025116
all-measurements = [ 27.556950330734253, 27.873291492462158, 27.69941282272339,]
