best-result = 57.8630576133728
warmup-time = 70.95025300979614
all-measurements = [ 58.280320167541504, 58.202208280563354, 57.8630576133728,]
