best-result = 59.66899847984314
warmup-time = 74.40334486961365
all-measurements = [ 60.19017004966736, 59.66899847984314, 59.836151361465454,]
