best-result = 110.49504494667053
warmup-time = 137.2682228088379
all-measurements = [ 110.49504494667053, 111.03904223442078, 110.95051956176758,]
