best-result = 784.4877727031708
warmup-time = 854.4020400047302
all-measurements = [ 785.5619730949402, 784.4877727031708, 787.0219345092773,]
