best-result = 34.042503118515015
warmup-time = 41.93974041938782
all-measurements = [ 34.042503118515015, 34.32591104507446, 34.35391855239868,]
