best-result = 55.50294637680054
warmup-time = 71.14016008377075
all-measurements = [ 56.10417079925537, 56.08298444747925, 55.50294637680054,]
