best-result = 1341.035983800888
warmup-time = 2047.1099331378937
all-measurements = [ 1356.7464656829834, 1341.035983800888, 1680.4133055210114,]
