best-result = 48.17124676704407
warmup-time = 69.8422360420227
all-measurements = [ 48.17124676704407, 48.34941339492798, 49.44255876541138,]
