best-result = 78.09659266471863
warmup-time = 97.19550132751465
all-measurements = [ 79.32069516181946, 78.09659266471863, 78.64605021476746,]
