best-result = 36.934061765670776
warmup-time = 46.812957763671875
all-measurements = [ 37.28546643257141, 36.934061765670776, 37.257493019104004,]
