best-result = 344.26219153404236
warmup-time = 494.44454646110535
all-measurements = [ 346.9778776168823, 374.98836851119995, 344.26219153404236,]
