best-result = 59.16168928146362
warmup-time = 59.30514907836914
all-measurements = [ 59.16168928146362, 59.34372282028198, 59.36813020706177,]
