best-result = 23.046802282333374
warmup-time = 23.326788425445557
all-measurements = [ 23.674144506454468, 23.046802282333374, 23.322947025299072,]
