best-result = 46.984421730041504
warmup-time = 65.41012406349182
all-measurements = [ 47.74147295951843, 47.03549408912659, 46.984421730041504,]
