best-result = 46.72652888298035
warmup-time = 58.99790978431702
all-measurements = [ 46.72652888298035, 47.55637049674988, 47.19526815414429,]
