best-result = 902.0626885890961
warmup-time = 1110.6881849765778
all-measurements = [ 902.0626885890961, 912.712771654129, 920.8633682727814,]
