best-result = 85.57046818733215
warmup-time = 100.61460328102112
all-measurements = [ 86.15319156646729, 85.57046818733215, 86.04071998596191,]
