best-result = 982.7803018093109
warmup-time = 1016.9538488388062
all-measurements = [ 982.7803018093109, 988.8620936870575, 986.2922694683075,]
