best-result = 82.10603260993958
warmup-time = 102.87095332145691
all-measurements = [ 82.10603260993958, 82.94180655479431, 83.23081684112549,]
