best-result = 68.12129950523376
warmup-time = 87.4906165599823
all-measurements = [ 68.31729459762573, 69.66956877708435, 68.12129950523376,]
