best-result = 91.49108457565308
warmup-time = 105.75644993782043
all-measurements = [ 91.49108457565308, 92.47753977775574, 92.14832472801208,]
