best-result = 649.53742146492
warmup-time = 664.4248187541962
all-measurements = [ 650.5332634449005, 655.7604007720947, 649.53742146492,]
