best-result = 62.189769983291626
warmup-time = 75.5885968208313
all-measurements = [ 62.64755940437317, 62.189769983291626, 62.544228315353394,]
