best-result = 206.37064576148987
warmup-time = 363.6843943595886
all-measurements = [ 207.32675194740295, 207.6825304031372, 206.37064576148987,]
