best-result = 426.87318897247314
warmup-time = 869.7416841983795
all-measurements = [ 426.87318897247314, 427.6136522293091, 427.266961812973,]
