best-result = 63.42225646972656
warmup-time = 79.49151420593262
all-measurements = [ 63.74595594406128, 63.42225646972656, 63.737154722213745,]
