best-result = 40.395840883255005
warmup-time = 48.77603030204773
all-measurements = [ 40.839046239852905, 40.56149959564209, 40.395840883255005,]
