best-result = 135.54454612731934
warmup-time = 160.81007862091064
all-measurements = [ 136.50395607948303, 135.54454612731934, 135.5525243282318,]
