best-result = 914.6457138061523
warmup-time = 946.021196603775
all-measurements = [ 918.2671766281128, 945.4279389381409, 914.6457138061523,]
