best-result = 28.09925889968872
warmup-time = 37.75266981124878
all-measurements = [ 28.99877095222473, 28.09925889968872, 28.103049993515015,]
