best-result = 57.438117027282715
warmup-time = 71.00031113624573
all-measurements = [ 58.11484122276306, 57.438117027282715, 58.27005672454834,]
