best-result = 60.34761190414429
warmup-time = 76.1781907081604
all-measurements = [ 61.49461388587952, 60.34761190414429, 60.48209285736084,]
