best-result = 109.93202424049377
warmup-time = 139.36899638175964
all-measurements = [ 110.84348177909851, 110.3978054523468, 109.93202424049377,]
