best-result = 782.2899889945984
warmup-time = 853.8156514167786
all-measurements = [ 782.2899889945984, 783.575368642807, 806.0490891933441,]
