best-result = 34.279118061065674
warmup-time = 43.59209084510803
all-measurements = [ 34.36015748977661, 34.279118061065674, 34.60716772079468,]
