best-result = 55.89463973045349
warmup-time = 71.81451773643494
all-measurements = [ 55.97854781150818, 56.21448087692261, 55.89463973045349,]
