best-result = 1502.5894260406494
warmup-time = 1376.893946647644
all-measurements = [ 1502.5894260406494, 1961.3088188171387, 1508.2017951011658,]
