best-result = 48.47849774360657
warmup-time = 68.60372257232666
all-measurements = [ 48.47849774360657, 48.72376084327698, 49.141199827194214,]
