best-result = 81.00809645652771
warmup-time = 100.38967847824097
all-measurements = [ 81.47505688667297, 81.15722298622131, 81.00809645652771,]
