best-result = 37.676950216293335
warmup-time = 46.61843729019165
all-measurements = [ 37.79766511917114, 37.676950216293335, 37.745569467544556,]
