best-result = 335.98320960998535
warmup-time = 484.7651557922363
all-measurements = [ 335.98320960998535, 339.46205019950867, 337.8498558998108,]
