best-result = 59.10460638999939
warmup-time = 59.70537877082825
all-measurements = [ 60.203279972076416, 59.4929723739624, 59.10460638999939,]
