best-result = 25.5566463470459
warmup-time = 26.260282278060913
all-measurements = [ 26.05155372619629, 25.705435037612915, 25.5566463470459,]
