best-result = 35.30772304534912
warmup-time = 37.39044237136841
all-measurements = [ 37.07520651817322, 35.30772304534912, 38.575947999954224,]
