best-result = 32.16837215423584
warmup-time = 33.292460203170776
all-measurements = [ 32.85173153877258, 32.96785640716553, 32.16837215423584,]
