best-result = 262.91925287246704
warmup-time = 269.60026478767395
all-measurements = [ 267.76926255226135, 262.91925287246704, 266.2382516860962,]
