best-result = 36.765563011169434
warmup-time = 36.93877100944519
all-measurements = [ 36.96646308898926, 36.765563011169434, 37.21960949897766,]
