best-result = 42.37635159492493
warmup-time = 43.00526738166809
all-measurements = [ 43.54534339904785, 42.37635159492493, 42.9728467464447,]
