best-result = 50.643025636672974
warmup-time = 51.04123783111572
all-measurements = [ 50.643025636672974, 51.16055369377136, 50.81652593612671,]
