best-result = 34.157140493392944
warmup-time = 34.11456632614136
all-measurements = [ 34.715790033340454, 34.157140493392944, 35.90227031707764,]
