best-result = 37.83985733985901
warmup-time = 38.70235800743103
all-measurements = [ 37.83985733985901, 38.44820022583008, 38.36443042755127,]
