best-result = 61.85620617866516
warmup-time = 66.97204041481018
all-measurements = [ 61.85620617866516, 63.97221541404724, 67.45721125602722,]
