best-result = 227.83314728736877
warmup-time = 231.2386736869812
all-measurements = [ 227.83314728736877, 228.20187711715698, 229.1522614955902,]
