best-result = 523.3711245059967
warmup-time = 529.2478201389313
all-measurements = [ 525.7022733688354, 523.3711245059967, 525.0649721622467,]
