best-result = 36.2550482749939
warmup-time = 34.84856462478638
all-measurements = [ 37.523759603500366, 36.2550482749939, 37.58294343948364,]
