best-result = 62.584197759628296
warmup-time = 62.85236096382141
all-measurements = [ 63.957334995269775, 67.2719156742096, 62.584197759628296,]
