best-result = 27.43759250640869
warmup-time = 28.070791721343994
all-measurements = [ 28.84921097755432, 27.43759250640869, 28.910940170288086,]
