best-result = 33.21112108230591
warmup-time = 37.01313805580139
all-measurements = [ 36.688469886779785, 33.21112108230591, 33.968748331069946,]
