best-result = 33.34614896774292
warmup-time = 34.63509225845337
all-measurements = [ 33.96214199066162, 33.72952437400818, 33.34614896774292,]
