best-result = 42.88156604766846
warmup-time = 45.44378733634949
all-measurements = [ 43.31100273132324, 42.88156604766846, 43.35730695724487,]
