best-result = 95.43904280662537
warmup-time = 98.78773379325867
all-measurements = [ 98.14304876327515, 95.43904280662537, 97.5707151889801,]
