best-result = 28.345046043395996
warmup-time = 29.0766339302063
all-measurements = [ 29.208046913146973, 28.815781831741333, 28.345046043395996,]
