best-result = 33.78537607192993
warmup-time = 35.33428716659546
all-measurements = [ 35.077296018600464, 34.49274253845215, 33.78537607192993,]
