best-result = 88.35890316963196
warmup-time = 88.26952123641968
all-measurements = [ 88.35890316963196, 92.72285485267639, 89.85835409164429,]
