best-result = 39.72222113609314
warmup-time = 38.84631657600403
all-measurements = [ 41.082762479782104, 40.56536293029785, 39.72222113609314,]
