best-result = 44.48750352859497
warmup-time = 46.50050497055054
all-measurements = [ 45.88977837562561, 45.082016706466675, 44.48750352859497,]
