best-result = 28.29710865020752
warmup-time = 28.853191614151
all-measurements = [ 28.29710865020752, 28.98209571838379, 28.422787189483643,]
