best-result = 691.6886873245239
warmup-time = 712.5537750720978
all-measurements = [ 691.6886873245239, 693.014937877655, 702.455632686615,]
