best-result = 174.23977255821228
warmup-time = 178.35773086547852
all-measurements = [ 178.46938467025757, 174.23977255821228, 177.1857786178589,]
