best-result = 43.5690062046051
warmup-time = 44.05642652511597
all-measurements = [ 44.817495346069336, 43.5690062046051, 46.211612939834595,]
