best-result = 59.647921085357666
warmup-time = 66.80978441238403
all-measurements = [ 64.63966107368469, 67.47085642814636, 59.647921085357666,]
