best-result = 26.8016619682312
warmup-time = 26.81218695640564
all-measurements = [ 27.044870615005493, 26.8016619682312, 26.85371208190918,]
