best-result = 38.758994340896606
warmup-time = 41.647353410720825
all-measurements = [ 40.97063112258911, 38.758994340896606, 40.64802098274231,]
