best-result = 33.91324806213379
warmup-time = 34.73999643325806
all-measurements = [ 35.03737497329712, 33.91324806213379, 35.13317561149597,]
