best-result = 286.4901101589203
warmup-time = 287.3512065410614
all-measurements = [ 288.68808031082153, 286.4901101589203, 287.4661874771118,]
