best-result = 38.03331756591797
warmup-time = 39.064351081848145
all-measurements = [ 38.625603675842285, 38.5039963722229, 38.03331756591797,]
