best-result = 46.83786678314209
warmup-time = 47.50566220283508
all-measurements = [ 47.643901109695435, 46.83786678314209, 48.151556968688965,]
