best-result = 52.87240123748779
warmup-time = 53.35763192176819
all-measurements = [ 52.87240123748779, 53.67887592315674, 54.3034303188324,]
