best-result = 36.48291325569153
warmup-time = 37.63684391975403
all-measurements = [ 36.83925938606262, 36.48291325569153, 37.60247302055359,]
