best-result = 40.51518154144287
warmup-time = 40.62891244888306
all-measurements = [ 40.54840540885925, 40.51518154144287, 41.03278183937073,]
