best-result = 62.13251757621765
warmup-time = 63.37425518035889
all-measurements = [ 66.12550973892212, 62.13251757621765, 64.40423703193665,]
