best-result = 256.6690139770508
warmup-time = 257.314421415329
all-measurements = [ 256.6690139770508, 257.5719082355499, 257.7620005607605,]
