best-result = 592.4155471324921
warmup-time = 598.9103779792786
all-measurements = [ 595.3904626369476, 596.2262077331543, 592.4155471324921,]
