best-result = 38.99241828918457
warmup-time = 39.72082853317261
all-measurements = [ 38.99241828918457, 39.03589200973511, 41.44675922393799,]
