best-result = 68.96454119682312
warmup-time = 68.00724244117737
all-measurements = [ 68.96454119682312, 70.53215742111206, 69.4577841758728,]
