best-result = 28.563329935073853
warmup-time = 29.533085107803345
all-measurements = [ 28.563329935073853, 28.834442138671875, 29.362207889556885,]
