best-result = 34.18297290802002
warmup-time = 34.99855709075928
all-measurements = [ 34.505728006362915, 34.18297290802002, 35.93252754211426,]
