best-result = 45.30366659164429
warmup-time = 47.35337162017822
all-measurements = [ 47.131043434143066, 46.453179121017456, 45.30366659164429,]
