best-result = 104.39481830596924
warmup-time = 107.74899983406067
all-measurements = [ 104.39481830596924, 107.66535305976868, 106.13131308555603,]
