best-result = 36.28996753692627
warmup-time = 38.450287103652954
all-measurements = [ 36.28996753692627, 37.314629316329956, 37.88185453414917,]
