best-result = 41.58792424201965
warmup-time = 43.618351459503174
all-measurements = [ 43.04248762130737, 42.4698646068573, 41.58792424201965,]
