best-result = 45.20234131813049
warmup-time = 45.576300382614136
all-measurements = [ 48.81572914123535, 45.20234131813049, 45.97854828834534,]
