best-result = 29.589313745498657
warmup-time = 30.901270866394043
all-measurements = [ 29.919425010681152, 29.589313745498657, 30.837859630584717,]
