best-result = 727.9190835952759
warmup-time = 757.1998777389526
all-measurements = [ 727.9190835952759, 743.9810132980347, 733.0485610961914,]
