best-result = 194.51134419441223
warmup-time = 197.31306743621826
all-measurements = [ 196.74290919303894, 194.51134419441223, 199.7010395526886,]
