best-result = 46.290096044540405
warmup-time = 48.325584411621094
all-measurements = [ 46.96329712867737, 46.290096044540405, 46.89099192619324,]
