best-result = 23.461851835250854
warmup-time = 23.470122575759888
all-measurements = [ 23.702266454696655, 23.461851835250854, 23.841091632843018,]
