best-result = 46.96902251243591
warmup-time = 64.67641520500183
all-measurements = [ 46.96902251243591, 47.07778859138489, 47.27070069313049,]
