best-result = 46.72462606430054
warmup-time = 59.39009070396423
all-measurements = [ 46.846790075302124, 46.72462606430054, 47.27193331718445,]
