best-result = 893.7142391204834
warmup-time = 1106.6056094169617
all-measurements = [ 893.7142391204834, 896.4812240600586, 896.456045627594,]
