best-result = 85.76068615913391
warmup-time = 100.19693994522095
all-measurements = [ 87.89508891105652, 85.76068615913391, 86.30428290367126,]
