best-result = 987.0649816989899
warmup-time = 1022.808310508728
all-measurements = [ 990.7100846767426, 987.0649816989899, 989.1120171546936,]
