best-result = 84.21095490455627
warmup-time = 105.62776613235474
all-measurements = [ 84.21095490455627, 84.2708740234375, 84.6233479976654,]
