best-result = 68.31317496299744
warmup-time = 90.07008647918701
all-measurements = [ 68.47090554237366, 68.31317496299744, 68.56455159187317,]
