best-result = 92.60578227043152
warmup-time = 105.53087639808655
all-measurements = [ 93.29824256896973, 93.03021168708801, 92.60578227043152,]
