best-result = 647.5022528171539
warmup-time = 662.8880429267883
all-measurements = [ 647.5022528171539, 649.9180734157562, 649.7842831611633,]
