best-result = 62.67491388320923
warmup-time = 75.11383295059204
all-measurements = [ 63.43532371520996, 62.67491388320923, 63.155136585235596,]
