best-result = 206.8902871608734
warmup-time = 364.41135811805725
all-measurements = [ 206.8902871608734, 207.18121647834778, 207.2563910484314,]
