best-result = 386.57135915756226
warmup-time = 828.6222791671753
all-measurements = [ 388.72073221206665, 386.57135915756226, 390.7211229801178,]
