best-result = 64.09331583976746
warmup-time = 79.02214503288269
all-measurements = [ 64.09756970405579, 64.09331583976746, 64.13527250289917,]
