best-result = 40.646047830581665
warmup-time = 49.19454050064087
all-measurements = [ 40.88999915122986, 40.646047830581665, 40.95218873023987,]
