best-result = 134.38910007476807
warmup-time = 165.74619388580322
all-measurements = [ 134.8923704624176, 135.58228015899658, 134.38910007476807,]
