best-result = 927.1445074081421
warmup-time = 952.9533197879791
all-measurements = [ 927.1445074081421, 927.4954423904419, 927.3032472133636,]
