best-result = 28.372230768203735
warmup-time = 37.064515829086304
all-measurements = [ 28.57261347770691, 28.372230768203735, 28.61469841003418,]
