best-result = 57.681857109069824
warmup-time = 70.52511167526245
all-measurements = [ 57.9201135635376, 57.681857109069824, 57.94792652130127,]
