best-result = 61.02068543434143
warmup-time = 75.94783282279968
all-measurements = [ 61.02068543434143, 67.26946997642517, 70.89567399024963,]
