best-result = 110.35268306732178
warmup-time = 147.6195752620697
all-measurements = [ 110.47324419021606, 110.79138398170471, 110.35268306732178,]
