best-result = 774.11692070961
warmup-time = 843.3593368530273
all-measurements = [ 779.3020493984222, 774.11692070961, 774.9200148582458,]
