best-result = 34.351073026657104
warmup-time = 43.3031222820282
all-measurements = [ 34.351073026657104, 34.43257546424866, 34.50835299491882,]
