best-result = 56.28604769706726
warmup-time = 72.00522327423096
all-measurements = [ 56.35290503501892, 56.28604769706726, 56.29525947570801,]
