best-result = 1881.1451823711395
warmup-time = 1533.3544251918793
all-measurements = [ 2097.056451320648, 2289.600909471512, 1881.1451823711395,]
