best-result = 48.278279542922974
warmup-time = 70.875412940979
all-measurements = [ 48.278279542922974, 48.6070921421051, 48.49556565284729,]
