best-result = 81.08003497123718
warmup-time = 101.74220514297485
all-measurements = [ 81.21395301818848, 81.08003497123718, 81.12693738937378,]
