best-result = 37.87976861000061
warmup-time = 46.20218896865845
all-measurements = [ 38.46151113510132, 37.87976861000061, 38.49783229827881,]
