best-result = 331.7680184841156
warmup-time = 470.5653657913208
all-measurements = [ 331.7680184841156, 333.3745219707489, 332.9080710411072,]
