best-result = 59.19665002822876
warmup-time = 60.02334904670715
all-measurements = [ 60.15449857711792, 60.12757158279419, 59.19665002822876,]
