best-result = 25.624463319778442
warmup-time = 26.46071171760559
all-measurements = [ 25.96194076538086, 26.105968952178955, 25.624463319778442,]
