best-result = 37.60143208503723
warmup-time = 39.776001930236816
all-measurements = [ 39.3757963180542, 39.100090742111206, 37.60143208503723,]
