best-result = 30.670458793640137
warmup-time = 30.86203932762146
all-measurements = [ 30.670458793640137, 31.078872203826904, 31.215355396270752,]
