best-result = 258.8002965450287
warmup-time = 262.40989446640015
all-measurements = [ 260.80058336257935, 260.5845696926117, 258.8002965450287,]
