best-result = 35.64424777030945
warmup-time = 36.49016284942627
all-measurements = [ 36.26385736465454, 36.3143367767334, 35.64424777030945,]
