best-result = 117.19037437438965
warmup-time = 121.28996992111206
all-measurements = [ 118.02804803848267, 121.03783774375916, 117.19037437438965,]
