best-result = 40.74327111244202
warmup-time = 40.52987194061279
all-measurements = [ 40.97419190406799, 41.32457709312439, 40.74327111244202,]
