best-result = 48.497387409210205
warmup-time = 48.09774827957153
all-measurements = [ 49.77049160003662, 48.497387409210205, 48.63576364517212,]
