best-result = 33.336597204208374
warmup-time = 34.1773464679718
all-measurements = [ 33.336597204208374, 35.66244840621948, 33.80210018157959,]
