best-result = 36.65183401107788
warmup-time = 37.95818376541138
all-measurements = [ 36.96500754356384, 37.42928075790405, 36.65183401107788,]
