best-result = 58.00559639930725
warmup-time = 60.12215614318848
all-measurements = [ 58.00559639930725, 59.604745626449585, 59.83109092712402,]
