best-result = 227.23584485054016
warmup-time = 229.389386177063
all-measurements = [ 227.23584485054016, 229.06068801879883, 229.1449728012085,]
