best-result = 515.4742207527161
warmup-time = 522.5923342704773
all-measurements = [ 517.7387170791626, 537.3767051696777, 515.4742207527161,]
