best-result = 35.81026792526245
warmup-time = 36.15059852600098
all-measurements = [ 35.81026792526245, 36.12217926979065, 38.477585792541504,]
