best-result = 28.83511757850647
warmup-time = 29.05638098716736
all-measurements = [ 28.91441583633423, 28.83511757850647, 29.162167072296143,]
