best-result = 75.9517228603363
warmup-time = 79.30136179924011
all-measurements = [ 75.9517228603363, 79.25088167190552, 82.91528415679932,]
