best-result = 61.76440191268921
warmup-time = 63.837878942489624
all-measurements = [ 61.99761652946472, 61.76440191268921, 62.51072096824646,]
