best-result = 28.45580506324768
warmup-time = 29.67622447013855
all-measurements = [ 29.023134469985962, 28.45580506324768, 29.03612995147705,]
