best-result = 35.5398063659668
warmup-time = 35.465726375579834
all-measurements = [ 35.5398063659668, 35.890504360198975, 35.739367723464966,]
