best-result = 35.22544264793396
warmup-time = 36.46186184883118
all-measurements = [ 35.950512170791626, 35.22544264793396, 36.583486795425415,]
