best-result = 41.541996479034424
warmup-time = 43.69134306907654
all-measurements = [ 42.72228503227234, 41.541996479034424, 43.7124719619751,]
