best-result = 95.93595337867737
warmup-time = 95.52559804916382
all-measurements = [ 96.42520427703857, 95.93595337867737, 96.36560893058777,]
