best-result = 27.4310359954834
warmup-time = 28.289626121520996
all-measurements = [ 28.81368374824524, 27.4310359954834, 28.002635955810547,]
