best-result = 34.81417369842529
warmup-time = 35.39485239982605
all-measurements = [ 34.81417369842529, 34.95255136489868, 36.16195201873779,]
