best-result = 89.44586634635925
warmup-time = 92.24823188781738
all-measurements = [ 89.44586634635925, 94.89530372619629, 91.9605872631073,]
