best-result = 39.242350578308105
warmup-time = 39.22455024719238
all-measurements = [ 39.75757312774658, 39.54011535644531, 39.242350578308105,]
