best-result = 43.65348982810974
warmup-time = 45.550206661224365
all-measurements = [ 45.25642228126526, 45.124919176101685, 43.65348982810974,]
