best-result = 28.538914442062378
warmup-time = 28.638238668441772
all-measurements = [ 28.538914442062378, 28.741304397583008, 28.587543725967407,]
