best-result = 667.4901759624481
warmup-time = 709.3808407783508
all-measurements = [ 669.9127316474915, 673.2356033325195, 667.4901759624481,]
