best-result = 173.42353510856628
warmup-time = 177.75703310966492
all-measurements = [ 177.42407894134521, 173.42353510856628, 176.6768388748169,]
