best-result = 59.64177060127258
warmup-time = 66.07869005203247
all-measurements = [ 63.58943057060242, 59.64177060127258, 67.62584137916565,]
