best-result = 25.942885160446167
warmup-time = 26.43755578994751
all-measurements = [ 26.319628477096558, 26.187958240509033, 25.942885160446167,]
