best-result = 35.74711990356445
warmup-time = 37.48477816581726
all-measurements = [ 37.04512643814087, 36.458964586257935, 35.74711990356445,]
