best-result = 30.54240894317627
warmup-time = 31.21773099899292
all-measurements = [ 32.13020348548889, 31.590250492095947, 30.54240894317627,]
