best-result = 228.2548851966858
warmup-time = 234.9436798095703
all-measurements = [ 228.2548851966858, 233.87590837478638, 231.92283487319946,]
