best-result = 36.3254656791687
warmup-time = 37.877851247787476
all-measurements = [ 36.3254656791687, 37.30664086341858, 36.544888734817505,]
