best-result = 110.77847385406494
warmup-time = 113.75769448280334
all-measurements = [ 110.77847385406494, 113.76005816459656, 113.60513973236084,]
