best-result = 34.624749183654785
warmup-time = 35.087581634521484
all-measurements = [ 34.624749183654785, 34.736823320388794, 36.453795433044434,]
