best-result = 40.67275929450989
warmup-time = 40.833651304244995
all-measurements = [ 41.13037872314453, 40.67275929450989, 41.67904305458069,]
