best-result = 48.42782759666443
warmup-time = 47.77248954772949
all-measurements = [ 49.69643974304199, 48.86374378204346, 48.42782759666443,]
