best-result = 33.44726848602295
warmup-time = 32.37759590148926
all-measurements = [ 33.73906850814819, 33.44726848602295, 33.48356223106384,]
