best-result = 36.21479606628418
warmup-time = 38.81353831291199
all-measurements = [ 36.21479606628418, 37.34603476524353, 37.765705585479736,]
