best-result = 59.874959230422974
warmup-time = 60.18487739562988
all-measurements = [ 59.874959230422974, 61.78735566139221, 63.40834093093872,]
