best-result = 220.5913486480713
warmup-time = 225.49581098556519
all-measurements = [ 223.78344798088074, 220.5913486480713, 222.13288974761963,]
