best-result = 502.95472502708435
warmup-time = 508.45272278785706
all-measurements = [ 502.95472502708435, 504.9223401546478, 503.6029415130615,]
