best-result = 35.492470264434814
warmup-time = 36.5396511554718
all-measurements = [ 37.77097010612488, 35.492470264434814, 37.30989384651184,]
