best-result = 29.04142427444458
warmup-time = 29.05454182624817
all-measurements = [ 29.243237018585205, 29.04142427444458, 29.379639625549316,]
