best-result = 68.88439059257507
warmup-time = 70.77911114692688
all-measurements = [ 68.88439059257507, 71.70696687698364, 85.2471079826355,]
