best-result = 60.68324089050293
warmup-time = 62.04994201660156
all-measurements = [ 61.906676054000854, 60.68324089050293, 61.6005744934082,]
