best-result = 27.902023315429688
warmup-time = 27.831998586654663
all-measurements = [ 27.995463848114014, 28.294158220291138, 27.902023315429688,]
