best-result = 35.46843862533569
warmup-time = 32.90226864814758
all-measurements = [ 35.62540578842163, 35.46843862533569, 35.56075167655945,]
