best-result = 32.83341598510742
warmup-time = 34.831676721572876
all-measurements = [ 32.83341598510742, 33.39007306098938, 33.22806262969971,]
