best-result = 43.1962628364563
warmup-time = 44.6721305847168
all-measurements = [ 43.82004714012146, 43.270254135131836, 43.1962628364563,]
