best-result = 94.52679753303528
warmup-time = 93.96816921234131
all-measurements = [ 96.1378858089447, 96.67133593559265, 94.52679753303528,]
