best-result = 27.378883123397827
warmup-time = 28.496357202529907
all-measurements = [ 27.378883123397827, 28.032026767730713, 29.326560497283936,]
