best-result = 34.502845287323
warmup-time = 34.881548166275024
all-measurements = [ 35.480305671691895, 34.8327693939209, 34.502845287323,]
