best-result = 86.95258617401123
warmup-time = 91.47968888282776
all-measurements = [ 96.73913288116455, 86.95258617401123, 88.57601976394653,]
