best-result = 38.583993673324585
warmup-time = 37.930442094802856
all-measurements = [ 38.583993673324585, 40.02533221244812, 39.488431453704834,]
