best-result = 45.47159123420715
warmup-time = 45.281986713409424
all-measurements = [ 45.47159123420715, 45.89124321937561, 46.42848753929138,]
