best-result = 50.45407819747925
warmup-time = 51.40381407737732
all-measurements = [ 50.45407819747925, 51.16451072692871, 50.47862482070923,]
