best-result = 28.055340051651
warmup-time = 27.644907236099243
all-measurements = [ 28.055340051651, 28.565497398376465, 28.759732961654663,]
