best-result = 648.1762735843658
warmup-time = 718.6375644207001
all-measurements = [ 668.7035818099976, 648.1762735843658, 676.0948281288147,]
