best-result = 168.2908034324646
warmup-time = 171.6348180770874
all-measurements = [ 168.2908034324646, 171.92159414291382, 168.36489462852478,]
