best-result = 54.92488884925842
warmup-time = 66.2703161239624
all-measurements = [ 69.4163088798523, 54.92488884925842, 69.37603855133057,]
