best-result = 25.840863466262817
warmup-time = 26.23952078819275
all-measurements = [ 26.070481061935425, 25.840863466262817, 26.867250204086304,]
