best-result = 37.38132047653198
warmup-time = 38.01992440223694
all-measurements = [ 38.292888164520264, 37.38132047653198, 37.64650535583496,]
