best-result = 30.575092554092407
warmup-time = 31.586751461029053
all-measurements = [ 30.6251220703125, 30.575092554092407, 31.94333052635193,]
