best-result = 232.38846611976624
warmup-time = 233.08577871322632
all-measurements = [ 232.38846611976624, 233.31387400627136, 232.55908131599426,]
