best-result = 36.32052516937256
warmup-time = 36.71518087387085
all-measurements = [ 37.08283805847168, 36.32052516937256, 36.742427349090576,]
