best-result = 112.07369041442871
warmup-time = 116.75283575057983
all-measurements = [ 114.51004219055176, 112.22819876670837, 112.07369041442871,]
