best-result = 35.39760112762451
warmup-time = 36.67955565452576
all-measurements = [ 35.39760112762451, 35.85610890388489, 36.36604833602905,]
