best-result = 40.51689672470093
warmup-time = 40.898956537246704
all-measurements = [ 41.03342151641846, 40.51689672470093, 41.0710883140564,]
