best-result = 47.21960139274597
warmup-time = 47.95117259025574
all-measurements = [ 47.21960139274597, 49.48602485656738, 47.853142976760864,]
