best-result = 33.524539947509766
warmup-time = 33.85312104225159
all-measurements = [ 33.63539528846741, 33.524539947509766, 34.937296628952026,]
