best-result = 36.67460322380066
warmup-time = 38.51499700546265
all-measurements = [ 37.37314295768738, 36.67460322380066, 37.1494665145874,]
