best-result = 61.482648849487305
warmup-time = 61.60371971130371
all-measurements = [ 62.55081343650818, 61.482648849487305, 63.05706858634949,]
