best-result = 219.93654370307922
warmup-time = 223.44439721107483
all-measurements = [ 221.57550740242004, 219.93654370307922, 221.8883833885193,]
