best-result = 502.2715311050415
warmup-time = 508.512047290802
all-measurements = [ 504.8774757385254, 502.2715311050415, 506.25475430488586,]
