best-result = 36.215283155441284
warmup-time = 37.02866840362549
all-measurements = [ 36.83872699737549, 36.215283155441284, 37.424458026885986,]
