best-result = 29.05616807937622
warmup-time = 29.56339955329895
all-measurements = [ 29.450845956802368, 29.301340103149414, 29.05616807937622,]
