best-result = 75.17034363746643
warmup-time = 80.41235637664795
all-measurements = [ 77.85948061943054, 75.17034363746643, 79.0628228187561,]
