best-result = 61.91844916343689
warmup-time = 62.652915239334106
all-measurements = [ 62.44689893722534, 61.91844916343689, 62.47298574447632,]
