best-result = 27.182772874832153
warmup-time = 28.63057565689087
all-measurements = [ 28.2081196308136, 27.182772874832153, 28.218750715255737,]
