best-result = 33.20040798187256
warmup-time = 35.748793840408325
all-measurements = [ 36.34235668182373, 36.15248894691467, 33.20040798187256,]
