best-result = 31.314164638519287
warmup-time = 34.23074388504028
all-measurements = [ 31.314164638519287, 32.33461952209473, 33.520891427993774,]
