best-result = 41.90140342712402
warmup-time = 43.23825430870056
all-measurements = [ 42.59927153587341, 41.90140342712402, 44.428343057632446,]
