best-result = 94.18787264823914
warmup-time = 97.05915808677673
all-measurements = [ 96.66447591781616, 94.18787264823914, 94.20188188552856,]
