best-result = 28.115219831466675
warmup-time = 29.68376636505127
all-measurements = [ 29.805416584014893, 29.611228704452515, 28.115219831466675,]
