best-result = 34.591070890426636
warmup-time = 34.73703384399414
all-measurements = [ 34.591070890426636, 34.89041066169739, 35.22198796272278,]
