best-result = 87.4570107460022
warmup-time = 94.83645153045654
all-measurements = [ 87.4570107460022, 90.7607307434082, 90.21836733818054,]
