best-result = 38.63688826560974
warmup-time = 39.04132699966431
all-measurements = [ 38.63688826560974, 39.284422874450684, 39.30357074737549,]
