best-result = 43.544798612594604
warmup-time = 48.281304359436035
all-measurements = [ 43.544798612594604, 46.49361824989319, 45.87892007827759,]
