best-result = 50.337209701538086
warmup-time = 51.570855140686035
all-measurements = [ 51.23527765274048, 50.337209701538086, 50.94595456123352,]
