best-result = 27.894092082977295
warmup-time = 28.39877700805664
all-measurements = [ 28.787172317504883, 28.565815925598145, 27.894092082977295,]
