best-result = 621.555727481842
warmup-time = 698.369964838028
all-measurements = [ 624.1497812271118, 621.555727481842, 623.9558117389679,]
