best-result = 167.48567152023315
warmup-time = 172.3350887298584
all-measurements = [ 173.86800265312195, 167.83971309661865, 167.48567152023315,]
