best-result = 56.875203371047974
warmup-time = 56.96231508255005
all-measurements = [ 67.67642426490784, 69.62033772468567, 56.875203371047974,]
