best-result = 25.906476974487305
warmup-time = 26.316335201263428
all-measurements = [ 26.19569969177246, 26.09237241744995, 25.906476974487305,]
