best-result = 36.60810136795044
warmup-time = 37.77491903305054
all-measurements = [ 37.20241069793701, 36.60810136795044, 38.906394958496094,]
