best-result = 30.299001932144165
warmup-time = 30.87174105644226
all-measurements = [ 30.88167667388916, 30.299001932144165, 31.305683612823486,]
