best-result = 259.54875349998474
warmup-time = 263.3440945148468
all-measurements = [ 259.54875349998474, 259.91656041145325, 260.6222541332245,]
