best-result = 35.631412506103516
warmup-time = 37.36784052848816
all-measurements = [ 36.40696883201599, 36.492934703826904, 35.631412506103516,]
