best-result = 110.91794323921204
warmup-time = 114.81708097457886
all-measurements = [ 114.10974383354187, 110.91794323921204, 111.21985268592834,]
