best-result = 40.002678632736206
warmup-time = 41.08073425292969
all-measurements = [ 40.002678632736206, 40.613311767578125, 40.949294567108154,]
