best-result = 46.987478494644165
warmup-time = 47.40395498275757
all-measurements = [ 46.987478494644165, 48.25078105926514, 47.163429260253906,]
