best-result = 34.11570072174072
warmup-time = 33.474106788635254
all-measurements = [ 34.1484112739563, 34.11570072174072, 34.83084011077881,]
