best-result = 36.67320990562439
warmup-time = 37.58566451072693
all-measurements = [ 37.047513246536255, 36.67320990562439, 36.7287232875824,]
