best-result = 60.14168930053711
warmup-time = 60.31386876106262
all-measurements = [ 61.57249402999878, 60.14168930053711, 60.773911237716675,]
