best-result = 221.6651484966278
warmup-time = 226.28715229034424
all-measurements = [ 226.5328884124756, 224.33477449417114, 221.6651484966278,]
