best-result = 513.018360376358
warmup-time = 517.5958909988403
all-measurements = [ 513.018360376358, 515.6285543441772, 514.548465013504,]
