best-result = 33.75797247886658
warmup-time = 36.7032904624939
all-measurements = [ 36.36097478866577, 33.75797247886658, 36.119943141937256,]
