best-result = 28.24113440513611
warmup-time = 29.473702430725098
all-measurements = [ 29.213210821151733, 28.24113440513611, 28.66121196746826,]
