best-result = 73.99265170097351
warmup-time = 69.61254692077637
all-measurements = [ 76.55986762046814, 74.07406735420227, 73.99265170097351,]
