best-result = 61.11993336677551
warmup-time = 62.574796199798584
all-measurements = [ 61.120721101760864, 61.11993336677551, 62.29833912849426,]
