best-result = 26.97079563140869
warmup-time = 28.711097717285156
all-measurements = [ 27.91303515434265, 26.97079563140869, 28.541173219680786,]
