best-result = 34.935972690582275
warmup-time = 35.59928798675537
all-measurements = [ 34.935972690582275, 35.05130410194397, 35.136353731155396,]
