best-result = 32.711341857910156
warmup-time = 33.841593742370605
all-measurements = [ 33.8909056186676, 33.192153453826904, 32.711341857910156,]
