best-result = 42.28836727142334
warmup-time = 46.41774868965149
all-measurements = [ 49.952133893966675, 47.4971387386322, 42.28836727142334,]
