best-result = 94.75189590454102
warmup-time = 98.34263682365417
all-measurements = [ 94.75189590454102, 98.97906231880188, 98.39002180099487,]
