best-result = 27.497889280319214
warmup-time = 28.868391513824463
all-measurements = [ 27.497889280319214, 29.13076686859131, 29.236337900161743,]
