best-result = 33.800334453582764
warmup-time = 34.500160217285156
all-measurements = [ 34.457117319107056, 33.800334453582764, 34.77680969238281,]
