best-result = 84.5575213432312
warmup-time = 86.6374135017395
all-measurements = [ 87.05400252342224, 84.5575213432312, 88.89124846458435,]
