best-result = 37.467657804489136
warmup-time = 38.62892961502075
all-measurements = [ 39.229326009750366, 37.467657804489136, 38.40505409240723,]
