best-result = 44.365909814834595
warmup-time = 42.80481290817261
all-measurements = [ 44.62886667251587, 44.365909814834595, 45.98051404953003,]
