best-result = 28.74737048149109
warmup-time = 28.57047939300537
all-measurements = [ 28.74737048149109, 29.39449405670166, 28.861571311950684,]
