best-result = 637.6803004741669
warmup-time = 671.9774329662323
all-measurements = [ 644.5665864944458, 642.1734087467194, 637.6803004741669,]
