best-result = 171.17009282112122
warmup-time = 173.1956489086151
all-measurements = [ 173.69109106063843, 171.17009282112122, 173.4895396232605,]
