best-result = 62.879443645477295
warmup-time = 69.9584710597992
all-measurements = [ 66.58681344985962, 62.879443645477295, 68.59214782714844,]
