best-result = 26.00466823577881
warmup-time = 25.974735498428345
all-measurements = [ 26.16832733154297, 26.171900033950806, 26.00466823577881,]
