best-result = 37.756829261779785
warmup-time = 38.296648263931274
all-measurements = [ 37.921802282333374, 39.17171049118042, 37.756829261779785,]
