best-result = 30.740410804748535
warmup-time = 31.332629442214966
all-measurements = [ 30.79490566253662, 31.340447425842285, 30.740410804748535,]
