best-result = 257.8424527645111
warmup-time = 265.1966691017151
all-measurements = [ 258.38934111595154, 257.8424527645111, 259.77342915534973,]
