best-result = 36.15680289268494
warmup-time = 36.259315729141235
all-measurements = [ 36.817469358444214, 36.46993541717529, 36.15680289268494,]
