best-result = 110.8001856803894
warmup-time = 113.1568968296051
all-measurements = [ 110.8001856803894, 113.10095477104187, 113.32916760444641,]
