best-result = 40.64383101463318
warmup-time = 40.70778250694275
all-measurements = [ 41.116658449172974, 41.98091983795166, 40.64383101463318,]
