best-result = 46.56084847450256
warmup-time = 47.438438177108765
all-measurements = [ 47.22244310379028, 46.56084847450256, 47.305270195007324,]
