best-result = 32.3020453453064
warmup-time = 33.649168968200684
all-measurements = [ 33.23892664909363, 32.3020453453064, 32.681477308273315,]
