best-result = 36.36020493507385
warmup-time = 37.28977060317993
all-measurements = [ 37.24204897880554, 37.03457570075989, 36.36020493507385,]
