best-result = 59.802602767944336
warmup-time = 61.549352169036865
all-measurements = [ 61.81060576438904, 62.15917086601257, 59.802602767944336,]
