best-result = 223.66441917419434
warmup-time = 226.99434566497803
all-measurements = [ 225.39348244667053, 225.46221590042114, 223.66441917419434,]
