best-result = 509.50824546813965
warmup-time = 518.8474764823914
all-measurements = [ 516.429484128952, 509.50824546813965, 518.394121170044,]
