best-result = 35.903767108917236
warmup-time = 36.16909575462341
all-measurements = [ 38.56418466567993, 36.346025466918945, 35.903767108917236,]
