best-result = 28.170689821243286
warmup-time = 29.722520112991333
all-measurements = [ 28.170689821243286, 28.179320096969604, 28.907973527908325,]
