best-result = 72.03897619247437
warmup-time = 74.88569259643555
all-measurements = [ 77.91822481155396, 80.52257704734802, 72.03897619247437,]
