best-result = 60.11447334289551
warmup-time = 60.58123016357422
all-measurements = [ 60.75604438781738, 60.11447334289551, 61.72983264923096,]
