best-result = 27.74153184890747
warmup-time = 27.241734981536865
all-measurements = [ 27.74153184890747, 28.756958484649658, 28.7177996635437,]
