best-result = 34.48791694641113
warmup-time = 35.16809415817261
all-measurements = [ 35.273876428604126, 35.35739827156067, 34.48791694641113,]
