best-result = 33.534921407699585
warmup-time = 34.81435012817383
all-measurements = [ 33.534921407699585, 34.533058404922485, 34.95566415786743,]
