best-result = 43.63991904258728
warmup-time = 41.24770975112915
all-measurements = [ 43.63991904258728, 45.375046491622925, 53.76155996322632,]
