best-result = 95.27328515052795
warmup-time = 101.3110671043396
all-measurements = [ 96.86205625534058, 95.33281326293945, 95.27328515052795,]
