best-result = 27.486911296844482
warmup-time = 28.01482653617859
all-measurements = [ 27.486911296844482, 28.674381732940674, 29.47076392173767,]
