best-result = 35.01129126548767
warmup-time = 35.08986759185791
all-measurements = [ 35.01129126548767, 36.00703001022339, 35.74347925186157,]
