best-result = 91.74175024032593
warmup-time = 88.00594353675842
all-measurements = [ 96.41576504707336, 92.91772270202637, 91.74175024032593,]
