best-result = 38.44846987724304
warmup-time = 37.37967371940613
all-measurements = [ 38.49104452133179, 38.78469252586365, 38.44846987724304,]
