best-result = 43.20634865760803
warmup-time = 44.43770456314087
all-measurements = [ 44.824169635772705, 43.20634865760803, 43.38926291465759,]
