best-result = 27.623679876327515
warmup-time = 28.953314304351807
all-measurements = [ 29.002398252487183, 27.623679876327515, 27.74794340133667,]
