best-result = 634.5610551834106
warmup-time = 673.4989743232727
all-measurements = [ 634.5610551834106, 635.2111201286316, 648.7889399528503,]
