best-result = 171.97526097297668
warmup-time = 173.5125777721405
all-measurements = [ 173.28084301948547, 174.28470921516418, 171.97526097297668,]
