best-result = 58.346293210983276
warmup-time = 65.77988028526306
all-measurements = [ 58.346293210983276, 66.55727863311768, 68.47006011009216,]
