best-result = 26.974933385849
warmup-time = 27.362165689468384
all-measurements = [ 26.974933385849, 27.84724187850952, 27.241948127746582,]
