best-result = 39.79636836051941
warmup-time = 41.15845823287964
all-measurements = [ 39.79636836051941, 41.055965423583984, 40.53301405906677,]
