best-result = 33.99454092979431
warmup-time = 34.87094497680664
all-measurements = [ 33.99454092979431, 34.88696575164795, 34.42386436462402,]
