best-result = 284.9454655647278
warmup-time = 286.1025757789612
all-measurements = [ 287.28670835494995, 284.9454655647278, 289.6271152496338,]
