best-result = 37.640732765197754
warmup-time = 38.079280376434326
all-measurements = [ 37.640732765197754, 38.06457471847534, 39.544405698776245,]
