best-result = 43.955113649368286
warmup-time = 46.34874176979065
all-measurements = [ 43.955113649368286, 44.79883122444153, 45.19005227088928,]
