best-result = 53.29409599304199
warmup-time = 52.592599630355835
all-measurements = [ 53.29409599304199, 54.23556113243103, 53.528611183166504,]
