best-result = 36.34332299232483
warmup-time = 37.52109169960022
all-measurements = [ 36.34332299232483, 37.783259868621826, 39.30879878997803,]
