best-result = 41.328567028045654
warmup-time = 41.61495399475098
all-measurements = [ 41.328567028045654, 41.86249351501465, 41.93290448188782,]
