best-result = 59.58885908126831
warmup-time = 61.452839851379395
all-measurements = [ 59.58885908126831, 61.54801654815674, 64.78291010856628,]
