best-result = 255.96149444580078
warmup-time = 256.1130106449127
all-measurements = [ 255.9783148765564, 255.96149444580078, 256.1606459617615,]
