best-result = 593.5448987483978
warmup-time = 595.3919258117676
all-measurements = [ 597.110630273819, 593.5448987483978, 597.6408491134644,]
