best-result = 38.19246244430542
warmup-time = 38.26871633529663
all-measurements = [ 38.19246244430542, 38.93124008178711, 39.118587255477905,]
