best-result = 68.74292874336243
warmup-time = 69.65173578262329
all-measurements = [ 69.2918028831482, 70.68422031402588, 68.74292874336243,]
