best-result = 28.111939907073975
warmup-time = 29.465720653533936
all-measurements = [ 29.97894549369812, 28.111939907073975, 30.014921188354492,]
