best-result = 35.16718888282776
warmup-time = 36.475013256073
all-measurements = [ 35.2547082901001, 36.73007273674011, 35.16718888282776,]
