best-result = 47.23260951042175
warmup-time = 46.48266887664795
all-measurements = [ 49.21074199676514, 47.23260951042175, 48.01817965507507,]
