best-result = 107.22828578948975
warmup-time = 108.01428008079529
all-measurements = [ 108.43432712554932, 107.22828578948975, 107.9494788646698,]
