best-result = 30.653143644332886
warmup-time = 31.2221257686615
all-measurements = [ 31.51014232635498, 30.653143644332886, 32.00468564033508,]
