best-result = 35.67665719985962
warmup-time = 37.04506301879883
all-measurements = [ 35.67665719985962, 37.114556550979614, 37.38929772377014,]
