best-result = 42.66344380378723
warmup-time = 43.6953604221344
all-measurements = [ 43.563432931900024, 42.66344380378723, 42.88443040847778,]
