best-result = 45.73314166069031
warmup-time = 49.10941505432129
all-measurements = [ 46.13669681549072, 48.40978527069092, 45.73314166069031,]
