best-result = 29.006299257278442
warmup-time = 29.97512412071228
all-measurements = [ 30.50813317298889, 29.006299257278442, 30.09131145477295,]
