best-result = 738.2862577438354
warmup-time = 773.4782285690308
all-measurements = [ 741.4183323383331, 738.2862577438354, 743.6181347370148,]
