best-result = 196.16755986213684
warmup-time = 197.44863867759705
all-measurements = [ 199.48670864105225, 196.16755986213684, 199.59368419647217,]
