best-result = 46.41699242591858
warmup-time = 46.9545681476593
all-measurements = [ 46.942081928253174, 48.65083599090576, 46.41699242591858,]
