best-result = 25.52857804298401
warmup-time = 25.96679425239563
all-measurements = [ 25.52857804298401, 25.841069221496582, 25.883042812347412,]
