best-result = 36.33334946632385
warmup-time = 37.5542266368866
all-measurements = [ 36.33334946632385, 38.320432901382446, 36.87369656562805,]
