best-result = 29.750874280929565
warmup-time = 30.90942645072937
all-measurements = [ 29.750874280929565, 30.102627515792847, 31.137723445892334,]
