best-result = 263.45513820648193
warmup-time = 272.99734902381897
all-measurements = [ 263.45513820648193, 264.78673577308655, 265.7855417728424,]
