best-result = 35.88069486618042
warmup-time = 36.76754283905029
all-measurements = [ 36.41195011138916, 35.88069486618042, 36.90993523597717,]
