best-result = 115.31296825408936
warmup-time = 118.16379117965698
all-measurements = [ 115.6553258895874, 115.34251689910889, 115.31296825408936,]
