best-result = 41.10655117034912
warmup-time = 41.397392988204956
all-measurements = [ 41.19055771827698, 41.10655117034912, 41.49242305755615,]
