best-result = 49.605382442474365
warmup-time = 49.270413875579834
all-measurements = [ 49.605382442474365, 50.709580421447754, 49.961669921875,]
