best-result = 32.8454372882843
warmup-time = 33.570136308670044
all-measurements = [ 33.73082089424133, 33.36053466796875, 32.8454372882843,]
