best-result = 61.64114809036255
warmup-time = 62.00511312484741
all-measurements = [ 62.57048153877258, 61.64114809036255, 64.34677910804749,]
