best-result = 227.9775094985962
warmup-time = 231.50042486190796
all-measurements = [ 228.56050372123718, 228.5490734577179, 227.9775094985962,]
