best-result = 517.6043210029602
warmup-time = 524.5306949615479
all-measurements = [ 517.6043210029602, 521.968692779541, 518.7999579906464,]
