best-result = 35.608426570892334
warmup-time = 37.52753734588623
all-measurements = [ 37.052756786346436, 35.608426570892334, 37.85432505607605,]
