best-result = 28.33495020866394
warmup-time = 29.71009612083435
all-measurements = [ 28.33495020866394, 29.13557767868042, 29.40181279182434,]
