best-result = 69.30200433731079
warmup-time = 80.38056254386902
all-measurements = [ 70.62955737113953, 83.35139322280884, 69.30200433731079,]
