best-result = 62.320213317871094
warmup-time = 62.2454833984375
all-measurements = [ 63.21336221694946, 62.320213317871094, 65.44105434417725,]
