best-result = 27.074509620666504
warmup-time = 27.668354988098145
all-measurements = [ 27.074509620666504, 27.886333465576172, 27.104328155517578,]
