best-result = 32.2818284034729
warmup-time = 35.02036428451538
all-measurements = [ 35.093576192855835, 35.00461745262146, 32.2818284034729,]
