best-result = 33.43670988082886
warmup-time = 34.028810262680054
all-measurements = [ 33.43670988082886, 33.65629816055298, 34.23148846626282,]
