best-result = 41.61617612838745
warmup-time = 44.25286030769348
all-measurements = [ 44.38482880592346, 42.51679801940918, 41.61617612838745,]
