best-result = 96.69830226898193
warmup-time = 99.46198296546936
all-measurements = [ 96.69830226898193, 97.3092873096466, 97.92485880851746,]
