best-result = 26.979953289031982
warmup-time = 29.577876806259155
all-measurements = [ 28.760923862457275, 26.979953289031982, 28.44531559944153,]
