best-result = 34.68061447143555
warmup-time = 35.620527029037476
all-measurements = [ 34.68061447143555, 34.853914976119995, 35.408960580825806,]
