best-result = 86.13237476348877
warmup-time = 95.05474328994751
all-measurements = [ 86.13237476348877, 86.31397986412048, 92.45530772209167,]
