best-result = 37.307653188705444
warmup-time = 38.70784044265747
all-measurements = [ 38.53530478477478, 39.447166204452515, 37.307653188705444,]
