best-result = 43.20152235031128
warmup-time = 44.69902801513672
all-measurements = [ 44.95875597000122, 44.43316197395325, 43.20152235031128,]
