best-result = 28.643312692642212
warmup-time = 28.72360348701477
all-measurements = [ 28.821908473968506, 28.655260801315308, 28.643312692642212,]
