best-result = 693.8544776439667
warmup-time = 729.256356716156
all-measurements = [ 700.9190390110016, 697.3545506000519, 693.8544776439667,]
