best-result = 172.48559832572937
warmup-time = 175.05200695991516
all-measurements = [ 172.48559832572937, 174.011568069458, 178.47515177726746,]
