best-result = 63.42010545730591
warmup-time = 65.89026546478271
all-measurements = [ 67.22417092323303, 64.40284085273743, 63.42010545730591,]
