best-result = 25.790138244628906
warmup-time = 26.196154594421387
all-measurements = [ 26.483388662338257, 25.790138244628906, 26.23840880393982,]
