best-result = 36.78880500793457
warmup-time = 38.629825830459595
all-measurements = [ 37.164214849472046, 36.78880500793457, 38.40745401382446,]
