best-result = 30.80224084854126
warmup-time = 31.90036368370056
all-measurements = [ 30.80224084854126, 31.405284643173218, 30.900163650512695,]
