best-result = 231.18765926361084
warmup-time = 235.77110481262207
all-measurements = [ 236.67034101486206, 231.18765926361084, 231.6154749393463,]
