best-result = 37.21105766296387
warmup-time = 37.32304000854492
all-measurements = [ 37.21105766296387, 37.48588490486145, 37.389225006103516,]
