best-result = 110.78811430931091
warmup-time = 115.79095149040222
all-measurements = [ 111.60238027572632, 110.78811430931091, 113.29267811775208,]
