best-result = 35.50340127944946
warmup-time = 35.44048523902893
all-measurements = [ 36.0820574760437, 35.50340127944946, 36.43424415588379,]
