best-result = 40.99591779708862
warmup-time = 41.461920499801636
all-measurements = [ 40.99591779708862, 42.43852949142456, 42.33679485321045,]
