best-result = 47.43141412734985
warmup-time = 49.25830554962158
all-measurements = [ 48.04965400695801, 47.43141412734985, 47.90667271614075,]
