best-result = 32.89256548881531
warmup-time = 33.566301345825195
all-measurements = [ 34.13062143325806, 34.46872115135193, 32.89256548881531,]
