best-result = 37.17818903923035
warmup-time = 37.97844052314758
all-measurements = [ 37.17818903923035, 37.23157334327698, 38.37042832374573,]
