best-result = 58.127742528915405
warmup-time = 62.26801156997681
all-measurements = [ 58.127742528915405, 64.42213439941406, 62.21094989776611,]
