best-result = 219.5851583480835
warmup-time = 224.15066528320312
all-measurements = [ 221.09937167167664, 221.03795957565308, 219.5851583480835,]
