best-result = 502.7000036239624
warmup-time = 506.6532928943634
all-measurements = [ 503.3529191017151, 505.7659754753113, 502.7000036239624,]
