best-result = 35.72603893280029
warmup-time = 38.15771985054016
all-measurements = [ 36.72015428543091, 36.76869487762451, 35.72603893280029,]
