best-result = 29.057892560958862
warmup-time = 29.019477367401123
all-measurements = [ 29.057892560958862, 29.253166437149048, 29.147594213485718,]
