best-result = 72.9384491443634
warmup-time = 79.21997809410095
all-measurements = [ 79.47698020935059, 72.9384491443634, 78.73819923400879,]
