best-result = 60.864370346069336
warmup-time = 62.49704623222351
all-measurements = [ 62.805235147476196, 62.801279067993164, 60.864370346069336,]
