best-result = 27.402715921401978
warmup-time = 28.93342638015747
all-measurements = [ 28.907129287719727, 28.611083030700684, 27.402715921401978,]
