best-result = 32.4681077003479
warmup-time = 33.403130531311035
all-measurements = [ 36.02427577972412, 32.4681077003479, 35.825756549835205,]
