best-result = 33.78884935379028
warmup-time = 32.362977027893066
all-measurements = [ 34.42044115066528, 33.78884935379028, 33.854774951934814,]
