best-result = 41.22685408592224
warmup-time = 42.2069673538208
all-measurements = [ 44.02021408081055, 41.22685408592224, 41.292133808135986,]
