best-result = 93.94836711883545
warmup-time = 96.76918196678162
all-measurements = [ 94.29966354370117, 93.94836711883545, 93.95861434936523,]
