best-result = 28.928422451019287
warmup-time = 28.93703317642212
all-measurements = [ 29.216894388198853, 28.928422451019287, 30.049001932144165,]
