best-result = 34.16232347488403
warmup-time = 34.603001832962036
all-measurements = [ 35.0079083442688, 34.59885096549988, 34.16232347488403,]
