best-result = 88.33993768692017
warmup-time = 91.7275881767273
all-measurements = [ 88.33993768692017, 91.0681881904602, 96.66994714736938,]
