best-result = 38.63537263870239
warmup-time = 38.871140480041504
all-measurements = [ 38.933013916015625, 39.26311373710632, 38.63537263870239,]
