best-result = 43.097657442092896
warmup-time = 44.683929681777954
all-measurements = [ 45.73397445678711, 43.96643257141113, 43.097657442092896,]
