best-result = 50.4211220741272
warmup-time = 52.35549473762512
all-measurements = [ 50.4211220741272, 52.453572034835815, 50.912636041641235,]
