best-result = 28.74592161178589
warmup-time = 28.693957805633545
all-measurements = [ 29.623164415359497, 28.74592161178589, 29.68052363395691,]
