best-result = 659.0746340751648
warmup-time = 705.5108473300934
all-measurements = [ 669.7576036453247, 659.0746340751648, 674.5758962631226,]
