best-result = 164.61223030090332
warmup-time = 167.2592749595642
all-measurements = [ 164.78750467300415, 164.61223030090332, 168.42819905281067,]
