best-result = 67.80675435066223
warmup-time = 64.19756817817688
all-measurements = [ 67.80675435066223, 70.25942420959473, 70.29170298576355,]
