best-result = 25.532758474349976
warmup-time = 26.243624925613403
all-measurements = [ 25.532758474349976, 26.046958684921265, 25.79738163948059,]
