best-result = 36.93702840805054
warmup-time = 35.56373453140259
all-measurements = [ 37.00449562072754, 37.59406805038452, 36.93702840805054,]
