best-result = 30.91793465614319
warmup-time = 32.167996883392334
all-measurements = [ 30.91793465614319, 31.457899570465088, 31.686020851135254,]
