best-result = 260.5118918418884
warmup-time = 268.9215281009674
all-measurements = [ 267.7597568035126, 260.5118918418884, 261.3917148113251,]
