best-result = 35.771214962005615
warmup-time = 36.45664691925049
all-measurements = [ 36.92760682106018, 36.37057399749756, 35.771214962005615,]
