best-result = 39.01040244102478
warmup-time = 40.503005027770996
all-measurements = [ 39.01040244102478, 40.87306094169617, 41.255239725112915,]
