best-result = 48.84065651893616
warmup-time = 50.466991901397705
all-measurements = [ 49.39634370803833, 48.874680042266846, 48.84065651893616,]
