best-result = 32.87194895744324
warmup-time = 34.65922713279724
all-measurements = [ 32.88351845741272, 34.04279375076294, 32.87194895744324,]
