best-result = 36.727004051208496
warmup-time = 38.344362020492554
all-measurements = [ 36.727004051208496, 36.999146938323975, 36.84941506385803,]
