best-result = 62.68445706367493
warmup-time = 60.947155237197876
all-measurements = [ 64.03002691268921, 62.68445706367493, 67.02565479278564,]
