best-result = 224.39010739326477
warmup-time = 228.34299755096436
all-measurements = [ 224.39010739326477, 225.14600539207458, 226.87378978729248,]
