best-result = 520.0976126194
warmup-time = 521.6147751808167
all-measurements = [ 520.6507089138031, 521.8684391975403, 520.0976126194,]
