best-result = 36.89458131790161
warmup-time = 36.727842569351196
all-measurements = [ 38.56615209579468, 37.08910298347473, 36.89458131790161,]
