best-result = 80.89639616012573
warmup-time = 84.54535388946533
all-measurements = [ 80.89639616012573, 86.34951782226562, 80.98582005500793,]
