best-result = 63.209927558898926
warmup-time = 64.6189022064209
all-measurements = [ 63.209927558898926, 64.26145339012146, 64.92806386947632,]
