best-result = 27.489600658416748
warmup-time = 28.035661458969116
all-measurements = [ 27.984159231185913, 28.427468061447144, 27.489600658416748,]
