best-result = 35.16907715797424
warmup-time = 32.56729602813721
all-measurements = [ 35.27654552459717, 35.16907715797424, 35.74376058578491,]
