best-result = 33.06701064109802
warmup-time = 33.72509980201721
all-measurements = [ 33.726813077926636, 33.06701064109802, 33.73400163650513,]
