best-result = 43.795851707458496
warmup-time = 43.119120359420776
all-measurements = [ 44.794695138931274, 44.96945357322693, 43.795851707458496,]
