best-result = 94.86254978179932
warmup-time = 98.4378170967102
all-measurements = [ 96.63635873794556, 94.86254978179932, 97.13738083839417,]
