best-result = 27.679736614227295
warmup-time = 29.664146900177002
all-measurements = [ 27.679736614227295, 29.088627338409424, 28.97168254852295,]
