best-result = 34.37534165382385
warmup-time = 34.861382246017456
all-measurements = [ 36.11528253555298, 34.37534165382385, 35.99131727218628,]
