best-result = 89.32723593711853
warmup-time = 89.97612237930298
all-measurements = [ 90.61651539802551, 89.32723593711853, 97.36818051338196,]
