best-result = 39.14842128753662
warmup-time = 39.91132402420044
all-measurements = [ 39.29538893699646, 39.14842128753662, 39.62515997886658,]
