best-result = 44.000471115112305
warmup-time = 45.21672224998474
all-measurements = [ 45.505797386169434, 44.000471115112305, 44.574140310287476,]
