best-result = 27.671290159225464
warmup-time = 27.966360330581665
all-measurements = [ 28.654412746429443, 27.671290159225464, 28.83170771598816,]
