best-result = 698.5459184646606
warmup-time = 727.2692329883575
all-measurements = [ 698.5459184646606, 700.9496414661407, 703.0543313026428,]
