best-result = 172.22242069244385
warmup-time = 172.83029079437256
all-measurements = [ 172.5586178302765, 173.91779685020447, 172.22242069244385,]
