best-result = 56.21614861488342
warmup-time = 67.10285592079163
all-measurements = [ 68.67262387275696, 56.21614861488342, 64.57200980186462,]
