best-result = 21.56473207473755
warmup-time = 22.014235973358154
all-measurements = [ 21.56473207473755, 21.782905340194702, 22.3296377658844,]
