best-result = 46.75983810424805
warmup-time = 63.80980706214905
all-measurements = [ 46.75983810424805, 46.90712571144104, 47.57661414146423,]
