best-result = 46.66793203353882
warmup-time = 58.42471194267273
all-measurements = [ 46.73250889778137, 46.66793203353882, 46.86317157745361,]
