best-result = 944.8922252655029
warmup-time = 1134.3759977817535
all-measurements = [ 945.0176889896393, 944.8922252655029, 948.2218766212463,]
