best-result = 82.92264485359192
warmup-time = 96.12058305740356
all-measurements = [ 82.92264485359192, 83.05501818656921, 83.14115715026855,]
