best-result = 78.1628577709198
warmup-time = 99.2977602481842
all-measurements = [ 78.33744502067566, 78.1628577709198, 78.88395714759827,]
