best-result = 69.18484830856323
warmup-time = 92.36109495162964
all-measurements = [ 69.18484830856323, 69.42643189430237, 69.90596103668213,]
