best-result = 83.70805549621582
warmup-time = 98.84378623962402
all-measurements = [ 84.74052882194519, 83.70805549621582, 84.0824806690216,]
