best-result = 592.8141191005707
warmup-time = 602.5341720581055
all-measurements = [ 592.8141191005707, 593.6804258823395, 593.8492050170898,]
