best-result = 62.40446901321411
warmup-time = 75.46347403526306
all-measurements = [ 62.517451763153076, 62.40446901321411, 62.50504207611084,]
