best-result = 224.39710068702698
warmup-time = 381.7701508998871
all-measurements = [ 227.39267659187317, 224.39710068702698, 227.46581983566284,]
