best-result = 437.40788435935974
warmup-time = 881.865335226059
all-measurements = [ 445.19385147094727, 442.81791043281555, 437.40788435935974,]
