best-result = 60.152833700180054
warmup-time = 77.18521308898926
all-measurements = [ 60.174078941345215, 60.152833700180054, 60.426069021224976,]
