best-result = 848.4030907154083
warmup-time = 878.9073920249939
all-measurements = [ 848.4030907154083, 849.6427307128906, 851.9388537406921,]
