best-result = 27.034001111984253
warmup-time = 35.19663953781128
all-measurements = [ 27.034001111984253, 27.14517378807068, 27.254683256149292,]
