best-result = 57.9566605091095
warmup-time = 72.02770829200745
all-measurements = [ 58.043739795684814, 58.401840686798096, 57.9566605091095,]
