best-result = 56.333566665649414
warmup-time = 68.0644211769104
all-measurements = [ 56.333566665649414, 56.775535345077515, 56.748602628707886,]
