best-result = 107.90992474555969
warmup-time = 139.33494067192078
all-measurements = [ 108.5102710723877, 109.64816451072693, 107.90992474555969,]
