best-result = 758.5468578338623
warmup-time = 827.3596918582916
all-measurements = [ 764.4472279548645, 761.0706794261932, 758.5468578338623,]
