best-result = 33.39638805389404
warmup-time = 41.72202134132385
all-measurements = [ 33.39638805389404, 34.0555374622345, 33.96720266342163,]
