best-result = 53.248308181762695
warmup-time = 68.64465665817261
all-measurements = [ 53.28776001930237, 53.655593156814575, 53.248308181762695,]
