best-result = 48.90006232261658
warmup-time = 67.87475967407227
all-measurements = [ 49.294777393341064, 48.95816707611084, 48.90006232261658,]
