best-result = 78.83672213554382
warmup-time = 98.04541373252869
all-measurements = [ 78.83672213554382, 78.93877148628235, 79.04888987541199,]
