best-result = 35.598119258880615
warmup-time = 45.158897161483765
all-measurements = [ 35.79382133483887, 35.598119258880615, 35.62020659446716,]
