best-result = 332.94364285469055
warmup-time = 477.52914547920227
all-measurements = [ 332.94364285469055, 339.59800148010254, 340.5501561164856,]
