best-result = 101.7466368675232
warmup-time = 103.23171854019165
all-measurements = [ 102.77040815353394, 102.32161855697632, 101.7466368675232,]
