best-result = 23.28466296195984
warmup-time = 23.29949975013733
all-measurements = [ 23.362897872924805, 23.471479177474976, 23.28466296195984,]
