best-result = 46.909401655197144
warmup-time = 63.21033430099487
all-measurements = [ 47.136364459991455, 47.147944927215576, 46.909401655197144,]
