best-result = 47.03334093093872
warmup-time = 58.312034368515015
all-measurements = [ 47.03334093093872, 47.29543209075928, 47.36193060874939,]
