best-result = 877.8478586673737
warmup-time = 1064.0647535324097
all-measurements = [ 881.4377281665802, 878.3212330341339, 877.8478586673737,]
