best-result = 85.88153219223022
warmup-time = 98.91757702827454
all-measurements = [ 85.88153219223022, 86.43867611885071, 91.01685643196106,]
