best-result = 984.9262046813965
warmup-time = 1012.3457720279694
all-measurements = [ 984.9262046813965, 986.9782993793488, 986.1906003952026,]
