best-result = 65.83804821968079
warmup-time = 81.85141444206238
all-measurements = [ 67.36873722076416, 65.83804821968079, 66.64554715156555,]
