best-result = 83.62934374809265
warmup-time = 102.67850136756897
all-measurements = [ 84.02337121963501, 84.1982479095459, 83.62934374809265,]
