best-result = 68.37016749382019
warmup-time = 89.65210366249084
all-measurements = [ 68.98699808120728, 68.37016749382019, 68.68591666221619,]
