best-result = 91.26546454429626
warmup-time = 105.88971853256226
all-measurements = [ 91.91303753852844, 91.26546454429626, 91.69953656196594,]
