best-result = 640.3513739109039
warmup-time = 655.4740991592407
all-measurements = [ 641.7776882648468, 640.3513739109039, 640.608790397644,]
