best-result = 62.565815687179565
warmup-time = 78.47240924835205
all-measurements = [ 62.565815687179565, 62.85475492477417, 63.180015325546265,]
