best-result = 191.91534948349
warmup-time = 347.2382950782776
all-measurements = [ 193.62341904640198, 191.91534948349, 192.70320844650269,]
