best-result = 385.06039905548096
warmup-time = 825.0666658878326
all-measurements = [ 391.5522165298462, 387.9349341392517, 385.06039905548096,]
