best-result = 62.889280796051025
warmup-time = 77.44205379486084
all-measurements = [ 62.889280796051025, 63.48063850402832, 63.88956570625305,]
