best-result = 40.71904420852661
warmup-time = 48.28923153877258
all-measurements = [ 40.71904420852661, 41.005067586898804, 41.16055250167847,]
