best-result = 133.6445438861847
warmup-time = 156.68293356895447
all-measurements = [ 133.6445438861847, 134.0138440132141, 135.13512182235718,]
