best-result = 918.0788698196411
warmup-time = 951.1732969284058
all-measurements = [ 944.8205089569092, 918.0788698196411, 921.7053961753845,]
