best-result = 28.300206899642944
warmup-time = 36.16316771507263
all-measurements = [ 28.75840950012207, 28.300206899642944, 28.600714683532715,]
