best-result = 59.01274299621582
warmup-time = 70.16323614120483
all-measurements = [ 60.29707217216492, 59.7147102355957, 59.01274299621582,]
