best-result = 60.53154397010803
warmup-time = 72.90978693962097
all-measurements = [ 60.53154397010803, 61.140702962875366, 60.77499532699585,]
