best-result = 109.7158145904541
warmup-time = 139.2204933166504
all-measurements = [ 110.50299429893494, 110.67482995986938, 109.7158145904541,]
