best-result = 765.3542380332947
warmup-time = 831.0164728164673
all-measurements = [ 766.7720413208008, 765.3542380332947, 791.1789500713348,]
