best-result = 34.50809454917908
warmup-time = 41.73162627220154
all-measurements = [ 34.51704287528992, 34.51994299888611, 34.50809454917908,]
