best-result = 56.16073226928711
warmup-time = 71.35242414474487
all-measurements = [ 56.16073226928711, 56.301761865615845, 56.18482422828674,]
