best-result = 1891.235717535019
warmup-time = 2515.408422231674
all-measurements = [ 2294.141238451004, 2319.0993115901947, 1891.235717535019,]
