best-result = 49.72571277618408
warmup-time = 70.28320646286011
all-measurements = [ 49.72571277618408, 49.753522872924805, 49.96496510505676,]
