best-result = 83.5303225517273
warmup-time = 100.26005506515503
all-measurements = [ 83.86389899253845, 83.5303225517273, 83.57246923446655,]
