best-result = 93.46959590911865
warmup-time = 115.59857130050659
all-measurements = [ 94.27386426925659, 93.85394477844238, 93.46959590911865,]
