best-result = 37.894875049591064
warmup-time = 47.042073488235474
all-measurements = [ 38.29383873939514, 38.14782190322876, 37.894875049591064,]
