best-result = 315.5703766345978
warmup-time = 479.9638156890869
all-measurements = [ 318.60486817359924, 316.25269770622253, 315.5703766345978,]
