best-result = 60.30212903022766
warmup-time = 60.351008892059326
all-measurements = [ 60.39079475402832, 60.30212903022766, 61.05453324317932,]
