best-result = 24.8076593875885
warmup-time = 24.984607934951782
all-measurements = [ 24.8076593875885, 24.873758554458618, 25.54541015625,]
