best-result = 36.596757650375366
warmup-time = 40.46009087562561
all-measurements = [ 36.596757650375366, 37.975285053253174, 37.84287452697754,]
