best-result = 31.434449911117554
warmup-time = 32.42917203903198
all-measurements = [ 31.96170926094055, 31.434449911117554, 31.77414035797119,]
