best-result = 271.6505513191223
warmup-time = 278.29704570770264
all-measurements = [ 271.6505513191223, 273.658100605011, 275.65941429138184,]
