best-result = 34.97953200340271
warmup-time = 34.75919771194458
all-measurements = [ 34.97953200340271, 36.973766565322876, 35.811240911483765,]
