best-result = 39.85429263114929
warmup-time = 41.99652433395386
all-measurements = [ 41.85304379463196, 39.85429263114929, 40.871984243392944,]
