best-result = 50.170777320861816
warmup-time = 49.960641622543335
all-measurements = [ 51.60698628425598, 51.9702935218811, 50.170777320861816,]
