best-result = 32.064465284347534
warmup-time = 35.05335474014282
all-measurements = [ 32.064465284347534, 34.18163561820984, 34.16561412811279,]
