best-result = 37.23387289047241
warmup-time = 38.100027561187744
all-measurements = [ 37.350512981414795, 37.23387289047241, 37.234649896621704,]
