best-result = 61.4723334312439
warmup-time = 61.92770862579346
all-measurements = [ 63.76630520820618, 62.93288612365723, 61.4723334312439,]
