best-result = 241.57215118408203
warmup-time = 242.8128685951233
all-measurements = [ 241.57215118408203, 245.33526587486267, 241.8989396095276,]
