best-result = 545.1536774635315
warmup-time = 548.3836767673492
all-measurements = [ 545.8607943058014, 545.1536774635315, 549.3797404766083,]
