best-result = 36.0482017993927
warmup-time = 37.49903917312622
all-measurements = [ 36.0482017993927, 36.36563205718994, 36.98236322402954,]
