best-result = 65.12733173370361
warmup-time = 66.55974292755127
all-measurements = [ 65.12733173370361, 67.61637353897095, 67.18003368377686,]
