best-result = 26.812537908554077
warmup-time = 27.25905179977417
all-measurements = [ 26.812537908554077, 27.596060037612915, 27.403193950653076,]
