best-result = 33.66576337814331
warmup-time = 36.057111501693726
all-measurements = [ 36.10901761054993, 35.9388210773468, 33.66576337814331,]
