best-result = 32.50483274459839
warmup-time = 32.58854031562805
all-measurements = [ 33.28755021095276, 32.50483274459839, 33.11940026283264,]
