best-result = 41.54823064804077
warmup-time = 43.70282030105591
all-measurements = [ 41.54823064804077, 44.13968896865845, 41.72099542617798,]
