best-result = 97.54814314842224
warmup-time = 100.73750829696655
all-measurements = [ 97.54814314842224, 100.14646935462952, 99.90698456764221,]
