best-result = 27.468552350997925
warmup-time = 29.013901233673096
all-measurements = [ 28.42458176612854, 28.62034010887146, 27.468552350997925,]
