best-result = 33.36384987831116
warmup-time = 34.889156103134155
all-measurements = [ 34.54332780838013, 33.98815178871155, 33.36384987831116,]
