best-result = 40.07764673233032
warmup-time = 40.05994153022766
all-measurements = [ 40.76536583900452, 40.27536344528198, 40.07764673233032,]
