best-result = 42.52551746368408
warmup-time = 47.32125282287598
all-measurements = [ 42.52551746368408, 43.28811955451965, 42.82090210914612,]
