best-result = 27.868170261383057
warmup-time = 28.226205825805664
all-measurements = [ 28.00448489189148, 27.868170261383057, 27.9761164188385,]
