best-result = 703.922337770462
warmup-time = 734.0110304355621
all-measurements = [ 708.2661333084106, 713.6769688129425, 703.922337770462,]
