best-result = 179.18382024765015
warmup-time = 181.230886220932
all-measurements = [ 185.52192783355713, 182.7484872341156, 179.18382024765015,]
