best-result = 42.07020401954651
warmup-time = 43.34769868850708
all-measurements = [ 42.07020401954651, 43.75255584716797, 42.437636852264404,]
