best-result = 25.809571981430054
warmup-time = 26.159332036972046
all-measurements = [ 25.838642835617065, 25.809571981430054, 26.204731464385986,]
