best-result = 36.51609134674072
warmup-time = 36.87120723724365
all-measurements = [ 36.672914028167725, 36.51609134674072, 37.10625243186951,]
