best-result = 31.773261785507202
warmup-time = 32.51730179786682
all-measurements = [ 32.807154178619385, 31.773261785507202, 32.83416414260864,]
