best-result = 263.5183479785919
warmup-time = 267.34373354911804
all-measurements = [ 263.5183479785919, 268.7111737728119, 270.9892683029175,]
