best-result = 36.447630167007446
warmup-time = 36.81128787994385
all-measurements = [ 36.447630167007446, 37.03073525428772, 36.96457600593567,]
