best-result = 42.00141954421997
warmup-time = 41.53004789352417
all-measurements = [ 43.44523286819458, 42.00141954421997, 43.35178256034851,]
