best-result = 49.61078476905823
warmup-time = 50.82486844062805
all-measurements = [ 51.42649817466736, 49.61078476905823, 50.81463551521301,]
