best-result = 34.80894994735718
warmup-time = 33.74285912513733
all-measurements = [ 36.135870933532715, 34.80894994735718, 35.90547847747803,]
