best-result = 38.16495418548584
warmup-time = 39.75528597831726
all-measurements = [ 38.62412905693054, 38.69945192337036, 38.16495418548584,]
