best-result = 63.70629358291626
warmup-time = 60.51053738594055
all-measurements = [ 64.41138982772827, 64.62137031555176, 63.70629358291626,]
