best-result = 227.6847059726715
warmup-time = 232.52850461006165
all-measurements = [ 228.90941882133484, 229.7503559589386, 227.6847059726715,]
