best-result = 523.0559179782867
warmup-time = 531.6634290218353
all-measurements = [ 525.3983647823334, 524.5243439674377, 523.0559179782867,]
