best-result = 35.768123149871826
warmup-time = 36.612957239151
all-measurements = [ 39.40778136253357, 35.768123149871826, 35.88297200202942,]
