best-result = 62.841896057128906
warmup-time = 63.89894509315491
all-measurements = [ 65.05191397666931, 63.518017053604126, 62.841896057128906,]
