best-result = 27.19102692604065
warmup-time = 27.053613662719727
all-measurements = [ 27.510075092315674, 27.19102692604065, 28.344547271728516,]
