best-result = 33.51852107048035
warmup-time = 36.43416428565979
all-measurements = [ 36.49309587478638, 36.61855363845825, 33.51852107048035,]
