best-result = 33.23650908470154
warmup-time = 33.19999837875366
all-measurements = [ 33.23650908470154, 33.96755790710449, 34.232892751693726,]
