best-result = 43.75213432312012
warmup-time = 43.90522599220276
all-measurements = [ 43.827069997787476, 44.5022337436676, 43.75213432312012,]
