best-result = 96.89555382728577
warmup-time = 101.29400944709778
all-measurements = [ 101.42230033874512, 96.89555382728577, 97.43125414848328,]
