best-result = 28.37775230407715
warmup-time = 29.003900051116943
all-measurements = [ 29.273510932922363, 28.761273622512817, 28.37775230407715,]
