best-result = 34.495360374450684
warmup-time = 36.1071138381958
all-measurements = [ 34.835344552993774, 35.257184982299805, 34.495360374450684,]
