best-result = 89.53922772407532
warmup-time = 88.66869378089905
all-measurements = [ 97.41897416114807, 89.53922772407532, 92.84124112129211,]
