best-result = 39.543864250183105
warmup-time = 40.13957405090332
all-measurements = [ 40.426082134246826, 39.543864250183105, 40.10710263252258,]
