best-result = 44.352046966552734
warmup-time = 44.97427272796631
all-measurements = [ 45.89371705055237, 45.90921068191528, 44.352046966552734,]
