best-result = 26.995178937911987
warmup-time = 28.763839721679688
all-measurements = [ 28.968303442001343, 28.645071506500244, 26.995178937911987,]
