best-result = 690.6407794952393
warmup-time = 718.3144190311432
all-measurements = [ 690.6407794952393, 694.1683604717255, 702.6551194190979,]
