best-result = 175.44812750816345
warmup-time = 177.12326884269714
all-measurements = [ 175.44812750816345, 176.41328811645508, 176.79708576202393,]
