best-result = 43.21115779876709
warmup-time = 46.9624137878418
all-measurements = [ 45.73042821884155, 43.21115779876709, 43.66126298904419,]
