best-result = 23.40587592124939
warmup-time = 23.523056268692017
all-measurements = [ 23.80704641342163, 23.655376434326172, 23.40587592124939,]
