best-result = 47.38829827308655
warmup-time = 64.28195929527283
all-measurements = [ 47.651639223098755, 47.38829827308655, 47.541054248809814,]
