best-result = 46.629934787750244
warmup-time = 58.907604455947876
all-measurements = [ 46.629934787750244, 46.836634397506714, 47.04895281791687,]
