best-result = 892.9092712402344
warmup-time = 1100.9598236083984
all-measurements = [ 892.9092712402344, 904.4291582107544, 894.7419686317444,]
