best-result = 85.25012040138245
warmup-time = 99.04222989082336
all-measurements = [ 86.56459736824036, 85.25012040138245, 87.21009802818298,]
