best-result = 988.94948387146
warmup-time = 1024.8867402076721
all-measurements = [ 995.4883246421814, 988.94948387146, 991.8163039684296,]
