best-result = 84.32503843307495
warmup-time = 105.43466138839722
all-measurements = [ 84.71362853050232, 84.57275366783142, 84.32503843307495,]
