best-result = 68.48946332931519
warmup-time = 87.55483889579773
all-measurements = [ 68.48946332931519, 69.04861497879028, 69.14742588996887,]
