best-result = 91.91408085823059
warmup-time = 106.15712070465088
all-measurements = [ 92.47463893890381, 91.91408085823059, 93.40243864059448,]
