best-result = 650.1482877731323
warmup-time = 669.4717247486115
all-measurements = [ 653.1819760799408, 650.1482877731323, 652.8512809276581,]
