best-result = 62.85638976097107
warmup-time = 75.40663623809814
all-measurements = [ 63.0076162815094, 62.85638976097107, 63.447386741638184,]
