best-result = 204.29235553741455
warmup-time = 362.5135006904602
all-measurements = [ 205.61602091789246, 204.29235553741455, 206.824387550354,]
