best-result = 385.00330424308777
warmup-time = 823.4493291378021
all-measurements = [ 388.9043867588043, 406.85708355903625, 385.00330424308777,]
