best-result = 63.08405065536499
warmup-time = 78.89053082466125
all-measurements = [ 63.20135521888733, 63.77659559249878, 63.08405065536499,]
