best-result = 40.783607959747314
warmup-time = 49.045536041259766
all-measurements = [ 40.783607959747314, 41.052430391311646,]
