best-result = 136.19461178779602
warmup-time = 157.3122158050537
all-measurements = [ 136.77854895591736, 136.96313881874084, 136.19461178779602,]
