best-result = 930.2626373767853
warmup-time = 960.2589590549469
all-measurements = [ 930.3989713191986, 930.2626373767853, 936.776694059372,]
