best-result = 28.2406644821167
warmup-time = 35.74468660354614
all-measurements = [ 28.2406644821167, 28.789621829986572, 28.370356559753418,]
