best-result = 57.64245367050171
warmup-time = 70.37563896179199
all-measurements = [ 58.653029441833496, 57.64245367050171, 58.49877953529358,]
