best-result = 60.53769302368164
warmup-time = 74.75584602355957
all-measurements = [ 60.75519561767578, 61.17093110084534, 60.53769302368164,]
