best-result = 110.67940759658813
warmup-time = 137.953275680542
all-measurements = [ 110.67940759658813, 110.99017214775085, 110.96255540847778,]
