best-result = 775.9709458351135
warmup-time = 849.1987822055817
all-measurements = [ 775.9709458351135, 780.3947541713715, 778.8905906677246,]
