best-result = 34.11235690116882
warmup-time = 41.70358967781067
all-measurements = [ 34.53385329246521, 34.11235690116882, 34.64240598678589,]
