best-result = 56.181546688079834
warmup-time = 71.0845148563385
all-measurements = [ 56.33380603790283, 57.343745708465576, 56.181546688079834,]
