best-result = 1449.9724187850952
warmup-time = 1457.0104532241821
all-measurements = [ 1473.7060902118683, 1449.9724187850952, 2332.1063454151154,]
