best-result = 48.77820825576782
warmup-time = 69.2496862411499
all-measurements = [ 49.50255107879639, 49.28062129020691, 48.77820825576782,]
