best-result = 83.35417056083679
warmup-time = 102.00905275344849
all-measurements = [ 84.37510204315186, 84.29690337181091, 83.35417056083679,]
