best-result = 38.5421404838562
warmup-time = 46.57953691482544
all-measurements = [ 38.5421404838562, 38.77202081680298, 38.67232275009155,]
