best-result = 330.58378410339355
warmup-time = 477.1605718135834
all-measurements = [ 333.31320691108704, 336.8831260204315, 330.58378410339355,]
