best-result = 59.23769783973694
warmup-time = 60.04767847061157
all-measurements = [ 59.95081973075867, 59.23769783973694, 59.74914312362671,]
