best-result = 24.847691535949707
warmup-time = 25.435783624649048
all-measurements = [ 24.847691535949707, 24.914268970489502, 25.280022382736206,]
