best-result = 37.12414002418518
warmup-time = 38.288766860961914
all-measurements = [ 37.33980655670166, 37.68173956871033, 37.12414002418518,]
