best-result = 31.210780382156372
warmup-time = 31.84840726852417
all-measurements = [ 31.210780382156372, 32.8734769821167, 31.771573066711426,]
