best-result = 267.0907471179962
warmup-time = 271.6085124015808
all-measurements = [ 269.15003967285156, 270.59666657447815, 267.0907471179962,]
