best-result = 35.48941659927368
warmup-time = 36.89242243766785
all-measurements = [ 36.012786865234375, 36.10160279273987, 35.48941659927368,]
