best-result = 41.179489850997925
warmup-time = 40.8778715133667
all-measurements = [ 41.179489850997925, 42.144575119018555, 42.23763298988342,]
