best-result = 49.57515859603882
warmup-time = 50.22044491767883
all-measurements = [ 50.211081981658936, 50.27020215988159, 49.57515859603882,]
