best-result = 33.11604118347168
warmup-time = 35.17054462432861
all-measurements = [ 35.05633544921875, 33.11604118347168, 33.329795598983765,]
