best-result = 36.01027202606201
warmup-time = 37.743622064590454
all-measurements = [ 36.01027202606201, 37.16739249229431, 37.396650075912476,]
