best-result = 58.12808918952942
warmup-time = 60.557406187057495
all-measurements = [ 59.45660352706909, 58.12808918952942, 62.14285683631897,]
