best-result = 228.8734414577484
warmup-time = 231.62452149391174
all-measurements = [ 230.9767587184906, 229.35976910591125, 228.8734414577484,]
