best-result = 523.102251291275
warmup-time = 529.8382153511047
all-measurements = [ 525.0287518501282, 523.102251291275, 527.3652784824371,]
