best-result = 35.23336219787598
warmup-time = 35.71812033653259
all-measurements = [ 36.26010537147522, 35.23336219787598, 37.63866829872131,]
