best-result = 62.55256962776184
warmup-time = 67.06858706474304
all-measurements = [ 65.69125819206238, 63.96585941314697, 62.55256962776184,]
