best-result = 26.913984060287476
warmup-time = 27.281458377838135
all-measurements = [ 26.913984060287476, 28.20064616203308, 27.23187780380249,]
