best-result = 33.16453552246094
warmup-time = 33.00479507446289
all-measurements = [ 36.43668270111084, 35.90707349777222, 33.16453552246094,]
