best-result = 32.70903563499451
warmup-time = 33.544713497161865
all-measurements = [ 33.078412771224976, 33.965590476989746, 32.70903563499451,]
