best-result = 43.3710777759552
warmup-time = 44.727691411972046
all-measurements = [ 43.3710777759552, 43.393977880477905, 43.37325191497803,]
