best-result = 97.25955009460449
warmup-time = 97.69678521156311
all-measurements = [ 97.69162774085999, 97.25955009460449, 98.27616715431213,]
