best-result = 27.808240175247192
warmup-time = 28.10001230239868
all-measurements = [ 28.82372760772705, 27.808240175247192, 28.61798906326294,]
