best-result = 33.96597599983215
warmup-time = 33.44782757759094
all-measurements = [ 33.982810974121094, 34.3365912437439, 33.96597599983215,]
