best-result = 88.43072557449341
warmup-time = 94.18175268173218
all-measurements = [ 94.06223630905151, 93.18498349189758, 88.43072557449341,]
