best-result = 39.16278314590454
warmup-time = 39.83151364326477
all-measurements = [ 39.16278314590454, 39.705843687057495, 40.38721060752869,]
