best-result = 42.93494629859924
warmup-time = 45.000786781311035
all-measurements = [ 46.036752700805664, 44.65478825569153, 42.93494629859924,]
