best-result = 28.155487060546875
warmup-time = 27.798485279083252
all-measurements = [ 28.88203263282776, 28.2480309009552, 28.155487060546875,]
