best-result = 672.0285427570343
warmup-time = 693.4184987545013
all-measurements = [ 681.2496404647827, 674.4068837165833, 672.0285427570343,]
