best-result = 175.87718510627747
warmup-time = 176.89326548576355
all-measurements = [ 175.87718510627747, 176.88122463226318, 176.76643252372742,]
