best-result = 43.24325394630432
warmup-time = 43.27658295631409
all-measurements = [ 43.262714862823486, 45.42973709106445, 43.24325394630432,]
