best-result = 24.40142321586609
warmup-time = 24.814428567886353
all-measurements = [ 24.915467977523804, 25.106483221054077, 24.40142321586609,]
memory-traffic = 1380
