best-result = 36.11422300338745
warmup-time = 36.71272134780884
all-measurements = [ 36.63300538063049, 36.11422300338745, 37.329399824142456,]
memory-traffic = 1186
