best-result = 31.2722589969635
warmup-time = 33.40166211128235
all-measurements = [ 31.2722589969635, 31.303505420684814, 31.46034526824951,]
memory-traffic = 973
