best-result = 264.53118085861206
warmup-time = 275.57027554512024
all-measurements = [ 264.53118085861206, 266.8394386768341, 266.166446685791,]
memory-traffic = 15279
