best-result = 34.8203239440918
warmup-time = 38.50350546836853
all-measurements = [ 35.650832176208496, 34.8203239440918, 35.92313599586487,]
memory-traffic = 952
