best-result = 40.887983560562134
warmup-time = 43.06771516799927
all-measurements = [ 42.333576679229736, 40.887983560562134, 42.582571268081665,]
memory-traffic = 1502
