best-result = 50.46178650856018
warmup-time = 51.564470291137695
all-measurements = [ 50.98590898513794, 50.46178650856018, 50.746498107910156,]
memory-traffic = 2264
