best-result = 33.3028769493103
warmup-time = 35.454707622528076
all-measurements = [ 33.475714445114136, 34.10402488708496, 33.3028769493103,]
memory-traffic = 1014
