best-result = 37.355836153030396
warmup-time = 39.22019052505493
all-measurements = [ 37.355836153030396, 38.00982928276062, 37.397504568099976,]
memory-traffic = 1238
