best-result = 56.11838912963867
warmup-time = 62.71957206726074
all-measurements = [ 57.84216618537903, 59.00727462768555, 56.11838912963867,]
memory-traffic = 2480
