best-result = 227.53626561164856
warmup-time = 232.92670011520386
all-measurements = [ 230.77722239494324, 227.53626561164856, 228.70741391181946,]
memory-traffic = 11904
