best-result = 523.8323848247528
warmup-time = 529.6260282993317
all-measurements = [ 526.9854242801666, 525.0310621261597, 523.8323848247528,]
memory-traffic = 35013
