best-result = 35.29855179786682
warmup-time = 39.81975483894348
all-measurements = [ 35.29855179786682, 37.45403051376343, 36.36438345909119,]
memory-traffic = 1220
