best-result = 61.81854701042175
warmup-time = 64.76077151298523
all-measurements = [ 61.81854701042175, 61.93433165550232, 63.31550717353821,]
memory-traffic = 2940
