best-result = 26.750442266464233
warmup-time = 28.659830331802368
all-measurements = [ 28.61113476753235, 26.750442266464233, 27.908724546432495,]
memory-traffic = 599
