best-result = 35.41616344451904
warmup-time = 37.44827103614807
all-measurements = [ 36.1165874004364, 35.80731964111328, 35.41616344451904,]
memory-traffic = 850
