best-result = 32.660475969314575
warmup-time = 35.17381048202515
all-measurements = [ 33.04259729385376, 32.660475969314575, 33.07093000411987,]
memory-traffic = 1027
