best-result = 42.78905200958252
warmup-time = 46.6261785030365
all-measurements = [ 42.89278817176819, 42.78905200958252, 43.883989572525024,]
memory-traffic = 1802
