best-result = 96.57398676872253
warmup-time = 99.70357298851013
all-measurements = [ 96.57398676872253, 97.81515264511108, 98.8235297203064,]
memory-traffic = 5318
