best-result = 27.3807532787323
warmup-time = 29.775545835494995
all-measurements = [ 27.3807532787323, 28.383105516433716, 27.436572551727295,]
memory-traffic = 589
