best-result = 33.271560192108154
warmup-time = 34.71618986129761
all-measurements = [ 33.3553409576416, 33.549564599990845, 33.271560192108154,]
memory-traffic = 1008
