best-result = 90.5136353969574
warmup-time = 89.95225811004639
all-measurements = [ 90.5136353969574, 97.24767971038818, 98.24588656425476,]
memory-traffic = 7027
