best-result = 39.39825224876404
warmup-time = 41.10200619697571
all-measurements = [ 39.477675676345825, 40.017271757125854, 39.39825224876404,]
memory-traffic = 1396
