best-result = 44.768150091171265
warmup-time = 45.40585780143738
all-measurements = [ 45.036197662353516, 45.25859308242798, 44.768150091171265,]
memory-traffic = 1675
