best-result = 26.59379243850708
warmup-time = 28.48089838027954
all-measurements = [ 26.852145195007324, 26.59379243850708, 26.604737043380737,]
memory-traffic = 620
