best-result = 677.4126899242401
warmup-time = 711.9938545227051
all-measurements = [ 677.4126899242401, 681.6693296432495, 682.3483834266663,]
