best-result = 176.41226720809937
warmup-time = 177.1431806087494
all-measurements = [ 180.30694365501404, 178.09456515312195, 176.41226720809937,]
memory-traffic = 11015
