best-result = 42.936763525009155
warmup-time = 45.851239919662476
all-measurements = [ 44.973150968551636, 43.37116098403931, 42.936763525009155,]
memory-traffic = 1724
