best-result = 23.35055923461914
warmup-time = 23.804723024368286
all-measurements = [ 23.35055923461914, 24.335151195526123, 23.875827074050903,]
