best-result = 47.343650579452515
warmup-time = 65.09578680992126
all-measurements = [ 47.51969933509827, 47.343650579452515, 48.05398654937744,]
