best-result = 47.66469860076904
warmup-time = 58.81689524650574
all-measurements = [ 47.73367691040039, 48.04257678985596, 47.66469860076904,]
