best-result = 906.0367293357849
warmup-time = 1071.656741142273
all-measurements = [ 908.4505634307861, 909.7464232444763, 906.0367293357849,]
