best-result = 84.8365478515625
warmup-time = 97.98271775245667
all-measurements = [ 84.8365478515625, 85.02514863014221, 85.92616748809814,]
