best-result = 876.2591638565063
warmup-time = 909.1423013210297
all-measurements = [ 879.2504205703735, 876.2591638565063, 879.9359970092773,]
