best-result = 66.73935627937317
warmup-time = 81.22517728805542
all-measurements = [ 66.73935627937317, 66.95362758636475, 66.8006899356842,]
