best-result = 84.65751719474792
warmup-time = 105.21936106681824
all-measurements = [ 85.47952151298523, 84.65751719474792, 85.52256393432617,]
