best-result = 69.14067459106445
warmup-time = 90.321692943573
all-measurements = [ 70.04631304740906, 69.47479224205017, 69.14067459106445,]
