best-result = 87.75530529022217
warmup-time = 100.56891202926636
all-measurements = [ 89.33550906181335, 87.75530529022217, 88.97126889228821,]
