best-result = 651.3393816947937
warmup-time = 669.9361228942871
all-measurements = [ 674.845773935318, 657.1154854297638, 651.3393816947937,]
