best-result = 63.75068378448486
warmup-time = 80.22931981086731
all-measurements = [ 63.90073275566101, 63.75068378448486, 64.11772894859314,]
