best-result = 192.56908750534058
warmup-time = 342.60725808143616
all-measurements = [ 193.1719217300415, 193.77998781204224, 192.56908750534058,]
