best-result = 391.3886835575104
warmup-time = 827.0831055641174
all-measurements = [ 393.61770367622375, 391.3886835575104, 391.6143808364868,]
