best-result = 63.75626754760742
warmup-time = 79.59690308570862
all-measurements = [ 63.75626754760742, 64.11715030670166, 64.10446739196777,]
