best-result = 40.96557974815369
warmup-time = 48.78282690048218
all-measurements = [ 41.665157318115234, 41.786576986312866, 40.96557974815369,]
