best-result = 136.87358379364014
warmup-time = 170.57967948913574
all-measurements = [ 136.94303703308105, 136.87358379364014, 137.33560752868652,]
