best-result = 931.8067173957825
warmup-time = 965.0905554294586
all-measurements = [ 931.8067173957825, 937.5804469585419, 943.9190740585327,]
