best-result = 28.228132009506226
warmup-time = 35.94684720039368
all-measurements = [ 28.5373318195343, 28.446404457092285, 28.228132009506226,]
