best-result = 60.10479164123535
warmup-time = 70.42127847671509
all-measurements = [ 60.10479164123535, 60.45303463935852, 60.265791177749634,]
