best-result = 60.41129994392395
warmup-time = 73.4688925743103
all-measurements = [ 60.95730209350586, 60.642364263534546, 60.41129994392395,]
