best-result = 110.43872880935669
warmup-time = 138.43528151512146
all-measurements = [ 111.07993960380554, 110.46466207504272, 110.43872880935669,]
