best-result = 777.2499191761017
warmup-time = 845.6607546806335
all-measurements = [ 777.2499191761017, 781.5228672027588, 780.9770810604095,]
