best-result = 34.665425300598145
warmup-time = 41.07352089881897
all-measurements = [ 34.665425300598145, 35.12594127655029, 34.98273324966431,]
