best-result = 57.08253240585327
warmup-time = 73.61996483802795
all-measurements = [ 57.192166566848755, 57.3149049282074, 57.08253240585327,]
