best-result = 2846.360619544983
warmup-time = 2463.5574426651
all-measurements = [ 2846.360619544983, 2866.8600735664368, 3002.9477438926697,]
