best-result = 50.06613278388977
warmup-time = 70.696035861969
all-measurements = [ 50.17812204360962, 50.287140130996704, 50.06613278388977,]
