best-result = 82.71453619003296
warmup-time = 101.40860247612
all-measurements = [ 83.63606286048889, 82.71453619003296, 83.10606646537781,]
