best-result = 93.32290172576904
warmup-time = 116.07256269454956
all-measurements = [ 93.32290172576904, 93.56784582138062, 93.77206659317017,]
