best-result = 38.96127200126648
warmup-time = 48.30904793739319
all-measurements = [ 38.96127200126648, 39.411409854888916, 39.15090775489807,]
