best-result = 317.6643850803375
warmup-time = 454.50077176094055
all-measurements = [ 319.5058288574219, 319.0138759613037, 317.6643850803375,]
