best-result = 61.58198833465576
warmup-time = 62.052919149398804
all-measurements = [ 61.78624653816223, 62.070457220077515, 61.58198833465576,]
