best-result = 25.99513339996338
warmup-time = 26.57703995704651
all-measurements = [ 25.99513339996338, 26.380527019500732, 26.115351915359497,]
