best-result = 36.34515833854675
warmup-time = 37.72688817977905
all-measurements = [ 37.32599401473999, 38.32371950149536, 36.34515833854675,]
