best-result = 30.627447843551636
warmup-time = 31.472740650177002
all-measurements = [ 31.423604249954224, 30.627447843551636, 31.259453296661377,]
