best-result = 233.21155762672424
warmup-time = 233.70903658866882
all-measurements = [ 234.0443594455719, 233.21155762672424, 233.5674023628235,]
