best-result = 35.88287711143494
warmup-time = 37.030152559280396
all-measurements = [ 36.429795265197754, 35.88287711143494, 36.65551471710205,]
