best-result = 111.28648400306702
warmup-time = 115.21405339241028
all-measurements = [ 111.28648400306702, 112.16284728050232, 113.89246273040771,]
