best-result = 35.65677285194397
warmup-time = 36.088831186294556
all-measurements = [ 35.65677285194397, 36.33848786354065, 35.90041160583496,]
