best-result = 40.4930260181427
warmup-time = 41.37830638885498
all-measurements = [ 40.4930260181427, 41.305858850479126, 43.12521004676819,]
