best-result = 47.27840757369995
warmup-time = 48.80730724334717
all-measurements = [ 47.98887491226196, 50.0379912853241, 47.27840757369995,]
