best-result = 31.818036556243896
warmup-time = 31.964459657669067
all-measurements = [ 33.92064571380615, 33.10892581939697, 31.818036556243896,]
