best-result = 35.976017475128174
warmup-time = 38.1489577293396
all-measurements = [ 37.84624123573303, 36.9116370677948, 35.976017475128174,]
