best-result = 59.00774264335632
warmup-time = 61.59240794181824
all-measurements = [ 60.367005825042725, 62.149484395980835, 59.00774264335632,]
