best-result = 219.80264854431152
warmup-time = 222.385981798172
all-measurements = [ 220.9541721343994, 220.15377068519592, 219.80264854431152,]
