best-result = 503.6144106388092
warmup-time = 506.77714681625366
all-measurements = [ 503.6144106388092, 503.8571972846985, 504.7271077632904,]
