best-result = 35.84641647338867
warmup-time = 36.524893283843994
all-measurements = [ 36.312018394470215, 35.84641647338867, 35.90539312362671,]
