best-result = 29.03089666366577
warmup-time = 29.40078830718994
all-measurements = [ 29.486470222473145, 29.03089666366577, 29.314944744110107,]
