best-result = 72.32721209526062
warmup-time = 82.5355896949768
all-measurements = [ 72.32721209526062, 78.54109525680542, 76.70748376846313,]
