best-result = 60.85078549385071
warmup-time = 61.60533809661865
all-measurements = [ 62.417428731918335, 61.15802049636841, 60.85078549385071,]
