best-result = 27.866551399230957
warmup-time = 28.580600261688232
all-measurements = [ 28.888692140579224, 27.866551399230957, 28.44987726211548,]
