best-result = 35.586618423461914
warmup-time = 35.99701929092407
all-measurements = [ 35.709516286849976, 35.586618423461914, 35.67503333091736,]
