best-result = 33.42756485939026
warmup-time = 34.87910056114197
all-measurements = [ 33.7793288230896, 34.497236013412476, 33.42756485939026,]
