best-result = 42.71839427947998
warmup-time = 44.31146693229675
all-measurements = [ 43.7409462928772, 43.22407674789429, 42.71839427947998,]
