best-result = 94.40730333328247
warmup-time = 95.67995572090149
all-measurements = [ 96.27275705337524, 95.96494603157043, 94.40730333328247,]
