best-result = 29.39456272125244
warmup-time = 28.726898670196533
all-measurements = [ 29.562213897705078, 29.39456272125244, 29.684922695159912,]
