best-result = 33.73322939872742
warmup-time = 36.299779653549194
all-measurements = [ 33.73322939872742, 33.792980432510376, 34.972283363342285,]
