best-result = 88.74339437484741
warmup-time = 87.72434401512146
all-measurements = [ 88.89315390586853, 88.74339437484741, 98.1731960773468,]
