best-result = 38.156444787979126
warmup-time = 40.2140417098999
all-measurements = [ 38.156444787979126, 39.16351675987244, 38.94601130485535,]
