best-result = 43.215269565582275
warmup-time = 47.69891667366028
all-measurements = [ 43.215269565582275, 45.277931928634644, 44.53367376327515,]
