best-result = 50.00197744369507
warmup-time = 53.15316557884216
all-measurements = [ 50.00197744369507, 50.54340624809265, 50.92663908004761,]
