best-result = 28.438787937164307
warmup-time = 28.862461805343628
all-measurements = [ 28.438787937164307, 29.476730585098267, 29.709046602249146,]
