best-result = 659.8817090988159
warmup-time = 713.7223417758942
all-measurements = [ 666.7102653980255, 659.8817090988159, 664.3237292766571,]
