best-result = 166.24163913726807
warmup-time = 173.24305415153503
all-measurements = [ 166.24163913726807, 167.93861985206604, 167.38973259925842,]
