best-result = 67.19323897361755
warmup-time = 64.32707905769348
all-measurements = [ 67.23109364509583, 67.88798141479492, 67.19323897361755,]
