best-result = 22.74452519416809
warmup-time = 22.674503564834595
all-measurements = [ 23.30184006690979, 23.009416341781616, 22.74452519416809,]
