best-result = 46.528762340545654
warmup-time = 64.62250566482544
all-measurements = [ 46.97753834724426, 46.888856172561646, 46.528762340545654,]
