best-result = 46.27263808250427
warmup-time = 58.326457023620605
all-measurements = [ 46.84744310379028, 46.27263808250427, 46.40823817253113,]
