best-result = 930.8211541175842
warmup-time = 1104.207576751709
all-measurements = [ 939.7161865234375, 930.8211541175842, 939.9332492351532,]
