best-result = 84.04062128067017
warmup-time = 99.48692321777344
all-measurements = [ 85.1451518535614, 85.49890899658203, 84.04062128067017,]
