best-result = 82.14307999610901
warmup-time = 103.85789322853088
all-measurements = [ 82.34187626838684, 83.21244812011719, 82.14307999610901,]
