best-result = 69.9298324584961
warmup-time = 91.3798463344574
all-measurements = [ 70.05119132995605, 69.9298324584961, 70.44618439674377,]
