best-result = 90.88450121879578
warmup-time = 105.48815131187439
all-measurements = [ 91.27405619621277, 91.81314444541931, 90.88450121879578,]
