best-result = 635.0967898368835
warmup-time = 646.1579942703247
all-measurements = [ 638.0600893497467, 635.0967898368835, 636.3900451660156,]
