best-result = 64.00468635559082
warmup-time = 77.81617093086243
all-measurements = [ 64.4882972240448, 64.00468635559082, 64.39921283721924,]
