best-result = 220.9409646987915
warmup-time = 380.97409415245056
all-measurements = [ 220.9409646987915, 221.43593764305115, 223.24292922019958,]
