best-result = 442.2643766403198
warmup-time = 886.5583922863007
all-measurements = [ 447.78140783309937, 442.2643766403198, 443.9014174938202,]
