best-result = 62.33512592315674
warmup-time = 80.4866623878479
all-measurements = [ 62.76634240150452, 62.33512592315674, 62.612595558166504,]
