best-result = 140.02788972854614
warmup-time = 176.47440910339355
all-measurements = [ 140.02788972854614, 140.11112642288208, 141.88725566864014,]
