best-result = 889.9530184268951
warmup-time = 926.6481487751007
all-measurements = [ 889.9530184268951, 894.5004150867462, 923.217255115509,]
