best-result = 27.49106001853943
warmup-time = 36.00426459312439
all-measurements = [ 27.604960680007935, 27.739851713180542, 27.49106001853943,]
