best-result = 58.334189891815186
warmup-time = 71.7585916519165
all-measurements = [ 58.87317442893982, 59.81476855278015, 58.334189891815186,]
