best-result = 59.33567714691162
warmup-time = 73.72176170349121
all-measurements = [ 59.42801022529602, 60.178924798965454, 59.33567714691162,]
