best-result = 111.28748059272766
warmup-time = 140.271723985672
all-measurements = [ 111.84919595718384, 111.3141360282898, 111.28748059272766,]
