best-result = 788.4171833992004
warmup-time = 852.503054857254
all-measurements = [ 788.4171833992004, 791.438581943512, 791.4231810569763,]
