best-result = 33.6147940158844
warmup-time = 41.36956310272217
all-measurements = [ 34.07592749595642, 33.6147940158844, 34.078930377960205,]
