best-result = 54.52581286430359
warmup-time = 70.59323406219482
all-measurements = [ 54.889455795288086, 54.77130460739136, 54.52581286430359,]
