best-result = 2003.3360464572906
warmup-time = 2789.1442029476166
all-measurements = [ 2003.3360464572906, 3893.4267134666443, 2775.625942468643,]
