best-result = 49.16293478012085
warmup-time = 72.69198632240295
all-measurements = [ 49.6461660861969, 49.16293478012085, 49.23327279090881,]
