best-result = 78.91039228439331
warmup-time = 98.17213702201843
all-measurements = [ 78.91039228439331, 79.12547016143799, 79.13194823265076,]
