best-result = 36.72194170951843
warmup-time = 47.07188677787781
all-measurements = [ 36.751022815704346, 36.72194170951843, 37.29380798339844,]
