best-result = 350.19950580596924
warmup-time = 479.0957701206207
all-measurements = [ 358.50326800346375, 354.4271252155304, 350.19950580596924,]
