best-result = 58.77851986885071
warmup-time = 59.70789575576782
all-measurements = [ 58.86308312416077, 59.34084367752075, 58.77851986885071,]
