best-result = 25.855876445770264
warmup-time = 26.555471658706665
all-measurements = [ 25.855876445770264, 26.06404447555542, 26.084500074386597,]
