best-result = 36.266845703125
warmup-time = 38.118624448776245
all-measurements = [ 38.72008180618286, 36.266845703125, 37.01561141014099,]
