best-result = 30.6886625289917
warmup-time = 31.761937856674194
all-measurements = [ 30.6886625289917, 31.38037896156311, 31.264195203781128,]
