best-result = 259.84184551239014
warmup-time = 265.5733847618103
all-measurements = [ 259.84184551239014, 262.58098340034485, 261.2072706222534,]
