best-result = 36.368478775024414
warmup-time = 37.509092569351196
all-measurements = [ 36.368478775024414, 36.56605386734009, 36.598641872406006,]
