best-result = 112.6412525177002
warmup-time = 114.54341697692871
all-measurements = [ 112.6412525177002, 112.72248244285583, 113.35628581047058,]
