best-result = 40.487831592559814
warmup-time = 42.3844530582428
all-measurements = [ 40.95446491241455, 41.42119312286377, 40.487831592559814,]
