best-result = 47.57899260520935
warmup-time = 49.181050300598145
all-measurements = [ 47.733235597610474, 48.00515389442444, 47.57899260520935,]
