best-result = 33.43143129348755
warmup-time = 34.53680920600891
all-measurements = [ 33.61406588554382, 33.43143129348755, 33.48552060127258,]
