best-result = 36.678045988082886
warmup-time = 37.05845904350281
all-measurements = [ 37.02950477600098, 37.487674713134766, 36.678045988082886,]
