best-result = 59.356462478637695
warmup-time = 58.68119812011719
all-measurements = [ 61.20838713645935, 59.356462478637695, 61.97070097923279,]
