best-result = 223.88409280776978
warmup-time = 228.6087727546692
all-measurements = [ 225.4513533115387, 223.88409280776978, 225.37082624435425,]
