best-result = 511.12363052368164
warmup-time = 518.8069775104523
all-measurements = [ 512.8905076980591, 511.9102952480316, 511.12363052368164,]
