best-result = 36.25597906112671
warmup-time = 36.49838590621948
all-measurements = [ 36.598299741744995, 36.25597906112671, 37.546926736831665,]
