best-result = 28.698607206344604
warmup-time = 29.0264892578125
all-measurements = [ 28.698607206344604, 28.858422994613647, 28.79445242881775,]
