best-result = 75.59565019607544
warmup-time = 74.89535236358643
all-measurements = [ 75.59565019607544, 79.43410921096802, 94.00351238250732,]
