best-result = 61.93328356742859
warmup-time = 63.608482122421265
all-measurements = [ 62.896469831466675, 61.946518421173096, 61.93328356742859,]
