best-result = 27.526658296585083
warmup-time = 28.341872215270996
all-measurements = [ 27.529870986938477, 27.829516410827637, 27.526658296585083,]
