best-result = 31.495153665542603
warmup-time = 35.17395043373108
all-measurements = [ 31.495153665542603, 35.39643979072571, 34.779635190963745,]
