best-result = 33.127817153930664
warmup-time = 34.147942781448364
all-measurements = [ 33.127817153930664, 34.770973920822144, 33.15613079071045,]
