best-result = 41.78735589981079
warmup-time = 42.346031188964844
all-measurements = [ 42.10487103462219, 41.78735589981079, 42.15045142173767,]
