best-result = 96.54532241821289
warmup-time = 94.97177147865295
all-measurements = [ 97.04182577133179, 98.50890445709229, 96.54532241821289,]
