best-result = 28.04644775390625
warmup-time = 27.994462728500366
all-measurements = [ 28.19377636909485, 28.04644775390625, 29.97120451927185,]
