best-result = 33.46097421646118
warmup-time = 35.836196184158325
all-measurements = [ 35.31443905830383, 33.46097421646118, 35.41263389587402,]
