best-result = 88.02281594276428
warmup-time = 87.35945081710815
all-measurements = [ 88.02281594276428, 96.57106947898865, 93.3417739868164,]
