best-result = 38.06904578208923
warmup-time = 39.52264070510864
all-measurements = [ 39.59475064277649, 38.50318121910095, 38.06904578208923,]
