best-result = 43.99750113487244
warmup-time = 44.85971665382385
all-measurements = [ 43.99750113487244, 44.534931659698486, 45.30305790901184,]
