best-result = 28.127930879592896
warmup-time = 29.099321603775024
all-measurements = [ 28.469045400619507, 28.127930879592896, 28.55856442451477,]
