best-result = 630.6929779052734
warmup-time = 667.4012610912323
all-measurements = [ 630.9346346855164, 630.6929779052734, 631.6284873485565,]
