best-result = 170.2753324508667
warmup-time = 173.63260006904602
all-measurements = [ 173.6750750541687, 170.2753324508667, 172.52096557617188,]
