best-result = 55.077958822250366
warmup-time = 67.36682152748108
all-measurements = [ 55.077958822250366, 69.0060122013092, 67.28490686416626,]
