best-result = 25.938313961029053
warmup-time = 26.465500831604004
all-measurements = [ 25.938313961029053, 26.756131172180176, 26.550771713256836,]
