best-result = 37.73999857902527
warmup-time = 38.76337671279907
all-measurements = [ 37.73999857902527, 37.836206912994385, 38.474881410598755,]
