best-result = 31.02771234512329
warmup-time = 31.989471435546875
all-measurements = [ 31.928039073944092, 31.02771234512329, 31.769439697265625,]
