best-result = 265.6286005973816
warmup-time = 269.8782494068146
all-measurements = [ 266.70040917396545, 265.6286005973816, 266.0630316734314,]
