best-result = 37.10254168510437
warmup-time = 37.9058039188385
all-measurements = [ 37.26427102088928, 37.10254168510437, 37.847247838974,]
