best-result = 40.384947538375854
warmup-time = 42.93755340576172
all-measurements = [ 41.082711935043335, 40.384947538375854, 42.25204133987427,]
