best-result = 49.66493606567383
warmup-time = 50.28394865989685
all-measurements = [ 52.280651569366455, 50.239081621170044, 49.66493606567383,]
