best-result = 33.734248638153076
warmup-time = 33.996283292770386
all-measurements = [ 34.43362784385681, 33.734248638153076, 33.98831796646118,]
