best-result = 37.26408100128174
warmup-time = 37.770729541778564
all-measurements = [ 37.26408100128174, 37.49419975280762, 38.03442740440369,]
