best-result = 61.38424468040466
warmup-time = 61.36670541763306
all-measurements = [ 65.53742241859436, 65.49963903427124, 61.38424468040466,]
