best-result = 226.87971901893616
warmup-time = 230.55688619613647
all-measurements = [ 226.87971901893616, 227.13740038871765, 227.80029892921448,]
