best-result = 517.274730682373
warmup-time = 525.115243434906
all-measurements = [ 517.274730682373, 523.6940321922302, 523.1348972320557,]
