best-result = 35.51373767852783
warmup-time = 39.38412833213806
all-measurements = [ 36.765933990478516, 36.563358306884766, 35.51373767852783,]
