best-result = 77.88637590408325
warmup-time = 80.80322337150574
all-measurements = [ 79.85369753837585, 82.08638763427734, 77.88637590408325,]
