best-result = 61.69612121582031
warmup-time = 64.74138569831848
all-measurements = [ 63.44018292427063, 62.98276686668396, 61.69612121582031,]
