best-result = 27.219210386276245
warmup-time = 29.49021816253662
all-measurements = [ 28.36042022705078, 27.219210386276245, 27.85863971710205,]
