best-result = 32.85487484931946
warmup-time = 36.1854043006897
all-measurements = [ 36.04205322265625, 35.8411431312561, 32.85487484931946,]
