best-result = 33.60442328453064
warmup-time = 34.4800808429718
all-measurements = [ 34.15276217460632, 33.60442328453064, 33.90550398826599,]
