best-result = 41.58201479911804
warmup-time = 44.14467978477478
all-measurements = [ 43.68718361854553, 41.628055572509766, 41.58201479911804,]
