best-result = 96.26975989341736
warmup-time = 99.06144165992737
all-measurements = [ 98.18742489814758, 96.26975989341736, 97.40882539749146,]
