best-result = 29.000428438186646
warmup-time = 28.068418979644775
all-measurements = [ 30.07153820991516, 29.000428438186646, 29.322407484054565,]
