best-result = 35.14336156845093
warmup-time = 35.523051261901855
all-measurements = [ 35.14336156845093, 35.95097088813782, 35.81620264053345,]
