best-result = 87.83530592918396
warmup-time = 90.67426347732544
all-measurements = [ 90.0370626449585, 87.83530592918396, 97.40824365615845,]
