best-result = 39.54157757759094
warmup-time = 39.64439821243286
all-measurements = [ 39.6372127532959, 39.54157757759094, 39.77344799041748,]
