best-result = 43.07780838012695
warmup-time = 44.397136211395264
all-measurements = [ 45.46608233451843, 45.60884070396423, 43.07780838012695,]
