best-result = 29.001469373703003
warmup-time = 29.460463285446167
all-measurements = [ 29.07989764213562, 29.06479287147522, 29.001469373703003,]
