best-result = 2788.3935573101044
warmup-time = 2698.4999208450317
all-measurements = [ 2788.3935573101044, 2798.473804950714, 2807.415781736374,]
