best-result = 174.33959102630615
warmup-time = 182.16387033462524
all-measurements = [ 174.33959102630615, 175.85538506507874, 174.95614790916443,]
