best-result = 57.131810665130615
warmup-time = 68.88385510444641
all-measurements = [ 57.131810665130615, 65.07155752182007, 70.80388522148132,]
