best-result = 25.81802988052368
warmup-time = 26.59505796432495
all-measurements = [ 26.264630794525146, 26.208743572235107, 25.81802988052368,]
