best-result = 35.67749309539795
warmup-time = 36.90568828582764
all-measurements = [ 35.67749309539795, 37.2181351184845, 37.72895431518555,]
