best-result = 31.052465200424194
warmup-time = 30.956531763076782
all-measurements = [ 31.761151552200317, 31.052465200424194, 31.132094383239746,]
