best-result = 255.8663432598114
warmup-time = 261.8356046676636
all-measurements = [ 255.8663432598114, 256.64887261390686, 257.04657220840454,]
