best-result = 36.380927085876465
warmup-time = 37.6322021484375
all-measurements = [ 36.380927085876465, 37.42278265953064, 37.23645210266113,]
