best-result = 111.81120419502258
warmup-time = 114.74410057067871
all-measurements = [ 111.81120419502258, 112.19370794296265, 113.22454977035522,]
