best-result = 40.35627198219299
warmup-time = 40.05218052864075
all-measurements = [ 41.76893210411072, 40.35627198219299, 40.61283278465271,]
