best-result = 47.68040347099304
warmup-time = 48.13502335548401
all-measurements = [ 49.41973400115967, 47.88927674293518, 47.68040347099304,]
