best-result = 32.61659288406372
warmup-time = 33.248286724090576
all-measurements = [ 32.73038125038147, 33.571720600128174, 32.61659288406372,]
