best-result = 36.48477792739868
warmup-time = 37.21820116043091
all-measurements = [ 36.96916604042053, 36.48477792739868, 37.522491455078125,]
