best-result = 59.96561408042908
warmup-time = 60.35172414779663
all-measurements = [ 59.96561408042908, 64.39562773704529, 63.62150573730469,]
