best-result = 222.6522991657257
warmup-time = 226.4562587738037
all-measurements = [ 222.6522991657257, 223.26324820518494, 223.05122089385986,]
