best-result = 513.4242889881134
warmup-time = 520.3270754814148
all-measurements = [ 519.6458957195282, 513.4242889881134, 514.0721249580383,]
