best-result = 35.6393506526947
warmup-time = 37.31507325172424
all-measurements = [ 35.6393506526947, 35.729729890823364, 37.26812148094177,]
