best-result = 28.972599506378174
warmup-time = 29.132538080215454
all-measurements = [ 28.972599506378174, 29.191750526428223, 29.464882135391235,]
