best-result = 80.12978196144104
warmup-time = 77.42776679992676
all-measurements = [ 81.21199989318848, 82.90184950828552, 80.12978196144104,]
