best-result = 60.751073360443115
warmup-time = 62.746655225753784
all-measurements = [ 63.0528028011322, 60.751073360443115, 61.208744525909424,]
