best-result = 27.323934078216553
warmup-time = 27.811749696731567
all-measurements = [ 27.642897605895996, 27.323934078216553, 28.199875116348267,]
