best-result = 35.3726019859314
warmup-time = 35.38547897338867
all-measurements = [ 35.3726019859314, 35.494645833969116, 35.59428596496582,]
