best-result = 32.87865138053894
warmup-time = 34.56738781929016
all-measurements = [ 33.74430561065674, 32.87865138053894, 33.016035318374634,]
