best-result = 43.45085167884827
warmup-time = 44.22119331359863
all-measurements = [ 44.42622900009155, 43.45085167884827, 44.46900534629822,]
