best-result = 94.47431135177612
warmup-time = 96.65528798103333
all-measurements = [ 97.69439625740051, 94.47431135177612, 97.05844116210938,]
