best-result = 27.986581325531006
warmup-time = 28.270811319351196
all-measurements = [ 27.986581325531006, 29.019689559936523, 28.89593243598938,]
