best-result = 34.67907929420471
warmup-time = 35.503180265426636
all-measurements = [ 34.68701100349426, 35.02269124984741, 34.67907929420471,]
