best-result = 86.95956039428711
warmup-time = 92.51842975616455
all-measurements = [ 86.95956039428711, 98.06133389472961, 90.28272485733032,]
