best-result = 38.04909300804138
warmup-time = 39.3892936706543
all-measurements = [ 38.04909300804138, 38.118077516555786, 38.583094120025635,]
