best-result = 43.83983612060547
warmup-time = 46.27750849723816
all-measurements = [ 44.47371554374695, 43.934733152389526, 43.83983612060547,]
