best-result = 28.114014625549316
warmup-time = 28.463777542114258
all-measurements = [ 29.372721433639526, 29.189621448516846, 28.114014625549316,]
