best-result = 170.97933435440063
warmup-time = 173.5983922481537
all-measurements = [ 170.97933435440063, 172.35116457939148, 171.85512375831604,]
