best-result = 63.0586998462677
warmup-time = 68.11776566505432
all-measurements = [ 65.59168553352356, 66.57777976989746, 63.0586998462677,]
