best-result = 25.99769139289856
warmup-time = 25.917908668518066
all-measurements = [ 25.99769139289856, 26.006592988967896, 26.17369031906128,]
