best-result = 37.89966559410095
warmup-time = 38.236775159835815
all-measurements = [ 39.286088943481445, 37.89966559410095, 38.319502115249634,]
