best-result = 30.615957975387573
warmup-time = 31.812099933624268
all-measurements = [ 31.382298707962036, 30.615957975387573, 31.89260721206665,]
