best-result = 265.0032625198364
warmup-time = 271.58718037605286
all-measurements = [ 265.0032625198364, 265.32084107398987, 267.2072114944458,]
