best-result = 36.40928387641907
warmup-time = 37.15257668495178
all-measurements = [ 37.15497612953186, 36.40928387641907, 36.88373398780823,]
