best-result = 112.41928029060364
warmup-time = 114.35770225524902
all-measurements = [ 114.85893630981445, 112.98202562332153, 112.41928029060364,]
