best-result = 41.3942289352417
warmup-time = 40.197097301483154
all-measurements = [ 42.25107502937317, 41.3942289352417, 42.41470813751221,]
