best-result = 48.34166765213013
warmup-time = 48.803388357162476
all-measurements = [ 48.34166765213013, 48.35269117355347, 48.78915786743164,]
