best-result = 33.14436411857605
warmup-time = 34.18831658363342
all-measurements = [ 33.92719602584839, 33.14436411857605, 35.08226728439331,]
