best-result = 35.63669991493225
warmup-time = 37.91850972175598
all-measurements = [ 38.11179065704346, 38.40993881225586, 35.63669991493225,]
