best-result = 60.74762034416199
warmup-time = 59.46757793426514
all-measurements = [ 64.86604452133179, 60.74762034416199, 64.79655909538269,]
