best-result = 226.4722237586975
warmup-time = 231.43852305412292
all-measurements = [ 230.4694468975067, 226.4722237586975, 227.622567653656,]
