best-result = 522.7208631038666
warmup-time = 532.5595638751984
all-measurements = [ 525.6133544445038, 528.6284708976746, 522.7208631038666,]
