best-result = 35.39403581619263
warmup-time = 34.08326053619385
all-measurements = [ 35.39403581619263, 37.478266954422, 36.58564376831055,]
