best-result = 28.408740997314453
warmup-time = 28.437852144241333
all-measurements = [ 29.325604677200317, 28.408740997314453, 29.394805431365967,]
