best-result = 71.93448567390442
warmup-time = 75.9420394897461
all-measurements = [ 73.61082720756531, 72.09912824630737, 71.93448567390442,]
