best-result = 61.76750159263611
warmup-time = 62.8322479724884
all-measurements = [ 65.04869532585144, 62.92817735671997, 61.76750159263611,]
