best-result = 28.081729650497437
warmup-time = 29.15178370475769
all-measurements = [ 28.081729650497437, 28.123311519622803, 28.29215908050537,]
