best-result = 35.128127098083496
warmup-time = 35.640135526657104
all-measurements = [ 35.128127098083496, 35.27427959442139, 35.85484504699707,]
