best-result = 32.561439752578735
warmup-time = 34.888293504714966
all-measurements = [ 32.561439752578735, 34.15249562263489, 33.664379596710205,]
