best-result = 42.1762855052948
warmup-time = 43.65210580825806
all-measurements = [ 42.534531593322754, 42.1762855052948, 43.07716155052185,]
