best-result = 96.35935664176941
warmup-time = 98.80795788764954
all-measurements = [ 100.84783029556274, 96.35935664176941, 97.43941044807434,]
