best-result = 27.7601580619812
warmup-time = 28.555113315582275
all-measurements = [ 28.756317377090454, 27.7601580619812, 27.8870210647583,]
