best-result = 32.982569456100464
warmup-time = 33.952603816986084
all-measurements = [ 34.699769258499146, 32.982569456100464, 35.04683065414429,]
