best-result = 86.88615369796753
warmup-time = 98.80193853378296
all-measurements = [ 86.88615369796753, 91.35924553871155, 93.66240215301514,]
