best-result = 38.46452713012695
warmup-time = 38.918219327926636
all-measurements = [ 40.79773449897766, 39.63621759414673, 38.46452713012695,]
