best-result = 44.036882400512695
warmup-time = 42.859689474105835
all-measurements = [ 44.41932964324951, 44.036882400512695, 46.0445990562439,]
