best-result = 27.9131920337677
warmup-time = 29.401124954223633
all-measurements = [ 27.9131920337677, 29.229133129119873, 29.168978691101074,]
