best-result = 694.6748774051666
warmup-time = 728.2878568172455
all-measurements = [ 694.6748774051666, 703.5302731990814, 700.142041683197,]
