best-result = 175.55062651634216
warmup-time = 176.34513664245605
all-measurements = [ 175.55062651634216, 177.39921641349792, 177.33744072914124,]
