best-result = 67.2671811580658
warmup-time = 69.93570113182068
all-measurements = [ 67.2671811580658, 67.88853621482849, 69.51096630096436,]
