best-result = 23.35481071472168
warmup-time = 23.523443460464478
all-measurements = [ 24.306368350982666, 23.35481071472168, 23.51429057121277,]
