best-result = 46.940741777420044
warmup-time = 65.39288449287415
all-measurements = [ 47.41458749771118, 46.940741777420044, 47.76377201080322,]
