best-result = 46.53345227241516
warmup-time = 58.468491315841675
all-measurements = [ 46.97483849525452, 46.53345227241516, 46.81396245956421,]
