best-result = 897.4963958263397
warmup-time = 1115.069058418274
all-measurements = [ 903.5232579708099, 905.6769490242004, 897.4963958263397,]
