best-result = 85.88338947296143
warmup-time = 98.8802797794342
all-measurements = [ 86.09986758232117, 85.88338947296143, 86.16395449638367,]
