best-result = 986.7327449321747
warmup-time = 1023.9677805900574
all-measurements = [ 986.7327449321747, 990.1713373661041, 990.8519172668457,]
