best-result = 81.94335007667542
warmup-time = 101.58175539970398
all-measurements = [ 82.85460472106934, 81.94335007667542, 82.75047039985657,]
