best-result = 68.12924718856812
warmup-time = 87.56680989265442
all-measurements = [ 68.12924718856812, 68.78647065162659, 68.66553568840027,]
