best-result = 91.75971937179565
warmup-time = 104.69995474815369
all-measurements = [ 92.08762335777283, 92.4082703590393, 91.75971937179565,]
