best-result = 645.6984786987305
warmup-time = 665.0936515331268
all-measurements = [ 645.6984786987305, 651.418449640274, 650.5874240398407,]
