best-result = 62.14031410217285
warmup-time = 78.73897433280945
all-measurements = [ 62.664369344711304, 62.637675762176514, 62.14031410217285,]
