best-result = 205.93867015838623
warmup-time = 367.5776791572571
all-measurements = [ 205.93867015838623, 206.272869348526, 208.12842106819153,]
