best-result = 386.32814145088196
warmup-time = 829.5101475715637
all-measurements = [ 388.05622124671936, 386.5856935977936, 386.32814145088196,]
