best-result = 62.838886737823486
warmup-time = 81.06336212158203
all-measurements = [ 63.12310218811035, 62.838886737823486, 63.32893109321594,]
