best-result = 40.35640478134155
warmup-time = 48.71787905693054
all-measurements = [ 40.62256336212158, 40.35640478134155, 41.01891541481018,]
