best-result = 135.46179366111755
warmup-time = 167.3938708305359
all-measurements = [ 136.27915024757385, 135.98444318771362, 135.46179366111755,]
