best-result = 920.3952264785767
warmup-time = 988.425235748291
all-measurements = [ 922.6302678585052, 927.7294082641602, 920.3952264785767,]
