best-result = 28.041789293289185
warmup-time = 36.9898624420166
all-measurements = [ 28.338231563568115, 28.041789293289185, 28.45478367805481,]
