best-result = 57.60044264793396
warmup-time = 68.31682586669922
all-measurements = [ 57.60044264793396, 57.69295406341553, 59.25436472892761,]
