best-result = 60.93194913864136
warmup-time = 75.61727166175842
all-measurements = [ 61.047752380371094, 60.93194913864136, 61.41905403137207,]
