best-result = 109.768479347229
warmup-time = 138.5621998310089
all-measurements = [ 110.35404562950134, 110.98222804069519, 109.768479347229,]
