best-result = 772.6754381656647
warmup-time = 846.5024266242981
all-measurements = [ 776.6100594997406, 795.5845773220062, 772.6754381656647,]
