best-result = 34.1776077747345
warmup-time = 41.93188977241516
all-measurements = [ 34.32201170921326, 34.51566243171692, 34.1776077747345,]
