best-result = 56.12809681892395
warmup-time = 72.0603506565094
all-measurements = [ 56.31980061531067, 56.36809587478638, 56.12809681892395,]
