best-result = 1516.413157939911
warmup-time = 2105.385278701782
all-measurements = [ 1516.413157939911, 1848.0028326511383, 2434.505651473999,]
