best-result = 49.02350926399231
warmup-time = 70.43556356430054
all-measurements = [ 49.230597257614136, 49.25268816947937, 49.02350926399231,]
