best-result = 81.61793208122253
warmup-time = 96.12939453125
all-measurements = [ 81.74232816696167, 81.61793208122253, 81.82985806465149,]
