best-result = 37.183159828186035
warmup-time = 46.58173108100891
all-measurements = [ 37.82260823249817, 37.183159828186035, 37.894436836242676,]
