best-result = 334.33998107910156
warmup-time = 461.87086725234985
all-measurements = [ 341.74060463905334, 334.33998107910156, 335.9769113063812,]
