best-result = 58.957319259643555
warmup-time = 60.04568147659302
all-measurements = [ 59.349289894104004, 58.957319259643555, 59.196316957473755,]
