best-result = 25.320181608200073
warmup-time = 25.99267315864563
all-measurements = [ 25.320181608200073, 25.540467977523804, 25.39767575263977,]
