best-result = 35.45640254020691
warmup-time = 34.174896240234375
all-measurements = [ 36.71971917152405, 35.45640254020691, 38.031880378723145,]
