best-result = 31.307237148284912
warmup-time = 31.02471613883972
all-measurements = [ 31.307237148284912, 31.445088863372803, 32.22642755508423,]
