best-result = 261.60120129585266
warmup-time = 265.5330283641815
all-measurements = [ 261.60120129585266, 264.45896434783936, 265.3532795906067,]
