best-result = 36.57963228225708
warmup-time = 36.462716579437256
all-measurements = [ 37.65462279319763, 36.57963228225708, 37.33235740661621,]
