best-result = 39.54119539260864
warmup-time = 40.979652404785156
all-measurements = [ 39.54119539260864, 40.067482471466064, 41.42250680923462,]
