best-result = 48.022419691085815
warmup-time = 49.00273156166077
all-measurements = [ 48.022419691085815, 48.752193450927734, 50.476744413375854,]
