best-result = 33.09648633003235
warmup-time = 33.15688395500183
all-measurements = [ 33.99804425239563, 33.09648633003235, 33.10500693321228,]
