best-result = 36.90299391746521
warmup-time = 36.61191201210022
all-measurements = [ 36.90299391746521, 37.31659531593323, 37.371251583099365,]
