best-result = 57.815887212753296
warmup-time = 62.21845293045044
all-measurements = [ 65.74759578704834, 57.815887212753296, 62.91885805130005,]
