best-result = 224.39633440971375
warmup-time = 228.61653971672058
all-measurements = [ 229.19008135795593, 224.39633440971375, 225.93110632896423,]
