best-result = 521.8961434364319
warmup-time = 523.2328774929047
all-measurements = [ 523.0841729640961, 521.9873945713043, 521.8961434364319,]
