best-result = 35.63990330696106
warmup-time = 35.842063188552856
all-measurements = [ 35.90965294837952, 36.56619954109192, 35.63990330696106,]
