best-result = 28.478639125823975
warmup-time = 28.113706350326538
all-measurements = [ 28.478639125823975, 28.778344869613647, 29.178250312805176,]
