best-result = 77.70099759101868
warmup-time = 74.41451048851013
all-measurements = [ 80.83398175239563, 77.70099759101868, 84.61648607254028,]
