best-result = 61.02975392341614
warmup-time = 62.942861557006836
all-measurements = [ 63.95491909980774, 61.02975392341614, 62.85442233085632,]
