best-result = 27.303412914276123
warmup-time = 26.856079578399658
all-measurements = [ 27.303412914276123, 27.56214737892151, 28.240302324295044,]
