best-result = 35.364216804504395
warmup-time = 35.19225025177002
all-measurements = [ 35.364216804504395, 35.51315689086914, 35.733933448791504,]
