best-result = 31.94976234436035
warmup-time = 33.47890639305115
all-measurements = [ 31.94976234436035, 33.72849249839783, 32.80291700363159,]
