best-result = 41.149646043777466
warmup-time = 43.54677605628967
all-measurements = [ 41.16145586967468, 42.44248080253601, 41.149646043777466,]
