best-result = 95.32301712036133
warmup-time = 95.41475033760071
all-measurements = [ 95.65004539489746, 95.32301712036133, 98.48936367034912,]
