best-result = 27.255353689193726
warmup-time = 28.32335329055786
all-measurements = [ 27.255353689193726, 29.44911479949951, 28.689703941345215,]
