best-result = 33.053659439086914
warmup-time = 33.7916145324707
all-measurements = [ 34.241753578186035, 33.053659439086914, 34.3988254070282,]
