best-result = 86.62788844108582
warmup-time = 88.49788069725037
all-measurements = [ 90.63302421569824, 90.26957249641418, 86.62788844108582,]
