best-result = 38.89933395385742
warmup-time = 39.39790964126587
all-measurements = [ 38.89933395385742, 39.92863345146179, 39.197160482406616,]
