best-result = 43.65341591835022
warmup-time = 46.636139154434204
all-measurements = [ 45.17925667762756, 44.100131034851074, 43.65341591835022,]
