best-result = 27.553252696990967
warmup-time = 29.251981735229492
all-measurements = [ 27.553252696990967, 27.9507257938385, 28.79359745979309,]
