best-result = 696.0778434276581
warmup-time = 730.9916770458221
all-measurements = [ 696.0778434276581, 701.8553071022034, 696.184314250946,]
