best-result = 174.95290088653564
warmup-time = 173.15251469612122
all-measurements = [ 174.95290088653564, 175.09733748435974, 175.09102749824524,]
