best-result = 65.63647079467773
warmup-time = 66.6876277923584
all-measurements = [ 67.96080613136292, 65.63647079467773, 66.88057827949524,]
