best-result = 25.44936966896057
warmup-time = 26.11811351776123
all-measurements = [ 26.342867136001587, 25.44936966896057, 26.07691240310669,]
