best-result = 34.5644748210907
warmup-time = 39.16128325462341
all-measurements = [ 36.435121059417725, 34.5644748210907, 38.13344073295593,]
