best-result = 30.658029556274414
warmup-time = 30.701578855514526
all-measurements = [ 31.552770853042603, 31.10579514503479, 30.658029556274414,]
