best-result = 259.7357351779938
warmup-time = 265.8552453517914
all-measurements = [ 259.7357351779938, 260.26121163368225, 260.2547929286957,]
