best-result = 34.89322829246521
warmup-time = 36.04468321800232
all-measurements = [ 35.90058612823486, 36.37407851219177, 34.89322829246521,]
