best-result = 119.29840445518494
warmup-time = 123.38005137443542
all-measurements = [ 121.0859100818634, 119.29840445518494, 120.51815795898438,]
