best-result = 39.638076305389404
warmup-time = 40.8369779586792
all-measurements = [ 40.35996079444885, 41.46220779418945, 39.638076305389404,]
