best-result = 48.073649644851685
warmup-time = 49.94031357765198
all-measurements = [ 48.073649644851685, 48.6650230884552, 48.29992985725403,]
