best-result = 32.61342000961304
warmup-time = 34.265209674835205
all-measurements = [ 33.690860986709595, 32.61342000961304, 34.64809823036194,]
