best-result = 37.542468309402466
warmup-time = 37.2909734249115
all-measurements = [ 37.542468309402466, 37.69718551635742, 37.55786848068237,]
