best-result = 61.8632869720459
warmup-time = 58.66189908981323
all-measurements = [ 61.8632869720459, 64.37916254997253, 62.162288665771484,]
