best-result = 225.72522687911987
warmup-time = 228.27053236961365
all-measurements = [ 230.62854313850403, 241.5538136959076, 225.72522687911987,]
