best-result = 513.385764837265
warmup-time = 519.3549451828003
all-measurements = [ 516.9073588848114, 516.8954181671143, 513.385764837265,]
