best-result = 35.368913888931274
warmup-time = 36.71262788772583
all-measurements = [ 35.368913888931274, 35.5850350856781, 38.02358675003052,]
