best-result = 29.25494909286499
warmup-time = 29.28078317642212
all-measurements = [ 29.517846822738647, 29.25494909286499, 29.2805073261261,]
