best-result = 72.92249512672424
warmup-time = 80.92456889152527
all-measurements = [ 74.44862771034241, 72.92249512672424, 77.7603509426117,]
