best-result = 61.585413217544556
warmup-time = 61.58329105377197
all-measurements = [ 61.90818190574646, 61.585413217544556, 63.607325077056885,]
