best-result = 28.359827280044556
warmup-time = 29.390607357025146
all-measurements = [ 29.33640480041504, 28.359827280044556, 28.6253821849823,]
