best-result = 32.62147521972656
warmup-time = 32.83142614364624
all-measurements = [ 35.21909308433533, 35.50126624107361, 32.62147521972656,]
