best-result = 35.116252422332764
warmup-time = 37.11368107795715
all-measurements = [ 35.517990589141846, 35.116252422332764, 35.43401384353638,]
