best-result = 42.47935128211975
warmup-time = 43.51134705543518
all-measurements = [ 45.66006565093994, 43.43597984313965, 42.47935128211975,]
