best-result = 94.43079972267151
warmup-time = 98.60609078407288
all-measurements = [ 94.43079972267151, 97.58370637893677, 99.54026174545288,]
