best-result = 28.421926736831665
warmup-time = 29.8591730594635
all-measurements = [ 30.310062885284424, 28.421926736831665, 29.412315607070923,]
