best-result = 33.23712182044983
warmup-time = 35.15369439125061
all-measurements = [ 34.84750509262085, 34.49175524711609, 33.23712182044983,]
