best-result = 86.79081606864929
warmup-time = 87.51814913749695
all-measurements = [ 91.0255959033966, 90.10619115829468, 86.79081606864929,]
