best-result = 39.75628685951233
warmup-time = 40.670072078704834
all-measurements = [ 39.75628685951233, 40.05478000640869, 40.54916310310364,]
