best-result = 43.63992476463318
warmup-time = 45.29741621017456
all-measurements = [ 45.174023389816284, 43.63992476463318, 44.46380972862244,]
