best-result = 28.292354345321655
warmup-time = 28.812490701675415
all-measurements = [ 28.981049299240112, 28.468531608581543, 28.292354345321655,]
