best-result = 658.865884065628
warmup-time = 691.8864939212799
all-measurements = [ 669.7587504386902, 662.9583775997162, 658.865884065628,]
