best-result = 171.3381154537201
warmup-time = 172.6071856021881
all-measurements = [ 174.76433658599854, 171.3381154537201, 175.84211659431458,]
