best-result = 57.979493618011475
warmup-time = 59.144853591918945
all-measurements = [ 57.979493618011475, 58.35113596916199, 67.83325815200806,]
