best-result = 26.067787170410156
warmup-time = 26.20969557762146
all-measurements = [ 26.216554403305054, 26.460306882858276, 26.067787170410156,]
