best-result = 37.51295351982117
warmup-time = 38.34030556678772
all-measurements = [ 37.58293437957764, 37.51295351982117, 38.46869516372681,]
