best-result = 31.078173637390137
warmup-time = 31.797130584716797
all-measurements = [ 32.03659534454346, 32.14218211174011, 31.078173637390137,]
