best-result = 262.2803359031677
warmup-time = 268.71222043037415
all-measurements = [ 263.5259130001068, 262.2803359031677, 266.70086646080017,]
