best-result = 36.47510027885437
warmup-time = 37.55510950088501
all-measurements = [ 36.47510027885437, 37.49160075187683, 38.09094953536987,]
