best-result = 40.10867619514465
warmup-time = 42.061771392822266
all-measurements = [ 40.109007358551025, 42.563750982284546, 40.10867619514465,]
