best-result = 48.96902084350586
warmup-time = 50.444199562072754
all-measurements = [ 48.96902084350586, 48.97075176239014, 49.40447211265564,]
