best-result = 34.073875427246094
warmup-time = 34.84772181510925
all-measurements = [ 34.32465839385986, 34.073875427246094, 35.502394914627075,]
