best-result = 35.93319582939148
warmup-time = 37.58712983131409
all-measurements = [ 37.57335424423218, 35.93319582939148, 37.63600730895996,]
