best-result = 59.62862014770508
warmup-time = 62.68033146858215
all-measurements = [ 60.97604179382324, 59.62862014770508, 65.45323348045349,]
