best-result = 226.92040467262268
warmup-time = 230.54380702972412
all-measurements = [ 228.49556612968445, 226.92040467262268, 229.1630415916443,]
