best-result = 523.3043918609619
warmup-time = 521.7985816001892
all-measurements = [ 523.3965573310852, 524.9181215763092, 523.3043918609619,]
