best-result = 36.3642156124115
warmup-time = 37.560818910598755
all-measurements = [ 37.05242371559143, 36.3642156124115, 38.22822117805481,]
