best-result = 76.87145829200745
warmup-time = 75.37800717353821
all-measurements = [ 78.98746705055237, 76.87145829200745, 81.46828818321228,]
