best-result = 62.56320858001709
warmup-time = 66.1310830116272
all-measurements = [ 62.56320858001709, 63.01814675331116, 62.57025361061096,]
