best-result = 28.58722496032715
warmup-time = 27.35370397567749
all-measurements = [ 28.642427682876587, 28.58722496032715, 29.10122513771057,]
