best-result = 32.87743377685547
warmup-time = 36.41954183578491
all-measurements = [ 32.96070146560669, 35.87570238113403, 32.87743377685547,]
