best-result = 33.3222451210022
warmup-time = 33.74286890029907
all-measurements = [ 35.62336587905884, 33.3222451210022, 34.47719764709473,]
