best-result = 41.15172052383423
warmup-time = 43.627222776412964
all-measurements = [ 41.15172052383423, 43.107866525650024, 42.3271644115448,]
