best-result = 98.03660535812378
warmup-time = 99.42638731002808
all-measurements = [ 98.03660535812378, 98.75390338897705, 99.41039776802063,]
