best-result = 27.62199091911316
warmup-time = 30.16830086708069
all-measurements = [ 28.25283169746399, 27.62199091911316, 30.433857917785645,]
