best-result = 34.54714512825012
warmup-time = 35.54927730560303
all-measurements = [ 35.14190077781677, 35.329041957855225, 34.54714512825012,]
