best-result = 87.49725484848022
warmup-time = 93.33908152580261
all-measurements = [ 98.54292750358582, 100.68360209465027, 87.49725484848022,]
