best-result = 38.75634741783142
warmup-time = 39.32006049156189
all-measurements = [ 38.75634741783142, 40.29982876777649, 41.42957830429077,]
