best-result = 42.290851354599
warmup-time = 46.182554721832275
all-measurements = [ 42.290851354599, 45.579042196273804, 45.48306226730347,]
