best-result = 28.545719385147095
warmup-time = 29.322008848190308
all-measurements = [ 28.545719385147095, 29.424263954162598, 28.83118200302124,]
