best-result = 706.9813661575317
warmup-time = 741.3035037517548
all-measurements = [ 711.0235667228699, 706.9813661575317, 711.0396862030029,]
