best-result = 174.58868265151978
warmup-time = 174.72613716125488
all-measurements = [ 178.60859489440918, 178.46017813682556, 174.58868265151978,]
