best-result = 59.51377034187317
warmup-time = 66.96704077720642
all-measurements = [ 68.50306963920593, 59.51377034187317, 66.12878513336182,]
