best-result = 25.81175708770752
warmup-time = 25.868813037872314
all-measurements = [ 25.903799772262573, 26.081138849258423, 25.81175708770752,]
