best-result = 37.802791595458984
warmup-time = 39.28465485572815
all-measurements = [ 38.70345640182495, 37.81736946105957, 37.802791595458984,]
