best-result = 30.68989062309265
warmup-time = 30.482902765274048
all-measurements = [ 31.636797428131104, 30.68989062309265, 30.91753053665161,]
