best-result = 264.56299352645874
warmup-time = 270.5324444770813
all-measurements = [ 272.968092918396, 264.56299352645874, 265.96987438201904,]
