best-result = 36.00291466712952
warmup-time = 37.4176025390625
all-measurements = [ 38.07570219039917, 36.735538721084595, 36.00291466712952,]
