best-result = 41.52882933616638
warmup-time = 40.588223457336426
all-measurements = [ 43.27482485771179, 42.171717405319214, 41.52882933616638,]
