best-result = 49.223116636276245
warmup-time = 50.07616090774536
all-measurements = [ 49.87550711631775, 49.34559488296509, 49.223116636276245,]
