best-result = 33.28350353240967
warmup-time = 33.24416637420654
all-measurements = [ 33.28350353240967, 34.135388135910034, 33.29255676269531,]
