best-result = 37.01097655296326
warmup-time = 37.85274076461792
all-measurements = [ 37.01097655296326, 38.38324284553528, 37.26740121841431,]
