best-result = 59.000998973846436
warmup-time = 64.45059728622437
all-measurements = [ 66.74187588691711, 65.56031489372253, 59.000998973846436,]
