best-result = 229.03968572616577
warmup-time = 230.4485170841217
all-measurements = [ 229.33803915977478, 229.03968572616577, 229.9735872745514,]
