best-result = 524.5857772827148
warmup-time = 527.2753105163574
all-measurements = [ 524.5857772827148, 524.8524570465088, 528.1625509262085,]
