best-result = 36.41976308822632
warmup-time = 38.12913227081299
all-measurements = [ 37.87437391281128, 36.41976308822632, 37.35526633262634,]
