best-result = 71.43411111831665
warmup-time = 80.40618968009949
all-measurements = [ 80.85963463783264, 75.84357285499573, 71.43411111831665,]
