best-result = 60.98133182525635
warmup-time = 62.83899426460266
all-measurements = [ 60.98133182525635, 62.90398073196411, 62.890137672424316,]
