best-result = 27.363200426101685
warmup-time = 28.78727698326111
all-measurements = [ 28.858092308044434, 27.363200426101685, 27.551588535308838,]
