best-result = 35.09314036369324
warmup-time = 35.89142346382141
all-measurements = [ 35.09314036369324, 35.14988446235657, 35.21953105926514,]
