best-result = 33.73618030548096
warmup-time = 34.31392240524292
all-measurements = [ 33.73618030548096, 36.0491726398468, 33.81444835662842,]
