best-result = 42.83513951301575
warmup-time = 42.84364032745361
all-measurements = [ 42.910973072052, 43.76435375213623, 42.83513951301575,]
