best-result = 97.39571857452393
warmup-time = 99.54256534576416
all-measurements = [ 99.15118026733398, 97.39571857452393, 98.23868298530579,]
