best-result = 29.055418491363525
warmup-time = 27.67054581642151
all-measurements = [ 29.055418491363525, 29.210670232772827, 29.741199731826782,]
