best-result = 33.45154905319214
warmup-time = 35.0613067150116
all-measurements = [ 34.81084728240967, 33.45154905319214, 34.687971115112305,]
