best-result = 87.9310793876648
warmup-time = 95.40476274490356
all-measurements = [ 96.51948094367981, 87.9310793876648, 91.65738654136658,]
