best-result = 38.54931855201721
warmup-time = 38.595914363861084
all-measurements = [ 39.22010898590088, 38.54931855201721, 39.14836764335632,]
