best-result = 44.39582657814026
warmup-time = 47.440176010131836
all-measurements = [ 46.142680644989014, 45.807968616485596, 44.39582657814026,]
