best-result = 27.90044069290161
warmup-time = 27.555402755737305
all-measurements = [ 28.64154577255249, 27.90044069290161, 28.943244218826294,]
