best-result = 702.3484697341919
warmup-time = 730.6216840744019
all-measurements = [ 702.3484697341919, 710.5977537631989, 718.9725470542908,]
