best-result = 172.35317587852478
warmup-time = 179.35441327095032
all-measurements = [ 172.35317587852478, 176.9496259689331, 175.6938910484314,]
