best-result = 55.95553159713745
warmup-time = 66.4908595085144
all-measurements = [ 55.95553159713745, 67.89377307891846, 69.12916278839111,]
