best-result = 25.01469922065735
warmup-time = 25.000447750091553
all-measurements = [ 25.251788854599, 25.028267860412598, 25.01469922065735,]
