best-result = 37.144593954086304
warmup-time = 39.084187507629395
all-measurements = [ 37.920900106430054, 37.144593954086304, 37.850229263305664,]
