best-result = 30.477404832839966
warmup-time = 31.727232933044434
all-measurements = [ 31.323155879974365, 30.477404832839966, 30.883820295333862,]
