best-result = 271.5722346305847
warmup-time = 272.7094166278839
all-measurements = [ 274.01765537261963, 275.37270641326904, 271.5722346305847,]
