best-result = 35.261067152023315
warmup-time = 36.6021089553833
all-measurements = [ 36.02261686325073, 35.827404499053955, 35.261067152023315,]
