best-result = 40.62342143058777
warmup-time = 41.60330295562744
all-measurements = [ 41.281304359436035, 40.62342143058777, 41.32889699935913,]
