best-result = 49.94437289237976
warmup-time = 52.269652128219604
all-measurements = [ 50.25285029411316, 51.81670951843262, 49.94437289237976,]
