best-result = 33.99405598640442
warmup-time = 35.52197074890137
all-measurements = [ 34.03833198547363, 34.431214332580566, 33.99405598640442,]
