best-result = 35.7361114025116
warmup-time = 37.64259171485901
all-measurements = [ 37.58357214927673, 38.17597246170044, 35.7361114025116,]
