best-result = 59.66030669212341
warmup-time = 58.23846364021301
all-measurements = [ 62.94367289543152, 59.66030669212341, 59.70799207687378,]
