best-result = 239.57932996749878
warmup-time = 246.8545503616333
all-measurements = [ 243.6797375679016, 242.3519105911255, 239.57932996749878,]
