best-result = 548.3311855792999
warmup-time = 551.7392711639404
all-measurements = [ 549.2938661575317, 548.3311855792999, 549.1997690200806,]
