best-result = 34.456263303756714
warmup-time = 36.57982587814331
all-measurements = [ 34.69513249397278, 34.456263303756714, 36.045716524124146,]
