best-result = 65.03644156455994
warmup-time = 64.21022462844849
all-measurements = [ 65.57547283172607, 65.03644156455994, 65.87043309211731,]
