best-result = 26.833842754364014
warmup-time = 27.610013484954834
all-measurements = [ 28.446115255355835, 26.833842754364014, 28.982471704483032,]
