best-result = 35.51075196266174
warmup-time = 35.914658069610596
all-measurements = [ 36.16684341430664, 35.51075196266174, 36.21659851074219,]
