best-result = 31.76386570930481
warmup-time = 32.73101496696472
all-measurements = [ 32.38087248802185, 31.76386570930481, 33.63251972198486,]
