best-result = 44.22048902511597
warmup-time = 43.85918068885803
all-measurements = [ 44.412293910980225, 44.22048902511597, 44.88992094993591,]
