best-result = 99.5813205242157
warmup-time = 97.7451524734497
all-measurements = [ 99.6935408115387, 100.3896656036377, 99.5813205242157,]
