best-result = 27.438597679138184
warmup-time = 28.096677541732788
all-measurements = [ 27.438597679138184, 28.765587329864502, 28.2040011882782,]
