best-result = 32.938122510910034
warmup-time = 34.25614404678345
all-measurements = [ 33.555854082107544, 32.938122510910034, 33.29466652870178,]
