best-result = 39.85299348831177
warmup-time = 41.15227174758911
all-measurements = [ 40.03270387649536, 39.85299348831177, 40.88664770126343,]
