best-result = 43.666367053985596
warmup-time = 43.7076849937439
all-measurements = [ 43.666367053985596, 45.025994062423706, 43.72575235366821,]
