best-result = 27.69925308227539
warmup-time = 28.072988510131836
all-measurements = [ 28.041750192642212, 27.732622861862183, 27.69925308227539,]
