best-result = 704.7965264320374
warmup-time = 735.8004810810089
all-measurements = [ 706.9078223705292, 714.5963406562805, 704.7965264320374,]
