best-result = 179.79328632354736
warmup-time = 183.9475929737091
all-measurements = [ 179.79328632354736, 184.6340138912201, 182.2151551246643,]
