best-result = 42.479575634002686
warmup-time = 44.492937326431274
all-measurements = [ 43.09024786949158, 43.48927593231201, 42.479575634002686,]
