best-result = 25.338001251220703
warmup-time = 26.632064819335938
all-measurements = [ 25.338001251220703, 25.703091382980347, 25.66031527519226,]
