best-result = 37.611533641815186
warmup-time = 39.347158670425415
all-measurements = [ 37.611533641815186, 38.121984243392944, 38.80776858329773,]
