best-result = 30.328622102737427
warmup-time = 31.389201879501343
all-measurements = [ 31.187403678894043, 31.367520570755005, 30.328622102737427,]
