best-result = 266.3079674243927
warmup-time = 269.6799969673157
all-measurements = [ 267.2499315738678, 266.3079674243927, 266.972451210022,]
