best-result = 35.86065626144409
warmup-time = 37.48044562339783
all-measurements = [ 37.74285054206848, 35.86065626144409, 36.64254426956177,]
