best-result = 40.66444730758667
warmup-time = 41.064029693603516
all-measurements = [ 40.66444730758667, 42.678284883499146, 42.07605314254761,]
