best-result = 48.5167350769043
warmup-time = 51.897334575653076
all-measurements = [ 48.5167350769043, 49.31252837181091, 49.531442403793335,]
