best-result = 33.49905014038086
warmup-time = 34.96668744087219
all-measurements = [ 33.6593861579895, 33.49905014038086, 33.80058979988098,]
