best-result = 35.703715562820435
warmup-time = 36.795552492141724
all-measurements = [ 38.11621570587158, 36.845420598983765, 35.703715562820435,]
