best-result = 60.293286085128784
warmup-time = 59.345343589782715
all-measurements = [ 63.41054439544678, 63.59101223945618, 60.293286085128784,]
