best-result = 225.44866228103638
warmup-time = 232.65588760375977
all-measurements = [ 225.44866228103638, 230.04952239990234, 226.4883909225464,]
