best-result = 522.7180836200714
warmup-time = 527.0284612178802
all-measurements = [ 522.7180836200714, 522.8045701980591, 526.6811096668243,]
