best-result = 36.86455225944519
warmup-time = 36.79083299636841
all-measurements = [ 38.36520433425903, 36.86455225944519, 38.178064584732056,]
