best-result = 74.93629336357117
warmup-time = 76.24821925163269
all-measurements = [ 82.52675485610962, 80.78893208503723, 74.93629336357117,]
