best-result = 61.25655269622803
warmup-time = 63.152400493621826
all-measurements = [ 61.25655269622803, 63.54188680648804, 61.54451322555542,]
