best-result = 27.85459041595459
warmup-time = 27.279987335205078
all-measurements = [ 28.914952039718628, 27.85459041595459, 27.957914113998413,]
