best-result = 35.43784427642822
warmup-time = 35.41506242752075
all-measurements = [ 35.43784427642822, 35.75086259841919, 35.52563762664795,]
