best-result = 33.034435510635376
warmup-time = 34.049875259399414
all-measurements = [ 33.86646747589111, 33.034435510635376, 34.08193588256836,]
