best-result = 42.65981316566467
warmup-time = 43.33880043029785
all-measurements = [ 42.65981316566467, 43.05262112617493, 44.097182750701904,]
