best-result = 97.36156940460205
warmup-time = 99.09949922561646
all-measurements = [ 98.65735530853271, 97.46444654464722, 97.36156940460205,]
