best-result = 27.559894561767578
warmup-time = 28.789686679840088
all-measurements = [ 29.047608137130737, 27.559894561767578, 27.790597915649414,]
