best-result = 34.655641078948975
warmup-time = 34.86326456069946
all-measurements = [ 35.16400361061096, 34.655641078948975, 34.94960117340088,]
