best-result = 93.18926310539246
warmup-time = 98.35128712654114
all-measurements = [ 93.18926310539246, 94.59996914863586, 93.81502199172974,]
