best-result = 38.91244316101074
warmup-time = 39.90627694129944
all-measurements = [ 39.45438528060913, 38.91244316101074, 39.565133571624756,]
