best-result = 44.01008486747742
warmup-time = 45.67858839035034
all-measurements = [ 45.326632022857666, 44.91139507293701, 44.01008486747742,]
