best-result = 27.311805963516235
warmup-time = 28.729698657989502
all-measurements = [ 28.04014801979065, 27.311805963516235, 28.486664533615112,]
