best-result = 715.5040876865387
warmup-time = 746.4201834201813
all-measurements = [ 717.438553571701, 716.4338541030884, 715.5040876865387,]
