best-result = 172.83503246307373
warmup-time = 174.23227310180664
all-measurements = [ 174.88949036598206, 172.83503246307373, 173.6018009185791,]
