best-result = 61.6896698474884
warmup-time = 66.26445031166077
all-measurements = [ 61.6896698474884, 67.66173338890076, 69.74355602264404,]
