best-result = 25.515312910079956
warmup-time = 26.101520776748657
all-measurements = [ 25.546313285827637, 25.96120047569275, 25.515312910079956,]
