best-result = 37.03250479698181
warmup-time = 38.821656942367554
all-measurements = [ 37.9637131690979, 37.03250479698181, 37.77313590049744,]
