best-result = 30.618560791015625
warmup-time = 31.598424673080444
all-measurements = [ 30.618560791015625, 31.495949268341064, 31.146652936935425,]
