best-result = 257.0431842803955
warmup-time = 266.011013507843
all-measurements = [ 267.6568555831909, 257.0431842803955, 266.79194927215576,]
