best-result = 35.98832631111145
warmup-time = 36.63798928260803
all-measurements = [ 37.12274503707886, 35.98832631111145, 36.75975489616394,]
