best-result = 40.90488028526306
warmup-time = 40.92520332336426
all-measurements = [ 40.90488028526306, 41.991641998291016, 42.32833981513977,]
