best-result = 49.75984215736389
warmup-time = 50.82841682434082
all-measurements = [ 49.765360593795776, 49.75984215736389, 50.40134310722351,]
