best-result = 33.50717759132385
warmup-time = 33.40441632270813
all-measurements = [ 34.166592836380005, 33.664148807525635, 33.50717759132385,]
