best-result = 35.58030557632446
warmup-time = 37.164711713790894
all-measurements = [ 35.58030557632446, 37.01082801818848, 37.394144773483276,]
