best-result = 60.78131055831909
warmup-time = 62.494261503219604
all-measurements = [ 60.78131055831909, 64.57425236701965, 67.45156264305115,]
