best-result = 222.52982831001282
warmup-time = 232.59223556518555
all-measurements = [ 223.0187394618988, 222.52982831001282, 227.51911067962646,]
