best-result = 516.5749859809875
warmup-time = 518.631165266037
all-measurements = [ 520.3231432437897, 516.5749859809875, 518.9590785503387,]
