best-result = 36.03120756149292
warmup-time = 38.14263463020325
all-measurements = [ 36.92074108123779, 36.03120756149292, 36.50095224380493,]
