best-result = 77.99194598197937
warmup-time = 83.15893387794495
all-measurements = [ 82.08567595481873, 77.99194598197937, 82.59369468688965,]
