best-result = 61.604846715927124
warmup-time = 62.318002700805664
all-measurements = [ 61.604846715927124, 61.82986235618591, 62.21372199058533,]
