best-result = 27.701443195343018
warmup-time = 28.18205428123474
all-measurements = [ 27.770952701568604, 27.74628734588623, 27.701443195343018,]
