best-result = 35.32906913757324
warmup-time = 35.89267706871033
all-measurements = [ 35.82308316230774, 35.32906913757324, 35.81855630874634,]
