best-result = 33.58284258842468
warmup-time = 33.845433712005615
all-measurements = [ 33.58284258842468, 34.13417601585388, 34.07529330253601,]
