best-result = 42.61042857170105
warmup-time = 42.92516469955444
all-measurements = [ 42.61042857170105, 43.35464429855347, 43.31677579879761,]
