best-result = 95.66618537902832
warmup-time = 96.61209416389465
all-measurements = [ 98.55929040908813, 97.19406032562256, 95.66618537902832,]
