best-result = 28.124555826187134
warmup-time = 28.621790885925293
all-measurements = [ 29.65204930305481, 28.124555826187134, 28.856011867523193,]
