best-result = 33.872217655181885
warmup-time = 35.50496006011963
all-measurements = [ 34.24527168273926, 34.543522119522095, 33.872217655181885,]
