best-result = 86.49486994743347
warmup-time = 91.54429268836975
all-measurements = [ 86.49486994743347, 96.07610940933228, 91.26076221466064,]
