best-result = 38.77804183959961
warmup-time = 40.68931555747986
all-measurements = [ 39.25840616226196, 39.52242565155029, 38.77804183959961,]
