best-result = 44.07764148712158
warmup-time = 44.551085472106934
all-measurements = [ 44.6878764629364, 45.534809589385986, 44.07764148712158,]
