best-result = 27.801645517349243
warmup-time = 28.408284902572632
all-measurements = [ 27.801645517349243, 28.505859851837158, 28.432785272598267,]
