best-result = 698.472341299057
warmup-time = 732.5636615753174
all-measurements = [ 705.8550944328308, 709.3869724273682, 698.472341299057,]
