best-result = 172.96710920333862
warmup-time = 175.37287378311157
all-measurements = [ 173.31480598449707, 174.18361473083496, 172.96710920333862,]
