best-result = 59.620015382766724
warmup-time = 71.69816493988037
all-measurements = [ 67.0543532371521, 70.56902122497559, 59.620015382766724,]
