best-result = 21.582780599594116
warmup-time = 21.825952768325806
all-measurements = [ 21.78578472137451, 21.582780599594116, 22.568020820617676,]
