best-result = 46.6108877658844
warmup-time = 63.64184856414795
all-measurements = [ 47.05318355560303, 47.65300464630127, 46.6108877658844,]
