best-result = 46.328685998916626
warmup-time = 60.22553586959839
all-measurements = [ 46.881763219833374, 46.92543363571167, 46.328685998916626,]
