best-result = 967.2256443500519
warmup-time = 1177.0052180290222
all-measurements = [ 969.3653523921967, 993.868052482605, 967.2256443500519,]
