best-result = 82.2847089767456
warmup-time = 95.84044289588928
all-measurements = [ 83.46211862564087, 82.2847089767456, 82.60229206085205,]
