best-result = 78.58600544929504
warmup-time = 100.26573514938354
all-measurements = [ 79.37191557884216, 78.58600544929504, 78.73374032974243,]
