best-result = 69.1347541809082
warmup-time = 93.33072996139526
all-measurements = [ 70.4653069972992, 69.25327563285828, 69.1347541809082,]
