best-result = 83.53799438476562
warmup-time = 98.68898320198059
all-measurements = [ 84.6608943939209, 83.53799438476562, 84.4200348854065,]
