best-result = 592.2036759853363
warmup-time = 599.9181928634644
all-measurements = [ 595.0204458236694, 592.2036759853363, 594.4071416854858,]
