best-result = 61.85796523094177
warmup-time = 74.30288052558899
all-measurements = [ 62.07968235015869, 62.12747073173523, 61.85796523094177,]
