best-result = 230.4249472618103
warmup-time = 395.69888067245483
all-measurements = [ 231.66030049324036, 230.50375866889954, 230.4249472618103,]
