best-result = 440.9275321960449
warmup-time = 914.970025062561
all-measurements = [ 440.9275321960449, 445.4423232078552, 441.60743618011475,]
