best-result = 59.96897792816162
warmup-time = 76.29480171203613
all-measurements = [ 60.355257511138916, 60.32685399055481, 59.96897792816162,]
