best-result = 859.5645475387573
warmup-time = 888.483820438385
all-measurements = [ 883.5752391815186, 859.5645475387573, 862.8924329280853,]
