best-result = 27.173054933547974
warmup-time = 36.71948266029358
all-measurements = [ 27.173054933547974, 27.285706758499146, 27.275511741638184,]
