best-result = 57.9410035610199
warmup-time = 73.17401647567749
all-measurements = [ 58.70764136314392, 57.9410035610199, 58.171918869018555,]
