best-result = 55.947386026382446
warmup-time = 69.60074710845947
all-measurements = [ 55.947386026382446, 56.00105929374695, 56.51016092300415,]
