best-result = 108.57866287231445
warmup-time = 139.87351250648499
all-measurements = [ 109.41983819007874, 110.03092741966248, 108.57866287231445,]
