best-result = 771.2426159381866
warmup-time = 837.4731872081757
all-measurements = [ 771.7643821239471, 771.2426159381866, 772.0572724342346,]
