best-result = 33.781646966934204
warmup-time = 40.56662178039551
all-measurements = [ 33.781646966934204, 34.231279611587524, 34.36000108718872,]
