best-result = 53.277711391448975
warmup-time = 68.42648530006409
all-measurements = [ 53.277711391448975, 53.49592995643616, 53.649489402770996,]
