best-result = 49.413466453552246
warmup-time = 68.27735424041748
all-measurements = [ 49.44552421569824, 49.413466453552246, 50.25920510292053,]
