best-result = 79.63890051841736
warmup-time = 98.95355319976807
all-measurements = [ 79.63890051841736, 80.38707423210144, 80.39212369918823,]
