best-result = 35.90460419654846
warmup-time = 43.83642363548279
all-measurements = [ 35.90460419654846, 35.98531937599182, 36.40517282485962,]
