best-result = 346.3908462524414
warmup-time = 493.6182131767273
all-measurements = [ 348.6630029678345, 348.39483618736267, 346.3908462524414,]
