best-result = 103.32862854003906
warmup-time = 103.32965087890625
all-measurements = [ 103.58226585388184, 104.0989990234375, 103.32862854003906,]
