best-result = 22.54438805580139
warmup-time = 22.91560196876526
all-measurements = [ 23.045825004577637, 22.54438805580139, 23.49339246749878,]
