best-result = 46.34940028190613
warmup-time = 60.93566131591797
all-measurements = [ 46.86243391036987, 46.34940028190613, 46.45571970939636,]
