best-result = 46.411136627197266
warmup-time = 58.19782066345215
all-measurements = [ 46.411136627197266, 46.932188987731934, 47.10867619514465,]
