best-result = 928.3183450698853
warmup-time = 1129.9205384254456
all-measurements = [ 950.3430438041687, 928.3183450698853, 949.2298295497894,]
