best-result = 84.63767218589783
warmup-time = 98.61919927597046
all-measurements = [ 84.63767218589783, 85.87776327133179, 85.11703491210938,]
