best-result = 81.91912508010864
warmup-time = 103.4485433101654
all-measurements = [ 82.41433525085449, 81.91912508010864, 83.0914876461029,]
