best-result = 70.49212265014648
warmup-time = 93.30658173561096
all-measurements = [ 71.1679539680481, 71.0299243927002, 70.49212265014648,]
