best-result = 91.40107822418213
warmup-time = 104.66909193992615
all-measurements = [ 91.87286281585693, 91.40107822418213, 92.19533681869507,]
