best-result = 637.6226058006287
warmup-time = 646.9385437965393
all-measurements = [ 637.7324206829071, 638.353066444397, 637.6226058006287,]
