best-result = 64.44495987892151
warmup-time = 80.10660719871521
all-measurements = [ 64.44495987892151, 64.86120629310608, 65.22801923751831,]
