best-result = 222.38238263130188
warmup-time = 371.93975853919983
all-measurements = [ 222.38238263130188, 222.8876302242279, 222.77605938911438,]
