best-result = 439.33643674850464
warmup-time = 878.2915434837341
all-measurements = [ 439.33643674850464, 439.40669107437134, 443.82648277282715,]
