best-result = 62.210341691970825
warmup-time = 77.93580341339111
all-measurements = [ 62.63735508918762, 62.210341691970825, 62.58431053161621,]
