best-result = 143.40399026870728
warmup-time = 171.0019052028656
all-measurements = [ 143.9950840473175, 143.40399026870728, 143.4746561050415,]
