best-result = 883.0849332809448
warmup-time = 912.9665992259979
all-measurements = [ 887.0891280174255, 887.6146965026855, 883.0849332809448,]
