best-result = 27.192328214645386
warmup-time = 35.77840852737427
all-measurements = [ 27.192328214645386, 27.32651424407959, 27.986827850341797,]
