best-result = 58.090534925460815
warmup-time = 71.42317390441895
all-measurements = [ 58.581663846969604, 58.090534925460815, 58.702497243881226,]
