best-result = 59.192522287368774
warmup-time = 74.90257811546326
all-measurements = [ 60.482484579086304, 59.192522287368774, 59.443804025650024,]
