best-result = 110.58336997032166
warmup-time = 137.88183212280273
all-measurements = [ 110.63338446617126, 111.88808345794678, 110.58336997032166,]
