best-result = 790.5275180339813
warmup-time = 858.7259547710419
all-measurements = [ 820.5934679508209, 792.1019313335419, 790.5275180339813,]
