best-result = 33.63641095161438
warmup-time = 40.831660747528076
all-measurements = [ 33.97450041770935, 33.67785453796387, 33.63641095161438,]
