best-result = 55.284443616867065
warmup-time = 72.1544017791748
all-measurements = [ 55.284443616867065, 55.32323956489563, 55.45479464530945,]
