best-result = 2386.7020564079285
warmup-time = 2305.670896291733
all-measurements = [ 2386.7020564079285, 2552.328118085861, 2501.300029039383,]
