best-result = 49.47930669784546
warmup-time = 71.93862247467041
all-measurements = [ 49.47930669784546, 50.3187313079834, 49.78214359283447,]
