best-result = 78.89674210548401
warmup-time = 96.66300320625305
all-measurements = [ 78.89762234687805, 79.59032011032104, 78.89674210548401,]
