best-result = 36.7524254322052
warmup-time = 46.60410761833191
all-measurements = [ 37.32422471046448, 36.948360204696655, 36.7524254322052,]
