best-result = 357.4548149108887
warmup-time = 489.1722095012665
all-measurements = [ 364.99800515174866, 358.49328422546387, 357.4548149108887,]
