best-result = 59.41645812988281
warmup-time = 59.71702837944031
all-measurements = [ 60.924484729766846, 59.41645812988281, 60.42661738395691,]
