best-result = 25.603794813156128
warmup-time = 26.203508377075195
all-measurements = [ 26.01151466369629, 25.603794813156128, 26.01495361328125,]
