best-result = 37.145944595336914
warmup-time = 41.120949268341064
all-measurements = [ 37.60372257232666, 37.916574001312256, 37.145944595336914,]
