best-result = 31.237069845199585
warmup-time = 31.374986171722412
all-measurements = [ 31.237069845199585, 31.340935707092285, 31.999852657318115,]
