best-result = 322.89094591140747
warmup-time = 332.2319703102112
all-measurements = [ 325.481241941452, 325.2522130012512, 322.89094591140747,]
