best-result = 34.88365292549133
warmup-time = 36.41669678688049
all-measurements = [ 35.05786323547363, 34.88365292549133, 37.012123823165894,]
