best-result = 117.32688665390015
warmup-time = 121.31059527397156
all-measurements = [ 117.72296643257141, 119.56883001327515, 117.32688665390015,]
