best-result = 40.621617555618286
warmup-time = 41.16662120819092
all-measurements = [ 41.59382700920105, 41.068466663360596, 40.621617555618286,]
