best-result = 47.88581347465515
warmup-time = 48.6151397228241
all-measurements = [ 47.88581347465515, 48.416011571884155, 48.70539450645447,]
