best-result = 33.475735664367676
warmup-time = 34.61793661117554
all-measurements = [ 34.47978091239929, 33.475735664367676, 34.05667185783386,]
