best-result = 36.45860576629639
warmup-time = 38.8535635471344
all-measurements = [ 37.042890548706055, 38.281410694122314, 36.45860576629639,]
