best-result = 59.478055238723755
warmup-time = 63.18691158294678
all-measurements = [ 60.39685392379761, 61.279521226882935, 59.478055238723755,]
