best-result = 297.10434913635254
warmup-time = 301.2758650779724
all-measurements = [ 297.10434913635254, 298.9601767063141, 298.3696095943451,]
