best-result = 576.4558069705963
warmup-time = 581.3141143321991
all-measurements = [ 576.7623133659363, 577.6091575622559, 576.4558069705963,]
