best-result = 36.43600082397461
warmup-time = 37.44560742378235
all-measurements = [ 36.43600082397461, 37.40399694442749, 36.482224464416504,]
