best-result = 28.800207138061523
warmup-time = 28.862165451049805
all-measurements = [ 28.821049690246582, 28.800207138061523, 28.869377374649048,]
