best-result = 76.63436651229858
warmup-time = 75.82836055755615
all-measurements = [ 77.93354892730713, 76.63436651229858, 78.40841674804688,]
