best-result = 61.42503547668457
warmup-time = 61.79404163360596
all-measurements = [ 61.42503547668457, 62.74315619468689, 62.11428928375244,]
