best-result = 27.467639684677124
warmup-time = 29.04067301750183
all-measurements = [ 28.728007555007935, 27.467639684677124, 27.814555883407593,]
