best-result = 32.95603060722351
warmup-time = 35.412882566452026
all-measurements = [ 32.95603060722351, 35.58318305015564, 35.72833061218262,]
