best-result = 32.751328229904175
warmup-time = 33.4709677696228
all-measurements = [ 32.751328229904175, 33.67083287239075, 34.098759174346924,]
