best-result = 44.427369832992554
warmup-time = 44.49614191055298
all-measurements = [ 45.32578706741333, 44.835529088974, 44.427369832992554,]
