best-result = 95.2946126461029
warmup-time = 99.21781706809998
all-measurements = [ 95.64785122871399, 95.2946126461029, 97.94625973701477,]
