best-result = 28.40765881538391
warmup-time = 28.71945309638977
all-measurements = [ 30.388046264648438, 28.752018690109253, 28.40765881538391,]
