best-result = 34.93287491798401
warmup-time = 34.99597477912903
all-measurements = [ 35.55842041969299, 35.24236607551575, 34.93287491798401,]
