best-result = 87.39956140518188
warmup-time = 95.39626836776733
all-measurements = [ 87.39956140518188, 89.6793942451477, 87.4959352016449,]
