best-result = 39.049020767211914
warmup-time = 38.34583783149719
all-measurements = [ 39.7313449382782, 39.60386657714844, 39.049020767211914,]
