best-result = 41.84565091133118
warmup-time = 44.31561827659607
all-measurements = [ 41.84565091133118, 44.695958614349365, 43.907074213027954,]
