best-result = 28.56399655342102
warmup-time = 29.30571150779724
all-measurements = [ 28.56399655342102, 29.135801553726196, 28.724836349487305,]
