best-result = 182.09505248069763
warmup-time = 188.1430389881134
all-measurements = [ 182.09505248069763, 186.42996835708618, 186.63077521324158,]
