best-result = 57.77992033958435
warmup-time = 66.23687863349915
all-measurements = [ 66.97252583503723, 64.72383904457092, 57.77992033958435,]
