best-result = 25.928762197494507
warmup-time = 26.896766424179077
all-measurements = [ 26.503231287002563, 25.928762197494507, 27.18565797805786,]
