best-result = 36.64016556739807
warmup-time = 36.74748516082764
all-measurements = [ 37.73686242103577, 36.64016556739807, 37.6175320148468,]
