best-result = 30.261077880859375
warmup-time = 31.616833209991455
all-measurements = [ 30.261077880859375, 31.79417896270752, 30.33977961540222,]
