best-result = 257.50718355178833
warmup-time = 262.9248607158661
all-measurements = [ 257.50718355178833, 261.515647649765, 261.73927998542786,]
