best-result = 37.450400590896606
warmup-time = 36.31295871734619
all-measurements = [ 37.450400590896606, 38.547398805618286, 37.55385875701904,]
