best-result = 112.65383005142212
warmup-time = 114.68754386901855
all-measurements = [ 113.6187949180603, 112.65383005142212, 113.47492384910583,]
