best-result = 34.795440435409546
warmup-time = 36.38077640533447
all-measurements = [ 36.540788888931274, 34.795440435409546, 34.870781898498535,]
