best-result = 40.154691219329834
warmup-time = 42.776163816452026
all-measurements = [ 40.154691219329834, 42.51891350746155, 40.56938028335571,]
