best-result = 47.103880643844604
warmup-time = 48.13887929916382
all-measurements = [ 47.103880643844604, 48.76075315475464, 48.13267540931702,]
