best-result = 33.147767305374146
warmup-time = 34.75207877159119
all-measurements = [ 34.96282958984375, 33.147767305374146, 33.3189754486084,]
