best-result = 35.550435066223145
warmup-time = 36.69784951210022
all-measurements = [ 37.89122247695923, 37.71196746826172, 35.550435066223145,]
