best-result = 60.254820823669434
warmup-time = 64.11242699623108
all-measurements = [ 60.254820823669434, 62.28872990608215, 62.37042045593262,]
