best-result = 220.26552271842957
warmup-time = 226.65093994140625
all-measurements = [ 220.26552271842957, 220.942316532135, 225.41015601158142,]
