best-result = 508.033344745636
warmup-time = 515.2929747104645
all-measurements = [ 514.1111130714417, 508.033344745636, 512.019772529602,]
