best-result = 35.99440598487854
warmup-time = 34.839078426361084
all-measurements = [ 35.99440598487854, 37.4808189868927, 38.22329092025757,]
