best-result = 28.647359609603882
warmup-time = 29.71203899383545
all-measurements = [ 28.897257089614868, 29.25226068496704, 28.647359609603882,]
