best-result = 69.98252868652344
warmup-time = 76.88576054573059
all-measurements = [ 77.39109110832214, 77.67202115058899, 69.98252868652344,]
