best-result = 61.920594930648804
warmup-time = 61.67409634590149
all-measurements = [ 63.20872712135315, 61.920594930648804, 63.015729904174805,]
