best-result = 27.3914954662323
warmup-time = 29.629822731018066
all-measurements = [ 28.49676537513733, 29.19561791419983, 27.3914954662323,]
