best-result = 35.04433059692383
warmup-time = 35.485732316970825
all-measurements = [ 35.446168661117554, 35.49114465713501, 35.04433059692383,]
