best-result = 32.71351671218872
warmup-time = 33.71882653236389
all-measurements = [ 33.19504928588867, 34.14199137687683, 32.71351671218872,]
