best-result = 41.22565698623657
warmup-time = 41.46225142478943
all-measurements = [ 41.22565698623657, 42.95177483558655, 43.713486194610596,]
