best-result = 94.26091027259827
warmup-time = 97.65076732635498
all-measurements = [ 97.61583709716797, 95.6192238330841, 94.26091027259827,]
