best-result = 30.86865758895874
warmup-time = 28.267265558242798
all-measurements = [ 33.52195596694946, 32.44123911857605, 30.86865758895874,]
