best-result = 33.47632956504822
warmup-time = 37.81129503250122
all-measurements = [ 33.709453105926514, 33.47632956504822, 34.553873777389526,]
