best-result = 86.28749799728394
warmup-time = 87.87808513641357
all-measurements = [ 86.28749799728394, 93.20515751838684, 86.54855823516846,]
