best-result = 39.46905255317688
warmup-time = 39.4931435585022
all-measurements = [ 40.1736376285553, 39.46905255317688, 39.98995089530945,]
