best-result = 44.58614444732666
warmup-time = 46.095091819763184
all-measurements = [ 44.58614444732666, 46.030235052108765, 44.91561722755432,]
