best-result = 49.33121609687805
warmup-time = 50.88925004005432
all-measurements = [ 49.33121609687805, 50.125460147857666, 50.46235251426697,]
