best-result = 28.782495975494385
warmup-time = 28.72356152534485
all-measurements = [ 29.383620262145996, 29.429120540618896, 28.782495975494385,]
