best-result = 640.1871359348297
warmup-time = 681.024486541748
all-measurements = [ 647.8249042034149, 646.6889638900757, 640.1871359348297,]
