best-result = 167.72206258773804
warmup-time = 167.57743978500366
all-measurements = [ 167.72206258773804, 170.7640733718872, 169.110609292984,]
