best-result = 55.35786318778992
warmup-time = 55.84961676597595
all-measurements = [ 55.35786318778992, 68.27636170387268, 67.53811264038086,]
