best-result = 25.40543031692505
warmup-time = 26.521174430847168
all-measurements = [ 25.662625789642334, 25.40543031692505, 25.534548044204712,]
