best-result = 36.15675091743469
warmup-time = 38.284071922302246
all-measurements = [ 37.789257287979126, 36.15675091743469, 39.10958456993103,]
