best-result = 30.715040922164917
warmup-time = 31.880457162857056
all-measurements = [ 31.09210777282715, 30.840672731399536, 30.715040922164917,]
