best-result = 256.42997193336487
warmup-time = 266.5191488265991
all-measurements = [ 256.42997193336487, 259.21281933784485, 259.2348093986511,]
