best-result = 35.74089574813843
warmup-time = 37.82086944580078
all-measurements = [ 37.22233057022095, 37.34592342376709, 35.74089574813843,]
