best-result = 111.15315175056458
warmup-time = 115.13397979736328
all-measurements = [ 112.6075370311737, 111.34996294975281, 111.15315175056458,]
