best-result = 40.08145523071289
warmup-time = 41.317320346832275
all-measurements = [ 41.895458936691284, 41.85922122001648, 40.08145523071289,]
