best-result = 46.11836576461792
warmup-time = 49.9739773273468
all-measurements = [ 46.11836576461792, 48.80238914489746, 47.043309688568115,]
