best-result = 33.30981230735779
warmup-time = 34.67345333099365
all-measurements = [ 33.57635688781738, 33.72490453720093, 33.30981230735779,]
