best-result = 35.60831141471863
warmup-time = 36.629942893981934
all-measurements = [ 36.24332809448242, 35.60831141471863, 37.3307785987854,]
