best-result = 59.5686821937561
warmup-time = 60.5716233253479
all-measurements = [ 60.926058769226074, 59.5686821937561, 62.70475363731384,]
