best-result = 223.70029187202454
warmup-time = 229.79144310951233
all-measurements = [ 225.59499526023865, 225.3310022354126, 223.70029187202454,]
