best-result = 510.44467854499817
warmup-time = 516.0636324882507
all-measurements = [ 510.44467854499817, 514.5067384243011, 516.6518931388855,]
