best-result = 34.07159638404846
warmup-time = 37.52365732192993
all-measurements = [ 34.07159638404846, 37.86209845542908, 35.60221266746521,]
