best-result = 28.611950397491455
warmup-time = 28.944485902786255
all-measurements = [ 28.845197916030884, 28.812243223190308, 28.611950397491455,]
