best-result = 70.39709424972534
warmup-time = 75.01470351219177
all-measurements = [ 75.65863490104675, 74.84303903579712, 70.39709424972534,]
