best-result = 60.30723452568054
warmup-time = 63.761160373687744
all-measurements = [ 60.30723452568054, 61.267223596572876, 63.040114879608154,]
