best-result = 28.154789447784424
warmup-time = 28.365095376968384
all-measurements = [ 28.222737312316895, 28.154789447784424, 28.26516103744507,]
