best-result = 31.971121788024902
warmup-time = 32.2063889503479
all-measurements = [ 35.172375202178955, 31.971121788024902, 35.01586675643921,]
