best-result = 31.931498527526855
warmup-time = 33.380834102630615
all-measurements = [ 32.530853033065796, 32.734991788864136, 31.931498527526855,]
