best-result = 43.431262254714966
warmup-time = 44.959588050842285
all-measurements = [ 44.710306882858276, 43.431262254714966, 43.71366548538208,]
