best-result = 96.4532539844513
warmup-time = 104.4314546585083
all-measurements = [ 105.23003339767456, 97.91242456436157, 96.4532539844513,]
