best-result = 27.656031370162964
warmup-time = 28.775357246398926
all-measurements = [ 27.656031370162964, 28.85261058807373, 27.997931957244873,]
