best-result = 34.77778100967407
warmup-time = 35.57122087478638
all-measurements = [ 35.245166301727295, 35.07150673866272, 34.77778100967407,]
