best-result = 85.1435923576355
warmup-time = 88.34373903274536
all-measurements = [ 85.1435923576355, 90.72998571395874, 98.28246521949768,]
