best-result = 38.91595792770386
warmup-time = 39.58969688415527
all-measurements = [ 39.48060607910156, 38.91595792770386, 38.97529435157776,]
