best-result = 43.000210762023926
warmup-time = 44.58760452270508
all-measurements = [ 43.000210762023926, 43.70733618736267, 44.98049211502075,]
