best-result = 27.71276354789734
warmup-time = 28.52670454978943
all-measurements = [ 28.635127067565918, 27.71276354789734, 28.79095458984375,]
