best-result = 641.1384098529816
warmup-time = 677.7714471817017
all-measurements = [ 644.8368837833405, 641.1384098529816, 644.5938413143158,]
