best-result = 173.13782405853271
warmup-time = 175.7736849784851
all-measurements = [ 174.3480839729309, 173.62303686141968, 173.13782405853271,]
