best-result = 55.83447623252869
warmup-time = 69.84136319160461
all-measurements = [ 69.27373623847961, 55.83447623252869, 69.78350067138672,]
