best-result = 23.466579914093018
warmup-time = 23.204121112823486
all-measurements = [ 23.501810789108276, 23.80319380760193, 23.466579914093018,]
