best-result = 47.14077091217041
warmup-time = 61.72221922874451
all-measurements = [ 47.349241733551025, 47.25361156463623, 47.14077091217041,]
