best-result = 47.16855812072754
warmup-time = 57.18610072135925
all-measurements = [ 47.16855812072754, 47.58471727371216, 47.36792349815369,]
