best-result = 900.2685527801514
warmup-time = 1107.4416716098785
all-measurements = [ 919.0181136131287, 902.3050587177277, 900.2685527801514,]
