best-result = 86.60443067550659
warmup-time = 100.83491206169128
all-measurements = [ 86.60443067550659, 87.58625149726868, 87.07489395141602,]
