best-result = 988.7129333019257
warmup-time = 1017.025196313858
all-measurements = [ 989.9639918804169, 988.7129333019257, 991.1357445716858,]
