best-result = 83.65074682235718
warmup-time = 104.94144535064697
all-measurements = [ 84.33097577095032, 83.65074682235718, 84.2619297504425,]
