best-result = 68.15265798568726
warmup-time = 88.33213925361633
all-measurements = [ 69.07543992996216, 68.15265798568726, 68.40108036994934,]
