best-result = 92.21382188796997
warmup-time = 107.78342151641846
all-measurements = [ 92.54527044296265, 93.23220109939575, 92.21382188796997,]
