best-result = 650.3302698135376
warmup-time = 663.3835747241974
all-measurements = [ 650.3302698135376, 655.2855813503265, 653.7095708847046,]
