best-result = 62.68150973320007
warmup-time = 72.68195867538452
all-measurements = [ 63.02566456794739, 62.68150973320007, 63.38284206390381,]
