best-result = 205.11462664604187
warmup-time = 356.37454438209534
all-measurements = [ 205.4766788482666, 205.30393314361572, 205.11462664604187,]
