best-result = 385.7790427207947
warmup-time = 830.4404938220978
all-measurements = [ 391.7324197292328, 385.7790427207947, 389.3838138580322,]
