best-result = 63.27976179122925
warmup-time = 78.75033640861511
all-measurements = [ 63.27976179122925, 63.79966711997986, 71.16366624832153,]
