best-result = 41.17920970916748
warmup-time = 57.6407995223999
all-measurements = [ 43.51317834854126, 41.17920970916748, 41.22097134590149,]
