best-result = 135.34131622314453
warmup-time = 163.78111934661865
all-measurements = [ 136.41212630271912, 136.09138464927673, 135.34131622314453,]
