best-result = 930.3585848808289
warmup-time = 963.408353805542
all-measurements = [ 930.3585848808289, 935.4914457798004, 933.9952144622803,]
