best-result = 28.36003303527832
warmup-time = 36.18331837654114
all-measurements = [ 28.36003303527832, 28.769530296325684, 28.85501980781555,]
