best-result = 57.84458947181702
warmup-time = 68.41009902954102
all-measurements = [ 57.96194386482239, 58.19618797302246, 57.84458947181702,]
