best-result = 60.36614775657654
warmup-time = 74.61472225189209
all-measurements = [ 61.47250318527222, 60.98916029930115, 60.36614775657654,]
