best-result = 110.1255578994751
warmup-time = 137.01129937171936
all-measurements = [ 110.1255578994751, 110.72606801986694, 111.0415244102478,]
