best-result = 777.4458129405975
warmup-time = 845.9467153549194
all-measurements = [ 778.3764660358429, 777.5351209640503, 777.4458129405975,]
