best-result = 34.26748824119568
warmup-time = 42.72423219680786
all-measurements = [ 34.28133416175842, 34.90228295326233, 34.26748824119568,]
