best-result = 56.101492404937744
warmup-time = 71.26927495002747
all-measurements = [ 56.12915587425232, 56.431965351104736, 56.101492404937744,]
