best-result = 1603.1905689239502
warmup-time = 1546.193234205246
all-measurements = [ 1989.2257220745087, 1603.1905689239502, 2057.209515094757,]
