best-result = 48.958528995513916
warmup-time = 69.16656064987183
all-measurements = [ 48.958528995513916, 49.10540437698364, 49.60923504829407,]
