best-result = 83.06909680366516
warmup-time = 101.85438418388367
all-measurements = [ 83.33624529838562, 83.06909680366516, 83.92450761795044,]
