best-result = 37.80715894699097
warmup-time = 47.50190591812134
all-measurements = [ 37.80715894699097, 39.295305013656616, 38.259804487228394,]
