best-result = 330.4364080429077
warmup-time = 469.85117650032043
all-measurements = [ 330.4364080429077, 339.37087631225586, 335.4619162082672,]
