best-result = 59.69748139381409
warmup-time = 60.5058970451355
all-measurements = [ 59.69748139381409, 60.91945791244507, 60.114017486572266,]
