best-result = 24.842178106307983
warmup-time = 25.5006320476532
all-measurements = [ 25.06424903869629, 25.297506093978882, 24.842178106307983,]
