best-result = 36.76795411109924
warmup-time = 39.79377269744873
all-measurements = [ 37.38158822059631, 36.76795411109924, 37.48223090171814,]
