best-result = 31.925979137420654
warmup-time = 32.270864725112915
all-measurements = [ 32.42636203765869, 31.925979137420654, 32.09474062919617,]
