best-result = 272.4813883304596
warmup-time = 277.4245595932007
all-measurements = [ 272.4813883304596, 274.12815833091736, 275.05045080184937,]
