best-result = 35.792399883270264
warmup-time = 36.10659408569336
all-measurements = [ 35.792399883270264, 36.012856245040894, 36.211912870407104,]
