best-result = 40.98657822608948
warmup-time = 42.03386425971985
all-measurements = [ 41.34618639945984, 40.98657822608948, 41.77612662315369,]
