best-result = 50.541341066360474
warmup-time = 49.52241063117981
all-measurements = [ 50.541341066360474, 51.404886960983276, 51.22204041481018,]
