best-result = 34.63792943954468
warmup-time = 35.35996675491333
all-measurements = [ 34.6426465511322, 34.91839003562927, 34.63792943954468,]
