best-result = 37.57440686225891
warmup-time = 37.64636993408203
all-measurements = [ 38.17954730987549, 37.57440686225891, 37.97910761833191,]
