best-result = 58.58818197250366
warmup-time = 63.126166105270386
all-measurements = [ 63.20424818992615, 58.58818197250366, 60.4150824546814,]
