best-result = 241.77267789840698
warmup-time = 245.25459694862366
all-measurements = [ 242.45212197303772, 242.96167397499084, 241.77267789840698,]
