best-result = 545.7905442714691
warmup-time = 548.3557364940643
all-measurements = [ 546.1901197433472, 545.7905442714691, 548.0033609867096,]
