best-result = 34.47731304168701
warmup-time = 37.02634048461914
all-measurements = [ 38.03161549568176, 34.47731304168701, 35.8134868144989,]
