best-result = 65.01627516746521
warmup-time = 65.2802848815918
all-measurements = [ 65.41879034042358, 66.20137977600098, 65.01627516746521,]
