best-result = 27.636808395385742
warmup-time = 27.513769388198853
all-measurements = [ 27.872867822647095, 28.079981327056885, 27.636808395385742,]
