best-result = 33.09652280807495
warmup-time = 36.70394253730774
all-measurements = [ 36.332117557525635, 36.50995135307312, 33.09652280807495,]
