best-result = 31.934936046600342
warmup-time = 34.04178714752197
all-measurements = [ 31.934936046600342, 32.809293031692505, 32.68501353263855,]
