best-result = 41.502561807632446
warmup-time = 42.878984451293945
all-measurements = [ 42.800450563430786, 42.27290964126587, 41.502561807632446,]
