best-result = 98.04329228401184
warmup-time = 100.854177236557
all-measurements = [ 98.04329228401184, 99.3570499420166, 99.21322989463806,]
