best-result = 26.833654642105103
warmup-time = 28.997037887573242
all-measurements = [ 26.833654642105103, 27.230629444122314, 27.348804473876953,]
