best-result = 34.741657972335815
warmup-time = 34.247737884521484
all-measurements = [ 34.741657972335815, 34.74736213684082, 35.07928681373596,]
