best-result = 39.31676459312439
warmup-time = 41.03672170639038
all-measurements = [ 41.02119159698486, 40.52327036857605, 39.31676459312439,]
