best-result = 43.06992840766907
warmup-time = 44.945563554763794
all-measurements = [ 44.69436502456665, 43.06992840766907, 44.11816143989563,]
