best-result = 27.7155921459198
warmup-time = 27.025856494903564
all-measurements = [ 28.47994351387024, 27.7155921459198, 28.194058418273926,]
