best-result = 710.1037104129791
warmup-time = 751.0039591789246
all-measurements = [ 710.1037104129791, 710.2087957859039, 714.6939690113068,]
