best-result = 182.76085424423218
warmup-time = 182.40015077590942
all-measurements = [ 183.39562153816223, 182.9901623725891, 182.76085424423218,]
