best-result = 43.24484181404114
warmup-time = 43.64034676551819
all-measurements = [ 43.24484181404114, 43.31079363822937, 44.83537578582764,]
