best-result = 25.984760522842407
warmup-time = 26.0612370967865
all-measurements = [ 25.984760522842407, 26.151435613632202, 25.987935304641724,]
