best-result = 38.71882629394531
warmup-time = 40.036792039871216
all-measurements = [ 38.71882629394531, 39.123703956604004, 39.51439023017883,]
