best-result = 30.80718731880188
warmup-time = 31.658089876174927
all-measurements = [ 30.80718731880188, 31.2655930519104, 31.273984909057617,]
