best-result = 255.5189573764801
warmup-time = 262.57165265083313
all-measurements = [ 258.3546941280365, 255.5189573764801, 256.71153712272644,]
