best-result = 36.31589317321777
warmup-time = 36.782774448394775
all-measurements = [ 37.34047198295593, 36.31589317321777, 36.934962034225464,]
