best-result = 117.4316155910492
warmup-time = 120.97681403160095
all-measurements = [ 117.70334553718567, 117.4316155910492, 118.47964906692505,]
