best-result = 40.19145226478577
warmup-time = 41.02478051185608
all-measurements = [ 40.53702902793884, 40.37993144989014, 40.19145226478577,]
