best-result = 47.479355812072754
warmup-time = 47.951457023620605
all-measurements = [ 47.479355812072754, 48.48708891868591, 48.188719511032104,]
