best-result = 33.35903310775757
warmup-time = 34.17765235900879
all-measurements = [ 33.35903310775757, 33.66345810890198, 34.74852991104126,]
