best-result = 35.89375114440918
warmup-time = 37.67761301994324
all-measurements = [ 35.89375114440918, 37.689534425735474, 37.32072591781616,]
