best-result = 58.48824429512024
warmup-time = 56.96091866493225
all-measurements = [ 58.48824429512024, 59.88678002357483, 63.42246103286743,]
