best-result = 227.4400670528412
warmup-time = 228.08489060401917
all-measurements = [ 227.4400670528412, 227.711580991745, 227.8488519191742,]
