best-result = 516.0777962207794
warmup-time = 541.0487325191498
all-measurements = [ 516.0777962207794, 519.7944240570068, 516.6940586566925,]
