best-result = 36.14519286155701
warmup-time = 36.302735567092896
all-measurements = [ 36.14519286155701, 36.69081664085388, 36.733580589294434,]
