best-result = 29.04826259613037
warmup-time = 29.33899712562561
all-measurements = [ 29.466389179229736, 29.04826259613037, 29.102118968963623,]
