best-result = 73.88840866088867
warmup-time = 81.03280997276306
all-measurements = [ 76.12860083580017, 76.37845134735107, 73.88840866088867,]
