best-result = 61.907970666885376
warmup-time = 64.33881831169128
all-measurements = [ 62.29419207572937, 62.92276167869568, 61.907970666885376,]
