best-result = 28.641629934310913
warmup-time = 29.866849660873413
all-measurements = [ 29.30818247795105, 28.979186296463013, 28.641629934310913,]
