best-result = 32.60558366775513
warmup-time = 35.738359212875366
all-measurements = [ 32.60558366775513, 35.51739478111267, 35.34416151046753,]
