best-result = 35.36622142791748
warmup-time = 36.46066665649414
all-measurements = [ 35.36622142791748, 36.2953987121582, 36.47525382041931,]
