best-result = 43.34427809715271
warmup-time = 41.5083384513855
all-measurements = [ 43.34427809715271, 43.70158100128174, 44.16148567199707,]
