best-result = 97.67168045043945
warmup-time = 96.40348029136658
all-measurements = [ 99.14352560043335, 97.67168045043945, 99.34264826774597,]
