best-result = 28.77541470527649
warmup-time = 30.036049127578735
all-measurements = [ 30.30537247657776, 29.598742961883545, 28.77541470527649,]
