best-result = 35.17556715011597
warmup-time = 36.14557695388794
all-measurements = [ 35.585572719573975, 35.17556715011597, 35.242966175079346,]
