best-result = 87.19967198371887
warmup-time = 88.55171227455139
all-measurements = [ 96.33260035514832, 87.19967198371887, 93.84977674484253,]
