best-result = 39.94456243515015
warmup-time = 40.74773287773132
all-measurements = [ 40.984195947647095, 40.639294385910034, 39.94456243515015,]
