best-result = 42.672651052474976
warmup-time = 45.82149887084961
all-measurements = [ 43.19910502433777, 43.33211088180542, 42.672651052474976,]
