best-result = 27.57630228996277
warmup-time = 27.185378313064575
all-measurements = [ 29.29586172103882, 28.100500345230103, 27.57630228996277,]
