best-result = 652.2374951839447
warmup-time = 700.4992897510529
all-measurements = [ 662.7332458496094, 653.5885391235352, 652.2374951839447,]
