best-result = 173.11184334754944
warmup-time = 170.98861169815063
all-measurements = [ 173.76913332939148, 173.63472199440002, 173.11184334754944,]
