best-result = 65.371577501297
warmup-time = 63.28764081001282
all-measurements = [ 65.371577501297, 68.96821117401123, 69.02667593955994,]
