best-result = 23.496055364608765
warmup-time = 23.594245195388794
all-measurements = [ 23.599663496017456, 23.496055364608765, 23.510305404663086,]
