best-result = 46.58367729187012
warmup-time = 62.44844150543213
all-measurements = [ 46.81644153594971, 46.58367729187012, 47.0435950756073,]
