best-result = 46.91349411010742
warmup-time = 58.96557855606079
all-measurements = [ 47.37377429008484, 46.91349411010742, 47.64180779457092,]
