best-result = 876.8918249607086
warmup-time = 1058.350323677063
all-measurements = [ 876.8918249607086, 879.1058897972107, 881.3404037952423,]
