best-result = 85.61537790298462
warmup-time = 97.93387413024902
all-measurements = [ 85.61537790298462, 85.74792075157166, 85.7738242149353,]
