best-result = 984.0884318351746
warmup-time = 1010.1820330619812
all-measurements = [ 986.5438597202301, 987.9936201572418, 984.0884318351746,]
