best-result = 65.80036449432373
warmup-time = 82.15954303741455
all-measurements = [ 66.83359861373901, 65.98894309997559, 65.80036449432373,]
