best-result = 83.62739443778992
warmup-time = 104.20079755783081
all-measurements = [ 83.62739443778992, 83.67863178253174, 84.2384295463562,]
