best-result = 69.15164041519165
warmup-time = 88.34496235847473
all-measurements = [ 69.15164041519165, 69.21920585632324, 69.16589856147766,]
