best-result = 90.8706533908844
warmup-time = 106.02516484260559
all-measurements = [ 90.8706533908844, 91.3183376789093, 91.85943007469177,]
