best-result = 637.9389264583588
warmup-time = 654.4995799064636
all-measurements = [ 639.5294804573059, 637.9389264583588, 639.5529758930206,]
