best-result = 62.73099374771118
warmup-time = 72.73584794998169
all-measurements = [ 63.246421575546265, 63.09087371826172, 62.73099374771118,]
