best-result = 188.75753617286682
warmup-time = 343.93756127357483
all-measurements = [ 193.4446165561676, 188.75753617286682, 191.61692595481873,]
