best-result = 385.3417797088623
warmup-time = 827.8461315631866
all-measurements = [ 385.41800022125244, 387.5395791530609, 385.3417797088623,]
