best-result = 62.4733202457428
warmup-time = 80.28705167770386
all-measurements = [ 62.5048828125, 62.977967977523804, 62.4733202457428,]
