best-result = 40.60573196411133
warmup-time = 48.17336106300354
all-measurements = [ 40.60573196411133, 40.66971182823181, 41.31082463264465,]
