best-result = 134.5578534603119
warmup-time = 163.75688314437866
all-measurements = [ 134.6218023300171, 135.44613647460938, 134.5578534603119,]
