best-result = 918.7229590415955
warmup-time = 958.0494146347046
all-measurements = [ 918.7229590415955, 939.4272892475128, 921.7873418331146,]
