best-result = 28.47690749168396
warmup-time = 37.41733694076538
all-measurements = [ 28.47690749168396, 28.977954387664795, 28.750083923339844,]
