best-result = 58.879966259002686
warmup-time = 71.90354585647583
all-measurements = [ 60.230499267578125, 59.54656529426575, 58.879966259002686,]
