best-result = 59.71348190307617
warmup-time = 74.64784646034241
all-measurements = [ 60.398685693740845, 60.422175884246826, 59.71348190307617,]
