best-result = 110.03845191001892
warmup-time = 136.85258984565735
all-measurements = [ 110.79839277267456, 110.63396739959717, 110.03845191001892,]
