best-result = 767.4096918106079
warmup-time = 830.7417931556702
all-measurements = [ 768.550055027008, 767.825131893158, 767.4096918106079,]
