best-result = 34.5289740562439
warmup-time = 40.60416126251221
all-measurements = [ 34.79568791389465, 34.5289740562439, 35.122825145721436,]
