best-result = 55.87879824638367
warmup-time = 71.63315844535828
all-measurements = [ 55.87879824638367, 56.41507530212402, 55.95142102241516,]
