best-result = 1983.9160735607147
warmup-time = 2097.578309059143
all-measurements = [ 2576.358075618744, 1983.9160735607147, 2066.172060728073,]
