best-result = 49.400219202041626
warmup-time = 70.20075416564941
all-measurements = [ 49.400219202041626, 49.80999684333801, 49.63885712623596,]
