best-result = 82.09540581703186
warmup-time = 99.83486080169678
all-measurements = [ 82.96464824676514, 82.09540581703186, 83.04944491386414,]
