best-result = 93.63447427749634
warmup-time = 116.42216420173645
all-measurements = [ 93.63447427749634, 93.80285859107971, 93.75806927680969,]
