best-result = 37.5583221912384
warmup-time = 46.82279968261719
all-measurements = [ 37.5583221912384, 37.601482629776, 38.47151064872742,]
