best-result = 308.79904961586
warmup-time = 463.32074332237244
all-measurements = [ 311.0843892097473, 312.06661224365234, 308.79904961586,]
