best-result = 60.06511473655701
warmup-time = 60.926913022994995
all-measurements = [ 61.09306883811951, 60.06511473655701, 60.130455017089844,]
