best-result = 25.87630033493042
warmup-time = 26.555583953857422
all-measurements = [ 25.87630033493042, 26.469120025634766, 25.88284969329834,]
