best-result = 35.818432331085205
warmup-time = 37.845892667770386
all-measurements = [ 36.98582172393799, 37.69014286994934, 35.818432331085205,]
