best-result = 30.057223558425903
warmup-time = 30.46545147895813
all-measurements = [ 30.057223558425903, 30.643364667892456, 30.58717918395996,]
