best-result = 254.58249235153198
warmup-time = 258.63784885406494
all-measurements = [ 254.87030863761902, 254.70703077316284, 254.58249235153198,]
