best-result = 35.88154363632202
warmup-time = 36.36418843269348
all-measurements = [ 36.67838430404663, 36.8257040977478, 35.88154363632202,]
