best-result = 111.5102322101593
warmup-time = 113.794193983078
all-measurements = [ 111.5102322101593, 111.70663237571716, 114.83861041069031,]
