best-result = 39.91049933433533
warmup-time = 42.10484194755554
all-measurements = [ 42.66513109207153, 39.91049933433533, 40.445066928863525,]
