best-result = 47.53537034988403
warmup-time = 48.035791873931885
all-measurements = [ 48.200217485427856, 48.10922932624817, 47.53537034988403,]
