best-result = 32.45659136772156
warmup-time = 33.61176538467407
all-measurements = [ 32.45659136772156, 34.037999629974365, 32.73091411590576,]
