best-result = 37.275397539138794
warmup-time = 36.09450626373291
all-measurements = [ 37.952722787857056, 37.275397539138794, 37.77050733566284,]
