best-result = 61.08981013298035
warmup-time = 59.176265001297
all-measurements = [ 61.19601559638977, 61.08981013298035, 61.3992395401001,]
