best-result = 222.63488221168518
warmup-time = 224.3092119693756
all-measurements = [ 224.97314858436584, 222.63488221168518, 224.2643814086914,]
