best-result = 511.0502815246582
warmup-time = 517.5116641521454
all-measurements = [ 511.0502815246582, 514.6938021183014, 512.2264747619629,]
