best-result = 35.97114562988281
warmup-time = 37.488990783691406
all-measurements = [ 36.72006320953369, 35.97114562988281, 38.33311152458191,]
