best-result = 28.792336225509644
warmup-time = 29.56929588317871
all-measurements = [ 28.822401523590088, 29.94910764694214, 28.792336225509644,]
