best-result = 70.64055299758911
warmup-time = 70.49507761001587
all-measurements = [ 70.64055299758911, 82.35987687110901, 80.10992288589478,]
