best-result = 61.388787031173706
warmup-time = 61.87191033363342
all-measurements = [ 61.406171798706055, 63.70742392539978, 61.388787031173706,]
