best-result = 27.669349431991577
warmup-time = 28.902477264404297
all-measurements = [ 28.148030519485474, 27.669349431991577, 28.906535863876343,]
