best-result = 32.38935470581055
warmup-time = 35.45156002044678
all-measurements = [ 35.627779960632324, 32.38935470581055, 35.727630376815796,]
