best-result = 32.32369542121887
warmup-time = 33.6809606552124
all-measurements = [ 33.569363832473755, 32.32369542121887, 33.743711948394775,]
