best-result = 42.076138496398926
warmup-time = 43.24712038040161
all-measurements = [ 43.09616661071777, 43.446332931518555, 42.076138496398926,]
