best-result = 94.06060242652893
warmup-time = 97.0872049331665
all-measurements = [ 94.06060242652893, 96.99961733818054, 95.29110217094421,]
