best-result = 28.801690340042114
warmup-time = 28.197234392166138
all-measurements = [ 28.864437103271484, 29.504640579223633, 28.801690340042114,]
