best-result = 33.899187326431274
warmup-time = 34.35534882545471
all-measurements = [ 34.20214486122131, 34.119685888290405, 33.899187326431274,]
