best-result = 90.15250062942505
warmup-time = 87.14014387130737
all-measurements = [ 90.15250062942505, 92.04905533790588, 90.54744219779968,]
