best-result = 37.7975172996521
warmup-time = 39.62970161437988
all-measurements = [ 38.10261559486389, 38.46735763549805, 37.7975172996521,]
