best-result = 45.315340757369995
warmup-time = 45.320950508117676
all-measurements = [ 45.315340757369995, 45.53497099876404, 45.49897289276123,]
