best-result = 27.837518453598022
warmup-time = 28.663307905197144
all-measurements = [ 27.837518453598022, 28.462518453598022, 28.322799682617188,]
