best-result = 632.7141251564026
warmup-time = 671.3626816272736
all-measurements = [ 637.719037771225, 632.7141251564026, 634.6896784305573,]
