best-result = 170.35362219810486
warmup-time = 174.53394675254822
all-measurements = [ 172.75618624687195, 170.35362219810486, 170.78335905075073,]
