best-result = 63.950284004211426
warmup-time = 55.90239429473877
all-measurements = [ 66.17450618743896, 68.51566576957703, 63.950284004211426,]
