best-result = 22.408480405807495
warmup-time = 22.3256995677948
all-measurements = [ 22.408480405807495, 22.443657875061035, 23.054879426956177,]
