best-result = 898.9974679946899
warmup-time = 899.8016064167023
all-measurements = [ 902.7385768890381, 904.5227825641632, 898.9974679946899,]
