best-result = 22.259737253189087
warmup-time = 22.321478605270386
all-measurements = [ 22.259737253189087, 22.67851686477661, 22.594272136688232,]
