best-result = 46.077250957489014
warmup-time = 61.83923077583313
all-measurements = [ 46.51373553276062, 47.14706015586853, 46.077250957489014,]
