best-result = 46.11434721946716
warmup-time = 57.678866147994995
all-measurements = [ 46.29253077507019, 46.31228160858154, 46.11434721946716,]
