best-result = 935.7889909744263
warmup-time = 1126.096108675003
all-measurements = [ 935.7889909744263, 943.8440294265747, 941.246809720993,]
