best-result = 84.61856484413147
warmup-time = 100.33967113494873
all-measurements = [ 85.07621240615845, 84.61856484413147, 85.22086691856384,]
