best-result = 81.67588758468628
warmup-time = 102.494140625
all-measurements = [ 81.67588758468628, 81.72043228149414, 82.03163266181946,]
