best-result = 69.99255776405334
warmup-time = 92.85706949234009
all-measurements = [ 70.37918376922607, 69.99255776405334, 70.50916266441345,]
