best-result = 90.61417961120605
warmup-time = 103.6750237941742
all-measurements = [ 91.47004175186157, 90.61417961120605, 91.42033171653748,]
