best-result = 646.4664084911346
warmup-time = 662.6877655982971
all-measurements = [ 646.4664084911346, 651.6220128536224, 650.2368910312653,]
