best-result = 64.50289416313171
warmup-time = 76.26049375534058
all-measurements = [ 64.53775358200073, 64.50289416313171, 65.35310339927673,]
