best-result = 217.01150631904602
warmup-time = 367.9368598461151
all-measurements = [ 217.01150631904602, 218.67185831069946, 219.0813126564026,]
