best-result = 439.2675189971924
warmup-time = 875.4347565174103
all-measurements = [ 442.4129991531372, 441.8854215145111, 439.2675189971924,]
