best-result = 61.75376534461975
warmup-time = 79.03513312339783
all-measurements = [ 61.75376534461975, 61.8309690952301, 62.19919300079346,]
