best-result = 140.42633247375488
warmup-time = 173.84091448783875
all-measurements = [ 140.42633247375488, 140.98174905776978, 140.77569842338562,]
