best-result = 872.4049429893494
warmup-time = 910.0547938346863
all-measurements = [ 872.4049429893494, 884.7359299659729, 879.5369272232056,]
