best-result = 27.184144973754883
warmup-time = 36.69499230384827
all-measurements = [ 27.847031831741333, 27.220757246017456, 27.184144973754883,]
