best-result = 56.68529510498047
warmup-time = 71.32647252082825
all-measurements = [ 56.68529510498047, 56.968191385269165, 56.82631015777588,]
