best-result = 58.95530414581299
warmup-time = 72.85439324378967
all-measurements = [ 59.89748764038086, 58.95530414581299, 59.1470685005188,]
