best-result = 110.94597458839417
warmup-time = 137.7267005443573
all-measurements = [ 111.3228931427002, 111.32563471794128, 110.94597458839417,]
