best-result = 785.9352691173553
warmup-time = 850.1391313076019
all-measurements = [ 808.1186399459839, 785.9352691173553, 786.2462391853333,]
