best-result = 33.47005891799927
warmup-time = 42.90655994415283
all-measurements = [ 33.47005891799927, 33.551480770111084, 33.64496850967407,]
