best-result = 55.23150444030762
warmup-time = 70.19076895713806
all-measurements = [ 55.23150444030762, 55.395665645599365, 55.413185596466064,]
