best-result = 1709.353796005249
warmup-time = 1646.9765298366547
all-measurements = [ 1775.678339958191, 1709.353796005249, 2232.6229996681213,]
