best-result = 49.937767028808594
warmup-time = 71.13887572288513
all-measurements = [ 49.937767028808594, 49.97264337539673, 50.05262637138367,]
