best-result = 77.59486627578735
warmup-time = 97.0199294090271
all-measurements = [ 77.59486627578735, 78.36664152145386, 78.24585604667664,]
