best-result = 36.43106412887573
warmup-time = 45.493377923965454
all-measurements = [ 36.43864583969116, 36.43106412887573, 36.830662965774536,]
