best-result = 337.96803975105286
warmup-time = 489.4195132255554
all-measurements = [ 337.96803975105286, 338.17776703834534, 345.09529280662537,]
