best-result = 59.020325660705566
warmup-time = 59.8053674697876
all-measurements = [ 59.61229586601257, 59.020325660705566, 59.54759740829468,]
