best-result = 25.75754976272583
warmup-time = 26.755178213119507
all-measurements = [ 25.932142734527588, 26.26295304298401, 25.75754976272583,]
