best-result = 37.01543712615967
warmup-time = 39.34681463241577
all-measurements = [ 37.01543712615967, 38.41970872879028, 37.04997229576111,]
