best-result = 30.88593339920044
warmup-time = 30.883660316467285
all-measurements = [ 31.54966378211975, 31.474538564682007, 30.88593339920044,]
