best-result = 256.315226316452
warmup-time = 261.5120313167572
all-measurements = [ 256.315226316452, 260.2052495479584, 257.31086015701294,]
