best-result = 35.73644542694092
warmup-time = 37.349870681762695
all-measurements = [ 36.60372972488403, 35.73644542694092, 37.28945302963257,]
