best-result = 119.59643077850342
warmup-time = 121.36781978607178
all-measurements = [ 119.67390012741089, 122.41665983200073, 119.59643077850342,]
