best-result = 40.30368447303772
warmup-time = 42.643226146698
all-measurements = [ 40.8695650100708, 40.994956731796265, 40.30368447303772,]
