best-result = 47.66494107246399
warmup-time = 50.85564994812012
all-measurements = [ 48.46621751785278, 47.66494107246399, 48.864333629608154,]
