best-result = 33.66759729385376
warmup-time = 34.95386028289795
all-measurements = [ 34.61496329307556, 33.66759729385376, 33.94462490081787,]
