best-result = 37.56341195106506
warmup-time = 38.24879574775696
all-measurements = [ 37.605915546417236, 37.56341195106506, 37.98723125457764,]
