best-result = 60.241968870162964
warmup-time = 64.49920988082886
all-measurements = [ 60.241968870162964, 63.86950635910034, 61.2866153717041,]
