best-result = 227.09026789665222
warmup-time = 230.47939801216125
all-measurements = [ 227.09026789665222, 228.68158173561096, 230.1567735671997,]
