best-result = 515.6624710559845
warmup-time = 520.6653094291687
all-measurements = [ 542.6403405666351, 515.8693912029266, 515.6624710559845,]
