best-result = 35.87938666343689
warmup-time = 35.96233081817627
all-measurements = [ 36.37524080276489, 35.87938666343689, 37.14118242263794,]
