best-result = 29.04593253135681
warmup-time = 29.235260009765625
all-measurements = [ 29.626150608062744, 29.30567717552185, 29.04593253135681,]
