best-result = 72.74031829833984
warmup-time = 74.73623919487
all-measurements = [ 75.17150616645813, 80.66754913330078, 72.74031829833984,]
