best-result = 60.88409900665283
warmup-time = 62.11356210708618
all-measurements = [ 60.88409900665283, 61.09082245826721, 62.7661235332489,]
