best-result = 28.86213493347168
warmup-time = 29.5770046710968
all-measurements = [ 29.316948413848877, 28.899802684783936, 28.86213493347168,]
