best-result = 35.58259415626526
warmup-time = 35.693894147872925
all-measurements = [ 35.58259415626526, 35.63922476768494, 36.069753646850586,]
