best-result = 34.787052392959595
warmup-time = 36.276320934295654
all-measurements = [ 34.787052392959595, 35.505680084228516, 35.952473878860474,]
