best-result = 43.606061935424805
warmup-time = 44.25779485702515
all-measurements = [ 44.58259415626526, 43.62976551055908, 43.606061935424805,]
