best-result = 94.82363152503967
warmup-time = 96.46984791755676
all-measurements = [ 98.59377956390381, 94.82363152503967, 95.51338648796082,]
