best-result = 28.44164490699768
warmup-time = 30.140612602233887
all-measurements = [ 29.736292123794556, 28.44164490699768, 29.39261746406555,]
