best-result = 34.51944541931152
warmup-time = 35.85827922821045
all-measurements = [ 35.27631759643555, 35.375648498535156, 34.51944541931152,]
