best-result = 88.11353349685669
warmup-time = 90.3295202255249
all-measurements = [ 88.11353349685669, 91.04172825813293, 99.53463888168335,]
