best-result = 39.28782844543457
warmup-time = 40.856393575668335
all-measurements = [ 40.68015193939209, 39.385507345199585, 39.28782844543457,]
