best-result = 43.52419376373291
warmup-time = 46.57003998756409
all-measurements = [ 43.70661211013794, 46.267975091934204, 43.52419376373291,]
