best-result = 28.348214864730835
warmup-time = 29.083521366119385
all-measurements = [ 28.813849925994873, 29.08148980140686, 28.348214864730835,]
