best-result = 648.5930609703064
warmup-time = 706.6348147392273
all-measurements = [ 649.2555682659149, 659.7456464767456, 648.5930609703064,]
