best-result = 170.3634021282196
warmup-time = 175.91500544548035
all-measurements = [ 170.3634021282196, 174.50418615341187, 173.90395784378052,]
