best-result = 64.38429260253906
warmup-time = 60.758222341537476
all-measurements = [ 64.38429260253906, 71.21082067489624, 66.07989120483398,]
