best-result = 22.629926443099976
warmup-time = 23.37638783454895
all-measurements = [ 22.728325605392456, 22.629926443099976, 22.824565172195435,]
