best-result = 46.838096141815186
warmup-time = 63.88863229751587
all-measurements = [ 46.91820955276489, 46.838096141815186, 46.907676458358765,]
