best-result = 46.68342351913452
warmup-time = 59.20030903816223
all-measurements = [ 47.03866529464722, 46.82888126373291, 46.68342351913452,]
