best-result = 943.451235294342
warmup-time = 1220.315616607666
all-measurements = [ 958.21755194664, 943.451235294342, 944.3105909824371,]
