best-result = 85.29266619682312
warmup-time = 99.42249321937561
all-measurements = [ 85.37969493865967, 85.29266619682312, 85.61825275421143,]
