best-result = 982.7958869934082
warmup-time = 1016.6442716121674
all-measurements = [ 986.2523560523987, 982.7958869934082, 984.7462725639343,]
