best-result = 82.8990306854248
warmup-time = 104.5003809928894
all-measurements = [ 82.8990306854248, 83.00788497924805, 82.9436297416687,]
