best-result = 68.6220371723175
warmup-time = 89.68458724021912
all-measurements = [ 68.6220371723175, 68.95766377449036, 70.01772928237915,]
