best-result = 90.47598791122437
warmup-time = 105.70001530647278
all-measurements = [ 91.9272575378418, 90.47598791122437, 91.50027704238892,]
