best-result = 63.83673453330994
warmup-time = 75.60219478607178
all-measurements = [ 64.13779282569885, 63.83673453330994, 64.01933598518372,]
