best-result = 211.4101209640503
warmup-time = 369.0824372768402
all-measurements = [ 212.41763305664062, 212.95008850097656, 211.4101209640503,]
