best-result = 431.7284812927246
warmup-time = 882.5526731014252
all-measurements = [ 434.1162624359131, 431.7284812927246, 432.99581933021545,]
