best-result = 62.36788320541382
warmup-time = 78.46026754379272
all-measurements = [ 62.86040425300598, 62.36788320541382, 63.18691563606262,]
