best-result = 39.37518930435181
warmup-time = 47.57263708114624
all-measurements = [ 40.16535711288452, 39.75714588165283, 39.37518930435181,]
