best-result = 139.0248715877533
warmup-time = 164.85363507270813
all-measurements = [ 139.72256302833557, 139.82824182510376, 139.0248715877533,]
