best-result = 906.6517286300659
warmup-time = 941.4073524475098
all-measurements = [ 906.6517286300659, 911.5372807979584, 907.449599981308,]
