best-result = 27.447914123535156
warmup-time = 35.8955295085907
all-measurements = [ 27.518193244934082, 27.447914123535156, 28.505380392074585,]
