best-result = 57.55360293388367
warmup-time = 71.44816517829895
all-measurements = [ 57.55360293388367, 58.47889494895935, 58.17414689064026,]
