best-result = 59.56481051445007
warmup-time = 73.97599792480469
all-measurements = [ 59.67898392677307, 60.097811222076416, 59.56481051445007,]
