best-result = 110.82631587982178
warmup-time = 139.74942255020142
all-measurements = [ 110.82631587982178, 111.31646919250488, 112.09819889068604,]
