best-result = 786.0611078739166
warmup-time = 856.2077288627625
all-measurements = [ 786.0611078739166, 789.9754390716553, 787.3098895549774,]
