best-result = 33.99694061279297
warmup-time = 42.55322456359863
all-measurements = [ 34.00342416763306, 34.08618712425232, 33.99694061279297,]
