best-result = 55.27335286140442
warmup-time = 71.05954766273499
all-measurements = [ 55.65832805633545, 55.416829347610474, 55.27335286140442,]
