best-result = 1737.5620911121368
warmup-time = 1629.961267709732
all-measurements = [ 2568.394559621811, 2038.6051032543182, 1737.5620911121368,]
