best-result = 48.964348554611206
warmup-time = 70.01802277565002
all-measurements = [ 49.2520432472229, 48.97434186935425, 48.964348554611206,]
