best-result = 77.94338870048523
warmup-time = 97.44970941543579
all-measurements = [ 78.10073041915894, 77.94338870048523, 79.17215967178345,]
