best-result = 36.86201524734497
warmup-time = 46.9229416847229
all-measurements = [ 36.86201524734497, 37.166075706481934, 37.63649272918701,]
