best-result = 346.5430030822754
warmup-time = 493.2958414554596
all-measurements = [ 353.3735990524292, 348.8577654361725, 346.5430030822754,]
