best-result = 58.674821853637695
warmup-time = 59.380319356918335
all-measurements = [ 59.53293418884277, 59.87847399711609, 58.674821853637695,]
