best-result = 22.49040389060974
warmup-time = 22.568315029144287
all-measurements = [ 22.82166814804077, 22.49040389060974, 22.708483934402466,]
