best-result = 46.60248565673828
warmup-time = 60.69450759887695
all-measurements = [ 46.629241943359375, 46.60248565673828, 47.12074065208435,]
