best-result = 46.451942920684814
warmup-time = 58.37625694274902
all-measurements = [ 46.48231267929077, 46.616283893585205, 46.451942920684814,]
