best-result = 925.6507222652435
warmup-time = 1129.1532926559448
all-measurements = [ 925.6507222652435, 927.2673001289368, 935.5597352981567,]
