best-result = 84.6204571723938
warmup-time = 101.40167880058289
all-measurements = [ 84.8615734577179, 84.6204571723938, 85.47026085853577,]
