best-result = 81.78004050254822
warmup-time = 104.52692222595215
all-measurements = [ 82.48963379859924, 82.32287359237671, 81.78004050254822,]
