best-result = 69.97826933860779
warmup-time = 90.59049916267395
all-measurements = [ 70.12439727783203, 69.97826933860779, 70.16050100326538,]
