best-result = 91.1957004070282
warmup-time = 104.24234104156494
all-measurements = [ 92.01782703399658, 91.1957004070282, 91.5387191772461,]
