best-result = 645.2174835205078
warmup-time = 659.5144410133362
all-measurements = [ 650.8862354755402, 646.2314922809601, 645.2174835205078,]
