best-result = 64.42743921279907
warmup-time = 78.07296919822693
all-measurements = [ 65.0927243232727, 65.09160900115967, 64.42743921279907,]
