best-result = 209.8022096157074
warmup-time = 364.995445728302
all-measurements = [ 209.8022096157074, 215.59700632095337, 210.26237678527832,]
