best-result = 434.9888596534729
warmup-time = 883.3407769203186
all-measurements = [ 434.9888596534729, 435.761878490448, 437.3846757411957,]
