best-result = 62.26072812080383
warmup-time = 79.89604473114014
all-measurements = [ 62.42980980873108, 62.26072812080383, 62.65177083015442,]
