best-result = 140.19580912590027
warmup-time = 169.04012441635132
all-measurements = [ 140.44321179389954, 140.19580912590027, 140.6476879119873,]
