best-result = 881.2355098724365
warmup-time = 926.267315864563
all-measurements = [ 889.1559119224548, 881.2355098724365, 892.2299308776855,]
