best-result = 27.310404300689697
warmup-time = 34.97767162322998
all-measurements = [ 27.310404300689697, 27.579004764556885, 27.663408517837524,]
