best-result = 58.22385859489441
warmup-time = 69.06199049949646
all-measurements = [ 58.33876323699951, 58.63060688972473, 58.22385859489441,]
