best-result = 59.27787232398987
warmup-time = 74.28633785247803
all-measurements = [ 59.27787232398987, 59.526010513305664, 59.80952167510986,]
