best-result = 110.0026068687439
warmup-time = 139.71255612373352
all-measurements = [ 110.32601976394653, 110.0026068687439, 111.34096145629883,]
