best-result = 786.4077324867249
warmup-time = 884.7493255138397
all-measurements = [ 786.4077324867249, 787.4168190956116, 787.3138163089752,]
