best-result = 33.510366678237915
warmup-time = 42.208574295043945
all-measurements = [ 33.510366678237915, 33.68597435951233, 34.02367854118347,]
