best-result = 54.93908214569092
warmup-time = 71.00903630256653
all-measurements = [ 55.07960319519043, 54.93908214569092, 55.13075399398804,]
