best-result = 2516.9163262844086
warmup-time = 4580.2116487026215
all-measurements = [ 3210.6755237579346, 2516.9163262844086, 3580.7705748081207,]
