best-result = 49.73067307472229
warmup-time = 70.87949681282043
all-measurements = [ 49.73067307472229, 50.308449029922485, 49.8158073425293,]
