best-result = 77.68798089027405
warmup-time = 97.68775510787964
all-measurements = [ 77.68798089027405, 78.968026638031, 78.50440645217896,]
