best-result = 36.56264543533325
warmup-time = 46.25192213058472
all-measurements = [ 37.238067388534546, 37.27035045623779, 36.56264543533325,]
