best-result = 342.17047691345215
warmup-time = 491.4469258785248
all-measurements = [ 353.44197154045105, 342.17047691345215, 343.3114562034607,]
