best-result = 58.65689563751221
warmup-time = 59.66209411621094
all-measurements = [ 58.65689563751221, 59.55990767478943, 59.364821910858154,]
