best-result = 22.627330780029297
warmup-time = 22.783984661102295
all-measurements = [ 22.7942316532135, 22.77695107460022, 22.627330780029297,]
