best-result = 46.84661936759949
warmup-time = 63.56496739387512
all-measurements = [ 47.747750997543335, 47.77319002151489, 46.84661936759949,]
