best-result = 46.713759660720825
warmup-time = 60.458882093429565
all-measurements = [ 47.24511218070984, 46.984676361083984, 46.713759660720825,]
