best-result = 948.312976360321
warmup-time = 1159.849589586258
all-measurements = [ 960.9331715106964, 960.6745986938477, 948.312976360321,]
