best-result = 85.07431817054749
warmup-time = 98.794668674469
all-measurements = [ 86.49851942062378, 85.07431817054749, 85.32257461547852,]
