best-result = 79.70937395095825
warmup-time = 100.89824175834656
all-measurements = [ 81.27837800979614, 81.73629307746887, 79.70937395095825,]
