best-result = 69.35143756866455
warmup-time = 92.11650395393372
all-measurements = [ 69.35143756866455, 70.03544068336487, 70.18194437026978,]
