best-result = 90.0054817199707
warmup-time = 105.60197377204895
all-measurements = [ 90.40200471878052, 90.0054817199707, 90.50913453102112,]
