best-result = 614.5630512237549
warmup-time = 623.3609871864319
all-measurements = [ 618.1302688121796, 622.2275629043579, 614.5630512237549,]
