best-result = 64.35929465293884
warmup-time = 78.52033114433289
all-measurements = [ 64.35929465293884, 64.79455232620239, 64.55831980705261,]
