best-result = 222.26023244857788
warmup-time = 373.0333034992218
all-measurements = [ 222.26023244857788, 222.72421646118164, 224.40948581695557,]
