best-result = 445.8615336418152
warmup-time = 894.833663225174
all-measurements = [ 445.8615336418152, 448.3438494205475, 451.40002965927124,]
