best-result = 61.74372696876526
warmup-time = 77.93258166313171
all-measurements = [ 61.74372696876526, 62.06599497795105, 61.7722384929657,]
