best-result = 868.3149726390839
warmup-time = 900.2379894256592
all-measurements = [ 868.3149726390839, 868.4619421958923, 873.5390119552612,]
