best-result = 27.348260641098022
warmup-time = 36.536619424819946
all-measurements = [ 27.348260641098022, 28.110328674316406, 27.421538591384888,]
