best-result = 57.84168267250061
warmup-time = 71.46664571762085
all-measurements = [ 58.72287034988403, 58.028873443603516, 57.84168267250061,]
