best-result = 58.71391224861145
warmup-time = 71.93163800239563
all-measurements = [ 59.122790575027466, 58.88476371765137, 58.71391224861145,]
