best-result = 108.95519232749939
warmup-time = 136.8126289844513
all-measurements = [ 109.25885558128357, 108.95519232749939, 110.6298816204071,]
