best-result = 778.4584579467773
warmup-time = 841.5709640979767
all-measurements = [ 778.6279215812683, 778.4584579467773, 778.6339888572693,]
