best-result = 34.13248062133789
warmup-time = 40.352733850479126
all-measurements = [ 34.29887008666992, 34.13248062133789, 34.425626277923584,]
