best-result = 53.7921998500824
warmup-time = 68.55793714523315
all-measurements = [ 54.42570185661316, 53.7921998500824, 63.71916222572327,]
