best-result = 2072.579338312149
warmup-time = 3462.987468957901
all-measurements = [ 2830.0784587860107, 2072.579338312149, 3070.2091615200043,]
