best-result = 49.66211938858032
warmup-time = 71.70447158813477
all-measurements = [ 49.66211938858032, 49.709874629974365, 50.21495771408081,]
