best-result = 80.670480966568
warmup-time = 101.13503813743591
all-measurements = [ 80.670480966568, 80.75507378578186, 80.7145185470581,]
