best-result = 36.43173789978027
warmup-time = 46.22473692893982
all-measurements = [ 36.89391374588013, 36.51121115684509, 36.43173789978027,]
