best-result = 337.8546760082245
warmup-time = 476.7250289916992
all-measurements = [ 354.1205496788025, 348.89172768592834, 337.8546760082245,]
