best-result = 103.3882007598877
warmup-time = 105.02112531661987
all-measurements = [ 104.14236974716187, 104.17472577095032, 103.3882007598877,]
