best-result = 25.74390721321106
warmup-time = 26.449283361434937
all-measurements = [ 26.097244024276733, 26.180748462677002, 25.74390721321106,]
