best-result = 35.39164876937866
warmup-time = 37.647828578948975
all-measurements = [ 37.1972541809082, 35.39164876937866, 37.250216007232666,]
