best-result = 30.861162424087524
warmup-time = 30.59800934791565
all-measurements = [ 30.861162424087524, 30.907176971435547, 31.477610111236572,]
