best-result = 257.14916610717773
warmup-time = 260.5173852443695
all-measurements = [ 257.14916610717773, 259.47731375694275, 260.1168520450592,]
