best-result = 35.48582220077515
warmup-time = 37.452261209487915
all-measurements = [ 36.67532014846802, 35.48582220077515, 36.66144371032715,]
