best-result = 110.84319353103638
warmup-time = 114.93610000610352
all-measurements = [ 110.84319353103638, 112.9213125705719, 112.54009962081909,]
