best-result = 41.12901473045349
warmup-time = 40.97050595283508
all-measurements = [ 41.12901473045349, 42.031524419784546, 43.239930152893066,]
