best-result = 47.30915665626526
warmup-time = 48.045746088027954
all-measurements = [ 48.20054507255554, 48.118242025375366, 47.30915665626526,]
