best-result = 33.146737575531006
warmup-time = 33.79913282394409
all-measurements = [ 33.146737575531006, 33.19012117385864, 33.8167622089386,]
