best-result = 36.339425563812256
warmup-time = 37.57033061981201
all-measurements = [ 37.945958614349365, 37.128021001815796, 36.339425563812256,]
