best-result = 60.240461587905884
warmup-time = 61.41273355484009
all-measurements = [ 61.54476475715637, 60.240461587905884, 62.53340291976929,]
