best-result = 221.97187495231628
warmup-time = 226.77320170402527
all-measurements = [ 225.52407503128052, 221.97187495231628, 225.36320185661316,]
