best-result = 511.8145606517792
warmup-time = 514.7054057121277
all-measurements = [ 511.8145606517792, 513.0886244773865, 518.5787272453308,]
