best-result = 35.79695725440979
warmup-time = 36.84546756744385
all-measurements = [ 36.035611152648926, 35.79695725440979, 36.03566288948059,]
