best-result = 29.00838279724121
warmup-time = 29.314984560012817
all-measurements = [ 29.00838279724121, 29.616504669189453, 29.12293291091919,]
