best-result = 69.16676616668701
warmup-time = 80.42615151405334
all-measurements = [ 69.16676616668701, 77.2346727848053, 80.1097948551178,]
