best-result = 61.70452308654785
warmup-time = 61.84905457496643
all-measurements = [ 62.765403032302856, 63.85374355316162, 61.70452308654785,]
