best-result = 27.423905611038208
warmup-time = 28.92299222946167
all-measurements = [ 27.86962866783142, 28.043355226516724, 27.423905611038208,]
