best-result = 35.19898509979248
warmup-time = 35.754735231399536
all-measurements = [ 35.453309059143066, 36.25227189064026, 35.19898509979248,]
