best-result = 32.9083251953125
warmup-time = 32.828797817230225
all-measurements = [ 34.035439014434814, 34.277220487594604, 32.9083251953125,]
