best-result = 41.67909526824951
warmup-time = 42.39152979850769
all-measurements = [ 41.67909526824951, 44.423285484313965, 43.54675507545471,]
