best-result = 96.0730311870575
warmup-time = 96.20029473304749
all-measurements = [ 97.42376804351807, 97.51702976226807, 96.0730311870575,]
