best-result = 28.42486000061035
warmup-time = 29.372739553451538
all-measurements = [ 28.605040788650513, 29.47380018234253, 28.42486000061035,]
