best-result = 34.11170673370361
warmup-time = 35.56440496444702
all-measurements = [ 35.32508087158203, 34.11170673370361, 35.33285880088806,]
