best-result = 87.18033003807068
warmup-time = 96.61219263076782
all-measurements = [ 91.16341042518616, 87.6226954460144, 87.18033003807068,]
