best-result = 38.277979373931885
warmup-time = 39.037099838256836
all-measurements = [ 38.277979373931885, 39.30994486808777, 38.87800097465515,]
