best-result = 45.27218556404114
warmup-time = 43.18052911758423
all-measurements = [ 45.27218556404114, 45.3089919090271, 45.34209156036377,]
