best-result = 28.046281814575195
warmup-time = 28.548572778701782
all-measurements = [ 29.212074041366577, 29.066749572753906, 28.046281814575195,]
