best-result = 626.2836797237396
warmup-time = 679.4179019927979
all-measurements = [ 626.2836797237396, 632.100250005722, 635.6054763793945,]
