best-result = 171.82255268096924
warmup-time = 174.44374084472656
all-measurements = [ 174.7161090373993, 174.790536403656, 171.82255268096924,]
