best-result = 54.77281594276428
warmup-time = 57.56332278251648
all-measurements = [ 57.80684041976929, 60.315391063690186, 54.77281594276428,]
