best-result = 25.740663290023804
warmup-time = 26.445497512817383
all-measurements = [ 25.86805748939514, 25.740663290023804, 26.077705144882202,]
