best-result = 36.69595527648926
warmup-time = 35.726423263549805
all-measurements = [ 36.772483825683594, 37.48735737800598, 36.69595527648926,]
