best-result = 29.946434020996094
warmup-time = 30.609938144683838
all-measurements = [ 31.480343341827393, 29.946434020996094, 31.018194913864136,]
