best-result = 260.5975034236908
warmup-time = 263.578439950943
all-measurements = [ 262.4136836528778, 260.5975034236908, 262.82961773872375,]
