best-result = 35.84416651725769
warmup-time = 38.21434283256531
all-measurements = [ 35.84416651725769, 36.330785036087036, 36.935964822769165,]
