best-result = 110.8748676776886
warmup-time = 114.31737232208252
all-measurements = [ 111.9990029335022, 110.8748676776886, 110.92961001396179,]
