best-result = 40.79048752784729
warmup-time = 41.604623556137085
all-measurements = [ 41.877912759780884, 40.79048752784729, 41.22891402244568,]
