best-result = 47.41319155693054
warmup-time = 48.79497933387756
all-measurements = [ 47.41319155693054, 48.797757148742676, 47.60498523712158,]
