best-result = 33.1708881855011
warmup-time = 33.866690158843994
all-measurements = [ 33.43737602233887, 33.1708881855011, 34.88279700279236,]
