best-result = 35.15312337875366
warmup-time = 36.913644313812256
all-measurements = [ 37.93250489234924, 36.47796964645386, 35.15312337875366,]
