best-result = 60.565112829208374
warmup-time = 60.63881754875183
all-measurements = [ 61.82610750198364, 60.565112829208374, 60.86691665649414,]
