best-result = 222.64873623847961
warmup-time = 228.80167078971863
all-measurements = [ 225.49375867843628, 222.64873623847961, 225.355947971344,]
