best-result = 511.72046065330505
warmup-time = 518.7927565574646
all-measurements = [ 511.72046065330505, 514.1639909744263, 512.0488903522491,]
