best-result = 36.76363968849182
warmup-time = 36.5139856338501
all-measurements = [ 38.731001138687134, 36.76363968849182, 36.967020750045776,]
