best-result = 28.74299716949463
warmup-time = 28.39783239364624
all-measurements = [ 29.101614713668823, 28.74299716949463, 29.602645874023438,]
