best-result = 76.60447430610657
warmup-time = 79.17996382713318
all-measurements = [ 76.8792634010315, 77.48597645759583, 76.60447430610657,]
