best-result = 60.65125393867493
warmup-time = 62.098976612091064
all-measurements = [ 63.00727820396423, 60.65125393867493, 60.867088317871094,]
