best-result = 27.276105403900146
warmup-time = 28.726528882980347
all-measurements = [ 28.401533603668213, 28.335657596588135, 27.276105403900146,]
