best-result = 34.55496311187744
warmup-time = 35.517781257629395
all-measurements = [ 34.85741114616394, 34.55496311187744, 35.166175365448,]
