best-result = 32.822787284851074
warmup-time = 33.89675736427307
all-measurements = [ 33.73989963531494, 33.5302472114563, 32.822787284851074,]
