best-result = 41.310399532318115
warmup-time = 43.01252555847168
all-measurements = [ 41.310399532318115, 41.69686460494995, 50.95653033256531,]
