best-result = 95.61678576469421
warmup-time = 102.30285787582397
all-measurements = [ 97.56827735900879, 95.61678576469421, 97.6131112575531,]
