best-result = 27.824785232543945
warmup-time = 28.832375526428223
all-measurements = [ 29.62095546722412, 28.533782720565796, 27.824785232543945,]
