best-result = 34.11084246635437
warmup-time = 34.68781852722168
all-measurements = [ 35.96119952201843, 34.37532377243042, 34.11084246635437,]
