best-result = 87.12942504882812
warmup-time = 86.30925822257996
all-measurements = [ 87.12942504882812, 88.70710968971252, 94.37681794166565,]
