best-result = 38.51358222961426
warmup-time = 38.844587087631226
all-measurements = [ 38.51358222961426, 39.07319736480713, 39.16580939292908,]
