best-result = 42.780025482177734
warmup-time = 46.16302299499512
all-measurements = [ 42.780025482177734, 44.56460237503052, 45.00013041496277,]
