best-result = 28.27580952644348
warmup-time = 28.650965452194214
all-measurements = [ 29.661110639572144, 29.135786771774292, 28.27580952644348,]
