best-result = 640.6599564552307
warmup-time = 674.6248235702515
all-measurements = [ 647.8713274002075, 643.7092616558075, 640.6599564552307,]
