best-result = 170.94954562187195
warmup-time = 172.52638721466064
all-measurements = [ 170.94954562187195, 173.7117257118225, 172.09823179244995,]
