best-result = 66.32097268104553
warmup-time = 66.98660707473755
all-measurements = [ 67.0485258102417, 66.32097268104553, 67.4776303768158,]
