best-result = 25.866059064865112
warmup-time = 26.47187113761902
all-measurements = [ 25.866059064865112, 25.955188751220703, 25.962732315063477,]
