best-result = 37.06709170341492
warmup-time = 37.81253385543823
all-measurements = [ 37.509665727615356, 38.142945766448975, 37.06709170341492,]
