best-result = 31.591851711273193
warmup-time = 31.099666118621826
all-measurements = [ 31.591851711273193, 32.373096227645874, 31.880194425582886,]
