best-result = 264.16585206985474
warmup-time = 274.9191725254059
all-measurements = [ 266.62096667289734, 264.16585206985474, 266.4159233570099,]
