best-result = 36.01315379142761
warmup-time = 36.90734505653381
all-measurements = [ 36.01315379142761, 38.18210816383362, 36.83195757865906,]
