best-result = 112.61329245567322
warmup-time = 113.26192307472229
all-measurements = [ 112.89253854751587, 112.61329245567322, 114.00194549560547,]
