best-result = 40.7482635974884
warmup-time = 41.240370750427246
all-measurements = [ 40.7482635974884, 41.58439230918884, 42.4389705657959,]
