best-result = 48.308993339538574
warmup-time = 48.102681159973145
all-measurements = [ 49.357083320617676, 48.35476851463318, 48.308993339538574,]
