best-result = 32.195046186447144
warmup-time = 33.72964525222778
all-measurements = [ 34.21156334877014, 32.195046186447144, 33.691224098205566,]
