best-result = 36.835432052612305
warmup-time = 38.08053636550903
all-measurements = [ 37.194493770599365, 36.835432052612305, 38.03493809700012,]
