best-result = 62.64445734024048
warmup-time = 61.49155306816101
all-measurements = [ 63.4038360118866, 64.27271175384521, 62.64445734024048,]
