best-result = 228.02809643745422
warmup-time = 234.52535486221313
all-measurements = [ 230.10496425628662, 228.02809643745422, 230.04007005691528,]
