best-result = 524.429372549057
warmup-time = 528.8547279834747
all-measurements = [ 525.2120227813721, 526.6645016670227, 524.429372549057,]
