best-result = 36.32563138008118
warmup-time = 39.683582067489624
all-measurements = [ 36.5620973110199, 36.46151375770569, 36.32563138008118,]
