best-result = 28.701054096221924
warmup-time = 29.12201476097107
all-measurements = [ 29.37474250793457, 28.701054096221924, 28.759597778320312,]
