best-result = 75.08854293823242
warmup-time = 79.9929211139679
all-measurements = [ 80.99643182754517, 75.08854293823242, 76.53100347518921,]
