best-result = 61.882439851760864
warmup-time = 61.652432918548584
all-measurements = [ 61.882439851760864, 62.94999694824219, 62.4520366191864,]
