best-result = 27.76740074157715
warmup-time = 29.14447808265686
all-measurements = [ 27.76740074157715, 27.884732007980347, 28.14617347717285,]
