best-result = 35.37438249588013
warmup-time = 35.56827354431152
all-measurements = [ 35.37438249588013, 35.532153606414795, 35.84297752380371,]
