best-result = 34.09376645088196
warmup-time = 34.23390579223633
all-measurements = [ 35.37336874008179, 34.09376645088196, 34.561635971069336,]
