best-result = 43.12489604949951
warmup-time = 42.1063232421875
all-measurements = [ 44.49883317947388, 43.12489604949951, 44.064409017562866,]
