best-result = 98.28206777572632
warmup-time = 98.28646230697632
all-measurements = [ 98.28206777572632, 99.89026117324829, 98.55699229240417,]
