best-result = 27.374826908111572
warmup-time = 29.74125361442566
all-measurements = [ 27.374826908111572, 28.891828775405884, 29.908761024475098,]
