best-result = 32.67786002159119
warmup-time = 33.345783948898315
all-measurements = [ 32.67786002159119, 34.767083168029785, 35.36231231689453,]
