best-result = 90.68145895004272
warmup-time = 90.21123909950256
all-measurements = [ 91.15008068084717, 90.68145895004272, 91.23902106285095,]
