best-result = 38.03229117393494
warmup-time = 38.95320987701416
all-measurements = [ 38.55162525177002, 39.278085231781006, 38.03229117393494,]
