best-result = 42.14004945755005
warmup-time = 43.267189741134644
all-measurements = [ 45.90916895866394, 42.14004945755005, 43.20531344413757,]
