best-result = 27.451984405517578
warmup-time = 29.07327938079834
all-measurements = [ 28.944151401519775, 27.723483085632324, 27.451984405517578,]
