best-result = 701.0217788219452
warmup-time = 728.3373131752014
all-measurements = [ 701.44477891922, 701.0217788219452, 702.4360013008118,]
