best-result = 175.8676164150238
warmup-time = 179.06967186927795
all-measurements = [ 176.9360077381134, 177.48132824897766, 175.8676164150238,]
