best-result = 59.13270664215088
warmup-time = 66.47951531410217
all-measurements = [ 59.13270664215088, 62.313562870025635, 71.33186960220337,]
