best-result = 25.633692741394043
warmup-time = 25.775567293167114
all-measurements = [ 26.1003634929657, 25.633692741394043, 25.9078528881073,]
