best-result = 35.67537307739258
warmup-time = 37.37052249908447
all-measurements = [ 37.49136137962341, 37.23392939567566, 35.67537307739258,]
