best-result = 31.123916625976562
warmup-time = 31.562280893325806
all-measurements = [ 31.76369619369507, 31.123916625976562, 31.208275318145752,]
