best-result = 264.2525975704193
warmup-time = 270.99766755104065
all-measurements = [ 264.8389472961426, 266.17416620254517, 264.2525975704193,]
