best-result = 36.17869210243225
warmup-time = 36.49521517753601
all-measurements = [ 36.17869210243225, 36.19556260108948, 37.048206090927124,]
