best-result = 110.11444473266602
warmup-time = 114.5287036895752
all-measurements = [ 113.76272797584534, 110.11444473266602, 112.35521984100342,]
