best-result = 40.743526458740234
warmup-time = 40.21836304664612
all-measurements = [ 40.743526458740234, 42.57386326789856, 41.39354133605957,]
