best-result = 47.813568353652954
warmup-time = 49.40811610221863
all-measurements = [ 47.813568353652954, 48.90112781524658, 49.694207429885864,]
