best-result = 33.4929473400116
warmup-time = 34.3634147644043
all-measurements = [ 33.4929473400116, 34.246747732162476, 33.86757469177246,]
