best-result = 36.89865803718567
warmup-time = 37.50117039680481
all-measurements = [ 37.73711276054382, 36.89865803718567, 37.56769943237305,]
