best-result = 57.99940323829651
warmup-time = 60.673293590545654
all-measurements = [ 62.029963970184326, 57.99940323829651, 61.68859386444092,]
