best-result = 226.87407231330872
warmup-time = 229.24976181983948
all-measurements = [ 227.8557994365692, 231.9118332862854, 226.87407231330872,]
