best-result = 523.0614223480225
warmup-time = 527.0902554988861
all-measurements = [ 527.7793202400208, 523.0614223480225, 525.5585012435913,]
