best-result = 36.79182982444763
warmup-time = 39.134416818618774
all-measurements = [ 36.85183143615723, 36.79182982444763, 36.96629762649536,]
