best-result = 28.781003952026367
warmup-time = 29.05235528945923
all-measurements = [ 28.781003952026367, 29.16914439201355, 29.39453887939453,]
