best-result = 79.60840344429016
warmup-time = 77.64457178115845
all-measurements = [ 82.19990181922913, 79.60840344429016, 81.3546404838562,]
