best-result = 61.685099840164185
warmup-time = 64.08395314216614
all-measurements = [ 64.37315726280212, 61.685099840164185, 61.694610595703125,]
