best-result = 28.013263702392578
warmup-time = 28.591816186904907
all-measurements = [ 28.101739645004272, 28.059226274490356, 28.013263702392578,]
