best-result = 32.54976963996887
warmup-time = 35.28793716430664
all-measurements = [ 35.1607608795166, 35.14894986152649, 32.54976963996887,]
