best-result = 33.84214162826538
warmup-time = 33.60774254798889
all-measurements = [ 33.84214162826538, 35.69344186782837, 34.00225472450256,]
