best-result = 41.90702199935913
warmup-time = 43.75980257987976
all-measurements = [ 43.72867274284363, 43.78679275512695, 41.90702199935913,]
