best-result = 96.931480884552
warmup-time = 97.74330258369446
all-measurements = [ 96.931480884552, 98.78825569152832, 98.73547577857971,]
