best-result = 27.478461503982544
warmup-time = 27.523587465286255
all-measurements = [ 27.478461503982544, 29.41393232345581, 28.84454083442688,]
