best-result = 33.56883215904236
warmup-time = 34.878795862197876
all-measurements = [ 33.56883215904236, 35.13811492919922, 34.6858491897583,]
