best-result = 87.52678608894348
warmup-time = 93.60375738143921
all-measurements = [ 92.33521723747253, 89.00093650817871, 87.52678608894348,]
