best-result = 39.67820143699646
warmup-time = 47.34206247329712
all-measurements = [ 44.97711133956909, 43.39134669303894, 39.67820143699646,]
