best-result = 44.69747018814087
warmup-time = 44.102561473846436
all-measurements = [ 45.04469871520996, 44.69747018814087, 44.8886513710022,]
