best-result = 28.45466160774231
warmup-time = 28.564002513885498
all-measurements = [ 28.66014552116394, 28.502100467681885, 28.45466160774231,]
