best-result = 689.5938105583191
warmup-time = 735.0036220550537
all-measurements = [ 699.7494463920593, 699.5456786155701, 689.5938105583191,]
