best-result = 176.4303593635559
warmup-time = 175.88778614997864
all-measurements = [ 177.49564862251282, 176.4303593635559, 177.15071439743042,]
