best-result = 56.62325096130371
warmup-time = 58.29565072059631
all-measurements = [ 66.01718950271606, 56.62325096130371, 68.02039647102356,]
