best-result = 22.58165740966797
warmup-time = 22.79945468902588
all-measurements = [ 22.58165740966797, 22.795077562332153, 22.73421621322632,]
