best-result = 47.16368889808655
warmup-time = 64.08583688735962
all-measurements = [ 47.26309299468994, 47.16368889808655, 47.75314784049988,]
