best-result = 46.15285611152649
warmup-time = 59.78291058540344
all-measurements = [ 46.77676200866699, 46.15285611152649, 46.57793641090393,]
