best-result = 957.1903417110443
warmup-time = 1135.2248091697693
all-measurements = [ 957.1903417110443, 976.997789144516, 969.1951615810394,]
