best-result = 85.24659156799316
warmup-time = 97.90419292449951
all-measurements = [ 85.27396893501282, 85.5467357635498, 85.24659156799316,]
