best-result = 80.28144216537476
warmup-time = 102.64148426055908
all-measurements = [ 82.35945844650269, 80.28144216537476, 81.1793839931488,]
