best-result = 68.98257112503052
warmup-time = 91.13197946548462
all-measurements = [ 68.98257112503052, 70.26244926452637, 70.13910675048828,]
