best-result = 90.74861598014832
warmup-time = 105.17000985145569
all-measurements = [ 91.05394172668457, 90.74861598014832, 91.14534497261047,]
