best-result = 614.2042965888977
warmup-time = 664.4551954269409
all-measurements = [ 614.3618638515472, 614.2042965888977, 617.1723620891571,]
