best-result = 64.32293915748596
warmup-time = 79.48845744132996
all-measurements = [ 64.36807060241699, 64.86649179458618, 64.32293915748596,]
