best-result = 220.94711637496948
warmup-time = 373.3528733253479
all-measurements = [ 220.94711637496948, 223.52305912971497, 222.76804494857788,]
