best-result = 440.9350836277008
warmup-time = 887.0052208900452
all-measurements = [ 444.5638358592987, 441.6703588962555, 440.9350836277008,]
