best-result = 61.19318962097168
warmup-time = 76.06473469734192
all-measurements = [ 62.15749931335449, 61.19318962097168, 61.945329427719116,]
