best-result = 865.4310929775238
warmup-time = 901.3906614780426
all-measurements = [ 873.7165007591248, 871.4071674346924, 865.4310929775238,]
