best-result = 27.40198016166687
warmup-time = 35.19328951835632
all-measurements = [ 27.40198016166687, 27.671642780303955, 27.449413776397705,]
