best-result = 58.0717499256134
warmup-time = 71.38739347457886
all-measurements = [ 58.262803077697754, 58.0717499256134, 58.09887909889221,]
