best-result = 58.8033652305603
warmup-time = 72.77915287017822
all-measurements = [ 59.28890323638916, 59.4484703540802, 58.8033652305603,]
