best-result = 110.23316025733948
warmup-time = 138.1508274078369
all-measurements = [ 110.61514258384705, 110.94116878509521, 110.23316025733948,]
