best-result = 775.9714980125427
warmup-time = 841.3255589008331
all-measurements = [ 777.0271000862122, 777.6940388679504, 775.9714980125427,]
