best-result = 33.936060667037964
warmup-time = 42.762762784957886
all-measurements = [ 34.190706968307495, 34.264514207839966, 33.936060667037964,]
