best-result = 53.70747256278992
warmup-time = 68.64964032173157
all-measurements = [ 53.809956073760986, 53.70747256278992, 54.17721962928772,]
