best-result = 2006.5199370384216
warmup-time = 2155.4952733516693
all-measurements = [ 2040.2219944000244, 2155.1269891262054, 2006.5199370384216,]
