best-result = 49.88594675064087
warmup-time = 70.95863366127014
all-measurements = [ 49.88594675064087, 49.92477107048035, 49.97890043258667,]
