best-result = 78.601158618927
warmup-time = 97.45451974868774
all-measurements = [ 78.91485452651978, 78.601158618927, 79.23486590385437,]
