best-result = 36.13499474525452
warmup-time = 45.67539143562317
all-measurements = [ 36.346651554107666, 36.74381613731384, 36.13499474525452,]
