best-result = 338.14582896232605
warmup-time = 484.9413287639618
all-measurements = [ 338.14582896232605, 342.34522104263306, 369.165402173996,]
