best-result = 104.68079924583435
warmup-time = 127.18433833122253
all-measurements = [ 104.70775079727173, 104.8811764717102, 104.68079924583435,]
