best-result = 58.05026721954346
warmup-time = 58.5534827709198
all-measurements = [ 58.90030241012573, 59.02531838417053, 58.05026721954346,]
