best-result = 25.920122623443604
warmup-time = 26.304932355880737
all-measurements = [ 26.3765070438385, 25.920122623443604, 26.388764142990112,]
