best-result = 35.068878412246704
warmup-time = 37.9633412361145
all-measurements = [ 37.241448640823364, 35.068878412246704, 37.57202363014221,]
