best-result = 31.658912897109985
warmup-time = 31.703009366989136
all-measurements = [ 31.68404769897461, 31.768887996673584, 31.658912897109985,]
