best-result = 263.6585726737976
warmup-time = 271.0410270690918
all-measurements = [ 265.21033000946045, 263.6585726737976, 264.48864793777466,]
