best-result = 35.79634428024292
warmup-time = 36.2283878326416
all-measurements = [ 35.79634428024292, 37.15658521652222, 36.550528049468994,]
