best-result = 112.37488722801208
warmup-time = 114.99614191055298
all-measurements = [ 113.2078275680542, 115.3411214351654, 112.37488722801208,]
