best-result = 39.86169791221619
warmup-time = 41.631452560424805
all-measurements = [ 39.86169791221619, 40.197232484817505, 42.87367010116577,]
