best-result = 47.639251947402954
warmup-time = 47.33565402030945
all-measurements = [ 50.532710552215576, 49.15502977371216, 47.639251947402954,]
