best-result = 33.28107213973999
warmup-time = 34.86347317695618
all-measurements = [ 33.28107213973999, 34.54685950279236, 33.586180448532104,]
