best-result = 36.75159311294556
warmup-time = 36.87805438041687
all-measurements = [ 37.144893169403076, 36.75159311294556, 37.380539417266846,]
