best-result = 62.227821826934814
warmup-time = 59.1038863658905
all-measurements = [ 62.227821826934814, 63.19900369644165, 62.90563774108887,]
