best-result = 228.65567898750305
warmup-time = 233.7428059577942
all-measurements = [ 230.2176275253296, 228.89368081092834, 228.65567898750305,]
