best-result = 522.7334117889404
warmup-time = 531.820550441742
all-measurements = [ 527.4343509674072, 522.7334117889404, 524.6193721294403,]
