best-result = 35.58253002166748
warmup-time = 35.145169734954834
all-measurements = [ 35.58253002166748, 35.7795684337616, 37.32363176345825,]
