best-result = 29.06567621231079
warmup-time = 29.261534690856934
all-measurements = [ 29.06567621231079, 29.14600920677185, 29.599357843399048,]
