best-result = 77.45611476898193
warmup-time = 75.83315587043762
all-measurements = [ 77.45611476898193, 77.90218472480774, 78.17727160453796,]
