best-result = 62.08590245246887
warmup-time = 63.34461712837219
all-measurements = [ 62.270827531814575, 62.8058819770813, 62.08590245246887,]
