best-result = 27.947235584259033
warmup-time = 28.027029991149902
all-measurements = [ 29.31057047843933, 27.947235584259033, 28.304179668426514,]
