best-result = 32.1087601184845
warmup-time = 35.54861259460449
all-measurements = [ 32.1087601184845, 35.736905336380005, 36.30047821998596,]
