best-result = 33.325650453567505
warmup-time = 35.583674907684326
all-measurements = [ 34.10506296157837, 34.40075373649597, 33.325650453567505,]
