best-result = 41.01609253883362
warmup-time = 43.94016456604004
all-measurements = [ 42.857348918914795, 43.861562967300415, 41.01609253883362,]
