best-result = 97.43875527381897
warmup-time = 98.54543876647949
all-measurements = [ 97.99988126754761, 97.8000123500824, 97.43875527381897,]
