best-result = 27.9528169631958
warmup-time = 29.55256986618042
all-measurements = [ 27.9528169631958, 28.785829067230225, 28.813252449035645,]
