best-result = 34.12389349937439
warmup-time = 34.60324811935425
all-measurements = [ 34.12389349937439, 34.86003136634827, 34.63994526863098,]
