best-result = 87.66742897033691
warmup-time = 87.65965104103088
all-measurements = [ 87.66742897033691, 89.26999926567078, 91.29400849342346,]
