best-result = 38.385106325149536
warmup-time = 39.794573068618774
all-measurements = [ 38.49876022338867, 39.1217987537384, 38.385106325149536,]
