best-result = 43.14835476875305
warmup-time = 44.12637257575989
all-measurements = [ 46.19465613365173, 43.14835476875305, 45.362953901290894,]
