best-result = 28.864903211593628
warmup-time = 28.563402891159058
all-measurements = [ 29.029386043548584, 28.959983348846436, 28.864903211593628,]
