best-result = 694.9163467884064
warmup-time = 734.0266149044037
all-measurements = [ 701.3502931594849, 698.4014992713928, 694.9163467884064,]
