best-result = 175.09979271888733
warmup-time = 177.5159661769867
all-measurements = [ 175.30251216888428, 176.00324320793152, 175.09979271888733,]
