best-result = 64.3718934059143
warmup-time = 67.83680415153503
all-measurements = [ 70.9802782535553, 68.06522154808044, 64.3718934059143,]
