best-result = 22.701334238052368
warmup-time = 23.060789108276367
all-measurements = [ 22.828548192977905, 22.701334238052368, 23.219879388809204,]
