best-result = 46.54795432090759
warmup-time = 64.4909520149231
all-measurements = [ 46.73293972015381, 46.66469407081604, 46.54795432090759,]
