best-result = 45.99321222305298
warmup-time = 57.829983949661255
all-measurements = [ 46.14790630340576, 45.99321222305298, 46.28925347328186,]
