best-result = 892.001378774643
warmup-time = 1118.5937840938568
all-measurements = [ 892.001378774643, 896.5208630561829, 892.7268469333649,]
