best-result = 84.24000668525696
warmup-time = 99.28526639938354
all-measurements = [ 84.6532723903656, 84.24000668525696, 85.32355260848999,]
