best-result = 976.9126143455505
warmup-time = 1013.6695749759674
all-measurements = [ 977.5598809719086, 976.9126143455505, 985.0651335716248,]
