best-result = 82.217289686203
warmup-time = 103.49095511436462
all-measurements = [ 82.61459112167358, 82.217289686203, 82.42220568656921,]
