best-result = 66.88640928268433
warmup-time = 86.91376376152039
all-measurements = [ 67.69146871566772, 66.88640928268433, 66.96835517883301,]
