best-result = 91.3237931728363
warmup-time = 105.27621078491211
all-measurements = [ 91.3537700176239, 91.69338631629944, 91.3237931728363,]
