best-result = 643.2463476657867
warmup-time = 659.1070773601532
all-measurements = [ 643.4440829753876, 643.2463476657867, 644.7118065357208,]
