best-result = 60.858606576919556
warmup-time = 76.2666347026825
all-measurements = [ 61.6596474647522, 60.858606576919556, 61.64691185951233,]
