best-result = 204.5337724685669
warmup-time = 359.888365983963
all-measurements = [ 204.5337724685669, 205.38058042526245, 206.1382143497467,]
