best-result = 422.18803429603577
warmup-time = 864.3293392658234
all-measurements = [ 422.18803429603577, 426.4964373111725, 425.94194078445435,]
