best-result = 61.98254990577698
warmup-time = 79.63144874572754
all-measurements = [ 61.98254990577698, 62.04732871055603, 62.408541202545166,]
