best-result = 39.92411208152771
warmup-time = 47.62678861618042
all-measurements = [ 39.92411208152771, 40.199708223342896, 40.15493202209473,]
