best-result = 132.76705384254456
warmup-time = 160.395325422287
all-measurements = [ 151.5505015850067, 132.76705384254456, 133.1618525981903,]
