best-result = 896.0943274497986
warmup-time = 925.184651851654
all-measurements = [ 896.0943274497986, 897.7371056079865, 908.3125779628754,]
