best-result = 27.695415258407593
warmup-time = 35.133410930633545
all-measurements = [ 27.88441038131714, 27.89077377319336, 27.695415258407593,]
