best-result = 56.81000757217407
warmup-time = 69.83531332015991
all-measurements = [ 56.81000757217407, 57.59334444999695, 57.1874566078186,]
