best-result = 59.474390268325806
warmup-time = 73.82459902763367
all-measurements = [ 59.491758823394775, 59.688231468200684, 59.474390268325806,]
