best-result = 109.0042417049408
warmup-time = 136.38460397720337
all-measurements = [ 110.46874618530273, 109.0042417049408, 109.58757448196411,]
