best-result = 771.0291862487793
warmup-time = 840.8360364437103
all-measurements = [ 771.0291862487793, 774.9324641227722, 773.935489654541,]
