best-result = 33.792110443115234
warmup-time = 42.694151163101196
all-measurements = [ 33.82920455932617, 34.11848497390747, 33.792110443115234,]
