best-result = 54.656800270080566
warmup-time = 69.01316475868225
all-measurements = [ 55.085713386535645, 55.059256076812744, 54.656800270080566,]
