best-result = 1313.5435960292816
warmup-time = 1613.577098608017
all-measurements = [ 1936.4460134506226, 1313.5435960292816, 1674.3391888141632,]
