best-result = 47.678189277648926
warmup-time = 68.61379528045654
all-measurements = [ 47.678189277648926, 47.712170362472534, 48.40089774131775,]
