best-result = 77.74633955955505
warmup-time = 98.33800625801086
all-measurements = [ 77.74633955955505, 78.56140041351318, 78.06260895729065,]
