best-result = 36.60309815406799
warmup-time = 46.12177515029907
all-measurements = [ 36.60309815406799, 37.05046319961548, 37.04589796066284,]
