best-result = 331.5900514125824
warmup-time = 475.17974495887756
all-measurements = [ 334.3412687778473, 340.56213212013245, 331.5900514125824,]
