best-result = 58.159071922302246
warmup-time = 59.276207447052
all-measurements = [ 58.159071922302246, 59.07843041419983, 58.3686044216156,]
