best-result = 25.91875123977661
warmup-time = 26.456315755844116
all-measurements = [ 26.241777896881104, 25.91875123977661, 26.207817792892456,]
