best-result = 38.45885729789734
warmup-time = 38.99154615402222
all-measurements = [ 39.40447163581848, 38.45885729789734, 38.8807213306427,]
