best-result = 30.825588941574097
warmup-time = 31.85586452484131
all-measurements = [ 32.333534955978394, 30.850236415863037, 30.825588941574097,]
