best-result = 261.70177817344666
warmup-time = 275.18550181388855
all-measurements = [ 261.70177817344666, 266.154173374176, 265.66289496421814,]
