best-result = 36.007493019104004
warmup-time = 35.743558406829834
all-measurements = [ 36.007493019104004, 37.58941912651062, 37.53676509857178,]
