best-result = 41.61661887168884
warmup-time = 43.4739727973938
all-measurements = [ 41.61661887168884, 43.261101722717285, 41.61950373649597,]
