best-result = 48.90445160865784
warmup-time = 49.176889181137085
all-measurements = [ 48.90445160865784, 50.16712737083435, 50.11408996582031,]
