best-result = 33.78787016868591
warmup-time = 34.29069662094116
all-measurements = [ 33.78787016868591, 34.74655270576477, 33.99036383628845,]
