best-result = 37.0427131652832
warmup-time = 38.06689715385437
all-measurements = [ 37.0427131652832, 38.65178561210632, 37.61041259765625,]
