best-result = 62.98628854751587
warmup-time = 64.94929671287537
all-measurements = [ 62.98628854751587, 66.73614001274109, 63.98272228240967,]
