best-result = 227.58709740638733
warmup-time = 228.91884088516235
all-measurements = [ 230.13538765907288, 227.58709740638733, 229.7843005657196,]
