best-result = 522.1449036598206
warmup-time = 529.459196805954
all-measurements = [ 522.1449036598206, 525.4341833591461, 524.6081140041351,]
