best-result = 36.066524028778076
warmup-time = 38.598705768585205
all-measurements = [ 36.066524028778076, 37.49318218231201, 37.639389991760254,]
