best-result = 77.78695917129517
warmup-time = 80.97049713134766
all-measurements = [ 84.62650418281555, 77.78695917129517, 77.86576008796692,]
