best-result = 62.1631133556366
warmup-time = 62.83211803436279
all-measurements = [ 64.91752696037292, 62.1631133556366, 62.23840689659119,]
