best-result = 27.963423013687134
warmup-time = 29.216227054595947
all-measurements = [ 28.861978769302368, 27.963423013687134, 28.24740982055664,]
