best-result = 35.586519956588745
warmup-time = 36.25051760673523
all-measurements = [ 35.674463748931885, 35.66916084289551, 35.586519956588745,]
