best-result = 33.658005714416504
warmup-time = 35.03233003616333
all-measurements = [ 34.10375094413757, 33.658005714416504, 33.99954032897949,]
