best-result = 42.42815327644348
warmup-time = 43.46915149688721
all-measurements = [ 42.42815327644348, 44.24438118934631, 43.830965518951416,]
