best-result = 96.06412672996521
warmup-time = 97.53132057189941
all-measurements = [ 96.2813286781311, 96.06412672996521, 96.97565221786499,]
