best-result = 28.053772687911987
warmup-time = 29.448594331741333
all-measurements = [ 28.77126169204712, 29.673148155212402, 28.053772687911987,]
