best-result = 33.84875750541687
warmup-time = 35.950249433517456
all-measurements = [ 34.72103714942932, 33.84875750541687, 35.274409770965576,]
