best-result = 89.15333485603333
warmup-time = 94.65875053405762
all-measurements = [ 93.66211605072021, 89.15333485603333, 94.25675439834595,]
