best-result = 39.44503092765808
warmup-time = 39.95794224739075
all-measurements = [ 39.69033455848694, 39.44503092765808, 39.98638367652893,]
