best-result = 44.988492012023926
warmup-time = 45.997127532958984
all-measurements = [ 44.988492012023926, 45.44533109664917, 46.5719690322876,]
