best-result = 28.819780349731445
warmup-time = 29.18440270423889
all-measurements = [ 28.948917627334595, 29.164852380752563, 28.819780349731445,]
