best-result = 697.3853392601013
warmup-time = 724.7608070373535
all-measurements = [ 706.7064609527588, 697.3853392601013, 698.3207156658173,]
