best-result = 176.02172374725342
warmup-time = 178.14238595962524
all-measurements = [ 177.62449264526367, 176.02172374725342, 176.9374556541443,]
