best-result = 57.404948472976685
warmup-time = 66.52590489387512
all-measurements = [ 63.52534627914429, 71.89831781387329, 57.404948472976685,]
