best-result = 22.73495578765869
warmup-time = 22.85136318206787
all-measurements = [ 23.09256625175476, 23.029748678207397, 22.73495578765869,]
