best-result = 46.411088943481445
warmup-time = 63.5192596912384
all-measurements = [ 47.150667905807495, 46.411088943481445, 47.27919244766235,]
