best-result = 46.407506704330444
warmup-time = 57.488434076309204
all-measurements = [ 46.81158208847046, 46.641568660736084, 46.407506704330444,]
