best-result = 941.8400979042053
warmup-time = 1137.8607258796692
all-measurements = [ 948.2258524894714, 941.8400979042053, 949.2227187156677,]
