best-result = 84.54353499412537
warmup-time = 98.81244969367981
all-measurements = [ 84.54353499412537, 85.25222420692444, 84.5618543624878,]
