best-result = 81.08971977233887
warmup-time = 103.35447311401367
all-measurements = [ 81.08971977233887, 81.75919604301453, 82.5041868686676,]
