best-result = 70.28644013404846
warmup-time = 90.81635069847107
all-measurements = [ 71.39118671417236, 70.28644013404846, 70.41546154022217,]
