best-result = 91.13559103012085
warmup-time = 105.11653280258179
all-measurements = [ 91.37334108352661, 91.41381573677063, 91.13559103012085,]
