best-result = 649.9665508270264
warmup-time = 659.3061492443085
all-measurements = [ 649.9665508270264, 652.9044470787048, 651.7001368999481,]
