best-result = 64.97376465797424
warmup-time = 81.65044474601746
all-measurements = [ 65.15796160697937, 65.26213502883911, 64.97376465797424,]
