best-result = 220.7042179107666
warmup-time = 368.1800630092621
all-measurements = [ 221.60174560546875, 223.14358711242676, 220.7042179107666,]
