best-result = 437.3985228538513
warmup-time = 881.9930927753448
all-measurements = [ 442.01471519470215, 437.3985228538513, 439.3127055168152,]
