best-result = 61.33654975891113
warmup-time = 77.38798332214355
all-measurements = [ 61.33654975891113, 61.53398108482361, 61.98919081687927,]
