best-result = 140.72120881080627
warmup-time = 174.902690410614
all-measurements = [ 140.72120881080627, 141.26865410804749, 141.55185270309448,]
