best-result = 872.7932000160217
warmup-time = 903.9585757255554
all-measurements = [ 872.7932000160217, 885.3995516300201, 877.3320393562317,]
