best-result = 27.160030841827393
warmup-time = 35.76022028923035
all-measurements = [ 27.160030841827393, 27.67676568031311, 27.90363883972168,]
