best-result = 56.55924034118652
warmup-time = 70.72552800178528
all-measurements = [ 56.55924034118652, 57.31759166717529, 57.22794008255005,]
