best-result = 58.74017119407654
warmup-time = 72.70626449584961
all-measurements = [ 59.89825487136841, 58.74017119407654, 59.16710448265076,]
