best-result = 110.44854807853699
warmup-time = 137.28990149497986
all-measurements = [ 111.51337051391602, 110.44854807853699, 110.810462474823,]
