best-result = 783.8643519878387
warmup-time = 851.7882673740387
all-measurements = [ 785.5925495624542, 802.6512486934662, 783.8643519878387,]
