best-result = 33.23917031288147
warmup-time = 41.19089102745056
all-measurements = [ 33.23917031288147, 33.534684896469116, 33.684288024902344,]
