best-result = 54.795045375823975
warmup-time = 69.2236168384552
all-measurements = [ 54.795045375823975, 55.58098888397217, 55.74640774726868,]
