best-result = 1528.9407954216003
warmup-time = 2270.851879119873
all-measurements = [ 1528.9407954216003, 2334.853887796402, 2763.7123012542725,]
