best-result = 49.26176452636719
warmup-time = 70.46996307373047
all-measurements = [ 49.818394899368286, 49.26176452636719, 49.87693190574646,]
