best-result = 77.77927160263062
warmup-time = 97.16144609451294
all-measurements = [ 78.09306526184082, 77.77927160263062, 78.45688462257385,]
