best-result = 37.00101971626282
warmup-time = 46.270028829574585
all-measurements = [ 37.42352342605591, 37.00101971626282, 37.33151721954346,]
