best-result = 335.25386905670166
warmup-time = 480.5264914035797
all-measurements = [ 335.25386905670166, 338.82429790496826, 342.04945611953735,]
