best-result = 59.351107120513916
warmup-time = 60.01762247085571
all-measurements = [ 59.351107120513916, 59.38992238044739, 59.68430233001709,]
