best-result = 25.74317955970764
warmup-time = 26.43328881263733
all-measurements = [ 26.421854734420776, 26.311074256896973, 25.74317955970764,]
