best-result = 34.905656814575195
warmup-time = 39.27155661582947
all-measurements = [ 37.42390966415405, 37.26338791847229, 34.905656814575195,]
