best-result = 31.245194673538208
warmup-time = 30.462229013442993
all-measurements = [ 31.245194673538208, 31.75143265724182, 32.272176027297974,]
