best-result = 230.20130252838135
warmup-time = 238.04157328605652
all-measurements = [ 230.20130252838135, 232.34680914878845, 231.42779278755188,]
