best-result = 35.38627743721008
warmup-time = 37.26637077331543
all-measurements = [ 35.38627743721008, 36.82023358345032, 35.88995623588562,]
