best-result = 111.22021484375
warmup-time = 113.72604393959045
all-measurements = [ 112.49885630607605, 113.56008052825928, 111.22021484375,]
