best-result = 34.697614908218384
warmup-time = 36.481508016586304
all-measurements = [ 34.705726146698, 35.30171251296997, 34.697614908218384,]
