best-result = 41.05371332168579
warmup-time = 40.5864691734314
all-measurements = [ 42.087602853775024, 41.304330825805664, 41.05371332168579,]
