best-result = 47.044723987579346
warmup-time = 49.72501754760742
all-measurements = [ 47.044723987579346, 47.44232392311096, 50.15961289405823,]
