best-result = 33.642881870269775
warmup-time = 33.044376611709595
all-measurements = [ 33.6872239112854, 35.846540689468384, 33.642881870269775,]
