best-result = 37.46056842803955
warmup-time = 37.02560067176819
all-measurements = [ 37.66964530944824, 37.46056842803955, 38.17582631111145,]
