best-result = 59.17308712005615
warmup-time = 58.389893531799316
all-measurements = [ 61.25077271461487, 59.17308712005615, 61.806578159332275,]
