best-result = 219.22451901435852
warmup-time = 224.0112178325653
all-measurements = [ 221.2155246734619, 219.22451901435852, 220.2049491405487,]
