best-result = 504.62469506263733
warmup-time = 510.0359079837799
all-measurements = [ 506.9987232685089, 506.65869069099426, 504.62469506263733,]
