best-result = 35.890228271484375
warmup-time = 38.79255700111389
all-measurements = [ 36.0457329750061, 35.890228271484375, 37.02822971343994,]
