best-result = 29.01864743232727
warmup-time = 29.823421478271484
all-measurements = [ 29.260258436203003, 29.01864743232727, 29.16227149963379,]
