best-result = 77.46433520317078
warmup-time = 77.40458345413208
all-measurements = [ 78.37902879714966, 81.5380175113678, 77.46433520317078,]
