best-result = 61.29842710494995
warmup-time = 62.44152331352234
all-measurements = [ 61.29842710494995, 61.422278881073, 62.30858755111694,]
