best-result = 27.66263175010681
warmup-time = 28.144622087478638
all-measurements = [ 28.010828971862793, 27.66263175010681, 28.86335563659668,]
