best-result = 32.56624364852905
warmup-time = 33.06200623512268
all-measurements = [ 35.70339846611023, 32.62192463874817, 32.56624364852905,]
