best-result = 32.07731485366821
warmup-time = 34.602473735809326
all-measurements = [ 32.832560539245605, 32.07731485366821, 32.217921018600464,]
