best-result = 43.29317879676819
warmup-time = 43.377416133880615
all-measurements = [ 43.87518858909607, 43.86371946334839, 43.29317879676819,]
