best-result = 95.99884939193726
warmup-time = 94.44530272483826
all-measurements = [ 96.95252084732056, 100.58497881889343, 95.99884939193726,]
