best-result = 27.366925716400146
warmup-time = 30.064181804656982
all-measurements = [ 29.948230981826782, 29.7712299823761, 27.366925716400146,]
