best-result = 34.49619150161743
warmup-time = 34.882657289505005
all-measurements = [ 35.99557089805603, 34.49619150161743, 35.46466016769409,]
