best-result = 86.54044604301453
warmup-time = 98.21348929405212
all-measurements = [ 88.34419298171997, 86.54044604301453, 91.37088656425476,]
