best-result = 38.67755126953125
warmup-time = 38.8041934967041
all-measurements = [ 38.67755126953125, 38.965261459350586, 38.76360535621643,]
