best-result = 42.088648557662964
warmup-time = 45.9439115524292
all-measurements = [ 42.088648557662964, 46.032127380371094, 43.32880473136902,]
