best-result = 50.48825144767761
warmup-time = 51.714399576187134
all-measurements = [ 50.48825144767761, 51.02997827529907, 50.68090009689331,]
