best-result = 27.82291030883789
warmup-time = 27.612746477127075
all-measurements = [ 27.933222770690918, 28.889663696289062, 27.82291030883789,]
