best-result = 665.8811931610107
warmup-time = 725.034649848938
all-measurements = [ 677.8688066005707, 667.94881939888, 665.8811931610107,]
