best-result = 165.16541838645935
warmup-time = 168.7211709022522
all-measurements = [ 167.96227097511292, 165.16541838645935, 166.16515612602234,]
