best-result = 62.183669090270996
warmup-time = 66.76908874511719
all-measurements = [ 62.183669090270996, 66.25954675674438, 67.01511645317078,]
