best-result = 22.15276265144348
warmup-time = 21.96181631088257
all-measurements = [ 22.66188073158264, 22.731240272521973, 22.15276265144348,]
