best-result = 46.153294801712036
warmup-time = 62.10404109954834
all-measurements = [ 46.153294801712036, 46.48526310920715, 46.59019684791565,]
