best-result = 45.61341118812561
warmup-time = 58.06163239479065
all-measurements = [ 46.086568117141724, 45.865607023239136, 45.61341118812561,]
