best-result = 937.390053987503
warmup-time = 1148.5517854690552
all-measurements = [ 938.6214611530304, 943.9411022663116, 937.390053987503,]
