best-result = 81.0727047920227
warmup-time = 94.97835874557495
all-measurements = [ 81.0727047920227, 81.89078116416931, 81.69005250930786,]
