best-result = 77.4733054637909
warmup-time = 98.17081022262573
all-measurements = [ 77.87903094291687, 77.4733054637909, 78.46622514724731,]
