best-result = 68.26359295845032
warmup-time = 92.04711818695068
all-measurements = [ 69.58310174942017, 68.26359295845032, 68.53290796279907,]
