best-result = 83.40702605247498
warmup-time = 97.84596252441406
all-measurements = [ 83.40702605247498, 83.45544004440308, 83.81099367141724,]
