best-result = 594.1153318881989
warmup-time = 607.6541585922241
all-measurements = [ 596.0640807151794, 616.0066409111023, 594.1153318881989,]
