best-result = 61.26417517662048
warmup-time = 73.06276655197144
all-measurements = [ 61.26417517662048, 61.43507504463196, 61.506431341171265,]
