best-result = 218.6408269405365
warmup-time = 369.6966643333435
all-measurements = [ 221.24009561538696, 218.6408269405365, 221.74205446243286,]
