best-result = 437.75284790992737
warmup-time = 878.6520020961761
all-measurements = [ 441.46370363235474, 441.33079075813293, 437.75284790992737,]
