best-result = 59.903194427490234
warmup-time = 74.71583819389343
all-measurements = [ 60.59479737281799, 59.903194427490234, 60.22619962692261,]
