best-result = 843.4982495307922
warmup-time = 873.758875131607
all-measurements = [ 843.4982495307922, 845.1595733165741, 853.9962630271912,]
