best-result = 26.817663192749023
warmup-time = 34.049869537353516
all-measurements = [ 27.005535125732422, 27.6143319606781, 26.817663192749023,]
