best-result = 56.91102743148804
warmup-time = 70.30446004867554
all-measurements = [ 57.07689094543457, 57.09622669219971, 56.91102743148804,]
