best-result = 56.15569281578064
warmup-time = 69.79714465141296
all-measurements = [ 56.21829700469971, 56.15569281578064, 56.29095268249512,]
