best-result = 106.3187530040741
warmup-time = 134.96615934371948
all-measurements = [ 107.82426428794861, 106.3187530040741, 107.08938598632812,]
