best-result = 756.8345310688019
warmup-time = 817.6825895309448
all-measurements = [ 760.4965040683746, 757.49849152565, 756.8345310688019,]
