best-result = 33.5845422744751
warmup-time = 39.810709714889526
all-measurements = [ 33.5845422744751, 34.20007944107056, 34.050922870635986,]
