best-result = 52.58912801742554
warmup-time = 66.56933879852295
all-measurements = [ 52.60821533203125, 52.669474840164185, 52.58912801742554,]
