best-result = 1507.1842639446259
warmup-time = 2944.120486497879
all-measurements = [ 1529.1608393192291, 1507.1842639446259, 2244.695266008377,]
