best-result = 48.627103328704834
warmup-time = 70.7086660861969
all-measurements = [ 48.70503258705139, 48.627103328704834, 49.11318922042847,]
