best-result = 78.49547338485718
warmup-time = 97.05944514274597
all-measurements = [ 78.62822484970093, 78.49547338485718, 78.51500844955444,]
