best-result = 35.49548888206482
warmup-time = 44.26380681991577
all-measurements = [ 35.78125858306885, 35.70959949493408, 35.49548888206482,]
