best-result = 332.34074211120605
warmup-time = 451.9416799545288
all-measurements = [ 335.4949517250061, 334.5174198150635, 332.34074211120605,]
