best-result = 101.30465078353882
warmup-time = 102.04976773262024
all-measurements = [ 101.31879878044128, 101.30465078353882, 101.31705331802368,]
