best-result = 23.288422346115112
warmup-time = 23.283684968948364
all-measurements = [ 23.311028957366943, 23.288422346115112, 23.523783445358276,]
