best-result = 46.758004903793335
warmup-time = 65.07256650924683
all-measurements = [ 46.758004903793335, 47.00842905044556, 47.2025306224823,]
