best-result = 47.0225191116333
warmup-time = 58.110408306121826
all-measurements = [ 47.08399033546448, 47.037248373031616, 47.0225191116333,]
