best-result = 877.1899428367615
warmup-time = 1059.8825986385345
all-measurements = [ 887.4419903755188, 877.1899428367615, 902.618834733963,]
