best-result = 84.72027897834778
warmup-time = 98.45763897895813
all-measurements = [ 85.68401670455933, 85.13906455039978, 84.72027897834778,]
