best-result = 982.8551096916199
warmup-time = 1012.6617169380188
all-measurements = [ 985.7528204917908, 984.0548214912415, 982.8551096916199,]
