best-result = 65.8361303806305
warmup-time = 79.6587462425232
all-measurements = [ 66.55090093612671, 66.7069251537323, 65.8361303806305,]
