best-result = 82.70301723480225
warmup-time = 102.95174741744995
all-measurements = [ 84.34169912338257, 83.54290175437927, 82.70301723480225,]
