best-result = 68.21075248718262
warmup-time = 87.83391189575195
all-measurements = [ 68.21075248718262, 68.43204092979431, 68.49354243278503,]
