best-result = 90.84868669509888
warmup-time = 104.3752589225769
all-measurements = [ 91.1049313545227, 90.84868669509888, 91.46925711631775,]
