best-result = 635.1309680938721
warmup-time = 650.0885348320007
all-measurements = [ 635.1309680938721, 644.2890722751617, 642.212155342102,]
