best-result = 60.5295205116272
warmup-time = 75.98760652542114
all-measurements = [ 62.8131628036499, 62.80643820762634, 60.5295205116272,]
