best-result = 191.1441786289215
warmup-time = 344.1715223789215
all-measurements = [ 192.8801465034485, 191.1441786289215, 191.57187151908875,]
