best-result = 384.61490750312805
warmup-time = 823.653888463974
all-measurements = [ 388.42535185813904, 386.8731219768524, 384.61490750312805,]
