best-result = 62.361759185791016
warmup-time = 77.91440749168396
all-measurements = [ 62.361759185791016, 62.86304783821106, 62.590925216674805,]
