best-result = 40.44087219238281
warmup-time = 48.257346868515015
all-measurements = [ 40.44087219238281, 40.52780055999756, 40.712363719940186,]
