best-result = 134.57776427268982
warmup-time = 165.9820418357849
all-measurements = [ 135.2007565498352, 135.0626039505005, 134.57776427268982,]
