best-result = 918.8643424510956
warmup-time = 949.7325325012207
all-measurements = [ 918.9720525741577, 921.9062104225159, 918.8643424510956,]
