best-result = 28.45563769340515
warmup-time = 36.27483558654785
all-measurements = [ 28.5773766040802, 28.534907817840576, 28.45563769340515,]
