best-result = 59.26868414878845
warmup-time = 68.31521558761597
all-measurements = [ 59.517608880996704, 59.79962611198425, 59.26868414878845,]
