best-result = 60.25206732749939
warmup-time = 73.11008143424988
all-measurements = [ 60.397737979888916, 60.25206732749939, 60.26505446434021,]
