best-result = 110.0912082195282
warmup-time = 136.48915696144104
all-measurements = [ 110.0912082195282, 110.53469181060791, 110.164306640625,]
