best-result = 761.9414818286896
warmup-time = 833.0038101673126
all-measurements = [ 763.4379298686981, 766.5379645824432, 761.9414818286896,]
