best-result = 34.44629979133606
warmup-time = 41.30105233192444
all-measurements = [ 34.8515408039093, 34.84527111053467, 34.44629979133606,]
