best-result = 55.63593816757202
warmup-time = 71.42044377326965
all-measurements = [ 56.248889207839966, 56.524272441864014, 55.63593816757202,]
