best-result = 1423.3793952465057
warmup-time = 1388.8605480194092
all-measurements = [ 1939.4870471954346, 1842.0526764392853, 1423.3793952465057,]
