best-result = 49.41382336616516
warmup-time = 69.13328099250793
all-measurements = [ 49.56346011161804, 49.69748783111572, 49.41382336616516,]
