best-result = 81.42699718475342
warmup-time = 102.26627588272095
all-measurements = [ 81.42699718475342, 81.8970673084259, 82.63953065872192,]
