best-result = 92.90262842178345
warmup-time = 113.78414583206177
all-measurements = [ 92.90262842178345, 93.3753969669342, 93.19889950752258,]
