best-result = 37.625389099121094
warmup-time = 46.588783502578735
all-measurements = [ 37.976459980010986, 37.625389099121094, 43.07689189910889,]
