best-result = 313.51507019996643
warmup-time = 458.9796938896179
all-measurements = [ 313.51507019996643, 323.2692484855652, 333.30191016197205,]
