best-result = 61.048341035842896
warmup-time = 61.10598397254944
all-measurements = [ 61.52833271026611, 61.66433644294739, 61.048341035842896,]
