best-result = 25.24250864982605
warmup-time = 25.762020111083984
all-measurements = [ 25.685717344284058, 25.24250864982605, 26.04410743713379,]
