best-result = 35.829994678497314
warmup-time = 37.03567934036255
all-measurements = [ 36.94154763221741, 35.829994678497314, 38.382508516311646,]
