best-result = 31.357588529586792
warmup-time = 29.9336576461792
all-measurements = [ 31.698257446289062, 31.357588529586792, 31.64646315574646,]
