best-result = 260.30142045021057
warmup-time = 271.6471230983734
all-measurements = [ 260.30142045021057, 263.47351717948914, 261.13308691978455,]
