best-result = 36.14611315727234
warmup-time = 36.47620892524719
all-measurements = [ 37.26650524139404, 36.14611315727234, 36.70603847503662,]
