best-result = 39.758583068847656
warmup-time = 40.45435619354248
all-measurements = [ 40.34687566757202, 42.123626470565796, 39.758583068847656,]
