best-result = 48.72975564002991
warmup-time = 48.52963924407959
all-measurements = [ 50.592522382736206, 48.72975564002991, 49.795122146606445,]
