best-result = 32.287785053253174
warmup-time = 34.106998443603516
all-measurements = [ 32.287785053253174, 33.65855312347412, 34.245689868927,]
