best-result = 36.41513776779175
warmup-time = 37.234413146972656
all-measurements = [ 36.70605134963989, 36.41513776779175, 37.07621955871582,]
