best-result = 61.705145597457886
warmup-time = 67.67690896987915
all-measurements = [ 61.705145597457886, 63.421271085739136, 64.86073303222656,]
