best-result = 223.5042905807495
warmup-time = 228.58367085456848
all-measurements = [ 227.21671605110168, 223.5042905807495, 227.28983759880066,]
