best-result = 518.2827327251434
warmup-time = 521.3855600357056
all-measurements = [ 520.4955725669861, 518.2827327251434, 522.0464301109314,]
