best-result = 35.36905002593994
warmup-time = 36.53483438491821
all-measurements = [ 35.36905002593994, 37.110058546066284, 37.250403881073,]
