best-result = 69.20651268959045
warmup-time = 78.6743643283844
all-measurements = [ 86.1785798072815, 69.20651268959045, 82.58635258674622,]
