best-result = 62.41849160194397
warmup-time = 62.644508838653564
all-measurements = [ 63.551137924194336, 62.41849160194397, 62.76720857620239,]
