best-result = 27.584635734558105
warmup-time = 26.798036813735962
all-measurements = [ 28.030672073364258, 27.584635734558105, 27.988465785980225,]
