best-result = 32.120779514312744
warmup-time = 35.32185077667236
all-measurements = [ 32.120779514312744, 34.85344052314758, 35.70889616012573,]
