best-result = 32.71115303039551
warmup-time = 33.16106462478638
all-measurements = [ 33.58768582344055, 32.71115303039551, 34.780558824539185,]
