best-result = 41.55545663833618
warmup-time = 41.230708837509155
all-measurements = [ 42.26423239707947, 43.048946380615234, 41.55545663833618,]
