best-result = 95.31022644042969
warmup-time = 94.02793526649475
all-measurements = [ 98.66451358795166, 95.31022644042969, 97.13010478019714,]
