best-result = 27.461212635040283
warmup-time = 27.864915132522583
all-measurements = [ 28.773834943771362, 27.461212635040283, 28.883985996246338,]
