best-result = 34.23854970932007
warmup-time = 34.61335062980652
all-measurements = [ 34.23854970932007, 36.02916932106018, 34.536489486694336,]
