best-result = 90.02568411827087
warmup-time = 97.57602190971375
all-measurements = [ 96.86528968811035, 96.21735382080078, 90.02568411827087,]
