best-result = 38.93336725234985
warmup-time = 39.90820002555847
all-measurements = [ 39.15930724143982, 39.904672145843506, 38.93336725234985,]
