best-result = 42.80899167060852
warmup-time = 45.14385199546814
all-measurements = [ 44.371400356292725, 42.80899167060852, 44.41170072555542,]
