best-result = 27.31069302558899
warmup-time = 28.293151378631592
all-measurements = [ 28.638555765151978, 27.31069302558899, 27.382585287094116,]
