best-result = 690.4588463306427
warmup-time = 722.5991790294647
all-measurements = [ 693.3175585269928, 698.6893558502197, 690.4588463306427,]
