best-result = 171.39295077323914
warmup-time = 181.10946130752563
all-measurements = [ 172.24148797988892, 171.39295077323914, 171.79186964035034,]
