best-result = 55.07748603820801
warmup-time = 70.24060201644897
all-measurements = [ 66.07935881614685, 55.07748603820801, 59.213685035705566,]
