best-result = 25.94021964073181
warmup-time = 25.99921417236328
all-measurements = [ 25.94021964073181, 26.05931520462036, 26.402074098587036,]
