best-result = 35.20873713493347
warmup-time = 38.50025701522827
all-measurements = [ 37.383235692977905, 38.805219411849976, 35.20873713493347,]
