best-result = 30.566323041915894
warmup-time = 30.452542066574097
all-measurements = [ 30.83132314682007, 30.566323041915894, 31.506389617919922,]
