best-result = 256.1270942687988
warmup-time = 260.39194321632385
all-measurements = [ 256.1270942687988, 261.19587421417236, 259.9838082790375,]
