best-result = 35.90531945228577
warmup-time = 37.24565052986145
all-measurements = [ 35.90531945228577, 37.07266283035278, 36.22130751609802,]
