best-result = 118.00625896453857
warmup-time = 120.84420967102051
all-measurements = [ 120.57409501075745, 118.00625896453857, 118.76293325424194,]
