best-result = 39.83928394317627
warmup-time = 42.02670240402222
all-measurements = [ 40.304911375045776, 39.83928394317627, 41.20801329612732,]
