best-result = 48.81713533401489
warmup-time = 48.9524507522583
all-measurements = [ 48.81713533401489, 51.119415044784546, 49.2516405582428,]
