best-result = 33.31891584396362
warmup-time = 33.294456243515015
all-measurements = [ 33.543668270111084, 34.49782109260559, 33.31891584396362,]
