best-result = 36.96425914764404
warmup-time = 36.01883625984192
all-measurements = [ 36.96425914764404, 37.500290870666504, 37.23816776275635,]
