best-result = 60.287601470947266
warmup-time = 63.44128084182739
all-measurements = [ 60.69948744773865, 63.539406061172485, 60.287601470947266,]
