best-result = 226.10918354988098
warmup-time = 229.54402923583984
all-measurements = [ 228.94881463050842, 226.10918354988098, 239.9826672077179,]
