best-result = 514.0031683444977
warmup-time = 520.2143404483795
all-measurements = [ 516.0901129245758, 514.0031683444977, 519.5660223960876,]
