best-result = 36.130346059799194
warmup-time = 37.65788817405701
all-measurements = [ 36.818063259124756, 38.26451659202576, 36.130346059799194,]
