best-result = 28.099997997283936
warmup-time = 29.514896154403687
all-measurements = [ 29.525302171707153, 28.099997997283936, 29.242693662643433,]
