best-result = 68.01882576942444
warmup-time = 84.08748602867126
all-measurements = [ 68.01882576942444, 78.09898853302002, 76.97146558761597,]
