best-result = 61.133604764938354
warmup-time = 61.41761040687561
all-measurements = [ 61.133604764938354, 62.50196409225464, 62.665486335754395,]
