best-result = 28.728983402252197
warmup-time = 28.397642135620117
all-measurements = [ 28.728983402252197, 28.944369554519653, 29.08417272567749,]
