best-result = 35.31079053878784
warmup-time = 35.67029595375061
all-measurements = [ 35.31079053878784, 35.83087635040283, 35.62145018577576,]
