best-result = 36.670071601867676
warmup-time = 35.507821798324585
all-measurements = [ 36.670071601867676, 37.51372051239014, 37.637736558914185,]
