best-result = 42.26578235626221
warmup-time = 44.632203340530396
all-measurements = [ 43.69127655029297, 42.42977857589722, 42.26578235626221,]
