best-result = 95.85850811004639
warmup-time = 98.18210315704346
all-measurements = [ 96.49336361885071, 95.85850811004639, 98.60828518867493,]
