best-result = 28.5386061668396
warmup-time = 30.317760705947876
all-measurements = [ 29.715819597244263, 28.5386061668396, 30.424933671951294,]
