best-result = 34.39473509788513
warmup-time = 35.84307599067688
all-measurements = [ 34.759673833847046, 34.884249448776245, 34.39473509788513,]
