best-result = 94.64497828483582
warmup-time = 92.19278573989868
all-measurements = [ 95.9142804145813, 94.64497828483582, 97.94743394851685,]
