best-result = 39.497968912124634
warmup-time = 39.42101192474365
all-measurements = [ 39.497968912124634, 40.333770751953125, 39.654439210891724,]
