best-result = 44.89557766914368
warmup-time = 44.87591600418091
all-measurements = [ 44.89557766914368, 45.600645542144775, 46.25591564178467,]
