best-result = 28.176955699920654
warmup-time = 28.557689428329468
all-measurements = [ 28.176955699920654, 28.318630933761597, 29.466233730316162,]
