best-result = 653.3325536251068
warmup-time = 690.179078578949
all-measurements = [ 659.932507276535, 659.9220356941223, 653.3325536251068,]
