best-result = 171.9647183418274
warmup-time = 174.62400484085083
all-measurements = [ 174.07733035087585, 171.9647183418274, 175.00209069252014,]
