best-result = 62.736849308013916
warmup-time = 57.04418969154358
all-measurements = [ 62.736849308013916, 67.01397395133972, 67.61825180053711,]
