best-result = 25.181297779083252
warmup-time = 25.517954349517822
all-measurements = [ 25.181297779083252, 25.297905921936035, 25.968465089797974,]
