best-result = 35.44123339653015
warmup-time = 37.86169219017029
all-measurements = [ 38.49758982658386, 37.582985162734985, 35.44123339653015,]
