best-result = 31.318593740463257
warmup-time = 30.5508770942688
all-measurements = [ 31.435067653656006, 31.318593740463257, 31.788013219833374,]
