best-result = 262.6245872974396
warmup-time = 266.7865912914276
all-measurements = [ 268.33068108558655, 262.6245872974396, 263.3916265964508,]
