best-result = 37.01589012145996
warmup-time = 36.81250619888306
all-measurements = [ 37.477867603302, 37.01589012145996, 37.29554533958435,]
