best-result = 40.28061008453369
warmup-time = 41.328089237213135
all-measurements = [ 40.28061008453369, 40.63650560379028, 41.52617311477661,]
