best-result = 48.73822593688965
warmup-time = 49.10867261886597
all-measurements = [ 50.95473027229309, 48.73822593688965, 49.165403604507446,]
