best-result = 33.10842704772949
warmup-time = 33.548011302948
all-measurements = [ 33.10842704772949, 33.720134019851685, 34.6939902305603,]
