best-result = 36.73942422866821
warmup-time = 37.82207226753235
all-measurements = [ 37.39261484146118, 36.73942422866821, 36.932048320770264,]
