best-result = 62.088871240615845
warmup-time = 66.34955596923828
all-measurements = [ 65.7946183681488, 62.088871240615845, 63.96080541610718,]
