best-result = 224.99961972236633
warmup-time = 228.31139421463013
all-measurements = [ 226.77459383010864, 228.0924482345581, 224.99961972236633,]
