best-result = 522.2721395492554
warmup-time = 524.7511763572693
all-measurements = [ 522.2721395492554, 522.4540109634399, 524.9500775337219,]
