best-result = 34.60023355484009
warmup-time = 36.827187299728394
all-measurements = [ 36.56506276130676, 34.60023355484009, 34.995808601379395,]
