best-result = 79.8115508556366
warmup-time = 74.52734637260437
all-measurements = [ 85.96652412414551, 82.29902195930481, 79.8115508556366,]
