best-result = 61.52241587638855
warmup-time = 62.383318185806274
all-measurements = [ 61.52241587638855, 62.15925574302673, 62.01162266731262,]
