best-result = 27.287238597869873
warmup-time = 28.749853372573853
all-measurements = [ 28.460150003433228, 27.348969221115112, 27.287238597869873,]
