best-result = 31.983365297317505
warmup-time = 32.80112886428833
all-measurements = [ 35.51799416542053, 35.62184023857117, 31.983365297317505,]
