best-result = 33.31883788108826
warmup-time = 33.911280155181885
all-measurements = [ 33.31883788108826, 34.73484182357788, 34.10369539260864,]
