best-result = 41.53773832321167
warmup-time = 41.763981103897095
all-measurements = [ 43.03958487510681, 43.887394189834595, 41.53773832321167,]
