best-result = 97.57184982299805
warmup-time = 98.34739518165588
all-measurements = [ 98.09580254554749, 97.78737449645996, 97.57184982299805,]
