best-result = 27.346007823944092
warmup-time = 27.933664321899414
all-measurements = [ 29.125429153442383, 27.45516347885132, 27.346007823944092,]
