best-result = 33.67089605331421
warmup-time = 35.30136680603027
all-measurements = [ 34.195239543914795, 33.67089605331421, 33.706453800201416,]
