best-result = 87.87404203414917
warmup-time = 87.83041548728943
all-measurements = [ 87.87404203414917, 91.19056272506714, 90.55242729187012,]
