best-result = 38.023247718811035
warmup-time = 39.43349647521973
all-measurements = [ 39.16961908340454, 38.023247718811035, 38.88673377037048,]
