best-result = 44.46246004104614
warmup-time = 45.79908514022827
all-measurements = [ 45.0229856967926, 44.46246004104614, 45.42810893058777,]
