best-result = 28.18280792236328
warmup-time = 29.084330320358276
all-measurements = [ 28.18280792236328, 28.277347087860107, 28.24504017829895,]
