best-result = 696.2118232250214
warmup-time = 734.0944204330444
all-measurements = [ 696.2118232250214, 701.3251218795776, 697.7301526069641,]
