best-result = 170.9458556175232
warmup-time = 175.89977145195007
all-measurements = [ 175.21278357505798, 170.9458556175232, 175.2050244808197,]
