best-result = 41.776877641677856
warmup-time = 42.18033528327942
all-measurements = [ 42.77874040603638, 41.776877641677856, 45.11426115036011,]
