best-result = 60.84918999671936
warmup-time = 64.90581512451172
all-measurements = [ 65.83062076568604, 65.96369290351868, 60.84918999671936,]
