best-result = 22.883804082870483
warmup-time = 22.967010736465454
all-measurements = [ 22.883804082870483, 23.178202629089355, 23.129002809524536,]
