best-result = 46.18281555175781
warmup-time = 63.98490929603577
all-measurements = [ 46.67554450035095, 46.18281555175781, 46.3383264541626,]
