best-result = 46.100377559661865
warmup-time = 57.72338247299194
all-measurements = [ 46.61495065689087, 46.100377559661865, 46.149136781692505,]
