best-result = 896.2357776165009
warmup-time = 1111.5157268047333
all-measurements = [ 900.9528801441193, 896.2357776165009, 897.2425634860992,]
