best-result = 84.4072036743164
warmup-time = 99.20462250709534
all-measurements = [ 84.61198806762695, 84.4072036743164, 84.52376389503479,]
