best-result = 980.6086959838867
warmup-time = 1006.1547446250916
all-measurements = [ 980.6086959838867, 984.2324690818787, 981.1582231521606,]
