best-result = 82.24801993370056
warmup-time = 103.85175466537476
all-measurements = [ 82.54618263244629, 82.82178163528442, 82.24801993370056,]
