best-result = 67.60261106491089
warmup-time = 87.33180975914001
all-measurements = [ 67.85439729690552, 67.60261106491089, 67.75011491775513,]
