best-result = 91.16081070899963
warmup-time = 105.55307865142822
all-measurements = [ 91.16081070899963, 91.40246844291687, 91.42651724815369,]
