best-result = 644.6487948894501
warmup-time = 661.8325095176697
all-measurements = [ 644.6487948894501, 645.6138892173767, 647.4655613899231,]
