best-result = 61.54442644119263
warmup-time = 74.71825766563416
all-measurements = [ 61.74882173538208, 61.59035539627075, 61.54442644119263,]
