best-result = 205.24955677986145
warmup-time = 361.3673679828644
all-measurements = [ 205.24955677986145, 206.1937665939331, 205.6317024230957,]
