best-result = 425.10398030281067
warmup-time = 862.5451829433441
all-measurements = [ 425.10398030281067, 427.91431498527527, 425.7002971172333,]
