best-result = 62.01806426048279
warmup-time = 78.16664528846741
all-measurements = [ 62.711718797683716, 62.01806426048279, 62.792014360427856,]
