best-result = 39.85673117637634
warmup-time = 48.191243171691895
all-measurements = [ 39.85823678970337, 39.927942514419556, 39.85673117637634,]
