best-result = 134.83644485473633
warmup-time = 167.51776504516602
all-measurements = [ 149.56083750724792, 143.5477991104126, 134.83644485473633,]
