best-result = 900.7982461452484
warmup-time = 936.493976354599
all-measurements = [ 900.7982461452484, 905.2414796352386, 901.0587129592896,]
