best-result = 27.440517902374268
warmup-time = 35.67866849899292
all-measurements = [ 27.440517902374268, 28.136895179748535, 28.057846307754517,]
