best-result = 56.880709648132324
warmup-time = 71.2138774394989
all-measurements = [ 56.880709648132324, 57.49152398109436, 57.01077961921692,]
