best-result = 59.574121952056885
warmup-time = 74.19541478157043
all-measurements = [ 59.59715914726257, 60.76776695251465, 59.574121952056885,]
