best-result = 109.8580207824707
warmup-time = 135.53375577926636
all-measurements = [ 109.8580207824707, 110.15237164497375, 110.12362480163574,]
