best-result = 773.0322299003601
warmup-time = 844.2652006149292
all-measurements = [ 775.3557667732239, 773.0322299003601, 773.5124351978302,]
