best-result = 33.66502928733826
warmup-time = 41.612483978271484
all-measurements = [ 34.21589183807373, 33.66502928733826, 34.07134938240051,]
