best-result = 54.91841220855713
warmup-time = 71.75492477416992
all-measurements = [ 55.5495491027832, 55.438093423843384, 54.91841220855713,]
