best-result = 1398.6823563575745
warmup-time = 2975.69188952446
all-measurements = [ 2263.1816720962524, 1398.6823563575745, 1999.507515668869,]
