best-result = 48.10432291030884
warmup-time = 69.31962418556213
all-measurements = [ 48.671607971191406, 48.71549701690674, 48.10432291030884,]
