best-result = 77.42177844047546
warmup-time = 97.64609122276306
all-measurements = [ 77.42177844047546, 77.75049304962158, 77.7029321193695,]
