best-result = 36.83060169219971
warmup-time = 47.018651247024536
all-measurements = [ 36.83060169219971, 37.166133642196655, 37.279032468795776,]
