best-result = 333.6595604419708
warmup-time = 467.8239121437073
all-measurements = [ 337.32174372673035, 335.1769015789032, 333.6595604419708,]
