best-result = 58.28905391693115
warmup-time = 59.40981721878052
all-measurements = [ 58.48782229423523, 58.28905391693115, 59.62052273750305,]
