best-result = 25.75146245956421
warmup-time = 26.670267581939697
all-measurements = [ 25.75146245956421, 26.586575746536255, 26.15480399131775,]
