best-result = 35.0834801197052
warmup-time = 37.65049362182617
all-measurements = [ 35.0834801197052, 36.506916522979736, 36.177979946136475,]
