best-result = 30.417969942092896
warmup-time = 31.42747664451599
all-measurements = [ 30.417969942092896, 31.340288639068604, 31.422600746154785,]
