best-result = 255.8176417350769
warmup-time = 263.20267486572266
all-measurements = [ 262.91607451438904, 255.8176417350769, 259.73980045318604,]
