best-result = 36.697362184524536
warmup-time = 36.52544164657593
all-measurements = [ 36.81758499145508, 36.697362184524536, 36.816115379333496,]
