best-result = 112.2417197227478
warmup-time = 114.28907227516174
all-measurements = [ 112.32813882827759, 114.09848356246948, 112.2417197227478,]
