best-result = 39.59433126449585
warmup-time = 41.557719707489014
all-measurements = [ 41.455559968948364, 40.82469844818115, 39.59433126449585,]
