best-result = 47.515130281448364
warmup-time = 47.227983713150024
all-measurements = [ 48.205501317977905, 47.515130281448364, 47.581812143325806,]
