best-result = 33.21302795410156
warmup-time = 33.79112887382507
all-measurements = [ 33.49361515045166, 34.666900873184204, 33.21302795410156,]
