best-result = 36.56539511680603
warmup-time = 36.52485370635986
all-measurements = [ 37.426416635513306, 37.89356303215027, 36.56539511680603,]
