best-result = 60.94796442985535
warmup-time = 62.58444404602051
all-measurements = [ 60.94796442985535, 63.1736855506897, 61.20955538749695,]
