best-result = 225.3788800239563
warmup-time = 228.83649563789368
all-measurements = [ 225.59644031524658, 228.9659378528595, 225.3788800239563,]
