best-result = 515.3217136859894
warmup-time = 519.7150564193726
all-measurements = [ 532.9562315940857, 518.6687951087952, 515.3217136859894,]
