best-result = 36.11781287193298
warmup-time = 36.66211199760437
all-measurements = [ 36.53944373130798, 36.11781287193298, 37.634910345077515,]
