best-result = 28.564075231552124
warmup-time = 29.072317838668823
all-measurements = [ 28.65270471572876, 29.034244775772095, 28.564075231552124,]
