best-result = 76.52357244491577
warmup-time = 78.55706691741943
all-measurements = [ 76.52357244491577, 80.18594908714294, 78.8924868106842,]
