best-result = 60.23702311515808
warmup-time = 62.46251916885376
all-measurements = [ 60.23702311515808, 63.37636852264404, 61.74713349342346,]
