best-result = 27.30642557144165
warmup-time = 28.328275203704834
all-measurements = [ 27.614359140396118, 28.02737331390381, 27.30642557144165,]
