best-result = 32.464425802230835
warmup-time = 35.78810477256775
all-measurements = [ 32.464425802230835, 34.49085974693298, 34.960652589797974,]
