best-result = 32.99189901351929
warmup-time = 33.67145800590515
all-measurements = [ 33.65945243835449, 34.17262315750122, 32.99189901351929,]
