best-result = 41.00579071044922
warmup-time = 43.27666258811951
all-measurements = [ 44.28531551361084, 41.00579071044922, 43.28268599510193,]
