best-result = 95.5901026725769
warmup-time = 99.16935229301453
all-measurements = [ 95.5901026725769, 96.55052423477173, 98.17396879196167,]
