best-result = 27.920409202575684
warmup-time = 29.410568714141846
all-measurements = [ 29.57755184173584, 27.920409202575684, 28.473453760147095,]
