best-result = 33.601009368896484
warmup-time = 35.319525957107544
all-measurements = [ 34.77639031410217, 34.959078788757324, 33.601009368896484,]
