best-result = 86.32969188690186
warmup-time = 88.61187386512756
all-measurements = [ 86.32969188690186, 92.97644090652466, 92.98877811431885,]
