best-result = 38.63540577888489
warmup-time = 38.48346400260925
all-measurements = [ 39.13771152496338, 38.63540577888489, 38.87051796913147,]
