best-result = 44.026827335357666
warmup-time = 43.35229706764221
all-measurements = [ 44.23313665390015, 44.026827335357666, 46.03019833564758,]
