best-result = 27.816591501235962
warmup-time = 28.520889043807983
all-measurements = [ 27.816591501235962, 27.989481687545776, 28.35872197151184,]
