best-result = 645.6971740722656
warmup-time = 685.7262382507324
all-measurements = [ 645.6971740722656, 652.0962572097778, 652.7153997421265,]
