best-result = 173.83835101127625
warmup-time = 174.972021818161
all-measurements = [ 174.91823625564575, 174.09538626670837, 173.83835101127625,]
