best-result = 64.99550938606262
warmup-time = 56.43477201461792
all-measurements = [ 66.6457884311676, 65.054931640625, 64.99550938606262,]
