best-result = 25.62913227081299
warmup-time = 26.52152943611145
all-measurements = [ 25.62913227081299, 26.0596706867218, 26.084091186523438,]
