best-result = 36.469757080078125
warmup-time = 37.74749255180359
all-measurements = [ 36.469757080078125, 38.289788484573364, 36.52395963668823,]
