best-result = 31.565471172332764
warmup-time = 32.53480672836304
all-measurements = [ 32.93959879875183, 33.027960538864136, 31.565471172332764,]
