best-result = 265.0632565021515
warmup-time = 269.3320710659027
all-measurements = [ 265.0632565021515, 268.32125091552734, 265.6137628555298,]
