best-result = 36.930625438690186
warmup-time = 36.17825746536255
all-measurements = [ 37.07926821708679, 37.003528118133545, 36.930625438690186,]
