best-result = 40.74073600769043
warmup-time = 42.556967973709106
all-measurements = [ 40.74073600769043, 42.05975365638733, 42.71398615837097,]
