best-result = 51.04507088661194
warmup-time = 51.36412048339844
all-measurements = [ 51.04507088661194, 52.11335730552673, 52.320770025253296,]
