best-result = 34.18357038497925
warmup-time = 36.76376962661743
all-measurements = [ 35.81079411506653, 35.188254833221436, 34.18357038497925,]
