best-result = 37.25660538673401
warmup-time = 38.75095820426941
all-measurements = [ 37.53931784629822, 37.25660538673401, 37.82414984703064,]
