best-result = 63.10966444015503
warmup-time = 64.12197923660278
all-measurements = [ 63.10966444015503, 65.12184262275696, 64.51645183563232,]
