best-result = 227.66986966133118
warmup-time = 231.80311131477356
all-measurements = [ 227.66986966133118, 230.78751397132874, 227.81624102592468,]
