best-result = 523.7036442756653
warmup-time = 529.5315451622009
all-measurements = [ 523.7036442756653, 527.5445461273193, 525.11132645607,]
