best-result = 35.863664388656616
warmup-time = 35.22946906089783
all-measurements = [ 35.863664388656616, 36.12820768356323, 36.58537578582764,]
