best-result = 62.14808988571167
warmup-time = 64.6708574295044
all-measurements = [ 62.14808988571167, 63.26250195503235, 64.17860841751099,]
