best-result = 27.429468631744385
warmup-time = 28.22977066040039
all-measurements = [ 28.021721839904785, 27.949766874313354, 27.429468631744385,]
