best-result = 36.48094654083252
warmup-time = 34.36141586303711
all-measurements = [ 36.595309019088745, 36.48094654083252, 36.877076625823975,]
