best-result = 32.1805374622345
warmup-time = 34.905588150024414
all-measurements = [ 34.83230233192444, 33.74986672401428, 32.1805374622345,]
