best-result = 41.8632173538208
warmup-time = 45.560641050338745
all-measurements = [ 41.8632173538208, 42.50156807899475, 45.10217809677124,]
