best-result = 96.34962320327759
warmup-time = 100.26344919204712
all-measurements = [ 97.21642994880676, 96.34962320327759, 100.8857810497284,]
