best-result = 28.615609407424927
warmup-time = 29.491516828536987
all-measurements = [ 29.322623252868652, 28.615609407424927, 29.593608140945435,]
