best-result = 33.266972064971924
warmup-time = 34.11060357093811
all-measurements = [ 33.266972064971924, 35.05336403846741, 33.329089879989624,]
