best-result = 87.57517433166504
warmup-time = 94.57095551490784
all-measurements = [ 87.97509527206421, 87.57517433166504, 88.84003686904907,]
