best-result = 39.60860633850098
warmup-time = 41.030011892318726
all-measurements = [ 39.60860633850098, 41.04614305496216, 40.32373380661011,]
