best-result = 43.72838997840881
warmup-time = 44.63564944267273
all-measurements = [ 43.72838997840881, 43.83461117744446, 44.00862240791321,]
