best-result = 27.394689321517944
warmup-time = 28.63348364830017
all-measurements = [ 27.394689321517944, 27.951087951660156, 28.904237747192383,]
