best-result = 684.8199424743652
warmup-time = 710.6752645969391
all-measurements = [ 701.7092251777649, 687.1462368965149, 684.8199424743652,]
