best-result = 174.57595801353455
warmup-time = 173.9044487476349
all-measurements = [ 174.69652128219604, 175.17918872833252, 174.57595801353455,]
