best-result = 43.760719299316406
warmup-time = 46.88383197784424
all-measurements = [ 46.288819313049316, 44.30587720870972, 43.760719299316406,]
