best-result = 23.045217990875244
warmup-time = 22.773207664489746
all-measurements = [ 23.045217990875244, 23.372597694396973, 23.41386651992798,]
