best-result = 46.57254338264465
warmup-time = 61.629042625427246
all-measurements = [ 46.57254338264465, 46.70369791984558, 46.92247462272644,]
