best-result = 46.155285120010376
warmup-time = 57.87587594985962
all-measurements = [ 46.675891399383545, 46.155285120010376, 46.356090784072876,]
