best-result = 894.211733341217
warmup-time = 1097.0726525783539
all-measurements = [ 899.6120610237122, 894.211733341217, 895.506511926651,]
