best-result = 85.10843586921692
warmup-time = 98.81368780136108
all-measurements = [ 85.16562867164612, 85.10843586921692, 85.36893224716187,]
