best-result = 974.754721403122
warmup-time = 1007.3440313339233
all-measurements = [ 979.7218308448792, 992.0862519741058, 974.754721403122,]
