best-result = 81.6069221496582
warmup-time = 103.56347060203552
all-measurements = [ 81.61306118965149, 81.6069221496582, 81.83382225036621,]
