best-result = 67.31738519668579
warmup-time = 85.85768604278564
all-measurements = [ 67.69559264183044, 67.37013363838196, 67.31738519668579,]
