best-result = 90.76456594467163
warmup-time = 105.12726879119873
all-measurements = [ 90.76456594467163, 91.15170192718506, 91.01534223556519,]
