best-result = 639.8183591365814
warmup-time = 658.6167268753052
all-measurements = [ 639.8183591365814, 641.2225339412689, 645.3450331687927,]
