best-result = 60.64981698989868
warmup-time = 77.12188863754272
all-measurements = [ 61.846216678619385, 60.64981698989868, 61.64163899421692,]
