best-result = 204.21395421028137
warmup-time = 357.7359628677368
all-measurements = [ 204.80249691009521, 204.21395421028137, 206.67788910865784,]
