best-result = 421.586030960083
warmup-time = 862.902370929718
all-measurements = [ 427.9047417640686, 421.586030960083, 425.0481102466583,]
