best-result = 61.706045150756836
warmup-time = 80.67763185501099
all-measurements = [ 61.99690890312195, 61.706045150756836, 63.14938044548035,]
