best-result = 40.036070108413696
warmup-time = 47.990883111953735
all-measurements = [ 40.168541431427, 40.31243944168091, 40.036070108413696,]
