best-result = 133.946373462677
warmup-time = 160.69894361495972
all-measurements = [ 133.946373462677, 134.36687541007996, 135.21688580513,]
