best-result = 895.0708196163177
warmup-time = 945.5470440387726
all-measurements = [ 895.0708196163177, 899.9545817375183, 901.5829904079437,]
