best-result = 27.676231384277344
warmup-time = 35.24191331863403
all-measurements = [ 27.816509246826172, 28.46627950668335, 27.676231384277344,]
