best-result = 57.044015645980835
warmup-time = 70.45709204673767
all-measurements = [ 57.364651679992676, 57.044015645980835, 57.23902916908264,]
