best-result = 59.497071981430054
warmup-time = 75.29796123504639
all-measurements = [ 59.69890546798706, 59.497071981430054, 60.08723163604736,]
