best-result = 109.44845390319824
warmup-time = 135.16614413261414
all-measurements = [ 110.61501717567444, 109.44845390319824, 109.5882077217102,]
