best-result = 773.7570505142212
warmup-time = 840.4908814430237
all-measurements = [ 773.7570505142212, 774.8022272586823, 773.8478281497955,]
