best-result = 33.98683261871338
warmup-time = 41.87934899330139
all-measurements = [ 34.18179249763489, 33.98683261871338, 34.5621063709259,]
