best-result = 54.85211515426636
warmup-time = 72.18619751930237
all-measurements = [ 55.51462936401367, 55.20798063278198, 54.85211515426636,]
