best-result = 1449.3499777317047
warmup-time = 1897.1155076026917
all-measurements = [ 1560.9561541080475, 1449.3499777317047, 1939.3066511154175,]
