best-result = 48.02606272697449
warmup-time = 70.02098846435547
all-measurements = [ 48.61671185493469, 48.02606272697449, 48.93884873390198,]
