best-result = 77.879962682724
warmup-time = 97.04310393333435
all-measurements = [ 78.59220933914185, 79.09911632537842, 77.879962682724,]
