best-result = 36.81364440917969
warmup-time = 46.641438245773315
all-measurements = [ 36.81364440917969, 37.37159705162048, 37.008392572402954,]
