best-result = 330.02666091918945
warmup-time = 468.71102499961853
all-measurements = [ 334.75181245803833, 330.02666091918945, 334.11323976516724,]
