best-result = 58.47975492477417
warmup-time = 58.85813283920288
all-measurements = [ 58.87827777862549, 58.47975492477417, 58.78358864784241,]
