best-result = 24.040703296661377
warmup-time = 23.99666953086853
all-measurements = [ 24.060543537139893, 24.323099613189697, 24.040703296661377,]
