best-result = 47.58843755722046
warmup-time = 65.39840412139893
all-measurements = [ 47.58843755722046, 47.91124677658081, 47.816078424453735,]
