best-result = 47.89362144470215
warmup-time = 59.313109397888184
all-measurements = [ 48.108376264572144, 47.89362144470215, 48.68244957923889,]
