best-result = 911.3783826828003
warmup-time = 1069.302609205246
all-measurements = [ 911.3783826828003, 921.0332057476044, 920.5497827529907,]
