best-result = 85.1709897518158
warmup-time = 99.69464683532715
all-measurements = [ 85.49733972549438, 85.1709897518158, 86.06655550003052,]
