best-result = 884.8668158054352
warmup-time = 909.2297759056091
all-measurements = [ 890.0296504497528, 886.5907866954803, 884.8668158054352,]
