best-result = 67.51996636390686
warmup-time = 80.72183775901794
all-measurements = [ 68.45021796226501, 68.06397771835327, 67.51996636390686,]
