best-result = 85.41847586631775
warmup-time = 106.80844974517822
all-measurements = [ 86.04480195045471, 85.41847586631775, 85.73600935935974,]
