best-result = 69.69367098808289
warmup-time = 89.40483069419861
all-measurements = [ 69.99537777900696, 69.69367098808289, 69.93468523025513,]
