best-result = 89.08253359794617
warmup-time = 102.26231598854065
all-measurements = [ 89.24666094779968, 89.08253359794617, 90.01307559013367,]
