best-result = 656.0954711437225
warmup-time = 669.2252905368805
all-measurements = [ 656.0954711437225, 657.7850661277771, 679.059597492218,]
