best-result = 64.42430639266968
warmup-time = 76.5668272972107
all-measurements = [ 64.56274819374084, 64.98854947090149, 64.42430639266968,]
