best-result = 191.99042510986328
warmup-time = 342.60725808143616
all-measurements = [ 192.34510707855225, 192.38483238220215, 191.99042510986328,]
