best-result = 394.04429268836975
warmup-time = 820.8179295063019
all-measurements = [ 396.6905369758606, 395.52002906799316, 394.04429268836975,]
