best-result = 64.1714277267456
warmup-time = 80.59085154533386
all-measurements = [ 64.1714277267456, 65.06635522842407, 64.23555731773376,]
