best-result = 41.78263759613037
warmup-time = 49.55925536155701
all-measurements = [ 41.78263759613037, 42.31605529785156, 41.83576560020447,]
