best-result = 137.19164037704468
warmup-time = 170.1085228919983
all-measurements = [ 137.19164037704468, 137.31090903282166, 138.11954760551453,]
