best-result = 941.2813251018524
warmup-time = 967.3431305885315
all-measurements = [ 946.8815386295319, 945.3983595371246, 941.2813251018524,]
