best-result = 28.81908631324768
warmup-time = 37.56712055206299
all-measurements = [ 28.81908631324768, 28.87207818031311, 28.908228158950806,]
