best-result = 60.83229875564575
warmup-time = 70.93742513656616
all-measurements = [ 60.83229875564575, 61.125460624694824, 61.704217195510864,]
