best-result = 61.123188495635986
warmup-time = 74.72315263748169
all-measurements = [ 61.465506076812744, 61.1239550113678, 61.123188495635986,]
