best-result = 110.84714913368225
warmup-time = 138.79965734481812
all-measurements = [ 112.10258102416992, 110.90224170684814, 110.84714913368225,]
