best-result = 777.2196433544159
warmup-time = 843.0472230911255
all-measurements = [ 777.2196433544159, 780.0037620067596, 785.0456793308258,]
