best-result = 35.31479477882385
warmup-time = 43.40105104446411
all-measurements = [ 35.55075168609619, 35.31479477882385, 36.16712427139282,]
