best-result = 57.55200672149658
warmup-time = 72.35855078697205
all-measurements = [ 57.55200672149658, 57.85127067565918, 57.70373225212097,]
