best-result = 2173.4547255039215
warmup-time = 4173.027102470398
all-measurements = [ 2173.4547255039215, 2185.756121635437, 2340.0270080566406,]
