best-result = 50.32060623168945
warmup-time = 71.0640037059784
all-measurements = [ 50.806132316589355, 50.32060623168945, 50.490665435791016,]
