best-result = 83.37120914459229
warmup-time = 102.11488389968872
all-measurements = [ 83.70830988883972, 83.38779330253601, 83.37120914459229,]
