best-result = 94.47971296310425
warmup-time = 116.05602431297302
all-measurements = [ 94.47971296310425, 94.65216016769409, 94.52471947669983,]
