best-result = 39.0111608505249
warmup-time = 48.271748065948486
all-measurements = [ 39.25956082344055, 39.0111608505249, 39.02587032318115,]
