best-result = 317.84099793434143
warmup-time = 457.355765581131
all-measurements = [ 344.3251144886017, 317.84099793434143, 325.05796813964844,]
