best-result = 61.96242833137512
warmup-time = 62.73777103424072
all-measurements = [ 61.96242833137512, 62.461517095565796, 62.14001822471619,]
