best-result = 21.488739013671875
warmup-time = 21.588009119033813
all-measurements = [ 21.634162187576294, 21.488739013671875, 22.012470483779907,]
