best-result = 47.15555548667908
warmup-time = 61.25304198265076
all-measurements = [ 47.15555548667908, 47.15595722198486, 47.47790050506592,]
