best-result = 46.32270002365112
warmup-time = 58.587677001953125
all-measurements = [ 46.79478597640991, 46.32270002365112, 46.44412922859192,]
