best-result = 978.4272613525391
warmup-time = 1172.0669124126434
all-measurements = [ 985.9664843082428, 978.4272613525391, 982.1750092506409,]
