best-result = 81.52533316612244
warmup-time = 94.20177459716797
all-measurements = [ 82.34264898300171, 81.63946580886841, 81.52533316612244,]
