best-result = 78.34610271453857
warmup-time = 99.4311695098877
all-measurements = [ 78.77916026115417, 78.34610271453857, 78.37516856193542,]
