best-result = 68.73537039756775
warmup-time = 90.85671806335449
all-measurements = [ 68.73537039756775, 69.41019868850708, 69.36585259437561,]
