best-result = 83.58352255821228
warmup-time = 98.74336981773376
all-measurements = [ 83.58352255821228, 84.0149314403534, 83.75875425338745,]
