best-result = 588.893462896347
warmup-time = 605.1122450828552
all-measurements = [ 591.0483386516571, 593.2777323722839, 588.893462896347,]
