best-result = 62.104880571365356
warmup-time = 79.05109310150146
all-measurements = [ 62.104880571365356, 62.41582131385803, 62.61901068687439,]
