best-result = 227.1924388408661
warmup-time = 397.2421770095825
all-measurements = [ 230.21739149093628, 231.78119587898254, 227.1924388408661,]
