best-result = 440.1476686000824
warmup-time = 899.0697295665741
all-measurements = [ 440.698189496994, 446.34877943992615, 440.1476686000824,]
