best-result = 59.33259916305542
warmup-time = 76.1290078163147
all-measurements = [ 59.87113118171692, 60.62082314491272, 59.33259916305542,]
