best-result = 854.4247727394104
warmup-time = 888.4359049797058
all-measurements = [ 893.0699138641357, 854.4247727394104, 861.2641091346741,]
