best-result = 27.05741238594055
warmup-time = 34.71652364730835
all-measurements = [ 27.1534640789032, 27.05741238594055, 27.093095302581787,]
