best-result = 57.606064796447754
warmup-time = 72.7744791507721
all-measurements = [ 57.906400203704834, 57.606064796447754, 57.86688947677612,]
