best-result = 55.57470178604126
warmup-time = 69.36170697212219
all-measurements = [ 55.79957032203674, 55.6834077835083, 55.57470178604126,]
