best-result = 108.16266322135925
warmup-time = 136.71759176254272
all-measurements = [ 108.4898612499237, 109.3844838142395, 108.16266322135925,]
