best-result = 766.6249709129333
warmup-time = 829.992068529129
all-measurements = [ 767.8634955883026, 766.6315348148346, 766.6249709129333,]
