best-result = 33.18538236618042
warmup-time = 41.01559782028198
all-measurements = [ 33.66917109489441, 33.18538236618042, 33.646241426467896,]
