best-result = 53.05572962760925
warmup-time = 68.04841732978821
all-measurements = [ 53.05572962760925, 53.25450587272644, 53.43364381790161,]
