best-result = 48.847330808639526
warmup-time = 67.71878552436829
all-measurements = [ 48.847330808639526, 49.776407957077026, 49.47211956977844,]
