best-result = 78.53430104255676
warmup-time = 97.69572854042053
all-measurements = [ 78.53430104255676, 78.97674679756165, 78.96091389656067,]
