best-result = 35.75344634056091
warmup-time = 44.49092674255371
all-measurements = [ 35.75344634056091, 35.979395151138306, 35.97905349731445,]
