best-result = 344.3727231025696
warmup-time = 484.6421504020691
all-measurements = [ 354.9797067642212, 347.57719230651855, 344.3727231025696,]
