best-result = 102.55723690986633
warmup-time = 103.09993028640747
all-measurements = [ 102.55723690986633, 102.64683938026428, 103.34967589378357,]
