best-result = 25.622135877609253
warmup-time = 26.36512303352356
all-measurements = [ 26.704071283340454, 25.691206693649292, 25.622135877609253,]
