best-result = 37.262563705444336
warmup-time = 36.29387092590332
all-measurements = [ 38.021836042404175, 37.39615988731384, 37.262563705444336,]
