best-result = 30.003817319869995
warmup-time = 31.793744564056396
all-measurements = [ 30.003817319869995, 31.75518012046814, 31.022620916366577,]
