best-result = 253.28279185295105
warmup-time = 262.61438608169556
all-measurements = [ 261.0910210609436, 259.0306131839752, 253.28279185295105,]
