best-result = 36.369481563568115
warmup-time = 37.34192490577698
all-measurements = [ 36.369481563568115, 36.826701402664185, 36.672837018966675,]
