best-result = 111.58547878265381
warmup-time = 115.53549432754517
all-measurements = [ 114.23527240753174, 112.21146893501282, 111.58547878265381,]
