best-result = 34.63308262825012
warmup-time = 35.94914960861206
all-measurements = [ 35.498390674591064, 34.63308262825012, 34.79045557975769,]
