best-result = 39.26606845855713
warmup-time = 42.65892243385315
all-measurements = [ 39.26606845855713, 39.55923819541931, 41.481255292892456,]
