best-result = 47.07106947898865
warmup-time = 47.891963958740234
all-measurements = [ 47.781874895095825, 47.07106947898865, 47.76369786262512,]
