best-result = 32.98206567764282
warmup-time = 34.21918606758118
all-measurements = [ 32.98206567764282, 33.19203448295593, 33.163957595825195,]
