best-result = 37.36664652824402
warmup-time = 37.8103723526001
all-measurements = [ 37.52538180351257, 37.679956674575806, 37.36664652824402,]
