best-result = 58.33688020706177
warmup-time = 61.14581823348999
all-measurements = [ 60.1323082447052, 59.2738618850708, 58.33688020706177,]
