best-result = 221.97347331047058
warmup-time = 222.8091263771057
all-measurements = [ 222.20595479011536, 221.97347331047058, 223.20023202896118,]
