best-result = 509.9968566894531
warmup-time = 515.7405025959015
all-measurements = [ 512.2358677387238, 509.9968566894531, 517.965891122818,]
