best-result = 35.76285767555237
warmup-time = 37.57466912269592
all-measurements = [ 37.05762434005737, 36.73276090621948, 35.76285767555237,]
