best-result = 28.69911289215088
warmup-time = 28.983054637908936
all-measurements = [ 28.95632266998291, 29.004990816116333, 28.69911289215088,]
