best-result = 70.45408701896667
warmup-time = 77.51025390625
all-measurements = [ 72.5845296382904, 78.29562401771545, 70.45408701896667,]
