best-result = 61.32610750198364
warmup-time = 62.17897415161133
all-measurements = [ 63.134031534194946, 62.1630961894989, 61.32610750198364,]
