best-result = 27.65503430366516
warmup-time = 27.7418110370636
all-measurements = [ 28.999540328979492, 27.65503430366516, 27.76250648498535,]
