best-result = 34.669132471084595
warmup-time = 35.60053324699402
all-measurements = [ 34.669132471084595, 35.75760293006897, 35.18620681762695,]
