best-result = 31.989683151245117
warmup-time = 31.73218822479248
all-measurements = [ 31.989683151245117, 33.70375061035156, 35.427452087402344,]
