best-result = 42.597217321395874
warmup-time = 42.20435166358948
all-measurements = [ 43.02477288246155, 42.81992292404175, 42.597217321395874,]
