best-result = 94.0162148475647
warmup-time = 96.93579816818237
all-measurements = [ 107.5692150592804, 99.4911298751831, 94.0162148475647,]
