best-result = 26.990777492523193
warmup-time = 30.186168909072876
all-measurements = [ 29.23801898956299, 26.990777492523193, 28.20820641517639,]
