best-result = 32.69471049308777
warmup-time = 33.70288372039795
all-measurements = [ 32.69471049308777, 34.314379930496216, 34.72952961921692,]
