best-result = 88.12804698944092
warmup-time = 88.95077109336853
all-measurements = [ 88.12804698944092, 94.14132523536682, 89.8814651966095,]
