best-result = 37.51238512992859
warmup-time = 38.871376514434814
all-measurements = [ 39.34537601470947, 37.51238512992859, 39.425047874450684,]
