best-result = 43.90560722351074
warmup-time = 45.076608180999756
all-measurements = [ 45.697490215301514, 43.90560722351074, 44.46374011039734,]
