best-result = 49.22123908996582
warmup-time = 50.244025468826294
all-measurements = [ 49.22123908996582, 50.935643672943115, 50.28764247894287,]
