best-result = 27.49429726600647
warmup-time = 29.26984477043152
all-measurements = [ 27.820571899414062, 27.49429726600647, 28.81448769569397,]
