best-result = 667.3227088451385
warmup-time = 722.6989805698395
all-measurements = [ 675.3494167327881, 671.8206057548523, 667.3227088451385,]
