best-result = 166.2265980243683
warmup-time = 169.29455661773682
all-measurements = [ 166.899729013443, 167.5172827243805, 166.2265980243683,]
