best-result = 63.336750984191895
warmup-time = 66.58092093467712
all-measurements = [ 69.12093162536621, 63.336750984191895, 69.6048104763031,]
