best-result = 25.781941652297974
warmup-time = 26.073723316192627
all-measurements = [ 27.29463243484497, 27.554213047027588, 25.781941652297974,]
