best-result = 46.48998785018921
warmup-time = 62.59603261947632
all-measurements = [ 47.615819454193115, 46.48998785018921, 46.79334282875061,]
