best-result = 46.5973846912384
warmup-time = 58.06367778778076
all-measurements = [ 46.5973846912384, 46.69725036621094, 46.91432523727417,]
