best-result = 935.3634181022644
warmup-time = 1133.4607145786285
all-measurements = [ 935.3634181022644, 956.032790184021, 941.7702841758728,]
