best-result = 84.7454137802124
warmup-time = 99.29062867164612
all-measurements = [ 84.7454137802124, 85.39081072807312, 85.33171939849854,]
