best-result = 82.29550576210022
warmup-time = 102.22936391830444
all-measurements = [ 84.10612607002258, 82.31143999099731, 82.29550576210022,]
