best-result = 70.56288647651672
warmup-time = 89.5976710319519
all-measurements = [ 70.60748839378357, 70.75800824165344, 70.56288647651672,]
