best-result = 90.57627940177917
warmup-time = 105.06581401824951
all-measurements = [ 91.0162615776062, 92.82847309112549, 90.57627940177917,]
