best-result = 644.0465831756592
warmup-time = 658.9837989807129
all-measurements = [ 646.4951934814453, 645.9485347270966, 644.0465831756592,]
