best-result = 65.92455816268921
warmup-time = 80.10054802894592
all-measurements = [ 65.92455816268921, 66.21760559082031, 66.15031886100769,]
