best-result = 220.70232152938843
warmup-time = 371.9902560710907
all-measurements = [ 223.09939527511597, 221.11927223205566, 220.70232152938843,]
