best-result = 432.3082027435303
warmup-time = 872.351104259491
all-measurements = [ 435.0869359970093, 442.8121144771576, 432.3082027435303,]
