best-result = 61.477123498916626
warmup-time = 79.024493932724
all-measurements = [ 62.0221381187439, 61.477123498916626, 62.135661602020264,]
