best-result = 142.33582615852356
warmup-time = 172.12098145484924
all-measurements = [ 143.00737977027893, 142.33582615852356, 143.46217107772827,]
