best-result = 935.2682819366455
warmup-time = 969.5762944221497
all-measurements = [ 935.2682819366455, 941.9016346931458, 938.8932032585144,]
