best-result = 27.2032790184021
warmup-time = 35.032546043395996
all-measurements = [ 28.092381238937378, 27.2032790184021, 28.004359245300293,]
