best-result = 58.340346336364746
warmup-time = 71.98189973831177
all-measurements = [ 58.94993591308594, 58.340346336364746, 59.337291955947876,]
