best-result = 58.86858081817627
warmup-time = 71.72177982330322
all-measurements = [ 59.63520336151123, 58.86858081817627, 58.92745089530945,]
