best-result = 110.76022911071777
warmup-time = 137.2283718585968
all-measurements = [ 111.44280934333801, 111.17705464363098, 110.76022911071777,]
