best-result = 783.2394361495972
warmup-time = 855.5608575344086
all-measurements = [ 787.0341799259186, 788.637957572937, 783.2394361495972,]
