best-result = 33.5863356590271
warmup-time = 42.01228070259094
all-measurements = [ 33.85833287239075, 34.2237389087677, 33.5863356590271,]
