best-result = 55.00948452949524
warmup-time = 71.7645583152771
all-measurements = [ 55.27235674858093, 55.00948452949524, 55.17273259162903,]
