best-result = 2056.8427827358246
warmup-time = 2530.249267101288
all-measurements = [ 2597.847666501999, 2056.8427827358246, 2717.556985139847,]
