best-result = 49.62518548965454
warmup-time = 71.19833779335022
all-measurements = [ 50.327274799346924, 49.62518548965454, 50.07581162452698,]
