best-result = 78.59138369560242
warmup-time = 98.76982069015503
all-measurements = [ 78.75960326194763, 78.59138369560242, 78.6473925113678,]
