best-result = 36.243547201156616
warmup-time = 45.74136996269226
all-measurements = [ 36.38775444030762, 36.243547201156616, 36.98347616195679,]
