best-result = 345.98508286476135
warmup-time = 489.0152356624603
all-measurements = [ 345.98508286476135, 348.49249744415283, 346.01715779304504,]
