best-result = 59.946367263793945
warmup-time = 60.90488576889038
all-measurements = [ 60.74304723739624, 59.946367263793945, 60.55429720878601,]
