best-result = 25.78660774230957
warmup-time = 25.833434343338013
all-measurements = [ 26.426389455795288, 25.78660774230957, 25.792206287384033,]
