best-result = 37.48812532424927
warmup-time = 37.960821866989136
all-measurements = [ 38.23725891113281, 37.48812532424927, 38.92961525917053,]
