best-result = 30.47161889076233
warmup-time = 31.254682064056396
all-measurements = [ 30.695180416107178, 30.47161889076233, 31.626246213912964,]
