best-result = 256.2337610721588
warmup-time = 262.8982820510864
all-measurements = [ 263.81402683258057, 262.9080572128296, 256.2337610721588,]
