best-result = 36.204336404800415
warmup-time = 36.87270402908325
all-measurements = [ 36.345232248306274, 36.204336404800415, 36.70910382270813,]
