best-result = 116.86684393882751
warmup-time = 120.59189701080322
all-measurements = [ 116.86684393882751, 119.80093812942505, 120.20479583740234,]
