best-result = 39.6119921207428
warmup-time = 40.578373432159424
all-measurements = [ 41.45707654953003, 39.6119921207428, 41.891525983810425,]
