best-result = 47.846553802490234
warmup-time = 49.03937745094299
all-measurements = [ 47.846553802490234, 48.56416940689087, 49.31161904335022,]
