best-result = 33.62282109260559
warmup-time = 35.22363638877869
all-measurements = [ 34.135613203048706, 34.702415466308594, 33.62282109260559,]
