best-result = 36.12116813659668
warmup-time = 38.103522300720215
all-measurements = [ 36.73978638648987, 36.12116813659668, 37.19964599609375,]
