best-result = 59.79868841171265
warmup-time = 64.52884888648987
all-measurements = [ 64.43308734893799, 62.50510597229004, 59.79868841171265,]
