best-result = 225.90556001663208
warmup-time = 229.75411224365234
all-measurements = [ 227.0119752883911, 225.90556001663208, 230.67545914649963,]
