best-result = 516.0314483642578
warmup-time = 536.8578321933746
all-measurements = [ 519.1644899845123, 518.1211953163147, 516.0314483642578,]
