best-result = 36.01813244819641
warmup-time = 38.13889718055725
all-measurements = [ 36.04940891265869, 37.283844232559204, 36.01813244819641,]
