best-result = 28.899457454681396
warmup-time = 29.16130042076111
all-measurements = [ 28.90868639945984, 28.899457454681396, 28.90821599960327,]
