best-result = 73.07196855545044
warmup-time = 75.34046602249146
all-measurements = [ 75.15763711929321, 75.93878293037415, 73.07196855545044,]
