best-result = 61.74468398094177
warmup-time = 63.839072465896606
all-measurements = [ 61.74468398094177, 62.52340793609619, 62.95988965034485,]
