best-result = 28.335479259490967
warmup-time = 29.737786769866943
all-measurements = [ 28.335479259490967, 28.79390859603882, 28.93078899383545,]
