best-result = 32.59014964103699
warmup-time = 35.490076303482056
all-measurements = [ 34.84062957763672, 32.59014964103699, 35.38023352622986,]
