best-result = 34.417644739151
warmup-time = 37.06401586532593
all-measurements = [ 36.52651000022888, 36.68958020210266, 34.417644739151,]
