best-result = 42.83420705795288
warmup-time = 44.455774784088135
all-measurements = [ 44.424351930618286, 44.12324833869934, 42.83420705795288,]
