best-result = 94.44479155540466
warmup-time = 97.54601049423218
all-measurements = [ 97.0516402721405, 94.44479155540466, 95.30062794685364,]
