best-result = 29.158990621566772
warmup-time = 28.954557418823242
all-measurements = [ 29.482922554016113, 29.67665147781372, 29.158990621566772,]
