best-result = 35.09449625015259
warmup-time = 36.123398542404175
all-measurements = [ 37.44210648536682, 35.09449625015259, 35.60830044746399,]
