best-result = 87.74702525138855
warmup-time = 88.9399995803833
all-measurements = [ 87.74702525138855, 90.87847208976746, 93.38258576393127,]
