best-result = 38.6288275718689
warmup-time = 39.71951746940613
all-measurements = [ 39.377039194107056, 38.6288275718689, 41.081838607788086,]
