best-result = 44.14061117172241
warmup-time = 44.34539008140564
all-measurements = [ 44.83981275558472, 44.14061117172241, 45.4454026222229,]
