best-result = 28.16058325767517
warmup-time = 28.932756662368774
all-measurements = [ 29.247985363006592, 28.16058325767517, 29.309784412384033,]
