best-result = 661.5369501113892
warmup-time = 694.7690672874451
all-measurements = [ 664.6851890087128, 661.5369501113892, 663.3084845542908,]
