best-result = 170.89046049118042
warmup-time = 174.55067586898804
all-measurements = [ 170.89046049118042, 171.65907096862793, 172.2679796218872,]
