best-result = 58.00082468986511
warmup-time = 70.10066032409668
all-measurements = [ 58.00082468986511, 66.90402579307556, 68.69603753089905,]
