best-result = 21.39888286590576
warmup-time = 21.554871320724487
all-measurements = [ 22.024675846099854, 21.546079635620117, 21.39888286590576,]
