best-result = 46.76945233345032
warmup-time = 64.74326133728027
all-measurements = [ 47.02635049819946, 46.90870499610901, 46.76945233345032,]
