best-result = 46.3627667427063
warmup-time = 58.27808690071106
all-measurements = [ 46.622273683547974, 46.561726331710815, 46.3627667427063,]
