best-result = 946.2385542392731
warmup-time = 1141.6522872447968
all-measurements = [ 949.3957486152649, 950.2990274429321, 946.2385542392731,]
