best-result = 81.22498035430908
warmup-time = 95.60624146461487
all-measurements = [ 82.399977684021, 81.22498035430908, 81.94628500938416,]
