best-result = 78.04234719276428
warmup-time = 99.95740818977356
all-measurements = [ 78.27559208869934, 78.87358593940735, 78.04234719276428,]
