best-result = 68.93667697906494
warmup-time = 92.94226694107056
all-measurements = [ 68.93667697906494, 69.3159921169281, 69.30249381065369,]
