best-result = 83.83448934555054
warmup-time = 97.05456161499023
all-measurements = [ 84.40490007400513, 84.03046941757202, 83.83448934555054,]
