best-result = 593.0615153312683
warmup-time = 605.9316351413727
all-measurements = [ 594.7234647274017, 593.0615153312683, 595.665269613266,]
