best-result = 61.56176400184631
warmup-time = 75.97957491874695
all-measurements = [ 62.27372169494629, 62.294060945510864, 61.56176400184631,]
