best-result = 224.7141933441162
warmup-time = 381.12088418006897
all-measurements = [ 226.0972592830658, 225.60204219818115, 224.7141933441162,]
