best-result = 439.3625090122223
warmup-time = 885.4889619350433
all-measurements = [ 441.7642774581909, 439.3625090122223, 439.5327031612396,]
