best-result = 60.061954975128174
warmup-time = 75.65146517753601
all-measurements = [ 60.231680154800415, 60.061954975128174, 60.12652921676636,]
