best-result = 845.8212153911591
warmup-time = 876.0992856025696
all-measurements = [ 850.7963137626648, 845.8212153911591, 876.1486790180206,]
