best-result = 26.761651754379272
warmup-time = 34.86756777763367
all-measurements = [ 27.248166799545288, 27.76431632041931, 26.761651754379272,]
