best-result = 57.55429458618164
warmup-time = 71.58015322685242
all-measurements = [ 57.55429458618164, 57.847599267959595, 58.19450235366821,]
