best-result = 55.65358877182007
warmup-time = 68.54390835762024
all-measurements = [ 57.09593653678894, 55.65358877182007, 55.805859088897705,]
