best-result = 108.4769515991211
warmup-time = 137.1366548538208
all-measurements = [ 108.4769515991211, 108.48380875587463, 108.76884770393372,]
