best-result = 761.5945398807526
warmup-time = 828.2875995635986
all-measurements = [ 762.8472559452057, 762.2889301776886, 761.5945398807526,]
