best-result = 33.49369287490845
warmup-time = 41.10948634147644
all-measurements = [ 33.78958773612976, 33.49369287490845, 33.94157552719116,]
