best-result = 52.82909274101257
warmup-time = 67.4117271900177
all-measurements = [ 53.13416600227356, 52.82909274101257, 53.230475425720215,]
