best-result = 49.36885714530945
warmup-time = 67.13416814804077
all-measurements = [ 49.82973837852478, 49.36885714530945, 49.53094434738159,]
