best-result = 79.04642271995544
warmup-time = 98.75227880477905
all-measurements = [ 79.92593574523926, 79.04642271995544, 92.78253197669983,]
