best-result = 35.93539595603943
warmup-time = 54.55109524726868
all-measurements = [ 35.93539595603943, 35.949116230010986, 36.031822681427,]
