best-result = 332.06126976013184
warmup-time = 470.9060845375061
all-measurements = [ 332.06126976013184, 335.13635420799255, 334.36216950416565,]
