best-result = 101.77710819244385
warmup-time = 102.66147637367249
all-measurements = [ 102.8249409198761, 103.10529065132141, 101.77710819244385,]
