best-result = 25.015608072280884
warmup-time = 25.798096895217896
all-measurements = [ 25.490073919296265, 25.015608072280884, 26.3592791557312,]
