best-result = 37.71575427055359
warmup-time = 39.18740701675415
all-measurements = [ 37.71575427055359, 38.151246070861816, 37.807401180267334,]
