best-result = 32.075364112854004
warmup-time = 32.493277072906494
all-measurements = [ 32.5402398109436, 32.075364112854004, 32.80490303039551,]
