best-result = 267.43224024772644
warmup-time = 270.18123841285706
all-measurements = [ 269.1677258014679, 267.43224024772644, 268.3184885978699,]
