best-result = 35.47745609283447
warmup-time = 35.76924705505371
all-measurements = [ 36.60516119003296, 35.47745609283447, 35.88429880142212,]
