best-result = 42.12171268463135
warmup-time = 42.36102104187012
all-measurements = [ 42.12171268463135, 43.91717314720154, 42.19466805458069,]
