best-result = 50.12603497505188
warmup-time = 49.64891529083252
all-measurements = [ 51.40450954437256, 50.29461431503296, 50.12603497505188,]
