best-result = 33.90105962753296
warmup-time = 34.282954454422
all-measurements = [ 35.49085092544556, 33.90105962753296, 34.57103514671326,]
