best-result = 37.57248616218567
warmup-time = 38.00331902503967
all-measurements = [ 38.01431584358215, 37.57248616218567, 38.33812642097473,]
