best-result = 60.029075384140015
warmup-time = 59.309128761291504
all-measurements = [ 62.317628145217896, 60.029075384140015, 61.27193784713745,]
