best-result = 231.2007052898407
warmup-time = 235.53617978096008
all-measurements = [ 232.256854057312, 231.2007052898407, 235.7445592880249,]
