best-result = 527.5090708732605
warmup-time = 531.3059391975403
all-measurements = [ 529.1095728874207, 527.5090708732605, 530.1689915657043,]
