best-result = 35.94853138923645
warmup-time = 36.889569997787476
all-measurements = [ 35.94853138923645, 36.735007524490356, 37.402587890625,]
