best-result = 62.85531401634216
warmup-time = 63.37787652015686
all-measurements = [ 62.85531401634216, 63.94753885269165, 64.89807271957397,]
