best-result = 27.335456132888794
warmup-time = 28.166794300079346
all-measurements = [ 28.686670064926147, 27.335456132888794, 27.872731685638428,]
