best-result = 36.005579710006714
warmup-time = 36.126654624938965
all-measurements = [ 36.005579710006714, 36.30256104469299, 36.25719237327576,]
