best-result = 34.023019552230835
warmup-time = 34.28049993515015
all-measurements = [ 34.023019552230835, 34.40739369392395, 34.0498571395874,]
