best-result = 42.757105112075806
warmup-time = 44.58798933029175
all-measurements = [ 44.270734548568726, 42.757105112075806, 43.519639015197754,]
