best-result = 97.45724678039551
warmup-time = 98.41550350189209
all-measurements = [ 97.45724678039551, 97.50953245162964, 98.30697870254517,]
