best-result = 28.359602689743042
warmup-time = 27.071295738220215
all-measurements = [ 28.359602689743042, 28.90118670463562, 28.911820650100708,]
