best-result = 34.22007441520691
warmup-time = 33.639837980270386
all-measurements = [ 34.56312370300293, 34.22007441520691, 35.45652198791504,]
