best-result = 39.619874000549316
warmup-time = 40.88521194458008
all-measurements = [ 40.62529635429382, 39.619874000549316, 40.34406900405884,]
