best-result = 44.326576232910156
warmup-time = 45.481459617614746
all-measurements = [ 44.326576232910156, 45.76273822784424, 44.43705105781555,]
