best-result = 27.18918538093567
warmup-time = 28.422651767730713
all-measurements = [ 27.18918538093567, 28.265263080596924, 27.944231510162354,]
