best-result = 689.8398849964142
warmup-time = 698.0558953285217
all-measurements = [ 703.9782180786133, 702.0713140964508, 689.8398849964142,]
