best-result = 176.0475251674652
warmup-time = 179.94399785995483
all-measurements = [ 182.82650637626648, 181.82986402511597, 176.0475251674652,]
