best-result = 42.82062792778015
warmup-time = 43.642836809158325
all-measurements = [ 42.82062792778015, 44.11521363258362, 43.44487714767456,]
