best-result = 26.04691481590271
warmup-time = 26.231788873672485
all-measurements = [ 26.04691481590271, 26.133432626724243, 26.52736234664917,]
