best-result = 35.9094922542572
warmup-time = 35.77097845077515
all-measurements = [ 37.21480369567871, 37.324395179748535, 35.9094922542572,]
