best-result = 30.115378379821777
warmup-time = 31.391844749450684
all-measurements = [ 31.606196880340576, 30.115378379821777, 30.539299249649048,]
