best-result = 252.45424103736877
warmup-time = 258.5255093574524
all-measurements = [ 253.50300240516663, 252.45424103736877, 253.5814507007599,]
