best-result = 35.51331090927124
warmup-time = 36.634063482284546
all-measurements = [ 35.51331090927124, 36.34489846229553, 36.151946783065796,]
