best-result = 111.39698100090027
warmup-time = 113.68660759925842
all-measurements = [ 111.39698100090027, 111.93584179878235, 114.64634585380554,]
