best-result = 34.26327610015869
warmup-time = 35.629396200180054
all-measurements = [ 36.42331886291504, 34.90129113197327, 34.26327610015869,]
