best-result = 40.923299074172974
warmup-time = 41.36859893798828
all-measurements = [ 41.564300775527954, 41.569791316986084, 40.923299074172974,]
