best-result = 47.866716623306274
warmup-time = 49.34142351150513
all-measurements = [ 47.866716623306274, 48.55091047286987, 48.090654134750366,]
