best-result = 33.45708632469177
warmup-time = 31.183855772018433
all-measurements = [ 33.70608878135681, 33.45708632469177, 33.56255769729614,]
