best-result = 37.6135573387146
warmup-time = 37.300731897354126
all-measurements = [ 37.6135573387146, 37.941924810409546, 37.72442603111267,]
