best-result = 61.31436491012573
warmup-time = 61.652774810791016
all-measurements = [ 61.31436491012573, 65.31513452529907, 63.016809701919556,]
