best-result = 217.48935270309448
warmup-time = 221.2146337032318
all-measurements = [ 217.48935270309448, 218.44950675964355, 219.2824821472168,]
