best-result = 508.8892538547516
warmup-time = 518.5173575878143
all-measurements = [ 508.8892538547516, 509.9475495815277, 509.261399269104,]
