best-result = 35.77739453315735
warmup-time = 37.34242057800293
all-measurements = [ 37.17128586769104, 35.77739453315735, 36.04393744468689,]
