best-result = 28.684837818145752
warmup-time = 29.90002155303955
all-measurements = [ 29.168108463287354, 28.684837818145752, 28.689512014389038,]
