best-result = 71.87172269821167
warmup-time = 81.6123673915863
all-measurements = [ 76.59733843803406, 79.62445878982544, 71.87172269821167,]
