best-result = 60.497132539749146
warmup-time = 62.89912939071655
all-measurements = [ 61.934082984924316, 60.497132539749146, 62.04926061630249,]
