best-result = 28.03771138191223
warmup-time = 28.467862367630005
all-measurements = [ 28.03771138191223, 29.70657777786255, 28.231101989746094,]
