best-result = 35.167505979537964
warmup-time = 34.696006774902344
all-measurements = [ 35.68493938446045, 35.24003195762634, 35.167505979537964,]
