best-result = 33.209569692611694
warmup-time = 33.362136363983154
all-measurements = [ 33.37718677520752, 33.209569692611694, 33.55582118034363,]
