best-result = 42.75851583480835
warmup-time = 49.849050998687744
all-measurements = [ 46.47785925865173, 42.9681761264801, 42.75851583480835,]
