best-result = 94.18473625183105
warmup-time = 96.0855758190155
all-measurements = [ 99.45777082443237, 94.18473625183105, 94.43321704864502,]
