best-result = 28.106072425842285
warmup-time = 28.106971979141235
all-measurements = [ 29.980998516082764, 28.106072425842285, 28.81288194656372,]
