best-result = 34.207799196243286
warmup-time = 34.93585157394409
all-measurements = [ 34.207799196243286, 35.10887408256531, 34.76400303840637,]
