best-result = 84.45143556594849
warmup-time = 94.89980006217957
all-measurements = [ 87.48703026771545, 84.45143556594849, 88.42471575737,]
