best-result = 37.673126459121704
warmup-time = 38.545225381851196
all-measurements = [ 37.673126459121704, 38.7707200050354, 39.16672158241272,]
