best-result = 44.8718466758728
warmup-time = 46.15121817588806
all-measurements = [ 46.466511964797974, 46.46668267250061, 44.8718466758728,]
