best-result = 50.13914203643799
warmup-time = 49.724040269851685
all-measurements = [ 50.627652406692505, 50.13914203643799, 50.18239498138428,]
