best-result = 28.52448010444641
warmup-time = 28.86804723739624
all-measurements = [ 28.829185962677002, 29.36980938911438, 28.52448010444641,]
