best-result = 643.2958488464355
warmup-time = 693.8756055831909
all-measurements = [ 643.2958488464355, 648.6647806167603, 645.5825622081757,]
