best-result = 165.55496454238892
warmup-time = 168.58528780937195
all-measurements = [ 165.55496454238892, 168.65552163124084, 167.95491099357605,]
