best-result = 58.10528612136841
warmup-time = 66.51356101036072
all-measurements = [ 64.44942951202393, 58.686835289001465, 58.10528612136841,]
