best-result = 22.980618000030518
warmup-time = 25.19223189353943
all-measurements = [ 23.18385624885559, 22.980618000030518, 23.16597008705139,]
memory-traffic = 271
