best-result = 47.473673582077026
warmup-time = 65.8113706111908
all-measurements = [ 47.70407247543335, 48.138752698898315, 47.473673582077026,]
memory-traffic = 3688
