best-result = 46.65959858894348
warmup-time = 60.49806308746338
all-measurements = [ 47.596632957458496, 46.965598583221436, 46.65959858894348,]
memory-traffic = 3341
