best-result = 961.949670791626
warmup-time = 1171.1440262794495
all-measurements = [ 968.6766014099121, 968.831226348877, 961.949670791626,]
