best-result = 84.04221057891846
warmup-time = 99.39952611923218
all-measurements = [ 84.04221057891846, 84.93936729431152, 84.92575693130493,]
memory-traffic = 7307
