best-result = 80.75972366333008
warmup-time = 102.79458904266357
all-measurements = [ 80.75972366333008, 81.87134957313538, 81.80475306510925,]
memory-traffic = 6157
