best-result = 70.02421188354492
warmup-time = 94.50096774101257
all-measurements = [ 70.75821709632874, 70.25871706008911, 70.02421188354492,]
memory-traffic = 6084
