best-result = 88.63224577903748
warmup-time = 104.30298209190369
all-measurements = [ 88.63224577903748, 89.29633665084839, 89.8550341129303,]
memory-traffic = 7704
