best-result = 625.5248968601227
warmup-time = 644.0699274539948
all-measurements = [ 625.5248968601227, 626.0254707336426, 628.6756455898285,]
memory-traffic = 56384
