best-result = 64.26725673675537
warmup-time = 80.95984196662903
all-measurements = [ 64.26725673675537, 64.29094386100769, 64.90895366668701,]
memory-traffic = 3650
