best-result = 217.41060519218445
warmup-time = 379.4201114177704
all-measurements = [ 218.54295563697815, 219.36081266403198, 217.41060519218445,]
memory-traffic = 17232
