best-result = 441.0850167274475
warmup-time = 875.8519563674927
all-measurements = [ 443.84113240242004, 441.0850167274475, 441.5202796459198,]
memory-traffic = 26032
