best-result = 61.880370140075684
warmup-time = 78.96247816085815
all-measurements = [ 62.05117082595825, 62.191835165023804, 61.880370140075684,]
memory-traffic = 3695
