best-result = 913.5883071422577
warmup-time = 942.5501413345337
all-measurements = [ 923.6405911445618, 913.5883071422577, 941.7873528003693,]
memory-traffic = 101444
