best-result = 26.622419595718384
warmup-time = 37.220783948898315
all-measurements = [ 27.027315378189087, 26.622419595718384, 27.50715470314026,]
memory-traffic = 790
