best-result = 57.91156601905823
warmup-time = 73.57835650444031
all-measurements = [ 57.94819974899292, 58.57000708580017, 57.91156601905823,]
memory-traffic = 4001
