best-result = 58.09119629859924
warmup-time = 73.29679012298584
all-measurements = [ 58.33207106590271, 59.209386348724365, 58.09119629859924,]
memory-traffic = 3238
