best-result = 109.94296836853027
warmup-time = 140.57813954353333
all-measurements = [ 110.8575029373169, 109.94296836853027, 110.77780771255493,]
memory-traffic = 10425
