best-result = 784.3107724189758
warmup-time = 846.1562595367432
all-measurements = [ 784.3107724189758, 791.0139293670654, 786.0342812538147,]
memory-traffic = 68853
