best-result = 33.857914686203
warmup-time = 44.70273017883301
all-measurements = [ 33.857914686203, 34.143723487854004, 34.25750780105591,]
memory-traffic = 1298
