best-result = 53.809855461120605
warmup-time = 71.2256727218628
all-measurements = [ 54.1423659324646, 53.809855461120605, 54.113020181655884,]
memory-traffic = 3762
