best-result = 1646.1967079639435
warmup-time = 2034.8747432231903
all-measurements = [ 2121.1320989131927, 1646.1967079639435, 2928.2640194892883,]
