best-result = 49.5030198097229
warmup-time = 72.60207557678223
all-measurements = [ 49.71308159828186, 49.5030198097229, 49.66639065742493,]
memory-traffic = 3717
