best-result = 80.10459232330322
warmup-time = 102.49352741241455
all-measurements = [ 80.49258232116699, 80.10459232330322, 80.97068452835083,]
memory-traffic = 6626
