best-result = 36.0873498916626
warmup-time = 47.85976958274841
all-measurements = [ 36.0873498916626, 36.10924506187439, 36.16890573501587,]
memory-traffic = 1781
