best-result = 345.889200925827
warmup-time = 494.80345487594604
all-measurements = [ 345.889200925827, 353.71824073791504, 350.36514830589294,]
memory-traffic = 34362
