best-result = 126.69675707817078
warmup-time = 128.34850430488586
all-measurements = [ 127.1680223941803, 127.29218029975891, 126.69675707817078,]
memory-traffic = 9193
