best-result = 25.497666120529175
warmup-time = 26.275541067123413
all-measurements = [ 26.08456325531006, 25.993982791900635, 25.497666120529175,]
