best-result = 36.19137358665466
warmup-time = 36.18784689903259
all-measurements = [ 37.82425498962402, 37.9101185798645, 36.19137358665466,]
