best-result = 30.705302238464355
warmup-time = 31.822012186050415
all-measurements = [ 31.90961194038391, 30.705302238464355, 31.235862731933594,]
