best-result = 267.6380009651184
warmup-time = 270.92906665802
all-measurements = [ 267.93311882019043, 267.6380009651184, 269.23011445999146,]
