best-result = 35.83384609222412
warmup-time = 36.290098428726196
all-measurements = [ 36.289679288864136, 36.617398262023926, 35.83384609222412,]
