best-result = 111.36812043190002
warmup-time = 116.8476767539978
all-measurements = [ 114.92759251594543, 112.44880771636963, 111.36812043190002,]
