best-result = 40.75894379615784
warmup-time = 40.64535450935364
all-measurements = [ 41.73939299583435, 41.342942237854004, 40.75894379615784,]
