best-result = 47.38093328475952
warmup-time = 47.770060300827026
all-measurements = [ 48.61354041099548, 48.67223310470581, 47.38093328475952,]
