best-result = 32.87971806526184
warmup-time = 33.729336977005005
all-measurements = [ 34.601871728897095, 32.87971806526184, 33.06479477882385,]
