best-result = 36.80025887489319
warmup-time = 37.361751079559326
all-measurements = [ 36.93346858024597, 36.96478271484375, 36.80025887489319,]
