best-result = 61.00661611557007
warmup-time = 66.21907544136047
all-measurements = [ 66.49547910690308, 61.00661611557007, 65.78981852531433,]
