best-result = 227.81115102767944
warmup-time = 233.40753078460693
all-measurements = [ 227.81115102767944, 230.07277607917786, 229.98497700691223,]
