best-result = 523.6147949695587
warmup-time = 529.076812505722
all-measurements = [ 523.6147949695587, 525.5160892009735, 524.1717443466187,]
