best-result = 36.21334362030029
warmup-time = 36.77913808822632
all-measurements = [ 37.31900119781494, 37.077232837677, 36.21334362030029,]
