best-result = 28.43111491203308
warmup-time = 29.003674268722534
all-measurements = [ 28.43111491203308, 28.805893898010254, 29.281663417816162,]
