best-result = 71.23715019226074
warmup-time = 82.93753695487976
all-measurements = [ 74.80219650268555, 71.8263897895813, 71.23715019226074,]
