best-result = 61.60148787498474
warmup-time = 62.746402978897095
all-measurements = [ 61.60148787498474, 61.736276388168335, 64.34044051170349,]
