best-result = 28.35993003845215
warmup-time = 26.882405042648315
all-measurements = [ 28.36598563194275, 28.619422674179077, 28.35993003845215,]
