best-result = 35.66899228096008
warmup-time = 36.03742599487305
all-measurements = [ 36.131813764572144, 35.66899228096008, 36.154786348342896,]
