best-result = 34.25310730934143
warmup-time = 33.30424785614014
all-measurements = [ 34.25310730934143, 34.37786507606506, 34.65697908401489,]
