best-result = 43.01226806640625
warmup-time = 43.21519064903259
all-measurements = [ 43.01226806640625, 43.29849052429199, 44.330726146698,]
