best-result = 97.37445878982544
warmup-time = 98.90043759346008
all-measurements = [ 97.37445878982544, 99.35662126541138, 102.73893642425537,]
