best-result = 28.63895010948181
warmup-time = 28.153273582458496
all-measurements = [ 29.04426097869873, 29.54668164253235, 28.63895010948181,]
