best-result = 34.34391188621521
warmup-time = 34.32258462905884
all-measurements = [ 34.99811267852783, 34.416165351867676, 34.34391188621521,]
