best-result = 91.03636407852173
warmup-time = 91.28523445129395
all-measurements = [ 91.03636407852173, 93.45344090461731, 92.27113771438599,]
