best-result = 38.83037495613098
warmup-time = 39.7106773853302
all-measurements = [ 38.83037495613098, 39.23802137374878, 40.155845165252686,]
