best-result = 44.69211554527283
warmup-time = 44.198363304138184
all-measurements = [ 45.39935064315796, 44.69211554527283, 44.86113357543945,]
