best-result = 27.56268835067749
warmup-time = 29.083505630493164
all-measurements = [ 28.35800814628601, 28.47085475921631, 27.56268835067749,]
