best-result = 695.7512409687042
warmup-time = 725.5472502708435
all-measurements = [ 699.9666483402252, 704.0783889293671, 695.7512409687042,]
