best-result = 175.42338252067566
warmup-time = 174.8323004245758
all-measurements = [ 179.7426733970642, 181.03920602798462, 175.42338252067566,]
