best-result = 63.94457387924194
warmup-time = 58.232261657714844
all-measurements = [ 63.94457387924194, 68.2170934677124, 67.31313061714172,]
