best-result = 22.496437311172485
warmup-time = 23.172237873077393
all-measurements = [ 23.05207371711731, 22.943329572677612, 22.496437311172485,]
