best-result = 47.107773303985596
warmup-time = 64.75609135627747
all-measurements = [ 47.891664028167725, 47.107773303985596, 47.4505136013031,]
