best-result = 46.75740671157837
warmup-time = 60.02747344970703
all-measurements = [ 46.9300639629364, 46.75740671157837, 47.25056862831116,]
