best-result = 942.0841901302338
warmup-time = 1138.8721067905426
all-measurements = [ 954.6684906482697, 942.0841901302338, 965.7524671554565,]
