best-result = 83.85698509216309
warmup-time = 99.06128668785095
all-measurements = [ 85.92289066314697, 83.85698509216309, 85.28288078308105,]
