best-result = 81.00564289093018
warmup-time = 102.5543007850647
all-measurements = [ 81.58600950241089, 81.00564289093018, 81.6292314529419,]
