best-result = 69.520831823349
warmup-time = 91.12455368041992
all-measurements = [ 69.58284163475037, 69.520831823349, 69.53122687339783,]
