best-result = 90.3931052684784
warmup-time = 104.94557428359985
all-measurements = [ 90.3931052684784, 90.88508558273315, 91.46091651916504,]
