best-result = 614.2605748176575
warmup-time = 631.7994108200073
all-measurements = [ 616.928943157196, 614.2605748176575, 619.7914054393768,]
