best-result = 63.863325119018555
warmup-time = 74.6261887550354
all-measurements = [ 63.863325119018555, 63.97708439826965, 63.9485547542572,]
