best-result = 218.8719663619995
warmup-time = 374.7061245441437
all-measurements = [ 220.38271951675415, 220.7032573223114, 218.8719663619995,]
