best-result = 438.86585426330566
warmup-time = 889.9309985637665
all-measurements = [ 438.86585426330566, 448.2464978694916, 450.81165981292725,]
