best-result = 61.68575716018677
warmup-time = 78.13040685653687
all-measurements = [ 62.260332345962524, 61.68575716018677, 62.32963275909424,]
