best-result = 856.7133865356445
warmup-time = 892.8553354740143
all-measurements = [ 864.1392860412598, 856.7133865356445, 862.0368323326111,]
