best-result = 27.36191463470459
warmup-time = 35.568883419036865
all-measurements = [ 27.955358266830444, 27.58287024497986, 27.36191463470459,]
