best-result = 57.59642314910889
warmup-time = 71.63099527359009
all-measurements = [ 58.10944581031799, 57.63375377655029, 57.59642314910889,]
