best-result = 58.24465775489807
warmup-time = 72.19338250160217
all-measurements = [ 58.24465775489807, 65.0017421245575, 65.30111980438232,]
