best-result = 108.93729782104492
warmup-time = 138.9802896976471
all-measurements = [ 108.93729782104492, 110.64444208145142, 110.84033823013306,]
