best-result = 776.5876972675323
warmup-time = 850.4515745639801
all-measurements = [ 776.805505990982, 776.5876972675323, 776.6968755722046,]
