best-result = 34.108779430389404
warmup-time = 40.857218503952026
all-measurements = [ 34.14930295944214, 34.108779430389404, 34.21381068229675,]
