best-result = 53.89839053153992
warmup-time = 69.0826735496521
all-measurements = [ 53.89839053153992, 54.3588593006134, 54.23034977912903,]
