best-result = 1881.4914066791534
warmup-time = 2250.724373817444
all-measurements = [ 2525.6073782444, 1881.4914066791534, 1980.322386264801,]
