best-result = 49.61028981208801
warmup-time = 70.57165813446045
all-measurements = [ 49.6945276260376, 49.61028981208801, 50.065528869628906,]
