best-result = 80.67304039001465
warmup-time = 100.72693729400635
all-measurements = [ 81.60130429267883, 80.68852281570435, 80.67304039001465,]
