best-result = 36.49891400337219
warmup-time = 44.72548317909241
all-measurements = [ 36.920185804367065, 36.58203172683716, 36.49891400337219,]
