best-result = 340.94011545181274
warmup-time = 493.23340702056885
all-measurements = [ 340.94011545181274, 356.58631229400635, 350.8328957557678,]
