best-result = 103.87996172904968
warmup-time = 105.26190829277039
all-measurements = [ 104.10299444198608, 103.87996172904968, 104.2303409576416,]
