best-result = 25.58691120147705
warmup-time = 26.19493269920349
all-measurements = [ 25.58691120147705, 25.960307598114014, 25.773220539093018,]
