best-result = 35.977490186691284
warmup-time = 36.686121225357056
all-measurements = [ 35.977490186691284, 37.42696690559387, 37.720101833343506,]
