best-result = 30.81410789489746
warmup-time = 31.760269165039062
all-measurements = [ 30.81410789489746, 31.23304843902588, 32.56088471412659,]
