best-result = 262.35773277282715
warmup-time = 272.49310660362244
all-measurements = [ 264.0258889198303, 266.63285279273987, 262.35773277282715,]
