best-result = 35.68057298660278
warmup-time = 37.096189975738525
all-measurements = [ 36.23629546165466, 37.36772036552429, 35.68057298660278,]
