best-result = 40.79671835899353
warmup-time = 41.59598183631897
all-measurements = [ 40.87427592277527, 40.79671835899353, 42.2709321975708,]
