best-result = 48.27106213569641
warmup-time = 49.4332070350647
all-measurements = [ 48.27106213569641, 49.7201726436615, 48.73751759529114,]
