best-result = 32.39900350570679
warmup-time = 34.480940103530884
all-measurements = [ 32.39900350570679, 33.584211349487305, 33.995352268218994,]
