best-result = 36.709795236587524
warmup-time = 38.30376982688904
all-measurements = [ 37.8995521068573, 37.131744384765625, 36.709795236587524,]
