best-result = 60.36789846420288
warmup-time = 64.97831749916077
all-measurements = [ 62.9030818939209, 60.36789846420288, 64.35927605628967,]
