best-result = 224.54010128974915
warmup-time = 230.88257932662964
all-measurements = [ 225.4522316455841, 224.54010128974915, 227.04536128044128,]
