best-result = 516.7107145786285
warmup-time = 522.2239928245544
all-measurements = [ 524.1536378860474, 521.3332364559174, 516.7107145786285,]
