best-result = 35.58200168609619
warmup-time = 36.500370264053345
all-measurements = [ 35.73731017112732, 37.32699179649353, 35.58200168609619,]
