best-result = 81.2046799659729
warmup-time = 77.43571734428406
all-measurements = [ 87.97459292411804, 81.2046799659729, 83.58545541763306,]
