best-result = 63.21665072441101
warmup-time = 62.801936864852905
all-measurements = [ 64.1529586315155, 63.21665072441101, 63.26823282241821,]
