best-result = 27.136234998703003
warmup-time = 28.796862840652466
all-measurements = [ 27.136234998703003, 28.1366868019104, 28.30638837814331,]
