best-result = 34.636377811431885
warmup-time = 36.03383469581604
all-measurements = [ 34.636377811431885, 35.3609619140625, 35.399232149124146,]
