best-result = 32.588541746139526
warmup-time = 31.430750370025635
all-measurements = [ 33.734999895095825, 33.26004600524902, 32.588541746139526,]
