best-result = 42.66455602645874
warmup-time = 43.43336582183838
all-measurements = [ 42.66455602645874, 43.114142417907715, 43.153953075408936,]
