best-result = 96.90254640579224
warmup-time = 98.75214838981628
all-measurements = [ 98.4466199874878, 97.86305713653564, 96.90254640579224,]
