best-result = 27.529452323913574
warmup-time = 27.748204946517944
all-measurements = [ 27.529452323913574, 28.437029600143433, 28.110568284988403,]
