best-result = 33.891313314437866
warmup-time = 34.638895988464355
all-measurements = [ 34.10801601409912, 33.891313314437866, 34.90139079093933,]
