best-result = 85.73869752883911
warmup-time = 91.01636838912964
all-measurements = [ 93.91052985191345, 85.73869752883911, 95.41537976264954,]
