best-result = 39.50583529472351
warmup-time = 39.15389060974121
all-measurements = [ 39.581339597702026, 39.50583529472351, 39.558839321136475,]
