best-result = 43.92844343185425
warmup-time = 44.09829664230347
all-measurements = [ 43.92844343185425, 44.322176456451416, 44.23078989982605,]
