best-result = 27.840474128723145
warmup-time = 27.588788270950317
all-measurements = [ 28.875171661376953, 27.840474128723145, 28.67086672782898,]
