best-result = 695.620316028595
warmup-time = 734.9999308586121
all-measurements = [ 697.2836728096008, 695.620316028595, 703.400536775589,]
