best-result = 171.10969591140747
warmup-time = 173.70904898643494
all-measurements = [ 171.10969591140747, 172.70374155044556, 176.24870824813843,]
