best-result = 59.980222940444946
warmup-time = 61.480103731155396
all-measurements = [ 72.9024932384491, 59.980222940444946, 68.04768085479736,]
