best-result = 25.7178475856781
warmup-time = 26.0409574508667
all-measurements = [ 26.007378101348877, 25.7178475856781, 25.889045238494873,]
