best-result = 36.31435561180115
warmup-time = 37.606616258621216
all-measurements = [ 36.31435561180115, 37.69433331489563, 38.49954056739807,]
