best-result = 30.207815170288086
warmup-time = 31.685091733932495
all-measurements = [ 30.207815170288086, 30.67316484451294, 31.730940580368042,]
