best-result = 257.5703372955322
warmup-time = 267.7423839569092
all-measurements = [ 267.65847969055176, 266.9690339565277, 257.5703372955322,]
