best-result = 36.06564664840698
warmup-time = 36.10562586784363
all-measurements = [ 36.558701515197754, 36.572824001312256, 36.06564664840698,]
