best-result = 114.73008608818054
warmup-time = 116.26690912246704
all-measurements = [ 114.73008608818054, 115.42465615272522, 115.17054867744446,]
