best-result = 39.65191650390625
warmup-time = 41.91073226928711
all-measurements = [ 39.65191650390625, 41.02055549621582, 40.76747703552246,]
