best-result = 48.49081468582153
warmup-time = 50.68347406387329
all-measurements = [ 48.49081468582153, 50.02939319610596, 49.40842366218567,]
