best-result = 30.94699716567993
warmup-time = 34.30688452720642
all-measurements = [ 32.5226411819458, 30.94699716567993, 33.360167026519775,]
