best-result = 59.969001054763794
warmup-time = 62.6840386390686
all-measurements = [ 63.161962032318115, 59.969001054763794, 61.556321144104004,]
