best-result = 225.04255604743958
warmup-time = 226.49478721618652
all-measurements = [ 226.31665873527527, 226.04763412475586, 225.04255604743958,]
