best-result = 518.2399022579193
warmup-time = 525.8056252002716
all-measurements = [ 524.3718016147614, 520.6374909877777, 518.2399022579193,]
