best-result = 35.94272422790527
warmup-time = 37.67956757545471
all-measurements = [ 37.684002161026, 35.94272422790527, 36.33141613006592,]
