best-result = 28.71647357940674
warmup-time = 29.03378939628601
all-measurements = [ 28.71647357940674, 29.236291646957397, 29.203662633895874,]
