best-result = 71.72102117538452
warmup-time = 72.18612957000732
all-measurements = [ 79.72858214378357, 80.06042695045471, 71.72102117538452,]
