best-result = 61.70175123214722
warmup-time = 62.88764476776123
all-measurements = [ 61.70175123214722, 64.05986523628235, 61.8831102848053,]
