best-result = 26.59985041618347
warmup-time = 27.361273527145386
all-measurements = [ 27.242452383041382, 26.59985041618347, 28.677069902420044,]
