best-result = 35.20885753631592
warmup-time = 36.077017307281494
all-measurements = [ 35.42615222930908, 35.20885753631592, 35.433964014053345,]
