best-result = 33.22494912147522
warmup-time = 34.155256509780884
all-measurements = [ 34.60714364051819, 34.194799184799194, 33.22494912147522,]
