best-result = 41.36050820350647
warmup-time = 43.12086749076843
all-measurements = [ 42.747209310531616, 42.84180760383606, 41.36050820350647,]
