best-result = 96.45742988586426
warmup-time = 98.02511715888977
all-measurements = [ 96.8573591709137, 96.45742988586426, 96.7893545627594,]
