best-result = 27.41787028312683
warmup-time = 28.51621389389038
all-measurements = [ 27.41787028312683, 28.85795569419861, 27.766055822372437,]
