best-result = 33.24602556228638
warmup-time = 34.79293608665466
all-measurements = [ 33.24602556228638, 33.91428208351135, 35.522754192352295,]
