best-result = 89.58662939071655
warmup-time = 92.54723381996155
all-measurements = [ 89.58662939071655, 89.84769058227539, 90.26543140411377,]
