best-result = 38.36542630195618
warmup-time = 39.21305561065674
all-measurements = [ 39.09876585006714, 38.5105140209198, 38.36542630195618,]
