best-result = 44.63381099700928
warmup-time = 42.035948514938354
all-measurements = [ 46.64951944351196, 44.63381099700928, 45.21146106719971,]
