best-result = 28.140902757644653
warmup-time = 29.402979612350464
all-measurements = [ 28.140902757644653, 28.57336688041687, 28.315876245498657,]
