best-result = 692.8672199249268
warmup-time = 731.8585140705109
all-measurements = [ 698.198034286499, 692.8672199249268, 694.1668224334717,]
