best-result = 173.1006863117218
warmup-time = 174.84619998931885
all-measurements = [ 175.45642614364624, 173.1006863117218, 173.52580738067627,]
