best-result = 56.89015293121338
warmup-time = 66.32577729225159
all-measurements = [ 56.89015293121338, 63.030219316482544, 67.45517635345459,]
