best-result = 21.28162670135498
warmup-time = 21.274138689041138
all-measurements = [ 21.375630378723145, 21.28162670135498, 21.576335191726685,]
