best-result = 46.49059534072876
warmup-time = 61.20843553543091
all-measurements = [ 46.824445486068726, 46.49059534072876, 46.57260847091675,]
