best-result = 46.055750131607056
warmup-time = 58.33055901527405
all-measurements = [ 46.055750131607056, 46.54927349090576, 46.31098484992981,]
