best-result = 973.2780616283417
warmup-time = 1180.4061827659607
all-measurements = [ 977.4961473941803, 973.2780616283417, 981.81849193573,]
