best-result = 81.25116348266602
warmup-time = 95.45949625968933
all-measurements = [ 81.30826377868652, 81.33875727653503, 81.25116348266602,]
