best-result = 77.89825105667114
warmup-time = 98.95437812805176
all-measurements = [ 77.89825105667114, 78.09112977981567, 78.02795886993408,]
