best-result = 69.09021401405334
warmup-time = 89.9431779384613
all-measurements = [ 69.46746683120728, 69.09021401405334, 69.29091739654541,]
