best-result = 83.11564087867737
warmup-time = 99.00198912620544
all-measurements = [ 83.11564087867737, 83.29931211471558, 83.37277245521545,]
