best-result = 587.4843232631683
warmup-time = 626.7179141044617
all-measurements = [ 590.6655707359314, 591.6796519756317, 587.4843232631683,]
