best-result = 61.41094207763672
warmup-time = 79.24570298194885
all-measurements = [ 61.830501317977905, 61.474196910858154, 61.41094207763672,]
