best-result = 229.13050270080566
warmup-time = 393.7531409263611
all-measurements = [ 232.18225121498108, 229.86480927467346, 229.13050270080566,]
