best-result = 438.5208022594452
warmup-time = 911.119021654129
all-measurements = [ 442.8428089618683, 444.0375804901123, 438.5208022594452,]
