best-result = 59.41179037094116
warmup-time = 74.56843161582947
all-measurements = [ 59.44911289215088, 59.41179037094116, 60.577210664749146,]
