best-result = 860.7890899181366
warmup-time = 892.123693227768
all-measurements = [ 862.140025138855, 860.7890899181366, 862.0382273197174,]
