best-result = 26.722923517227173
warmup-time = 34.663177251815796
all-measurements = [ 26.780460834503174, 26.76888871192932, 26.722923517227173,]
