best-result = 57.5347204208374
warmup-time = 71.80678081512451
all-measurements = [ 58.517688274383545, 58.06582689285278, 57.5347204208374,]
