best-result = 55.14823293685913
warmup-time = 68.76347279548645
all-measurements = [ 55.14823293685913, 55.893542766571045, 55.74875283241272,]
