best-result = 108.03286600112915
warmup-time = 136.1234748363495
all-measurements = [ 109.36527132987976, 109.15468239784241, 108.03286600112915,]
