best-result = 766.5224604606628
warmup-time = 836.3975524902344
all-measurements = [ 774.6417474746704, 771.7567806243896, 766.5224604606628,]
