best-result = 33.22886252403259
warmup-time = 41.249324560165405
all-measurements = [ 33.22886252403259, 33.52350306510925, 34.411229372024536,]
