best-result = 52.65627193450928
warmup-time = 67.83735251426697
all-measurements = [ 53.203901290893555, 52.771355390548706, 52.65627193450928,]
