best-result = 49.27714014053345
warmup-time = 68.44101357460022
all-measurements = [ 49.30172777175903, 49.27714014053345, 49.55880522727966,]
