best-result = 77.70025897026062
warmup-time = 96.42147135734558
all-measurements = [ 79.02251243591309, 77.70025897026062, 77.82504034042358,]
