best-result = 35.363882303237915
warmup-time = 42.996938705444336
all-measurements = [ 35.363882303237915, 35.43906760215759, 35.47045660018921,]
