best-result = 347.4239251613617
warmup-time = 496.2107837200165
all-measurements = [ 347.4239251613617, 348.13645792007446, 352.33343744277954,]
