best-result = 102.53777050971985
warmup-time = 102.10673975944519
all-measurements = [ 103.32593250274658, 102.69106483459473, 102.53777050971985,]
