best-result = 22.69561219215393
warmup-time = 22.711480379104614
all-measurements = [ 22.69561219215393, 23.167282342910767, 22.799892902374268,]
