best-result = 46.36132335662842
warmup-time = 62.45721888542175
all-measurements = [ 47.049137353897095, 46.36132335662842, 47.02289843559265,]
