best-result = 46.13940930366516
warmup-time = 58.409111976623535
all-measurements = [ 46.13940930366516, 46.911492347717285, 46.417269468307495,]
