best-result = 938.7239189147949
warmup-time = 1137.418681383133
all-measurements = [ 964.3165349960327, 949.7988541126251, 938.7239189147949,]
