best-result = 85.49442625045776
warmup-time = 99.43363451957703
all-measurements = [ 85.80412817001343, 85.59805035591125, 85.49442625045776,]
