best-result = 81.06118941307068
warmup-time = 102.56257176399231
all-measurements = [ 81.36992073059082, 81.06118941307068, 81.2235996723175,]
