best-result = 69.6395754814148
warmup-time = 91.24642729759216
all-measurements = [ 70.75972366333008, 69.6395754814148, 69.64611601829529,]
