best-result = 91.20441913604736
warmup-time = 104.31143760681152
all-measurements = [ 92.64810705184937, 92.53622150421143, 91.20441913604736,]
