best-result = 642.9067692756653
warmup-time = 657.4348666667938
all-measurements = [ 645.0122706890106, 642.9067692756653, 643.3020603656769,]
