best-result = 64.60504007339478
warmup-time = 82.41873741149902
all-measurements = [ 64.60504007339478, 65.15187525749207, 65.02779459953308,]
