best-result = 219.8381073474884
warmup-time = 370.09028220176697
all-measurements = [ 219.8381073474884, 221.40241813659668, 223.21828293800354,]
