best-result = 444.47777557373047
warmup-time = 896.8219268321991
all-measurements = [ 444.47777557373047, 450.745037317276, 451.12997341156006,]
