best-result = 61.655123472213745
warmup-time = 79.067312002182
all-measurements = [ 61.941133975982666, 61.655123472213745, 62.04672884941101,]
