best-result = 141.4148645401001
warmup-time = 166.67027235031128
all-measurements = [ 141.4148645401001, 142.41668367385864, 142.2345314025879,]
