best-result = 876.6962673664093
warmup-time = 937.5260829925537
all-measurements = [ 876.6962673664093, 880.7561733722687, 879.4986486434937,]
