best-result = 27.130249500274658
warmup-time = 35.29958248138428
all-measurements = [ 27.130249500274658, 27.974716901779175, 27.61129140853882,]
