best-result = 57.16641354560852
warmup-time = 70.84768319129944
all-measurements = [ 57.16641354560852, 57.47649884223938, 57.22153353691101,]
