best-result = 58.664737701416016
warmup-time = 72.71904706954956
all-measurements = [ 59.84305167198181, 59.67261481285095, 58.664737701416016,]
