best-result = 110.35261511802673
warmup-time = 141.55397176742554
all-measurements = [ 110.45950198173523, 110.70142555236816, 110.35261511802673,]
