best-result = 785.6734080314636
warmup-time = 861.0616788864136
all-measurements = [ 789.2130973339081, 790.2912051677704, 785.6734080314636,]
