best-result = 33.28133964538574
warmup-time = 41.549198150634766
all-measurements = [ 33.28133964538574, 33.71066951751709, 33.605228424072266,]
