best-result = 54.30800724029541
warmup-time = 70.3815758228302
all-measurements = [ 54.44409441947937, 54.71031212806702, 54.30800724029541,]
