best-result = 1775.3617351055145
warmup-time = 2107.227920770645
all-measurements = [ 2217.112638235092, 2552.765689611435, 1775.3617351055145,]
