best-result = 49.27086639404297
warmup-time = 70.19193243980408
all-measurements = [ 49.65470623970032, 49.27086639404297, 49.39245533943176,]
