best-result = 77.98481822013855
warmup-time = 98.56831097602844
all-measurements = [ 78.48605346679688, 77.98481822013855, 78.08832335472107,]
