best-result = 36.32907032966614
warmup-time = 46.275449991226196
all-measurements = [ 36.8104190826416, 36.32907032966614, 36.58069562911987,]
