best-result = 341.55722069740295
warmup-time = 478.75411796569824
all-measurements = [ 350.1668665409088, 341.55722069740295, 342.2818920612335,]
