best-result = 104.14467215538025
warmup-time = 127.39615654945374
all-measurements = [ 104.62165880203247, 104.14467215538025, 105.38633704185486,]
