best-result = 58.71966814994812
warmup-time = 59.390395402908325
all-measurements = [ 59.02858591079712, 58.71966814994812, 59.05183720588684,]
