best-result = 24.820375680923462
warmup-time = 25.597273349761963
all-measurements = [ 25.157008171081543, 24.852662563323975, 24.820375680923462,]
