best-result = 35.13082265853882
warmup-time = 39.97052049636841
all-measurements = [ 38.043301820755005, 35.13082265853882, 37.55678153038025,]
