best-result = 31.2728328704834
warmup-time = 32.05441856384277
all-measurements = [ 31.5727698802948, 32.67800831794739, 31.2728328704834,]
