best-result = 273.6899480819702
warmup-time = 277.6741724014282
all-measurements = [ 273.6899480819702, 275.97669076919556, 274.824027299881,]
