best-result = 35.54568028450012
warmup-time = 35.6014769077301
all-measurements = [ 36.85352659225464, 35.54568028450012, 35.954339265823364,]
