best-result = 39.50591063499451
warmup-time = 42.119261503219604
all-measurements = [ 39.50591063499451, 39.77947282791138, 41.93587899208069,]
