best-result = 49.91629219055176
warmup-time = 51.735129594802856
all-measurements = [ 50.41201400756836, 52.01208710670471, 49.91629219055176,]
