best-result = 33.4299795627594
warmup-time = 33.56148624420166
all-measurements = [ 36.19941186904907, 33.4299795627594, 34.50397348403931,]
