best-result = 37.588574171066284
warmup-time = 38.10616946220398
all-measurements = [ 37.82065534591675, 37.588574171066284, 37.85352039337158,]
