best-result = 56.35624647140503
warmup-time = 62.182669162750244
all-measurements = [ 58.99552845954895, 56.35624647140503, 62.75627684593201,]
