best-result = 241.28645849227905
warmup-time = 244.7316243648529
all-measurements = [ 242.78424191474915, 241.28645849227905, 242.42043662071228,]
