best-result = 545.7725784778595
warmup-time = 547.6723279953003
all-measurements = [ 547.1180057525635, 545.7725784778595, 545.8749647140503,]
