best-result = 33.49781656265259
warmup-time = 36.088207721710205
all-measurements = [ 34.795754194259644, 33.49781656265259, 35.75075173377991,]
