best-result = 63.909157276153564
warmup-time = 66.68206739425659
all-measurements = [ 63.909157276153564, 65.12032175064087, 65.13973665237427,]
