best-result = 26.602596044540405
warmup-time = 27.569557189941406
all-measurements = [ 26.969669818878174, 27.35078740119934, 26.602596044540405,]
