best-result = 33.269084453582764
warmup-time = 36.911141872406006
all-measurements = [ 33.269084453582764, 36.17693066596985, 36.52972221374512,]
