best-result = 32.71458387374878
warmup-time = 31.916572093963623
all-measurements = [ 32.848148584365845, 34.13413047790527, 32.71458387374878,]
