best-result = 42.00533413887024
warmup-time = 43.00931763648987
all-measurements = [ 43.47151565551758, 42.108919620513916, 42.00533413887024,]
