best-result = 97.9705126285553
warmup-time = 98.04288601875305
all-measurements = [ 98.70146870613098, 97.9705126285553, 99.55884146690369,]
