best-result = 26.990900993347168
warmup-time = 28.624194860458374
all-measurements = [ 26.990900993347168, 28.042791604995728, 28.780842065811157,]
