best-result = 33.12700629234314
warmup-time = 32.99887776374817
all-measurements = [ 33.12700629234314, 34.25681495666504, 33.41634392738342,]
