best-result = 38.74526286125183
warmup-time = 39.29288673400879
all-measurements = [ 38.8798131942749, 41.107643127441406, 38.74526286125183,]
