best-result = 45.16222596168518
warmup-time = 42.33952832221985
all-measurements = [ 45.33630013465881, 45.254295349121094, 45.16222596168518,]
