best-result = 27.870948314666748
warmup-time = 28.57025933265686
all-measurements = [ 29.412103176116943, 27.870948314666748, 28.50980043411255,]
