best-result = 702.956818819046
warmup-time = 727.8893105983734
all-measurements = [ 713.8618705272675, 702.956818819046, 706.1329929828644,]
