best-result = 181.44516611099243
warmup-time = 181.88600540161133
all-measurements = [ 183.07984685897827, 181.44516611099243, 183.72603225708008,]
