best-result = 43.52433657646179
warmup-time = 44.006770610809326
all-measurements = [ 43.528974771499634, 43.89683222770691, 43.52433657646179,]
