best-result = 25.41196036338806
warmup-time = 26.08274006843567
all-measurements = [ 25.647238969802856, 25.690656900405884, 25.41196036338806,]
