best-result = 35.88126587867737
warmup-time = 37.984452962875366
all-measurements = [ 36.78264236450195, 35.88126587867737, 36.81958842277527,]
