best-result = 29.944568634033203
warmup-time = 31.403918981552124
all-measurements = [ 29.944568634033203, 30.996330738067627, 31.438844203948975,]
