best-result = 263.74328422546387
warmup-time = 272.52868700027466
all-measurements = [ 263.74328422546387, 264.6254484653473, 266.09067463874817,]
