best-result = 36.408119916915894
warmup-time = 36.51643943786621
all-measurements = [ 36.64066410064697, 36.780166149139404, 36.408119916915894,]
