best-result = 40.60819363594055
warmup-time = 39.626296520233154
all-measurements = [ 40.60819363594055, 40.76075530052185, 41.66738796234131,]
