best-result = 48.226598262786865
warmup-time = 49.73574662208557
all-measurements = [ 49.2493999004364, 48.946227073669434, 48.226598262786865,]
