best-result = 32.727317571640015
warmup-time = 33.663832902908325
all-measurements = [ 32.727317571640015, 34.09969925880432, 33.948110818862915,]
