best-result = 36.301533460617065
warmup-time = 36.83485651016235
all-measurements = [ 37.67799186706543, 36.301533460617065, 37.630804777145386,]
