best-result = 60.87938666343689
warmup-time = 64.9261884689331
all-measurements = [ 60.87938666343689, 61.24621796607971, 63.789990186691284,]
