best-result = 223.74504613876343
warmup-time = 227.12550163269043
all-measurements = [ 223.74504613876343, 226.36781907081604, 231.121844291687,]
