best-result = 515.9356391429901
warmup-time = 525.6227843761444
all-measurements = [ 515.9356391429901, 523.4076910018921, 523.0640599727631,]
