best-result = 34.38819241523743
warmup-time = 35.60863256454468
all-measurements = [ 36.746347188949585, 36.01039695739746, 34.38819241523743,]
