best-result = 28.206806898117065
warmup-time = 28.794888019561768
all-measurements = [ 28.499433755874634, 28.206806898117065, 28.628397226333618,]
