best-result = 74.64341568946838
warmup-time = 79.83523654937744
all-measurements = [ 78.90641379356384, 88.29247617721558, 74.64341568946838,]
