best-result = 63.16333222389221
warmup-time = 64.60550737380981
all-measurements = [ 63.213820934295654, 63.16333222389221, 63.45415997505188,]
