best-result = 28.189016342163086
warmup-time = 28.006070375442505
all-measurements = [ 28.189016342163086, 28.264597415924072, 28.615612506866455,]
