best-result = 32.30707001686096
warmup-time = 34.765952587127686
all-measurements = [ 35.201069593429565, 32.30707001686096, 34.888253927230835,]
