best-result = 32.156882524490356
warmup-time = 33.662399768829346
all-measurements = [ 33.23165774345398, 32.95443034172058, 32.156882524490356,]
