best-result = 42.48030233383179
warmup-time = 42.35465598106384
all-measurements = [ 43.53805661201477, 42.48030233383179, 42.52210187911987,]
