best-result = 96.04084753990173
warmup-time = 98.34474349021912
all-measurements = [ 96.68172717094421, 96.04084753990173, 97.88923788070679,]
