best-result = 27.737471103668213
warmup-time = 27.088233470916748
all-measurements = [ 27.963082551956177, 27.737471103668213, 29.173815727233887,]
