best-result = 34.453532695770264
warmup-time = 35.532275915145874
all-measurements = [ 35.55102252960205, 35.243229150772095, 34.453532695770264,]
