best-result = 95.42359900474548
warmup-time = 86.39305329322815
all-measurements = [ 95.6950454711914, 98.7634346485138, 95.42359900474548,]
