best-result = 37.248032093048096
warmup-time = 40.382834672927856
all-measurements = [ 37.248032093048096, 37.46064829826355, 39.268301486968994,]
