best-result = 42.60398578643799
warmup-time = 45.71111869812012
all-measurements = [ 42.60398578643799, 44.0942804813385, 44.97300314903259,]
