best-result = 27.41118335723877
warmup-time = 26.89317750930786
all-measurements = [ 27.41118335723877, 29.198979377746582, 28.443811893463135,]
