best-result = 691.8973777294159
warmup-time = 728.9017400741577
all-measurements = [ 691.8973777294159, 693.821275472641, 699.6076059341431,]
