best-result = 171.97443175315857
warmup-time = 173.79587984085083
all-measurements = [ 173.06839632987976, 171.97443175315857, 172.22818517684937,]
