best-result = 58.33976435661316
warmup-time = 69.05719089508057
all-measurements = [ 66.8172538280487, 67.95354318618774, 58.33976435661316,]
