best-result = 23.687071800231934
warmup-time = 23.8430438041687
all-measurements = [ 23.70609951019287, 24.052364110946655, 23.687071800231934,]
