best-result = 47.44904613494873
warmup-time = 64.63131713867188
all-measurements = [ 47.658599853515625, 47.63377046585083, 47.44904613494873,]
