best-result = 47.67939639091492
warmup-time = 58.32573437690735
all-measurements = [ 47.84174942970276, 47.86326503753662, 47.67939639091492,]
