best-result = 901.7280864715576
warmup-time = 1061.9093270301819
all-measurements = [ 904.5924596786499, 901.7280864715576, 910.3706114292145,]
