best-result = 85.31066846847534
warmup-time = 98.99264240264893
all-measurements = [ 86.03708076477051, 85.31066846847534, 85.6981589794159,]
