best-result = 880.2207889556885
warmup-time = 907.4286870956421
all-measurements = [ 880.2207889556885, 882.3088426589966, 885.6762731075287,]
