best-result = 66.89575815200806
warmup-time = 82.67316746711731
all-measurements = [ 66.89575815200806, 67.57855224609375, 67.77710127830505,]
