best-result = 85.42942976951599
warmup-time = 104.5242326259613
all-measurements = [ 86.14223790168762, 85.42942976951599, 85.5902316570282,]
