best-result = 69.40052056312561
warmup-time = 87.96815299987793
all-measurements = [ 69.62231016159058, 69.40052056312561, 69.68945860862732,]
