best-result = 87.82182621955872
warmup-time = 101.23510241508484
all-measurements = [ 88.15182209014893, 87.82182621955872, 87.97983646392822,]
