best-result = 657.6255640983582
warmup-time = 667.6158185005188
all-measurements = [ 658.3444080352783, 674.8508458137512, 657.6255640983582,]
