best-result = 64.69862794876099
warmup-time = 80.11536359786987
all-measurements = [ 64.69862794876099, 64.71602010726929, 64.7187831401825,]
