best-result = 192.36617588996887
warmup-time = 343.22510838508606
all-measurements = [ 194.1347348690033, 192.36617588996887, 193.1879951953888,]
