best-result = 390.99541783332825
warmup-time = 824.2912805080414
all-measurements = [ 391.91030049324036, 392.03301072120667, 390.99541783332825,]
