best-result = 63.98973846435547
warmup-time = 78.27366209030151
all-measurements = [ 63.99366235733032, 64.20513367652893, 63.98973846435547,]
