best-result = 41.40777778625488
warmup-time = 49.69658279418945
all-measurements = [ 41.64216589927673, 41.40777778625488, 41.5750675201416,]
