best-result = 137.62652444839478
warmup-time = 169.26861929893494
all-measurements = [ 137.62652444839478, 138.76739048957825, 137.9225242137909,]
