best-result = 952.1080248355865
warmup-time = 986.2218985557556
all-measurements = [ 956.4086999893188, 958.9802234172821, 952.1080248355865,]
