best-result = 28.480712890625
warmup-time = 37.90966320037842
all-measurements = [ 28.50538158416748, 28.480712890625, 28.939197778701782,]
