best-result = 60.57492923736572
warmup-time = 70.07148957252502
all-measurements = [ 60.953662157058716, 60.57492923736572, 60.79051446914673,]
