best-result = 60.574077129364014
warmup-time = 73.75916647911072
all-measurements = [ 60.574077129364014, 60.82190227508545, 61.19682693481445,]
