best-result = 110.18979048728943
warmup-time = 141.35659909248352
all-measurements = [ 111.85595750808716, 111.88680672645569, 110.18979048728943,]
