best-result = 780.4006314277649
warmup-time = 848.6862323284149
all-measurements = [ 781.5407764911652, 780.4006314277649, 782.2339236736298,]
