best-result = 35.00334310531616
warmup-time = 41.3177707195282
all-measurements = [ 35.00334310531616, 35.124391317367554, 35.05415320396423,]
