best-result = 56.29060649871826
warmup-time = 71.97331595420837
all-measurements = [ 56.79881930351257, 56.29060649871826, 57.070066928863525,]
