best-result = 2392.629739046097
warmup-time = 3998.571344614029
all-measurements = [ 2524.518485069275, 2392.629739046097, 3081.8067803382874,]
