best-result = 49.850449085235596
warmup-time = 71.27793431282043
all-measurements = [ 49.850449085235596, 50.31158375740051, 50.59269642829895,]
