best-result = 83.6077527999878
warmup-time = 100.96626496315002
all-measurements = [ 83.78585720062256, 83.66482520103455, 83.6077527999878,]
