best-result = 93.76923251152039
warmup-time = 116.7301070690155
all-measurements = [ 93.76923251152039, 94.08420777320862, 94.30684900283813,]
