best-result = 38.24952554702759
warmup-time = 47.928812742233276
all-measurements = [ 39.092167377471924, 39.50084376335144, 38.24952554702759,]
