best-result = 314.5883409976959
warmup-time = 467.8275022506714
all-measurements = [ 320.25960898399353, 316.6382863521576, 314.5883409976959,]
