best-result = 62.26598072052002
warmup-time = 62.26155376434326
all-measurements = [ 62.26598072052002, 68.36141777038574, 84.02867531776428,]
