best-result = 22.671514749526978
warmup-time = 22.624080657958984
all-measurements = [ 22.956514835357666, 22.671514749526978, 22.90826988220215,]
