best-result = 46.604626178741455
warmup-time = 63.52074599266052
all-measurements = [ 46.877055406570435, 46.70096731185913, 46.604626178741455,]
