best-result = 46.43155121803284
warmup-time = 58.44312310218811
all-measurements = [ 46.4716112613678, 46.84940719604492, 46.43155121803284,]
