best-result = 918.3614757061005
warmup-time = 1129.4838099479675
all-measurements = [ 932.1883010864258, 918.3614757061005, 936.931028842926,]
