best-result = 84.55851697921753
warmup-time = 100.62517619132996
all-measurements = [ 84.55851697921753, 85.96687579154968, 85.43207621574402,]
