best-result = 82.31691837310791
warmup-time = 105.10378432273865
all-measurements = [ 82.84227395057678, 82.41253447532654, 82.31691837310791,]
