best-result = 70.20549869537354
warmup-time = 92.24467897415161
all-measurements = [ 70.71187400817871, 70.70867896080017, 70.20549869537354,]
