best-result = 90.95388627052307
warmup-time = 105.99258852005005
all-measurements = [ 90.97697615623474, 90.95388627052307, 92.10449552536011,]
