best-result = 643.462149143219
warmup-time = 660.961580991745
all-measurements = [ 648.0094931125641, 643.462149143219, 644.5275406837463,]
