best-result = 64.30278515815735
warmup-time = 81.48550128936768
all-measurements = [ 65.07777190208435, 64.6086974143982, 64.30278515815735,]
