best-result = 209.5883617401123
warmup-time = 365.4334692955017
all-measurements = [ 210.36893129348755, 212.2022602558136, 209.5883617401123,]
