best-result = 428.74202513694763
warmup-time = 880.7688148021698
all-measurements = [ 428.74202513694763, 434.19836044311523, 437.1442041397095,]
