best-result = 62.094735622406006
warmup-time = 79.58756256103516
all-measurements = [ 62.88799047470093, 62.35677480697632, 62.094735622406006,]
