best-result = 139.71557998657227
warmup-time = 168.87640261650085
all-measurements = [ 140.8448805809021, 140.11253428459167, 139.71557998657227,]
