best-result = 885.7807111740112
warmup-time = 916.3535258769989
all-measurements = [ 891.4037094116211, 885.7807111740112, 896.3176658153534,]
