best-result = 27.423308610916138
warmup-time = 37.02223610877991
all-measurements = [ 27.423308610916138, 28.465173959732056, 27.91707968711853,]
