best-result = 58.13168787956238
warmup-time = 72.02523684501648
all-measurements = [ 60.15937662124634, 58.39253854751587, 58.13168787956238,]
