best-result = 59.19672918319702
warmup-time = 74.00725197792053
all-measurements = [ 59.19672918319702, 60.80776357650757, 60.404730558395386,]
