best-result = 110.63911557197571
warmup-time = 138.87388229370117
all-measurements = [ 110.63911557197571, 111.2993803024292, 110.93992376327515,]
