best-result = 787.2332499027252
warmup-time = 861.1298146247864
all-measurements = [ 790.3268311023712, 789.2657108306885, 787.2332499027252,]
