best-result = 33.4533166885376
warmup-time = 42.096386432647705
all-measurements = [ 33.78304409980774, 33.4533166885376, 33.84963393211365,]
