best-result = 54.729125022888184
warmup-time = 71.5727322101593
all-measurements = [ 54.729125022888184, 55.16481852531433, 55.004682302474976,]
