best-result = 2683.688802957535
warmup-time = 2660.6694581508636
all-measurements = [ 3822.75013256073, 2683.688802957535, 3175.312854528427,]
