best-result = 49.21692156791687
warmup-time = 71.39723777770996
all-measurements = [ 49.7397665977478, 49.21692156791687, 49.53894591331482,]
