best-result = 78.33329772949219
warmup-time = 97.60774898529053
all-measurements = [ 78.49572205543518, 78.84352278709412, 78.33329772949219,]
