best-result = 36.33283305168152
warmup-time = 45.178468465805054
all-measurements = [ 36.89037227630615, 36.33283305168152, 36.77192401885986,]
