best-result = 351.25081634521484
warmup-time = 476.9479413032532
all-measurements = [ 351.49721026420593, 351.25081634521484, 352.4990575313568,]
