best-result = 58.6235556602478
warmup-time = 59.27826499938965
all-measurements = [ 59.048070430755615, 58.87655019760132, 58.6235556602478,]
