best-result = 26.87478733062744
warmup-time = 27.25694966316223
all-measurements = [ 26.889738082885742, 27.63541841506958, 26.87478733062744,]
