best-result = 38.21844458580017
warmup-time = 40.080469846725464
all-measurements = [ 38.21844458580017, 40.049243450164795, 39.90289258956909,]
