best-result = 33.8365113735199
warmup-time = 34.71621131896973
all-measurements = [ 33.8365113735199, 34.46601486206055, 34.55481266975403,]
