best-result = 284.85326409339905
warmup-time = 284.6600606441498
all-measurements = [ 286.56730675697327, 289.33530712127686, 284.85326409339905,]
