best-result = 37.596545934677124
warmup-time = 39.009581327438354
all-measurements = [ 37.76975417137146, 37.596545934677124, 38.83135223388672,]
