best-result = 44.04664897918701
warmup-time = 44.97419738769531
all-measurements = [ 44.04664897918701, 45.15630221366882, 45.520228147506714,]
