best-result = 52.56554555892944
warmup-time = 52.978617906570435
all-measurements = [ 55.01369500160217, 52.665624141693115, 52.56554555892944,]
