best-result = 36.327863931655884
warmup-time = 36.89470887184143
all-measurements = [ 36.327863931655884, 36.98971748352051, 37.04785442352295,]
