best-result = 38.861610651016235
warmup-time = 41.29088234901428
all-measurements = [ 41.136253118515015, 42.35322022438049, 38.861610651016235,]
