best-result = 63.25461792945862
warmup-time = 60.05004382133484
all-measurements = [ 66.73094511032104, 64.7425148487091, 63.25461792945862,]
