best-result = 255.35887336730957
warmup-time = 257.78283977508545
all-measurements = [ 255.35887336730957, 257.3712227344513, 255.40161800384521,]
