best-result = 597.1727211475372
warmup-time = 599.5334484577179
all-measurements = [ 597.1727211475372, 599.6546220779419, 597.6311569213867,]
