best-result = 37.27413320541382
warmup-time = 38.81324219703674
all-measurements = [ 37.27413320541382, 39.389721393585205, 37.91709232330322,]
