best-result = 68.26526856422424
warmup-time = 69.11455488204956
all-measurements = [ 68.26526856422424, 70.09613585472107, 68.5454535484314,]
