best-result = 28.5387282371521
warmup-time = 28.526264429092407
all-measurements = [ 28.5387282371521, 29.002368927001953, 29.97936177253723,]
