best-result = 35.123027324676514
warmup-time = 35.757532358169556
all-measurements = [ 35.123027324676514, 35.158446311950684, 35.876166343688965,]
