best-result = 33.23041248321533
warmup-time = 35.49560523033142
all-measurements = [ 34.91773796081543, 35.63082575798035, 33.23041248321533,]
