best-result = 46.01464247703552
warmup-time = 43.98374319076538
all-measurements = [ 48.65160608291626, 46.01464247703552, 47.50345325469971,]
