best-result = 105.62560868263245
warmup-time = 108.10174918174744
all-measurements = [ 106.30772089958191, 106.96224999427795, 105.62560868263245,]
