best-result = 28.80669379234314
warmup-time = 29.753404140472412
all-measurements = [ 29.901095390319824, 30.027595281600952, 28.80669379234314,]
