best-result = 36.40618658065796
warmup-time = 36.899659633636475
all-measurements = [ 36.910340785980225, 36.40618658065796, 37.59642195701599,]
