best-result = 41.87884330749512
warmup-time = 42.76073217391968
all-measurements = [ 43.65677356719971, 41.87884330749512, 43.868084192276,]
