best-result = 46.112895011901855
warmup-time = 49.45449233055115
all-measurements = [ 46.57355237007141, 47.40380311012268, 46.112895011901855,]
