best-result = 29.94048237800598
warmup-time = 31.220371961593628
all-measurements = [ 30.403837203979492, 30.074586153030396, 29.94048237800598,]
