best-result = 733.0633771419525
warmup-time = 744.1291780471802
all-measurements = [ 737.8869860172272, 746.8310296535492, 733.0633771419525,]
