best-result = 195.95570278167725
warmup-time = 194.74935913085938
all-measurements = [ 195.95570278167725, 199.82937908172607, 196.62643098831177,]
