best-result = 46.28613495826721
warmup-time = 46.527377128601074
all-measurements = [ 46.92907977104187, 46.86171507835388, 46.28613495826721,]
