best-result = 25.557719945907593
warmup-time = 25.472983598709106
all-measurements = [ 25.798667430877686, 25.557719945907593, 25.783050298690796,]
