best-result = 37.2173388004303
warmup-time = 39.03631830215454
all-measurements = [ 37.72267150878906, 37.2173388004303, 37.24150228500366,]
