best-result = 30.95070219039917
warmup-time = 31.220014333724976
all-measurements = [ 31.482085943222046, 30.95070219039917, 31.379080057144165,]
