best-result = 260.32079434394836
warmup-time = 269.1170709133148
all-measurements = [ 265.5299537181854, 263.86523032188416, 260.32079434394836,]
