best-result = 35.44459819793701
warmup-time = 37.53116154670715
all-measurements = [ 37.30517816543579, 36.91208529472351, 35.44459819793701,]
