best-result = 40.046435832977295
warmup-time = 42.367876291275024
all-measurements = [ 40.046435832977295, 41.0908362865448, 41.58938479423523,]
