best-result = 48.80061364173889
warmup-time = 52.63195538520813
all-measurements = [ 50.55533242225647, 48.80061364173889, 49.31513237953186,]
