best-result = 34.094621419906616
warmup-time = 33.31073760986328
all-measurements = [ 34.737488985061646, 34.23166561126709, 34.094621419906616,]
