best-result = 36.62365651130676
warmup-time = 36.82976245880127
all-measurements = [ 37.4415442943573, 37.86135458946228, 36.62365651130676,]
