best-result = 61.74891209602356
warmup-time = 64.00132250785828
all-measurements = [ 61.74891209602356, 66.47935795783997, 65.29709506034851,]
