best-result = 227.60428500175476
warmup-time = 230.13022685050964
all-measurements = [ 229.11034178733826, 227.60428500175476, 228.50235843658447,]
