best-result = 522.3574724197388
warmup-time = 527.3832993507385
all-measurements = [ 526.6609923839569, 523.2942984104156, 522.3574724197388,]
