best-result = 35.55378270149231
warmup-time = 37.130098819732666
all-measurements = [ 36.29419302940369, 37.37821078300476, 35.55378270149231,]
