best-result = 79.19249153137207
warmup-time = 86.77108860015869
all-measurements = [ 84.28061127662659, 79.54070901870728, 79.19249153137207,]
