best-result = 61.335439920425415
warmup-time = 62.51792311668396
all-measurements = [ 63.143317222595215, 62.08319044113159, 61.335439920425415,]
