best-result = 27.518396377563477
warmup-time = 27.51361346244812
all-measurements = [ 27.996902227401733, 27.518396377563477, 27.93336820602417,]
