best-result = 32.63804030418396
warmup-time = 35.097753047943115
all-measurements = [ 32.77818751335144, 35.35530352592468, 32.63804030418396,]
