best-result = 33.802030086517334
warmup-time = 32.18276882171631
all-measurements = [ 33.802030086517334, 34.10201668739319, 34.25124740600586,]
