best-result = 41.631590843200684
warmup-time = 42.269734621047974
all-measurements = [ 43.43662166595459, 41.631590843200684, 43.491065979003906,]
