best-result = 95.99777793884277
warmup-time = 96.99555325508118
all-measurements = [ 97.49920177459717, 98.04018568992615, 95.99777793884277,]
