best-result = 27.41659188270569
warmup-time = 28.884623289108276
all-measurements = [ 28.813323974609375, 27.41659188270569, 27.451436281204224,]
