best-result = 34.38109755516052
warmup-time = 35.68530869483948
all-measurements = [ 36.07771825790405, 35.259456396102905, 34.38109755516052,]
