best-result = 87.39461183547974
warmup-time = 87.3711404800415
all-measurements = [ 96.12628650665283, 93.35697793960571, 87.39461183547974,]
