best-result = 38.85201644897461
warmup-time = 39.450594425201416
all-measurements = [ 38.85201644897461, 40.36167860031128, 40.82048749923706,]
