best-result = 43.965116024017334
warmup-time = 45.352250814437866
all-measurements = [ 43.965116024017334, 44.80224895477295, 44.63695454597473,]
