best-result = 27.241191148757935
warmup-time = 29.15242290496826
all-measurements = [ 29.445087671279907, 27.241191148757935, 28.556559324264526,]
