best-result = 694.4512670040131
warmup-time = 729.3400468826294
all-measurements = [ 698.5533301830292, 698.4464042186737, 694.4512670040131,]
