best-result = 172.64224863052368
warmup-time = 175.97317552566528
all-measurements = [ 174.65399885177612, 172.64224863052368, 174.24864959716797,]
