best-result = 42.423269510269165
warmup-time = 45.00570631027222
all-measurements = [ 44.41541576385498, 42.423269510269165, 44.91187119483948,]
