best-result = 66.90147876739502
warmup-time = 64.31357836723328
all-measurements = [ 66.90147876739502, 69.24348998069763, 70.95595741271973,]
