best-result = 26.037530183792114
warmup-time = 26.432674407958984
all-measurements = [ 26.037530183792114, 26.089908838272095, 26.068086624145508,]
