best-result = 37.7317054271698
warmup-time = 38.25988054275513
all-measurements = [ 38.04592990875244, 37.803224086761475, 37.7317054271698,]
