best-result = 31.749603271484375
warmup-time = 32.08173489570618
all-measurements = [ 32.068384885787964, 31.749603271484375, 32.304973125457764,]
