best-result = 265.2916581630707
warmup-time = 269.4696991443634
all-measurements = [ 266.1004524230957, 269.0754919052124, 265.2916581630707,]
