best-result = 36.882697343826294
warmup-time = 37.84698510169983
all-measurements = [ 37.2271089553833, 36.882697343826294, 37.74274969100952,]
