best-result = 40.72548961639404
warmup-time = 41.87471342086792
all-measurements = [ 40.72548961639404, 41.82716393470764, 44.03345584869385,]
