best-result = 48.73153781890869
warmup-time = 50.90149211883545
all-measurements = [ 49.80193614959717, 49.323354959487915, 48.73153781890869,]
