best-result = 33.82370162010193
warmup-time = 35.16924524307251
all-measurements = [ 33.82370162010193, 34.94317984580994, 33.82834720611572,]
