best-result = 37.23636293411255
warmup-time = 37.92786765098572
all-measurements = [ 37.7550892829895, 37.23636293411255, 38.344809770584106,]
