best-result = 59.63790965080261
warmup-time = 65.57388687133789
all-measurements = [ 59.63790965080261, 59.907771587371826, 63.230754375457764,]
