best-result = 227.6636381149292
warmup-time = 232.05896615982056
all-measurements = [ 228.65768337249756, 228.9476306438446, 227.6636381149292,]
