best-result = 522.1893603801727
warmup-time = 528.0649008750916
all-measurements = [ 522.1893603801727, 524.9340586662292, 527.4565317630768,]
