best-result = 35.506373167037964
warmup-time = 37.05839920043945
all-measurements = [ 36.91146230697632, 35.506373167037964, 38.13921809196472,]
