best-result = 83.03811502456665
warmup-time = 80.80486702919006
all-measurements = [ 85.69149112701416, 83.03811502456665, 83.50853300094604,]
