best-result = 63.1529016494751
warmup-time = 64.30455112457275
all-measurements = [ 65.01128435134888, 63.1529016494751, 64.27410173416138,]
