best-result = 28.325151205062866
warmup-time = 28.518248081207275
all-measurements = [ 29.095735549926758, 28.325151205062866, 28.33094573020935,]
