best-result = 35.75828981399536
warmup-time = 33.34722113609314
all-measurements = [ 35.75828981399536, 35.95337271690369, 36.07518911361694,]
