best-result = 34.019797801971436
warmup-time = 35.45030999183655
all-measurements = [ 34.019797801971436, 35.12528872489929, 34.80206251144409,]
