best-result = 43.24515724182129
warmup-time = 43.26829290390015
all-measurements = [ 43.68489170074463, 43.58119869232178, 43.24515724182129,]
