best-result = 96.83425164222717
warmup-time = 97.6152331829071
all-measurements = [ 97.38425254821777, 98.45621848106384, 96.83425164222717,]
