best-result = 28.62089467048645
warmup-time = 28.272427797317505
all-measurements = [ 29.95935845375061, 28.62089467048645, 29.835012912750244,]
