best-result = 34.358288049697876
warmup-time = 35.80853509902954
all-measurements = [ 34.358288049697876, 35.082658767700195, 35.484994888305664,]
