best-result = 86.82715964317322
warmup-time = 89.11122751235962
all-measurements = [ 86.82715964317322, 90.6475727558136, 97.6426272392273,]
