best-result = 39.007620096206665
warmup-time = 41.04694867134094
all-measurements = [ 40.382710695266724, 39.52910137176514, 39.007620096206665,]
