best-result = 44.02074670791626
warmup-time = 47.77524518966675
all-measurements = [ 44.02074670791626, 45.737112045288086, 46.311671018600464,]
