best-result = 29.296313762664795
warmup-time = 29.092615604400635
all-measurements = [ 29.692476987838745, 30.25492572784424, 29.296313762664795,]
