best-result = 704.0575835704803
warmup-time = 737.3478724956512
all-measurements = [ 705.1490788459778, 704.0575835704803, 704.5096819400787,]
