best-result = 174.1494584083557
warmup-time = 178.85094594955444
all-measurements = [ 175.02033734321594, 174.1494584083557, 175.37324213981628,]
