best-result = 56.22307109832764
warmup-time = 70.08537983894348
all-measurements = [ 58.70519137382507, 68.10584020614624, 56.22307109832764,]
