best-result = 22.942206144332886
warmup-time = 23.14501166343689
all-measurements = [ 23.21809959411621, 23.22845482826233, 22.942206144332886,]
