best-result = 46.53920888900757
warmup-time = 62.796128034591675
all-measurements = [ 46.66316795349121, 46.53920888900757, 46.94045066833496,]
