best-result = 46.075868368148804
warmup-time = 58.2729058265686
all-measurements = [ 46.18280482292175, 46.64318609237671, 46.075868368148804,]
