best-result = 893.7669920921326
warmup-time = 1114.3233397006989
all-measurements = [ 898.5433814525604, 893.7669920921326, 900.0942614078522,]
