best-result = 84.8484742641449
warmup-time = 100.63157725334167
all-measurements = [ 85.08378458023071, 86.0375382900238, 84.8484742641449,]
