best-result = 986.8172512054443
warmup-time = 1012.2638494968414
all-measurements = [ 989.4994826316833, 986.8172512054443, 986.8212411403656,]
