best-result = 82.15632629394531
warmup-time = 102.59827184677124
all-measurements = [ 82.15632629394531, 82.66888236999512, 82.42000603675842,]
