best-result = 67.60288310050964
warmup-time = 88.88353395462036
all-measurements = [ 67.71549201011658, 67.60288310050964, 67.60673451423645,]
