best-result = 91.80372309684753
warmup-time = 104.43120837211609
all-measurements = [ 91.89095306396484, 92.4193115234375, 91.80372309684753,]
