best-result = 645.815158367157
warmup-time = 662.8280925750732
all-measurements = [ 645.815158367157, 651.8244030475616, 647.7881360054016,]
