best-result = 62.23922324180603
warmup-time = 78.37146258354187
all-measurements = [ 62.329660177230835, 62.23922324180603, 62.91110324859619,]
