best-result = 206.3502013683319
warmup-time = 361.60650515556335
all-measurements = [ 209.4833698272705, 206.6416494846344, 206.3502013683319,]
