best-result = 424.51122522354126
warmup-time = 865.7486715316772
all-measurements = [ 424.51122522354126, 429.35645723342896, 426.2133514881134,]
