best-result = 62.58515477180481
warmup-time = 77.69138622283936
all-measurements = [ 62.827935218811035, 62.58515477180481, 63.240641832351685,]
