best-result = 39.86360192298889
warmup-time = 48.43429160118103
all-measurements = [ 39.86360192298889, 39.97146010398865, 40.28108882904053,]
