best-result = 135.18446159362793
warmup-time = 163.23302721977234
all-measurements = [ 135.18446159362793, 135.8428075313568, 136.0369257926941,]
