best-result = 915.3674705028534
warmup-time = 946.656720161438
all-measurements = [ 915.3674705028534, 915.4839317798615, 915.4637026786804,]
