best-result = 28.057886600494385
warmup-time = 36.4150288105011
all-measurements = [ 28.057886600494385, 30.519914865493774, 31.15370512008667,]
