best-result = 57.200451374053955
warmup-time = 81.91380858421326
all-measurements = [ 60.96760296821594, 57.200451374053955, 57.6003532409668,]
