best-result = 59.79179620742798
warmup-time = 74.21832346916199
all-measurements = [ 59.97127938270569, 60.80632209777832, 59.79179620742798,]
