best-result = 110.01757669448853
warmup-time = 135.89174151420593
all-measurements = [ 110.01757669448853, 110.93185567855835, 110.39531660079956,]
