best-result = 778.4641070365906
warmup-time = 845.8240897655487
all-measurements = [ 779.9663710594177, 778.4641070365906, 839.5374336242676,]
