best-result = 33.97357153892517
warmup-time = 42.30293893814087
all-measurements = [ 34.04711365699768, 34.337411403656006, 33.97357153892517,]
