best-result = 55.35788559913635
warmup-time = 71.09305882453918
all-measurements = [ 56.0213463306427, 55.525211334228516, 55.35788559913635,]
