best-result = 1490.612010717392
warmup-time = 1444.794997215271
all-measurements = [ 1847.1608066558838, 2178.6875059604645, 1490.612010717392,]
