best-result = 48.33740496635437
warmup-time = 68.56592869758606
all-measurements = [ 48.68391990661621, 48.33740496635437, 48.47615718841553,]
