best-result = 80.55429983139038
warmup-time = 100.7270495891571
all-measurements = [ 80.68120121955872, 80.68886017799377, 80.55429983139038,]
