best-result = 37.24453115463257
warmup-time = 46.50887966156006
all-measurements = [ 37.583969831466675, 37.24961566925049, 37.24453115463257,]
