best-result = 338.3141825199127
warmup-time = 474.2724585533142
all-measurements = [ 338.3141825199127, 339.381680727005, 346.11903977394104,]
