best-result = 58.725871324539185
warmup-time = 59.2336802482605
all-measurements = [ 59.36012673377991, 59.13629746437073, 58.725871324539185,]
