best-result = 21.061820030212402
warmup-time = 21.408713340759277
all-measurements = [ 21.465884685516357, 21.061820030212402, 21.472855806350708,]
