best-result = 46.21075248718262
warmup-time = 62.168052673339844
all-measurements = [ 46.21075248718262, 46.3680694103241, 47.03072762489319,]
