best-result = 45.92272400856018
warmup-time = 59.375951290130615
all-measurements = [ 46.75120735168457, 45.92272400856018, 46.2829110622406,]
