best-result = 972.0569343566895
warmup-time = 1168.7792637348175
all-measurements = [ 972.0569343566895, 978.5425012111664, 975.7767353057861,]
