best-result = 80.45759844779968
warmup-time = 93.839111328125
all-measurements = [ 80.45759844779968, 81.46054315567017, 81.21232891082764,]
