best-result = 77.05768513679504
warmup-time = 98.39374303817749
all-measurements = [ 77.05768513679504, 78.17864298820496, 77.10934567451477,]
