best-result = 68.4399778842926
warmup-time = 90.71672129631042
all-measurements = [ 69.20885992050171, 68.4399778842926, 69.11128306388855,]
