best-result = 83.26566100120544
warmup-time = 98.11821460723877
all-measurements = [ 83.26566100120544, 83.72172546386719, 83.67170405387878,]
