best-result = 588.6745812892914
warmup-time = 605.4058010578156
all-measurements = [ 589.2579917907715, 589.7358570098877, 588.6745812892914,]
