best-result = 61.435269594192505
warmup-time = 71.36501216888428
all-measurements = [ 61.435269594192505, 62.00251221656799, 61.68146824836731,]
