best-result = 230.29661893844604
warmup-time = 395.0477840900421
all-measurements = [ 232.1026623249054, 230.29661893844604, 231.7317671775818,]
