best-result = 439.0762596130371
warmup-time = 905.4566786289215
all-measurements = [ 439.0762596130371, 439.7373683452606, 440.6957485675812,]
