best-result = 58.93503737449646
warmup-time = 74.73346996307373
all-measurements = [ 58.93503737449646, 59.361912965774536, 59.65113973617554,]
