best-result = 861.3710083961487
warmup-time = 887.1161544322968
all-measurements = [ 862.4944121837616, 861.3710083961487, 862.4447073936462,]
