best-result = 26.827768802642822
warmup-time = 34.897225856781006
all-measurements = [ 26.935999631881714, 27.233402252197266, 26.827768802642822,]
