best-result = 57.40627455711365
warmup-time = 71.62836289405823
all-measurements = [ 57.47262167930603, 57.80325770378113, 57.40627455711365,]
