best-result = 54.93647766113281
warmup-time = 69.24339389801025
all-measurements = [ 54.93647766113281, 55.67858147621155, 55.0728497505188,]
