best-result = 108.12643146514893
warmup-time = 137.94365572929382
all-measurements = [ 108.47985768318176, 108.85603380203247, 108.12643146514893,]
