best-result = 764.2834799289703
warmup-time = 833.3897256851196
all-measurements = [ 766.6806778907776, 768.7133920192719, 764.2834799289703,]
