best-result = 33.25334167480469
warmup-time = 39.58832883834839
all-measurements = [ 33.414000511169434, 33.74722480773926, 33.25334167480469,]
