best-result = 52.40192461013794
warmup-time = 67.05715823173523
all-measurements = [ 52.40192461013794, 53.41057276725769, 52.5804328918457,]
