best-result = 48.79302000999451
warmup-time = 68.12415170669556
all-measurements = [ 48.79302000999451, 49.700260400772095, 49.73417353630066,]
