best-result = 78.29035091400146
warmup-time = 97.07608103752136
all-measurements = [ 78.60537695884705, 79.18445825576782, 78.29035091400146,]
