best-result = 35.200664043426514
warmup-time = 44.55536675453186
all-measurements = [ 35.60522413253784, 35.200664043426514, 35.26031446456909,]
