best-result = 343.88173484802246
warmup-time = 485.3715760707855
all-measurements = [ 343.88173484802246, 356.3254120349884, 359.4436218738556,]
