best-result = 101.5437753200531
warmup-time = 102.34607076644897
all-measurements = [ 102.62157392501831, 102.52390098571777, 101.5437753200531,]
