best-result = 25.863044500350952
warmup-time = 26.937920331954956
all-measurements = [ 26.165699005126953, 26.189871072769165, 25.863044500350952,]
