best-result = 36.653265714645386
warmup-time = 37.500303745269775
all-measurements = [ 37.481788635253906, 38.15099358558655, 36.653265714645386,]
