best-result = 30.39729881286621
warmup-time = 31.541775465011597
all-measurements = [ 30.39729881286621, 30.832524061203003, 31.01303791999817,]
