best-result = 231.2140007019043
warmup-time = 236.0297770500183
all-measurements = [ 231.40748858451843, 231.2140007019043, 231.73092412948608,]
