best-result = 36.48218131065369
warmup-time = 37.16786527633667
all-measurements = [ 37.16375541687012, 36.48218131065369, 36.80993938446045,]
