best-result = 110.87121963500977
warmup-time = 114.30957627296448
all-measurements = [ 114.08553719520569, 112.20225214958191, 110.87121963500977,]
