best-result = 35.448665618896484
warmup-time = 36.0426230430603
all-measurements = [ 36.018540382385254, 35.448665618896484, 35.59423089027405,]
