best-result = 40.35610628128052
warmup-time = 40.235564947128296
all-measurements = [ 40.4460015296936, 40.78642010688782, 40.35610628128052,]
