best-result = 47.96489500999451
warmup-time = 48.931100606918335
all-measurements = [ 47.96489500999451, 49.49337959289551, 47.98905682563782,]
