best-result = 33.63690686225891
warmup-time = 34.92119359970093
all-measurements = [ 34.302443742752075, 35.05200386047363, 33.63690686225891,]
