best-result = 37.20526909828186
warmup-time = 37.90739297866821
all-measurements = [ 37.37146830558777, 37.37677359580994, 37.20526909828186,]
