best-result = 56.454150438308716
warmup-time = 57.80821990966797
all-measurements = [ 65.26994848251343, 56.454150438308716, 62.24811148643494,]
