best-result = 218.3164393901825
warmup-time = 222.51791310310364
all-measurements = [ 218.3164393901825, 219.69253015518188, 221.91924333572388,]
