best-result = 504.840455532074
warmup-time = 506.60108256340027
all-measurements = [ 506.8159704208374, 504.8410155773163, 504.840455532074,]
