best-result = 35.4567596912384
warmup-time = 39.23219084739685
all-measurements = [ 36.221911668777466, 35.4567596912384, 37.21828532218933,]
