best-result = 28.811505556106567
warmup-time = 29.573638200759888
all-measurements = [ 29.18971276283264, 28.811505556106567, 29.320923566818237,]
