best-result = 73.7836537361145
warmup-time = 83.95328974723816
all-measurements = [ 78.44106578826904, 73.7836537361145, 76.88227820396423,]
