best-result = 59.824090003967285
warmup-time = 62.396952390670776
all-measurements = [ 62.509310483932495, 59.824090003967285, 60.96976327896118,]
