best-result = 28.192019939422607
warmup-time = 28.685636043548584
all-measurements = [ 28.73756742477417, 28.192019939422607, 28.38161325454712,]
