best-result = 33.44248962402344
warmup-time = 35.537147521972656
all-measurements = [ 35.15295100212097, 35.95045065879822, 33.44248962402344,]
