best-result = 32.92962574958801
warmup-time = 33.882364988327026
all-measurements = [ 33.26758170127869, 32.92962574958801, 33.306546211242676,]
