best-result = 41.115357875823975
warmup-time = 43.03706955909729
all-measurements = [ 41.25794005393982, 42.47381544113159, 41.115357875823975,]
