best-result = 94.78214430809021
warmup-time = 95.44989776611328
all-measurements = [ 96.48570346832275, 96.46759343147278, 94.78214430809021,]
