best-result = 28.453691482543945
warmup-time = 29.345359325408936
all-measurements = [ 30.116759538650513, 28.9434757232666, 28.453691482543945,]
