best-result = 34.48976969718933
warmup-time = 36.34667420387268
all-measurements = [ 34.87958264350891, 34.48976969718933, 34.611528635025024,]
