best-result = 86.33409333229065
warmup-time = 88.90816807746887
all-measurements = [ 87.42673087120056, 86.33409333229065, 87.82170176506042,]
