best-result = 39.326080322265625
warmup-time = 38.71394062042236
all-measurements = [ 39.59127116203308, 39.98560857772827, 39.326080322265625,]
