best-result = 43.407373905181885
warmup-time = 46.522284269332886
all-measurements = [ 45.81732773780823, 43.47537541389465, 43.407373905181885,]
