best-result = 50.77105116844177
warmup-time = 51.12285494804382
all-measurements = [ 51.063228130340576, 50.77105116844177, 50.902681827545166,]
