best-result = 28.588670253753662
warmup-time = 28.774991750717163
all-measurements = [ 28.588670253753662, 28.785548448562622, 29.12968611717224,]
