best-result = 621.3798384666443
warmup-time = 695.0365326404572
all-measurements = [ 621.3798384666443, 625.2285509109497, 633.1363914012909,]
