best-result = 166.896564245224
warmup-time = 169.0949845314026
all-measurements = [ 168.36596512794495, 172.68811106681824, 166.896564245224,]
