best-result = 57.289172410964966
warmup-time = 56.49234652519226
all-measurements = [ 57.289172410964966, 57.83241152763367, 58.73568081855774,]
