best-result = 22.94389510154724
warmup-time = 23.062495470046997
all-measurements = [ 23.264233827590942, 23.00718331336975, 22.94389510154724,]
