best-result = 46.26329684257507
warmup-time = 61.845149517059326
all-measurements = [ 46.26329684257507, 46.52640461921692, 46.520646810531616,]
