best-result = 45.91383481025696
warmup-time = 56.29696178436279
all-measurements = [ 45.91383481025696, 45.927934646606445, 46.580084562301636,]
