best-result = 896.7298376560211
warmup-time = 1105.3143627643585
all-measurements = [ 896.7298376560211, 898.5326085090637, 911.8795838356018,]
