best-result = 83.99282336235046
warmup-time = 100.55381178855896
all-measurements = [ 85.42745471000671, 84.68495392799377, 83.99282336235046,]
