best-result = 976.8328864574432
warmup-time = 1000.3508276939392
all-measurements = [ 986.9397640228271, 982.8029108047485, 976.8328864574432,]
