best-result = 81.39681959152222
warmup-time = 103.50370621681213
all-measurements = [ 82.64862203598022, 81.88343834877014, 81.39681959152222,]
