best-result = 66.54527711868286
warmup-time = 86.12073087692261
all-measurements = [ 66.54527711868286, 66.96822452545166, 66.96266555786133,]
