best-result = 90.74736595153809
warmup-time = 105.30869054794312
all-measurements = [ 91.3749852180481, 92.44706988334656, 90.74736595153809,]
