best-result = 644.2338674068451
warmup-time = 657.7501587867737
all-measurements = [ 644.6248483657837, 646.0536463260651, 644.2338674068451,]
