best-result = 61.35916757583618
warmup-time = 71.9436628818512
all-measurements = [ 62.0644109249115, 61.35916757583618, 61.41608381271362,]
