best-result = 203.85280752182007
warmup-time = 361.1222426891327
all-measurements = [ 203.85280752182007, 207.06101202964783, 204.56287479400635,]
