best-result = 424.58738589286804
warmup-time = 862.2816467285156
all-measurements = [ 425.325670003891, 426.80645084381104, 424.58738589286804,]
