best-result = 62.28645634651184
warmup-time = 77.4955427646637
all-measurements = [ 62.643192529678345, 62.28645634651184, 62.82416248321533,]
