best-result = 40.03221392631531
warmup-time = 48.28102707862854
all-measurements = [ 40.2414014339447, 40.267680644989014, 40.03221392631531,]
