best-result = 134.32766318321228
warmup-time = 165.77375626564026
all-measurements = [ 139.3272213935852, 154.61240887641907, 134.32766318321228,]
