best-result = 900.2980163097382
warmup-time = 927.6886649131775
all-measurements = [ 901.3807306289673, 902.5451362133026, 900.2980163097382,]
