best-result = 27.560489416122437
warmup-time = 35.86870360374451
all-measurements = [ 27.560489416122437, 27.77485942840576, 27.91975498199463,]
