best-result = 57.415430307388306
warmup-time = 70.51825714111328
all-measurements = [ 57.51047325134277, 57.415430307388306, 57.65724420547485,]
