best-result = 59.50177049636841
warmup-time = 73.7871425151825
all-measurements = [ 59.50177049636841, 59.97318363189697, 59.585042238235474,]
