best-result = 109.7512559890747
warmup-time = 137.43493676185608
all-measurements = [ 109.7512559890747, 110.26079225540161, 110.13142776489258,]
