best-result = 771.8578729629517
warmup-time = 841.0722236633301
all-measurements = [ 771.8578729629517, 777.5059735774994, 777.40469789505,]
