best-result = 33.5652060508728
warmup-time = 40.855003356933594
all-measurements = [ 33.5652060508728, 33.94667339324951, 33.87142848968506,]
