best-result = 55.24378848075867
warmup-time = 72.25216102600098
all-measurements = [ 55.31616401672363, 55.24378848075867, 55.433881521224976,]
