best-result = 1548.740377664566
warmup-time = 1449.721241235733
all-measurements = [ 1759.9678535461426, 1548.740377664566, 2134.4783272743225,]
