best-result = 48.41777753829956
warmup-time = 68.6639518737793
all-measurements = [ 48.58487939834595, 48.41777753829956, 48.835957050323486,]
