best-result = 77.60232782363892
warmup-time = 98.38356828689575
all-measurements = [ 78.41364574432373, 77.60232782363892, 77.79112553596497,]
