best-result = 36.63653063774109
warmup-time = 45.91482710838318
all-measurements = [ 36.63653063774109, 36.99094581604004, 36.87674689292908,]
