best-result = 330.85027837753296
warmup-time = 479.82626509666443
all-measurements = [ 338.5277361869812, 330.85027837753296, 332.8902072906494,]
