best-result = 58.736990451812744
warmup-time = 58.60419178009033
all-measurements = [ 58.736990451812744, 59.02677321434021, 58.914053201675415,]
