best-result = 25.3645658493042
warmup-time = 26.05369210243225
all-measurements = [ 25.556156635284424, 25.391194105148315, 25.3645658493042,]
