best-result = 37.09176230430603
warmup-time = 37.452041149139404
all-measurements = [ 37.663052558898926, 37.47677826881409, 37.09176230430603,]
