best-result = 30.32747459411621
warmup-time = 31.65118646621704
all-measurements = [ 30.32747459411621, 32.400328159332275, 32.25707221031189,]
