best-result = 262.40968441963196
warmup-time = 267.3901832103729
all-measurements = [ 264.0982310771942, 266.28522419929504, 262.40968441963196,]
