best-result = 36.128647565841675
warmup-time = 36.707385301589966
all-measurements = [ 36.95811939239502, 36.81662154197693, 36.128647565841675,]
