best-result = 39.34960651397705
warmup-time = 41.26863241195679
all-measurements = [ 39.34960651397705, 40.49625778198242, 40.40240430831909,]
