best-result = 48.846041202545166
warmup-time = 49.72030711174011
all-measurements = [ 49.412007093429565, 48.846041202545166, 49.98150444030762,]
