best-result = 31.02799963951111
warmup-time = 33.5782995223999
all-measurements = [ 31.02799963951111, 34.663758277893066, 33.731080770492554,]
