best-result = 36.83914375305176
warmup-time = 37.20969104766846
all-measurements = [ 37.452024698257446, 36.83914375305176, 37.44398307800293,]
