best-result = 62.906977891922
warmup-time = 68.38323497772217
all-measurements = [ 62.906977891922, 63.13272500038147, 63.76990270614624,]
