best-result = 225.73265433311462
warmup-time = 231.50551581382751
all-measurements = [ 225.73265433311462, 228.98001098632812, 226.23603415489197,]
