best-result = 520.1227717399597
warmup-time = 525.9066998958588
all-measurements = [ 520.1823582649231, 520.1227717399597, 523.2836043834686,]
