best-result = 35.35307741165161
warmup-time = 37.155932903289795
all-measurements = [ 35.38172674179077, 35.35307741165161, 37.44377303123474,]
