best-result = 73.14222645759583
warmup-time = 75.8993272781372
all-measurements = [ 77.5077531337738, 78.94420719146729, 73.14222645759583,]
