best-result = 62.42560172080994
warmup-time = 61.2988646030426
all-measurements = [ 62.42560172080994, 62.45946764945984, 63.37829828262329,]
