best-result = 27.815946578979492
warmup-time = 28.660162210464478
all-measurements = [ 28.39006733894348, 27.815946578979492, 28.3092098236084,]
