best-result = 35.496758699417114
warmup-time = 35.39257884025574
all-measurements = [ 35.585405588150024, 35.496758699417114, 36.04590201377869,]
