best-result = 33.606101512908936
warmup-time = 32.20384860038757
all-measurements = [ 33.690120220184326, 33.80124831199646, 33.606101512908936,]
