best-result = 41.958871841430664
warmup-time = 44.476258516311646
all-measurements = [ 42.25690746307373, 41.958871841430664, 42.171302795410156,]
