best-result = 95.396719455719
warmup-time = 98.9414439201355
all-measurements = [ 95.396719455719, 96.1047911643982, 96.50672388076782,]
