best-result = 27.308493614196777
warmup-time = 29.746626377105713
all-measurements = [ 27.48723292350769, 29.281193017959595, 27.308493614196777,]
