best-result = 33.27752876281738
warmup-time = 34.95034337043762
all-measurements = [ 34.16960906982422, 33.27752876281738, 33.3423969745636,]
