best-result = 85.08579564094543
warmup-time = 96.25666832923889
all-measurements = [ 86.34030437469482, 85.08579564094543, 97.34510612487793,]
