best-result = 38.04479789733887
warmup-time = 38.79900574684143
all-measurements = [ 39.529433250427246, 39.90472984313965, 38.04479789733887,]
