best-result = 44.436365604400635
warmup-time = 44.734307527542114
all-measurements = [ 44.65594983100891, 44.436365604400635, 44.5571174621582,]
