best-result = 28.410751342773438
warmup-time = 26.83608865737915
all-measurements = [ 28.410751342773438, 29.171208381652832, 28.72942018508911,]
