best-result = 691.3436272144318
warmup-time = 732.2726871967316
all-measurements = [ 701.2003834247589, 692.7824230194092, 691.3436272144318,]
