best-result = 172.3617022037506
warmup-time = 173.78828167915344
all-measurements = [ 176.02595949172974, 176.24609661102295, 172.3617022037506,]
