best-result = 42.052440881729126
warmup-time = 43.17401742935181
all-measurements = [ 43.026708364486694, 43.755773067474365, 42.052440881729126,]
