best-result = 65.83443140983582
warmup-time = 66.72125959396362
all-measurements = [ 66.98337292671204, 65.83443140983582, 69.96895384788513,]
