best-result = 22.73605751991272
warmup-time = 25.03088116645813
all-measurements = [ 23.674878358840942, 22.93795394897461, 22.73605751991272,]
memory-traffic = 270
