best-result = 47.394875049591064
warmup-time = 64.28675436973572
all-measurements = [ 47.394875049591064, 47.83316087722778, 47.90044045448303,]
memory-traffic = 3688
