best-result = 46.94729924201965
warmup-time = 61.01860499382019
all-measurements = [ 46.94729924201965, 47.09506797790527, 47.06088924407959,]
memory-traffic = 3338
