best-result = 961.7646358013153
warmup-time = 1167.1286220550537
all-measurements = [ 981.3562326431274, 989.2855968475342, 961.7646358013153,]
