best-result = 83.94765830039978
warmup-time = 100.02029013633728
all-measurements = [ 85.07737946510315, 83.94765830039978, 84.87866926193237,]
memory-traffic = 7314
