best-result = 80.44385147094727
warmup-time = 104.61604738235474
all-measurements = [ 80.44385147094727, 81.35748386383057, 80.61414384841919,]
