best-result = 70.14573073387146
warmup-time = 93.7159788608551
all-measurements = [ 70.87506890296936, 70.14573073387146, 71.2288076877594,]
memory-traffic = 6083
