best-result = 89.02072525024414
warmup-time = 104.69474649429321
all-measurements = [ 89.02072525024414, 89.73592948913574, 89.09970140457153,]
memory-traffic = 7682
