best-result = 623.7051086425781
warmup-time = 641.5010054111481
all-measurements = [ 625.7065918445587, 625.7589852809906, 623.7051086425781,]
memory-traffic = 56408
