best-result = 63.63913583755493
warmup-time = 82.30827593803406
all-measurements = [ 64.34566068649292, 63.63913583755493, 64.16922402381897,]
memory-traffic = 3624
