best-result = 219.4925937652588
warmup-time = 378.35248923301697
all-measurements = [ 220.88062286376953, 219.4925937652588, 225.03789591789246,]
