best-result = 443.89227843284607
warmup-time = 897.9075169563293
all-measurements = [ 443.89227843284607, 449.2829282283783, 444.7896771430969,]
memory-traffic = 26092
