best-result = 61.78783822059631
warmup-time = 80.14006900787354
all-measurements = [ 61.984527587890625, 61.78783822059631, 62.02605676651001,]
memory-traffic = 3697
