best-result = 915.131858587265
warmup-time = 939.4184234142303
all-measurements = [ 917.9324433803558, 915.131858587265, 920.9488861560822,]
memory-traffic = 101347
