best-result = 27.13567018508911
warmup-time = 36.61370038986206
all-measurements = [ 27.494603633880615, 27.13567018508911, 27.363619089126587,]
memory-traffic = 786
