best-result = 57.8409640789032
warmup-time = 71.01658344268799
all-measurements = [ 58.37267231941223, 57.94587969779968, 57.8409640789032,]
memory-traffic = 4002
