best-result = 58.05543303489685
warmup-time = 73.62779331207275
all-measurements = [ 58.05543303489685, 58.30517053604126, 58.94183588027954,]
memory-traffic = 3236
