best-result = 109.62511897087097
warmup-time = 140.3515293598175
all-measurements = [ 110.48479700088501, 110.54199051856995, 109.62511897087097,]
memory-traffic = 10463
