best-result = 783.0481729507446
warmup-time = 877.5672080516815
all-measurements = [ 783.2893035411835, 783.0481729507446, 786.8091864585876,]
memory-traffic = 68574
