best-result = 34.11286211013794
warmup-time = 46.02047657966614
all-measurements = [ 34.13100719451904, 34.11286211013794, 34.146193981170654,]
memory-traffic = 1298
