best-result = 53.87139105796814
warmup-time = 70.79459595680237
all-measurements = [ 53.87139105796814, 53.925511598587036, 53.924604654312134,]
memory-traffic = 3759
