best-result = 1748.0264430046082
warmup-time = 1714.5326418876648
all-measurements = [ 1748.0264430046082, 2349.9552488327026, 2499.1157488822937,]
memory-traffic = 85906
