best-result = 49.74210548400879
warmup-time = 73.77115750312805
all-measurements = [ 49.761394739151, 49.74210548400879, 50.07029867172241,]
memory-traffic = 3720
