best-result = 80.23133563995361
warmup-time = 102.8514654636383
all-measurements = [ 80.96766829490662, 80.24755215644836, 80.23133563995361,]
memory-traffic = 6599
