best-result = 36.67239236831665
warmup-time = 46.69996786117554
all-measurements = [ 36.67239236831665, 36.84702920913696, 36.69797396659851,]
memory-traffic = 1776
