best-result = 343.8908290863037
warmup-time = 485.2279088497162
all-measurements = [ 344.30141711235046, 343.8908290863037, 352.5989921092987,]
memory-traffic = 34253
