best-result = 125.68909358978271
warmup-time = 129.6057562828064
all-measurements = [ 125.68909358978271, 129.00736904144287, 129.36710023880005,]
memory-traffic = 9202
