best-result = 26.678420543670654
warmup-time = 26.816998720169067
all-measurements = [ 26.880168914794922, 26.678420543670654, 26.690621614456177,]
