best-result = 35.5843722820282
warmup-time = 37.908947706222534
all-measurements = [ 36.99205303192139, 35.5843722820282, 38.79660892486572,]
