best-result = 30.92933964729309
warmup-time = 31.347150564193726
all-measurements = [ 30.92933964729309, 31.98845386505127, 31.462932586669922,]
