best-result = 230.01016187667847
warmup-time = 237.1274254322052
all-measurements = [ 236.0329098701477, 230.01016187667847, 230.1342077255249,]
