best-result = 36.998724937438965
warmup-time = 38.98456692695618
all-measurements = [ 37.59485697746277, 36.998724937438965, 37.96960687637329,]
