best-result = 112.8598620891571
warmup-time = 114.07469415664673
all-measurements = [ 113.55544257164001, 112.8598620891571, 113.08098411560059,]
