best-result = 34.59339714050293
warmup-time = 35.6825053691864
all-measurements = [ 36.394020557403564, 36.069637298583984, 34.59339714050293,]
