best-result = 41.41673421859741
warmup-time = 42.0492730140686
all-measurements = [ 42.22282409667969, 41.41673421859741, 41.927897453308105,]
