best-result = 48.49635720252991
warmup-time = 49.73131847381592
all-measurements = [ 48.519752979278564, 48.49635720252991, 49.075220823287964,]
