best-result = 34.0824408531189
warmup-time = 34.72671723365784
all-measurements = [ 34.95507502555847, 34.0824408531189, 35.14916253089905,]
