best-result = 36.775063037872314
warmup-time = 37.602442502975464
all-measurements = [ 38.03723907470703, 36.775063037872314, 38.35035181045532,]
