best-result = 59.86453294754028
warmup-time = 63.97248649597168
all-measurements = [ 64.75202631950378, 59.86453294754028, 63.34210801124573,]
