best-result = 222.64884495735168
warmup-time = 224.82348918914795
all-measurements = [ 224.0413248538971, 222.71292281150818, 222.64884495735168,]
