best-result = 501.15554642677307
warmup-time = 507.7942113876343
all-measurements = [ 501.526242017746, 507.4702777862549, 501.15554642677307,]
