best-result = 36.94475507736206
warmup-time = 39.57827281951904
all-measurements = [ 36.94475507736206, 37.95427107810974, 38.71632480621338,]
