best-result = 29.5375919342041
warmup-time = 30.2616925239563
all-measurements = [ 29.851433992385864, 29.5375919342041, 29.646708965301514,]
