best-result = 76.16123342514038
warmup-time = 71.81234359741211
all-measurements = [ 78.60034227371216, 76.16123342514038, 77.91747713088989,]
