best-result = 60.57418632507324
warmup-time = 62.21544909477234
all-measurements = [ 60.57418632507324, 62.40807056427002, 63.583778858184814,]
