best-result = 28.73614001274109
warmup-time = 28.84017825126648
all-measurements = [ 30.042078495025635, 29.141702890396118, 28.73614001274109,]
