best-result = 35.96938943862915
warmup-time = 36.34442329406738
all-measurements = [ 36.07542657852173, 35.96938943862915, 36.2351233959198,]
