best-result = 33.66236925125122
warmup-time = 34.490565061569214
all-measurements = [ 34.956578969955444, 33.66236925125122, 34.57491421699524,]
