best-result = 42.48691987991333
warmup-time = 44.783621072769165
all-measurements = [ 42.48691987991333, 44.01976728439331, 43.73865866661072,]
