best-result = 95.98816752433777
warmup-time = 95.6169764995575
all-measurements = [ 97.55139660835266, 95.98816752433777, 97.26678347587585,]
