best-result = 28.369947910308838
warmup-time = 30.25187373161316
all-measurements = [ 29.880528926849365, 30.37652039527893, 28.369947910308838,]
