best-result = 34.74633717536926
warmup-time = 34.953173875808716
all-measurements = [ 34.74633717536926, 35.4317741394043, 36.139272689819336,]
