best-result = 86.64574599266052
warmup-time = 87.09979009628296
all-measurements = [ 97.23155903816223, 86.64574599266052, 87.43383169174194,]
