best-result = 38.59442448616028
warmup-time = 40.36034536361694
all-measurements = [ 38.59442448616028, 39.00572419166565, 39.43984913825989,]
