best-result = 44.9867308139801
warmup-time = 46.10464692115784
all-measurements = [ 45.12007188796997, 44.9867308139801, 45.284268379211426,]
