best-result = 50.59897303581238
warmup-time = 51.386685609817505
all-measurements = [ 51.104649782180786, 50.891629457473755, 50.59897303581238,]
