best-result = 28.972705602645874
warmup-time = 29.821098804473877
all-measurements = [ 29.32136082649231, 28.972705602645874, 29.98809576034546,]
