best-result = 634.7473986148834
warmup-time = 680.6210179328918
all-measurements = [ 647.0341403484344, 634.7473986148834, 637.0811471939087,]
