best-result = 166.6327018737793
warmup-time = 171.4763514995575
all-measurements = [ 166.6327018737793, 168.34106349945068, 168.06585812568665,]
