best-result = 59.71331524848938
warmup-time = 68.2703149318695
all-measurements = [ 61.09706258773804, 67.95636177062988, 59.71331524848938,]
