best-result = 22.446967840194702
warmup-time = 23.13847327232361
all-measurements = [ 22.446967840194702, 22.456806421279907, 22.76397681236267,]
