best-result = 46.51609468460083
warmup-time = 65.19140601158142
all-measurements = [ 47.38975167274475, 46.881548166275024, 46.51609468460083,]
