best-result = 46.134730100631714
warmup-time = 57.577579498291016
all-measurements = [ 46.391345262527466, 46.49769711494446, 46.134730100631714,]
