best-result = 919.5071425437927
warmup-time = 1125.591201543808
all-measurements = [ 920.1753611564636, 919.5071425437927, 945.9350943565369,]
