best-result = 84.98175144195557
warmup-time = 102.56118130683899
all-measurements = [ 85.89600372314453, 84.98175144195557, 85.10770559310913,]
