best-result = 82.37246084213257
warmup-time = 102.23991131782532
all-measurements = [ 82.37246084213257, 82.6491231918335, 82.53934168815613,]
