best-result = 69.8465211391449
warmup-time = 90.7903847694397
all-measurements = [ 69.8465211391449, 71.05128216743469, 70.77052330970764,]
