best-result = 91.03580713272095
warmup-time = 105.04509806632996
all-measurements = [ 91.03580713272095, 91.55661177635193, 91.64876914024353,]
