best-result = 641.8529906272888
warmup-time = 660.4011013507843
all-measurements = [ 644.3976411819458, 641.8529906272888, 649.5529475212097,]
