best-result = 63.66710162162781
warmup-time = 78.18422389030457
all-measurements = [ 64.46719670295715, 63.66710162162781, 63.73090171813965,]
