best-result = 208.5470747947693
warmup-time = 365.7860281467438
all-measurements = [ 208.5470747947693, 211.4698874950409, 211.07864785194397,]
