best-result = 432.88006043434143
warmup-time = 885.5061495304108
all-measurements = [ 434.74442172050476, 432.88006043434143, 436.39455699920654,]
