best-result = 61.56822967529297
warmup-time = 78.4828839302063
all-measurements = [ 62.27667427062988, 61.56822967529297, 62.34230589866638,]
