best-result = 140.74922490119934
warmup-time = 172.79591631889343
all-measurements = [ 140.74922490119934, 141.01357531547546, 141.4209430217743,]
