best-result = 884.0990617275238
warmup-time = 914.5242223739624
all-measurements = [ 886.4804916381836, 884.0990617275238, 923.1754279136658,]
