best-result = 27.32563042640686
warmup-time = 35.878119468688965
all-measurements = [ 27.844032287597656, 27.32563042640686, 28.435099601745605,]
