best-result = 58.708277463912964
warmup-time = 68.58788967132568
all-measurements = [ 58.708277463912964, 58.99642062187195, 59.02354907989502,]
