best-result = 59.722310304641724
warmup-time = 74.00894927978516
all-measurements = [ 59.722310304641724, 60.39799237251282, 60.32079887390137,]
