best-result = 110.2365186214447
warmup-time = 138.34510207176208
all-measurements = [ 110.2365186214447, 110.98689937591553, 110.67132878303528,]
