best-result = 786.3192269802094
warmup-time = 857.1658937931061
all-measurements = [ 787.0664885044098, 787.5862183570862, 786.3192269802094,]
