best-result = 33.47290349006653
warmup-time = 42.96177840232849
all-measurements = [ 33.47290349006653, 33.758325815200806, 33.78517436981201,]
