best-result = 54.86385107040405
warmup-time = 71.82934093475342
all-measurements = [ 54.86385107040405, 54.98269438743591, 54.93048048019409,]
