best-result = 2998.052575111389
warmup-time = 2917.397376537323
all-measurements = [ 2998.052575111389, 3499.694788455963, 3200.3427734375,]
