best-result = 49.35032510757446
warmup-time = 72.38945388793945
all-measurements = [ 49.62380290031433, 50.292771100997925, 49.35032510757446,]
