best-result = 77.7133092880249
warmup-time = 98.6906988620758
all-measurements = [ 77.7133092880249, 77.88007807731628, 78.13475275039673,]
