best-result = 36.59009122848511
warmup-time = 45.178513050079346
all-measurements = [ 36.702157974243164, 36.59009122848511, 36.7838134765625,]
