best-result = 346.31687021255493
warmup-time = 481.03185391426086
all-measurements = [ 351.5064432621002, 354.07389545440674, 346.31687021255493,]
