best-result = 59.11721467971802
warmup-time = 60.799283504486084
all-measurements = [ 59.297114849090576, 59.11721467971802, 59.26098275184631,]
