best-result = 26.44420337677002
warmup-time = 26.9106662273407
all-measurements = [ 26.69354772567749, 26.44420337677002, 26.507527589797974,]
