best-result = 35.65466618537903
warmup-time = 37.69979739189148
all-measurements = [ 37.515562295913696, 38.31920027732849, 35.65466618537903,]
