best-result = 31.497732639312744
warmup-time = 31.708171606063843
all-measurements = [ 31.850035667419434, 31.497732639312744, 32.01807188987732,]
