best-result = 230.2815055847168
warmup-time = 235.52264714241028
all-measurements = [ 232.22469758987427, 233.4357192516327, 230.2815055847168,]
