best-result = 36.19732451438904
warmup-time = 37.316365003585815
all-measurements = [ 36.90163993835449, 36.19732451438904, 37.09636354446411,]
