best-result = 111.92342352867126
warmup-time = 113.61989855766296
all-measurements = [ 111.92342352867126, 113.2991189956665, 112.6993818283081,]
