best-result = 35.07796812057495
warmup-time = 35.61404633522034
all-measurements = [ 35.07796812057495, 36.299837827682495, 36.06850457191467,]
