best-result = 40.099403619766235
warmup-time = 40.232882022857666
all-measurements = [ 40.099403619766235, 41.896578550338745, 41.969491481781006,]
