best-result = 46.82337689399719
warmup-time = 48.37900686264038
all-measurements = [ 47.83660674095154, 46.82337689399719, 48.18220138549805,]
