best-result = 33.277055740356445
warmup-time = 34.47227597236633
all-measurements = [ 33.8033390045166, 34.22990441322327, 33.277055740356445,]
