best-result = 37.56339240074158
warmup-time = 37.930826902389526
all-measurements = [ 37.56339240074158, 37.73231506347656, 37.88637733459473,]
