best-result = 60.35298299789429
warmup-time = 62.777756214141846
all-measurements = [ 61.30733823776245, 63.003175497055054, 60.35298299789429,]
