best-result = 220.23309969902039
warmup-time = 222.33649110794067
all-measurements = [ 220.23309969902039, 222.20340156555176, 223.84097814559937,]
