best-result = 503.06715631484985
warmup-time = 508.26475739479065
all-measurements = [ 504.5749614238739, 503.06715631484985, 507.29314494132996,]
