best-result = 37.454939126968384
warmup-time = 37.0480375289917
all-measurements = [ 38.15356993675232, 37.454939126968384, 38.285024881362915,]
