best-result = 28.829577207565308
warmup-time = 29.54641079902649
all-measurements = [ 28.829577207565308, 29.356276512145996, 28.97350764274597,]
