best-result = 75.7379219532013
warmup-time = 72.77614903450012
all-measurements = [ 75.7379219532013, 80.51515626907349, 78.32782649993896,]
