best-result = 61.6145384311676
warmup-time = 61.658294439315796
all-measurements = [ 61.6145384311676, 63.71730899810791, 61.96103620529175,]
