best-result = 27.66475796699524
warmup-time = 28.10394048690796
all-measurements = [ 29.68539571762085, 27.66475796699524, 29.240894317626953,]
