best-result = 34.92749834060669
warmup-time = 35.8290855884552
all-measurements = [ 34.92749834060669, 35.2119083404541, 35.83234262466431,]
