best-result = 33.66402816772461
warmup-time = 34.0896635055542
all-measurements = [ 33.87144613265991, 33.66402816772461, 33.66653823852539,]
