best-result = 43.22469115257263
warmup-time = 43.86608362197876
all-measurements = [ 44.21789908409119, 45.27694511413574, 43.22469115257263,]
