best-result = 94.30894088745117
warmup-time = 95.71563053131104
all-measurements = [ 94.30894088745117, 95.66362810134888, 97.16894197463989,]
