best-result = 27.70132040977478
warmup-time = 29.949775218963623
all-measurements = [ 27.70132040977478, 27.801038026809692, 27.85084056854248,]
