best-result = 35.28172779083252
warmup-time = 35.645129680633545
all-measurements = [ 35.97751569747925, 35.28172779083252, 35.50630521774292,]
