best-result = 85.87863492965698
warmup-time = 93.91222834587097
all-measurements = [ 92.20559573173523, 88.18611145019531, 85.87863492965698,]
