best-result = 38.60841369628906
warmup-time = 39.46312713623047
all-measurements = [ 39.545222759246826, 39.24489784240723, 38.60841369628906,]
