best-result = 44.896342515945435
warmup-time = 47.089561223983765
all-measurements = [ 46.1580970287323, 44.896342515945435, 45.11411428451538,]
