best-result = 49.60226631164551
warmup-time = 51.9392511844635
all-measurements = [ 50.762574195861816, 50.33996820449829, 49.60226631164551,]
