best-result = 27.926763772964478
warmup-time = 29.337635278701782
all-measurements = [ 29.040974617004395, 27.926763772964478, 28.70482563972473,]
