best-result = 662.159613609314
warmup-time = 708.822582244873
all-measurements = [ 663.657327413559, 662.159613609314, 672.9615893363953,]
