best-result = 167.87002229690552
warmup-time = 170.53687453269958
all-measurements = [ 167.87002229690552, 168.2786865234375, 172.25667357444763,]
