best-result = 66.06588172912598
warmup-time = 68.57924151420593
all-measurements = [ 70.87322640419006, 69.43899965286255, 66.06588172912598,]
