best-result = 25.822563409805298
warmup-time = 27.16941237449646
all-measurements = [ 26.39274001121521, 26.9302339553833, 25.822563409805298,]
