best-result = 37.087011098861694
warmup-time = 38.914562702178955
all-measurements = [ 38.15759873390198, 37.087011098861694, 37.83807349205017,]
