best-result = 30.721019983291626
warmup-time = 32.42102670669556
all-measurements = [ 30.721019983291626, 31.554458141326904, 31.503479480743408,]
