best-result = 230.06872963905334
warmup-time = 236.1879322528839
all-measurements = [ 232.3737826347351, 231.9806888103485, 230.06872963905334,]
