best-result = 35.40209174156189
warmup-time = 37.54873585700989
all-measurements = [ 36.884907722473145, 35.40209174156189, 36.64343190193176,]
