best-result = 112.16824984550476
warmup-time = 116.04098391532898
all-measurements = [ 114.44619274139404, 113.27602887153625, 112.16824984550476,]
