best-result = 34.70499610900879
warmup-time = 34.97225332260132
all-measurements = [ 35.27298879623413, 35.00773024559021, 34.70499610900879,]
