best-result = 41.89742994308472
warmup-time = 42.45768213272095
all-measurements = [ 42.907747983932495, 41.89742994308472, 43.42483973503113,]
