best-result = 47.848132848739624
warmup-time = 48.417503356933594
all-measurements = [ 47.85626411437988, 47.865790605545044, 47.848132848739624,]
