best-result = 33.09146022796631
warmup-time = 33.795568227767944
all-measurements = [ 34.30347776412964, 33.09146022796631, 34.74427652359009,]
