best-result = 37.931164026260376
warmup-time = 38.40352416038513
all-measurements = [ 38.06307601928711, 37.931164026260376, 38.08230495452881,]
