best-result = 60.61158609390259
warmup-time = 59.557915925979614
all-measurements = [ 65.75228571891785, 63.93538522720337, 60.61158609390259,]
