best-result = 222.42266511917114
warmup-time = 223.59025406837463
all-measurements = [ 222.42266511917114, 223.23374962806702, 224.0972170829773,]
