best-result = 500.74432349205017
warmup-time = 508.63526606559753
all-measurements = [ 500.74432349205017, 505.7823865413666, 504.9711666107178,]
