best-result = 37.42253589630127
warmup-time = 36.12600874900818
all-measurements = [ 38.2012677192688, 37.42253589630127, 37.60081696510315,]
