best-result = 29.248852252960205
warmup-time = 29.621392726898193
all-measurements = [ 29.341208696365356, 29.40020513534546, 29.248852252960205,]
