best-result = 68.54706025123596
warmup-time = 75.19330263137817
all-measurements = [ 77.72565698623657, 74.2803282737732, 68.54706025123596,]
