best-result = 61.28906321525574
warmup-time = 61.01979398727417
all-measurements = [ 61.28906321525574, 62.30691719055176, 61.484781980514526,]
