best-result = 28.438820600509644
warmup-time = 28.7263822555542
all-measurements = [ 28.438820600509644, 29.044068574905396, 28.838372230529785,]
