best-result = 32.31795334815979
warmup-time = 35.98845291137695
all-measurements = [ 32.31795334815979, 35.21628403663635, 35.572219371795654,]
