best-result = 32.23019242286682
warmup-time = 34.43624949455261
all-measurements = [ 32.23019242286682, 34.52434158325195, 34.3433792591095,]
