best-result = 41.83922052383423
warmup-time = 44.1730694770813
all-measurements = [ 41.83922052383423, 42.49961590766907, 43.77047920227051,]
