best-result = 95.73671984672546
warmup-time = 95.9927167892456
all-measurements = [ 96.8356876373291, 95.73671984672546, 96.4904408454895,]
