best-result = 27.754305362701416
warmup-time = 29.57341241836548
all-measurements = [ 29.947649002075195, 27.754305362701416, 30.077696323394775,]
