best-result = 34.08244848251343
warmup-time = 35.44855093955994
all-measurements = [ 35.72762966156006, 34.868847131729126, 34.08244848251343,]
