best-result = 86.1050374507904
warmup-time = 91.2726526260376
all-measurements = [ 86.1050374507904, 86.22057461738586, 87.64583396911621,]
