best-result = 39.27370810508728
warmup-time = 38.582542181015015
all-measurements = [ 39.86068940162659, 39.27370810508728, 39.69081091880798,]
