best-result = 44.43097257614136
warmup-time = 45.17284679412842
all-measurements = [ 45.71081733703613, 44.43097257614136, 45.80720233917236,]
