best-result = 50.41917681694031
warmup-time = 51.58724761009216
all-measurements = [ 50.41917681694031, 50.64808773994446, 50.55543851852417,]
