best-result = 28.852801084518433
warmup-time = 29.564404249191284
all-measurements = [ 29.476885557174683, 29.983943939208984, 28.852801084518433,]
