best-result = 665.6108038425446
warmup-time = 706.2596621513367
all-measurements = [ 670.8593382835388, 671.8871726989746, 665.6108038425446,]
