best-result = 165.2802095413208
warmup-time = 168.65076684951782
all-measurements = [ 167.57689952850342, 168.5738730430603, 165.2802095413208,]
