best-result = 58.98420715332031
warmup-time = 67.60050749778748
all-measurements = [ 66.30199003219604, 67.37636971473694, 58.98420715332031,]
