best-result = 25.857652187347412
warmup-time = 26.641305446624756
all-measurements = [ 26.5577495098114, 25.857652187347412, 26.083230018615723,]
