best-result = 34.544055461883545
warmup-time = 37.485546350479126
all-measurements = [ 35.359904766082764, 37.223543882369995, 34.544055461883545,]
