best-result = 30.69234800338745
warmup-time = 30.292155027389526
all-measurements = [ 30.79190444946289, 31.62368893623352, 30.69234800338745,]
