best-result = 231.85707020759583
warmup-time = 238.59942817687988
all-measurements = [ 231.85707020759583, 237.68137621879578, 234.7924723625183,]
