best-result = 35.92589211463928
warmup-time = 36.60698580741882
all-measurements = [ 36.71705222129822, 37.59139800071716, 35.92589211463928,]
