best-result = 112.22595763206482
warmup-time = 117.51952934265137
all-measurements = [ 114.47081923484802, 112.22595763206482, 113.66385555267334,]
