best-result = 34.30843687057495
warmup-time = 35.76228427886963
all-measurements = [ 35.29599070549011, 34.30843687057495, 34.443273067474365,]
