best-result = 41.304718255996704
warmup-time = 41.43031883239746
all-measurements = [ 41.4922616481781, 41.304718255996704, 42.34310841560364,]
