best-result = 47.480045795440674
warmup-time = 48.92087650299072
all-measurements = [ 50.73473787307739, 49.98997950553894, 47.480045795440674,]
