best-result = 31.61716103553772
warmup-time = 33.949204206466675
all-measurements = [ 33.896326303482056, 33.669235706329346, 31.61716103553772,]
