best-result = 37.49528527259827
warmup-time = 39.01695990562439
all-measurements = [ 38.0934693813324, 37.49528527259827, 37.87984871864319,]
