best-result = 57.964287757873535
warmup-time = 65.84748792648315
all-measurements = [ 61.13858342170715, 61.99449348449707, 57.964287757873535,]
