best-result = 222.61542129516602
warmup-time = 228.68031239509583
all-measurements = [ 223.47489476203918, 227.87400126457214, 222.61542129516602,]
