best-result = 510.56739258766174
warmup-time = 516.6729295253754
all-measurements = [ 510.56739258766174, 512.5921912193298, 512.8758680820465,]
