best-result = 36.73039150238037
warmup-time = 38.63527488708496
all-measurements = [ 38.844547271728516, 37.00541567802429, 36.73039150238037,]
