best-result = 28.892558336257935
warmup-time = 29.386433839797974
all-measurements = [ 29.42069911956787, 29.150599241256714, 28.892558336257935,]
