best-result = 71.20463037490845
warmup-time = 79.93523120880127
all-measurements = [ 71.20463037490845, 78.90462636947632, 78.49440169334412,]
