best-result = 60.85688900947571
warmup-time = 61.760901927948
all-measurements = [ 62.076513051986694, 60.85688900947571, 61.413267612457275,]
