best-result = 27.41795539855957
warmup-time = 28.26382613182068
all-measurements = [ 27.41795539855957, 28.30462884902954, 27.474368810653687,]
