best-result = 35.08770132064819
warmup-time = 35.81631016731262
all-measurements = [ 35.64239478111267, 35.715850591659546, 35.08770132064819,]
