best-result = 32.70896530151367
warmup-time = 33.91156053543091
all-measurements = [ 32.70896530151367, 34.29155254364014, 34.23147225379944,]
