best-result = 42.0889687538147
warmup-time = 41.38450503349304
all-measurements = [ 42.91951823234558, 42.0889687538147, 44.19774556159973,]
