best-result = 94.88118052482605
warmup-time = 96.14192342758179
all-measurements = [ 97.25217127799988, 94.88118052482605, 95.96731877326965,]
