best-result = 27.817172288894653
warmup-time = 29.21151900291443
all-measurements = [ 30.720421075820923, 28.36231517791748, 27.817172288894653,]
