best-result = 34.53034853935242
warmup-time = 35.65332770347595
all-measurements = [ 35.74220323562622, 34.53034853935242, 34.566898345947266,]
