best-result = 86.07840371131897
warmup-time = 87.49259924888611
all-measurements = [ 89.1288583278656, 96.56302666664124, 86.07840371131897,]
