best-result = 38.79451584815979
warmup-time = 39.98454141616821
all-measurements = [ 38.97036647796631, 38.79451584815979, 39.383078813552856,]
