best-result = 42.32742524147034
warmup-time = 44.10303497314453
all-measurements = [ 44.65934467315674, 44.33684182167053, 42.32742524147034,]
