best-result = 51.04974913597107
warmup-time = 50.882019996643066
all-measurements = [ 51.08841037750244, 51.04974913597107, 52.574424743652344,]
