best-result = 28.927330493927002
warmup-time = 29.355042219161987
all-measurements = [ 28.927330493927002, 30.207387447357178, 29.577157735824585,]
