best-result = 630.2967665195465
warmup-time = 697.0020501613617
all-measurements = [ 630.2967665195465, 636.2527368068695, 630.8300416469574,]
