best-result = 165.9987449645996
warmup-time = 173.28608179092407
all-measurements = [ 165.9987449645996, 174.99326825141907, 173.05541610717773,]
