best-result = 64.89996767044067
warmup-time = 64.70186734199524
all-measurements = [ 66.03497123718262, 64.89996767044067, 70.25941634178162,]
