best-result = 22.245290994644165
warmup-time = 22.57413125038147
all-measurements = [ 22.508278846740723, 22.245290994644165, 23.042842626571655,]
