best-result = 47.08283567428589
warmup-time = 63.19944167137146
all-measurements = [ 47.08283567428589, 47.47214078903198, 47.24447202682495,]
