best-result = 46.00848627090454
warmup-time = 59.533942461013794
all-measurements = [ 46.39883852005005, 46.86542630195618, 46.00848627090454,]
