best-result = 921.6591684818268
warmup-time = 1143.9770073890686
all-measurements = [ 921.6591684818268, 937.1533031463623, 931.8601484298706,]
