best-result = 85.0927038192749
warmup-time = 99.21394681930542
all-measurements = [ 85.3706111907959, 85.53066539764404, 85.0927038192749,]
