best-result = 979.2560203075409
warmup-time = 1007.9101424217224
all-measurements = [ 990.2616465091705, 979.2560203075409, 983.6579320430756,]
