best-result = 82.53060722351074
warmup-time = 103.13338351249695
all-measurements = [ 82.61121582984924, 82.53060722351074, 83.35908341407776,]
