best-result = 68.27019047737122
warmup-time = 88.1982536315918
all-measurements = [ 69.03353476524353, 68.27019047737122, 68.34999513626099,]
