best-result = 91.17600846290588
warmup-time = 105.46420979499817
all-measurements = [ 91.55542612075806, 91.86066603660583, 91.17600846290588,]
