best-result = 647.0379195213318
warmup-time = 662.0083558559418
all-measurements = [ 649.0405840873718, 647.0379195213318, 648.9360792636871,]
