best-result = 62.751368045806885
warmup-time = 75.21987771987915
all-measurements = [ 63.90038323402405, 63.061330795288086, 62.751368045806885,]
