best-result = 208.97707891464233
warmup-time = 367.0075294971466
all-measurements = [ 211.53427505493164, 211.86777019500732, 208.97707891464233,]
