best-result = 427.30098724365234
warmup-time = 871.9807126522064
all-measurements = [ 427.30098724365234, 429.33395195007324, 430.156610250473,]
