best-result = 62.07594084739685
warmup-time = 79.15839004516602
all-measurements = [ 62.07594084739685, 63.023709297180176, 62.96873497962952,]
