best-result = 39.06169652938843
warmup-time = 48.46562600135803
all-measurements = [ 39.860257387161255, 39.70967149734497, 39.06169652938843,]
