best-result = 138.00537276268005
warmup-time = 185.3313283920288
all-measurements = [ 139.5321545600891, 138.00537276268005, 138.04044699668884,]
