best-result = 909.1235122680664
warmup-time = 940.2768533229828
all-measurements = [ 909.1235122680664, 909.963399887085, 915.8325366973877,]
