best-result = 27.519073963165283
warmup-time = 36.17054343223572
all-measurements = [ 27.665087461471558, 27.519073963165283, 27.7697491645813,]
