best-result = 57.813923358917236
warmup-time = 72.26143455505371
all-measurements = [ 57.947345495224, 57.813923358917236, 58.361746072769165,]
