best-result = 59.537757396698
warmup-time = 72.26946258544922
all-measurements = [ 59.537757396698, 59.570807456970215, 59.60895037651062,]
