best-result = 110.46129965782166
warmup-time = 137.69896364212036
all-measurements = [ 110.46129965782166, 111.76438212394714, 111.28966188430786,]
