best-result = 783.0568861961365
warmup-time = 861.4770615100861
all-measurements = [ 783.0568861961365, 787.9022526741028, 783.245935678482,]
