best-result = 33.7641179561615
warmup-time = 42.49673867225647
all-measurements = [ 33.7641179561615, 34.25275921821594, 33.82577967643738,]
