best-result = 55.21276378631592
warmup-time = 70.88062787055969
all-measurements = [ 55.70763278007507, 55.21276378631592, 55.246824979782104,]
