best-result = 1317.7642602920532
warmup-time = 1665.7123112678528
all-measurements = [ 1438.8358166217804, 1317.7642602920532, 1594.2130236625671,]
