best-result = 48.863691329956055
warmup-time = 70.25775456428528
all-measurements = [ 49.292773723602295, 48.863691329956055, 49.00391173362732,]
