best-result = 78.17396211624146
warmup-time = 97.33116698265076
all-measurements = [ 78.36597275733948, 78.40456676483154, 78.17396211624146,]
