best-result = 36.4523811340332
warmup-time = 46.625755071640015
all-measurements = [ 36.7684440612793, 36.585965394973755, 36.4523811340332,]
