best-result = 345.8787500858307
warmup-time = 504.3134994506836
all-measurements = [ 345.8787500858307, 349.31434631347656, 351.2301254272461,]
