best-result = 58.74767446517944
warmup-time = 60.015209674835205
all-measurements = [ 59.647279024124146, 59.13990902900696, 58.74767446517944,]
