best-result = 22.53576970100403
warmup-time = 22.807212591171265
all-measurements = [ 23.001182794570923, 22.934720516204834, 22.53576970100403,]
