best-result = 46.42777919769287
warmup-time = 63.9797785282135
all-measurements = [ 46.54730463027954, 46.42777919769287, 47.3548367023468,]
