best-result = 46.5548460483551
warmup-time = 58.31727743148804
all-measurements = [ 46.5548460483551, 46.77743625640869, 46.561211824417114,]
