best-result = 933.190083026886
warmup-time = 1129.6246643066406
all-measurements = [ 938.4076800346375, 933.190083026886, 946.0454413890839,]
