best-result = 85.15909671783447
warmup-time = 100.61562609672546
all-measurements = [ 85.15909671783447, 89.79591059684753, 93.42997622489929,]
