best-result = 82.28964710235596
warmup-time = 104.30688095092773
all-measurements = [ 83.12031388282776, 82.28964710235596, 83.35485363006592,]
