best-result = 69.92768788337708
warmup-time = 92.28421640396118
all-measurements = [ 69.92768788337708, 70.42069625854492, 70.80092024803162,]
