best-result = 91.11555075645447
warmup-time = 106.43479037284851
all-measurements = [ 91.22449803352356, 91.36477208137512, 91.11555075645447,]
