best-result = 632.4876704216003
warmup-time = 647.0731654167175
all-measurements = [ 636.0994222164154, 636.0933685302734, 632.4876704216003,]
