best-result = 63.751909255981445
warmup-time = 74.00616312026978
all-measurements = [ 64.75619459152222, 63.751909255981445, 64.41312527656555,]
