best-result = 220.2326843738556
warmup-time = 376.298864364624
all-measurements = [ 222.63078808784485, 220.2326843738556, 220.70555663108826,]
