best-result = 443.9949805736542
warmup-time = 889.9252464771271
all-measurements = [ 443.9949805736542, 452.089120388031, 446.0265266895294,]
