best-result = 62.25776648521423
warmup-time = 80.09130454063416
all-measurements = [ 63.34389019012451, 62.25776648521423, 62.7051317691803,]
