best-result = 139.832097530365
warmup-time = 174.24797344207764
all-measurements = [ 140.83137249946594, 140.631334066391, 139.832097530365,]
