best-result = 884.3168773651123
warmup-time = 927.6810784339905
all-measurements = [ 886.0484092235565, 891.4464967250824, 884.3168773651123,]
