best-result = 30.927497148513794
warmup-time = 40.665093660354614
all-measurements = [ 34.11192297935486, 31.414240837097168, 30.927497148513794,]
