best-result = 58.14747381210327
warmup-time = 76.00032210350037
all-measurements = [ 59.1639347076416, 58.14747381210327, 59.114957094192505,]
