best-result = 59.1288583278656
warmup-time = 73.37122869491577
all-measurements = [ 60.35919117927551, 59.1288583278656, 59.35539746284485,]
