best-result = 110.79431343078613
warmup-time = 138.88703608512878
all-measurements = [ 111.12133693695068, 110.79431343078613, 111.14708971977234,]
