best-result = 782.2642071247101
warmup-time = 848.8367278575897
all-measurements = [ 792.3206233978271, 791.9377853870392, 782.2642071247101,]
