best-result = 33.8728084564209
warmup-time = 43.17342686653137
all-measurements = [ 33.8728084564209, 33.937862157821655, 36.80423617362976,]
