best-result = 54.918047189712524
warmup-time = 79.8879041671753
all-measurements = [ 56.98287224769592, 54.918047189712524, 56.077919244766235,]
