best-result = 2467.77694606781
warmup-time = 3285.963982105255
all-measurements = [ 2741.7828850746155, 2467.77694606781, 3574.7634353637695,]
