best-result = 49.25535774230957
warmup-time = 71.61469340324402
all-measurements = [ 49.25535774230957, 49.586528301239014, 49.633774757385254,]
