best-result = 78.62069344520569
warmup-time = 97.61424970626831
all-measurements = [ 78.98918199539185, 78.62069344520569, 79.37205123901367,]
