best-result = 36.50749754905701
warmup-time = 46.799633741378784
all-measurements = [ 37.536648750305176, 36.50749754905701, 36.61410331726074,]
