best-result = 349.86769366264343
warmup-time = 500.2787096500397
all-measurements = [ 354.99874329566956, 349.86769366264343, 351.1918454170227,]
