best-result = 59.12938833236694
warmup-time = 59.93661665916443
all-measurements = [ 59.306503772735596, 59.12938833236694, 59.3985812664032,]
