best-result = 25.201701164245605
warmup-time = 25.571913719177246
all-measurements = [ 25.24982452392578, 25.317423820495605, 25.201701164245605,]
