best-result = 35.50639486312866
warmup-time = 38.86884808540344
all-measurements = [ 35.50639486312866, 36.60874795913696, 36.584062337875366,]
