best-result = 30.720446586608887
warmup-time = 30.949108839035034
all-measurements = [ 30.86855959892273, 31.48454523086548, 30.720446586608887,]
