best-result = 254.8987419605255
warmup-time = 262.77435994148254
all-measurements = [ 254.8987419605255, 257.41524147987366, 261.4655907154083,]
