best-result = 36.032002687454224
warmup-time = 35.53883719444275
all-measurements = [ 36.032002687454224, 36.56176137924194, 36.44715619087219,]
