best-result = 111.69818711280823
warmup-time = 117.36024045944214
all-measurements = [ 112.12729001045227, 112.42782664299011, 111.69818711280823,]
