best-result = 39.278297901153564
warmup-time = 40.33512020111084
all-measurements = [ 39.88049817085266, 40.65745568275452, 39.278297901153564,]
