best-result = 47.15303158760071
warmup-time = 48.39970374107361
all-measurements = [ 48.95884561538696, 47.36811661720276, 47.15303158760071,]
