best-result = 32.18750214576721
warmup-time = 32.71693730354309
all-measurements = [ 32.82269501686096, 32.43055725097656, 32.18750214576721,]
