best-result = 37.18360352516174
warmup-time = 36.3736846446991
all-measurements = [ 37.18360352516174, 37.9431791305542, 37.65229058265686,]
