best-result = 59.492849826812744
warmup-time = 58.5486900806427
all-measurements = [ 62.110421657562256, 59.492849826812744, 61.726818323135376,]
