best-result = 223.41182565689087
warmup-time = 225.6320662498474
all-measurements = [ 224.22066450119019, 227.49153399467468, 223.41182565689087,]
