best-result = 517.1038310527802
warmup-time = 519.9810252189636
all-measurements = [ 517.6420414447784, 517.1038310527802, 529.3905458450317,]
