best-result = 36.35028409957886
warmup-time = 37.32433247566223
all-measurements = [ 36.857083797454834, 36.77960157394409, 36.35028409957886,]
