best-result = 28.28122043609619
warmup-time = 28.309661388397217
all-measurements = [ 28.4330952167511, 28.570411205291748, 28.28122043609619,]
