best-result = 71.91121482849121
warmup-time = 76.87444496154785
all-measurements = [ 72.37486004829407, 76.63267636299133, 71.91121482849121,]
