best-result = 60.72725582122803
warmup-time = 62.27968239784241
all-measurements = [ 61.111581802368164, 61.19335389137268, 60.72725582122803,]
