best-result = 26.49938654899597
warmup-time = 28.228264331817627
all-measurements = [ 28.914583921432495, 26.49938654899597, 27.29087543487549,]
