best-result = 34.53257942199707
warmup-time = 34.59620475769043
all-measurements = [ 34.93426036834717, 34.998197078704834, 34.53257942199707,]
