best-result = 32.3517370223999
warmup-time = 31.86040210723877
all-measurements = [ 33.799641847610474, 33.68431353569031, 32.3517370223999,]
