best-result = 41.18722987174988
warmup-time = 43.52629566192627
all-measurements = [ 41.18722987174988, 42.724506855010986, 42.73044776916504,]
