best-result = 94.66137051582336
warmup-time = 97.81544351577759
all-measurements = [ 96.2768759727478, 94.66137051582336, 96.55376291275024,]
