best-result = 27.332488775253296
warmup-time = 28.39238977432251
all-measurements = [ 28.787237882614136, 28.19372844696045, 27.332488775253296,]
