best-result = 33.49859881401062
warmup-time = 33.795854806900024
all-measurements = [ 33.71920561790466, 33.49859881401062, 33.94953727722168,]
