best-result = 85.83303904533386
warmup-time = 90.05213379859924
all-measurements = [ 85.83303904533386, 87.10255670547485, 92.63683199882507,]
