best-result = 37.37745475769043
warmup-time = 38.003955602645874
all-measurements = [ 37.37745475769043, 39.44990253448486, 38.16362261772156,]
