best-result = 44.57935905456543
warmup-time = 44.73251676559448
all-measurements = [ 44.57935905456543, 45.03535175323486, 45.909711837768555,]
