best-result = 28.16867995262146
warmup-time = 27.76854705810547
all-measurements = [ 28.631693840026855, 28.16867995262146, 28.35611128807068,]
