best-result = 645.3534388542175
warmup-time = 683.649011850357
all-measurements = [ 645.9971237182617, 645.3534388542175, 649.0367136001587,]
