best-result = 172.4296247959137
warmup-time = 171.9720184803009
all-measurements = [ 172.4296247959137, 174.22085046768188, 175.72129321098328,]
