best-result = 55.302570104599
warmup-time = 58.1782021522522
all-measurements = [ 55.302570104599, 66.91778063774109, 69.33756160736084,]
