best-result = 22.02736186981201
warmup-time = 22.059342622756958
all-measurements = [ 22.08044934272766, 22.02736186981201, 22.1407368183136,]
