best-result = 46.21912431716919
warmup-time = 62.61914300918579
all-measurements = [ 46.288776874542236, 46.21912431716919, 46.577762603759766,]
