best-result = 45.66900825500488
warmup-time = 57.51248526573181
all-measurements = [ 45.66900825500488, 45.920926094055176, 46.08999967575073,]
