best-result = 930.7189652919769
warmup-time = 1146.2332668304443
all-measurements = [ 935.478485584259, 958.9122731685638, 930.7189652919769,]
