best-result = 81.16944932937622
warmup-time = 96.12985301017761
all-measurements = [ 81.50248622894287, 82.11621046066284, 81.16944932937622,]
