best-result = 77.87131953239441
warmup-time = 98.44932413101196
all-measurements = [ 79.10092377662659, 77.87131953239441, 79.13161373138428,]
