best-result = 68.85117983818054
warmup-time = 91.23818230628967
all-measurements = [ 69.14297032356262, 68.85117983818054, 69.1757333278656,]
