best-result = 83.37502121925354
warmup-time = 97.89664554595947
all-measurements = [ 84.32083034515381, 84.52559328079224, 83.37502121925354,]
