best-result = 594.0288391113281
warmup-time = 607.0826115608215
all-measurements = [ 595.2557516098022, 595.477972984314, 594.0288391113281,]
