best-result = 61.3433518409729
warmup-time = 78.27652668952942
all-measurements = [ 61.3433518409729, 61.371293783187866, 61.635520458221436,]
