best-result = 220.161963224411
warmup-time = 369.20042538642883
all-measurements = [ 221.3841941356659, 221.25881600379944, 220.161963224411,]
