best-result = 435.58753633499146
warmup-time = 878.2382276058197
all-measurements = [ 435.58753633499146, 443.68763852119446, 439.23301243782043,]
