best-result = 59.830750942230225
warmup-time = 74.69976377487183
all-measurements = [ 59.830750942230225, 60.04021167755127, 60.13505935668945,]
