best-result = 845.5850298404694
warmup-time = 872.9364557266235
all-measurements = [ 845.5850298404694, 856.866861820221, 854.5299098491669,]
