best-result = 26.693894147872925
warmup-time = 36.06133198738098
all-measurements = [ 26.693894147872925, 27.073214769363403, 26.82596230506897,]
