best-result = 56.926647424697876
warmup-time = 70.7008855342865
all-measurements = [ 57.2018096446991, 56.926647424697876, 57.06587886810303,]
