best-result = 55.59998798370361
warmup-time = 68.0911021232605
all-measurements = [ 55.667048931121826, 55.59998798370361, 55.83520436286926,]
