best-result = 106.41690683364868
warmup-time = 133.96499681472778
all-measurements = [ 107.45196676254272, 107.45471239089966, 106.41690683364868,]
