best-result = 759.6491501331329
warmup-time = 827.4205498695374
all-measurements = [ 761.4184143543243, 759.6491501331329, 763.7320926189423,]
