best-result = 33.563926219940186
warmup-time = 39.62223243713379
all-measurements = [ 33.563926219940186, 33.66700983047485, 33.7145299911499,]
