best-result = 52.67151975631714
warmup-time = 67.6599771976471
all-measurements = [ 52.748284578323364, 52.911681175231934, 52.67151975631714,]
