best-result = 1338.682799577713
warmup-time = 1526.3116161823273
all-measurements = [ 1701.3368408679962, 2158.689084291458, 1338.682799577713,]
