best-result = 48.549620151519775
warmup-time = 68.99840259552002
all-measurements = [ 48.886282444000244, 48.71289014816284, 48.549620151519775,]
