best-result = 78.34145998954773
warmup-time = 99.59902691841125
all-measurements = [ 78.94791722297668, 78.34145998954773, 80.35279250144958,]
