best-result = 34.93755769729614
warmup-time = 45.387805223464966
all-measurements = [ 35.90115284919739, 34.93755769729614, 35.36676573753357,]
