best-result = 328.3089246749878
warmup-time = 478.2571310997009
all-measurements = [ 328.3089246749878, 332.04446363449097, 330.8925850391388,]
