best-result = 100.85892224311829
warmup-time = 101.41221904754639
all-measurements = [ 101.09881901741028, 101.82698369026184, 100.85892224311829,]
