best-result = 21.96782898902893
warmup-time = 22.04425811767578
all-measurements = [ 21.96782898902893, 22.387911796569824, 22.46428608894348,]
