best-result = 46.281495809555054
warmup-time = 62.09757328033447
all-measurements = [ 46.54520606994629, 46.32655191421509, 46.281495809555054,]
