best-result = 45.8412389755249
warmup-time = 58.08854389190674
all-measurements = [ 45.8412389755249, 45.88730025291443, 45.926215171813965,]
