best-result = 932.7861697673798
warmup-time = 1134.0400569438934
all-measurements = [ 954.9711110591888, 948.2866644859314, 932.7861697673798,]
