best-result = 81.56626152992249
warmup-time = 93.88445401191711
all-measurements = [ 82.29239988327026, 81.56626152992249, 81.95926785469055,]
