best-result = 77.31638264656067
warmup-time = 98.94325709342957
all-measurements = [ 77.53387546539307, 77.31638264656067, 77.53635120391846,]
