best-result = 69.41711783409119
warmup-time = 90.10410046577454
all-measurements = [ 69.41711783409119, 69.65039300918579, 70.28852415084839,]
