best-result = 83.61757016181946
warmup-time = 97.85055589675903
all-measurements = [ 83.61757016181946, 83.70906615257263, 84.05139684677124,]
