best-result = 589.8285441398621
warmup-time = 607.7544333934784
all-measurements = [ 594.1236340999603, 594.3329429626465, 589.8285441398621,]
