best-result = 60.661123752593994
warmup-time = 75.53367686271667
all-measurements = [ 61.85933518409729, 60.661123752593994, 61.44281816482544,]
