best-result = 219.37595081329346
warmup-time = 398.2322623729706
all-measurements = [ 221.7088634967804, 219.37595081329346, 220.75435853004456,]
