best-result = 437.3840272426605
warmup-time = 876.2484917640686
all-measurements = [ 442.5928564071655, 437.3840272426605, 442.39149951934814,]
