best-result = 59.79143738746643
warmup-time = 75.93930459022522
all-measurements = [ 59.79143738746643, 60.09190630912781, 60.05488729476929,]
