best-result = 843.9643995761871
warmup-time = 872.3154988288879
all-measurements = [ 843.9643995761871, 848.0852198600769, 845.7554378509521,]
