best-result = 26.72569513320923
warmup-time = 34.72817897796631
all-measurements = [ 26.72569513320923, 27.061572790145874, 26.91801619529724,]
