best-result = 56.72442865371704
warmup-time = 70.3279299736023
all-measurements = [ 57.05224275588989, 56.91830372810364, 56.72442865371704,]
