best-result = 56.239994764328
warmup-time = 69.49570369720459
all-measurements = [ 56.27767586708069, 56.40959358215332, 56.239994764328,]
