best-result = 106.26526069641113
warmup-time = 136.12359285354614
all-measurements = [ 107.42761826515198, 106.84495544433594, 106.26526069641113,]
