best-result = 754.8064475059509
warmup-time = 857.0476415157318
all-measurements = [ 754.8064475059509, 757.5988848209381, 757.5894086360931,]
