best-result = 33.39340615272522
warmup-time = 40.90339922904968
all-measurements = [ 33.89324712753296, 33.39340615272522, 33.76552224159241,]
