best-result = 52.44392156600952
warmup-time = 67.3505859375
all-measurements = [ 52.61355447769165, 52.44392156600952, 53.07399535179138,]
