best-result = 2007.2047820091248
warmup-time = 1951.8063626289368
all-measurements = [ 2642.233923435211, 2007.2047820091248, 2175.4809329509735,]
