best-result = 48.94075155258179
warmup-time = 71.14244604110718
all-measurements = [ 49.07159638404846, 49.88522529602051, 48.94075155258179,]
