best-result = 78.30547285079956
warmup-time = 97.9165472984314
all-measurements = [ 79.81822347640991, 78.30547285079956, 79.5438129901886,]
