best-result = 35.37208843231201
warmup-time = 44.80603814125061
all-measurements = [ 35.56043195724487, 35.37208843231201, 35.75339889526367,]
