best-result = 330.5799171924591
warmup-time = 463.5078561306
all-measurements = [ 330.5799171924591, 331.0076515674591, 335.6729807853699,]
