best-result = 100.59411358833313
warmup-time = 103.21100997924805
all-measurements = [ 100.59411358833313, 101.19970655441284, 101.88213086128235,]
