best-result = 26.89152216911316
warmup-time = 27.01664972305298
all-measurements = [ 26.89152216911316, 26.900676012039185, 27.339818239212036,]
