best-result = 38.566205739974976
warmup-time = 40.010286808013916
all-measurements = [ 42.035874366760254, 40.12079882621765, 38.566205739974976,]
