best-result = 34.400073528289795
warmup-time = 35.64162516593933
all-measurements = [ 34.400073528289795, 34.47056603431702, 35.80674338340759,]
