best-result = 286.46182465553284
warmup-time = 291.91766834259033
all-measurements = [ 291.167441368103, 287.4732184410095, 286.46182465553284,]
