best-result = 38.17249035835266
warmup-time = 39.17299747467041
all-measurements = [ 38.26212167739868, 38.733877658843994, 38.17249035835266,]
