best-result = 43.99769949913025
warmup-time = 45.73250603675842
all-measurements = [ 43.99769949913025, 44.11730217933655, 45.9989697933197,]
