best-result = 52.90927529335022
warmup-time = 53.45314955711365
all-measurements = [ 52.90927529335022, 53.14112710952759, 54.13068962097168,]
