best-result = 36.37331557273865
warmup-time = 36.81892013549805
all-measurements = [ 36.37331557273865, 37.09505248069763, 36.868064165115356,]
