best-result = 40.55411744117737
warmup-time = 41.99845218658447
all-measurements = [ 41.186084032058716, 41.235522985458374, 40.55411744117737,]
