best-result = 63.33676767349243
warmup-time = 63.16876983642578
all-measurements = [ 63.33676767349243, 64.44784498214722, 64.88111424446106,]
