best-result = 255.9636960029602
warmup-time = 255.82328534126282
all-measurements = [ 256.4181275367737, 257.7308337688446, 255.9636960029602,]
