best-result = 594.1333343982697
warmup-time = 596.0517117977142
all-measurements = [ 594.1333343982697, 599.807966709137, 596.3084440231323,]
