best-result = 38.01779556274414
warmup-time = 39.951175689697266
all-measurements = [ 38.80680584907532, 38.717384576797485, 38.01779556274414,]
