best-result = 70.76215171813965
warmup-time = 69.64160895347595
all-measurements = [ 71.43681836128235, 70.80747485160828, 70.76215171813965,]
