best-result = 28.768035888671875
warmup-time = 29.161591291427612
all-measurements = [ 28.768035888671875, 30.1232852935791, 30.40327787399292,]
