best-result = 38.19643187522888
warmup-time = 37.928056478500366
all-measurements = [ 38.19643187522888, 38.971412658691406, 38.896135330200195,]
