best-result = 34.23079562187195
warmup-time = 35.6365442276001
all-measurements = [ 34.23079562187195, 36.93309950828552, 34.39395332336426,]
