best-result = 45.69805097579956
warmup-time = 45.267616987228394
all-measurements = [ 48.13646721839905, 45.69805097579956, 47.48266792297363,]
