best-result = 105.55213761329651
warmup-time = 107.05525851249695
all-measurements = [ 105.8197386264801, 108.48614573478699, 105.55213761329651,]
