best-result = 30.134090423583984
warmup-time = 30.838823080062866
all-measurements = [ 30.134090423583984, 30.53376269340515, 30.239819049835205,]
