best-result = 35.265881299972534
warmup-time = 36.79182243347168
all-measurements = [ 38.16562485694885, 35.265881299972534, 37.33991074562073,]
