best-result = 42.595513105392456
warmup-time = 42.95165753364563
all-measurements = [ 43.61516833305359, 43.83713126182556, 42.595513105392456,]
