best-result = 45.601887702941895
warmup-time = 46.699877977371216
all-measurements = [ 49.654985427856445, 45.601887702941895, 45.975632190704346,]
