best-result = 29.871745824813843
warmup-time = 30.21724009513855
all-measurements = [ 30.282255172729492, 29.871745824813843, 30.261866569519043,]
