best-result = 735.9181587696075
warmup-time = 768.6576082706451
all-measurements = [ 735.9181587696075, 738.46018242836, 743.8494663238525,]
