best-result = 195.81588530540466
warmup-time = 197.71711540222168
all-measurements = [ 198.71513032913208, 195.81588530540466, 202.51409125328064,]
