best-result = 44.71558856964111
warmup-time = 47.91084671020508
all-measurements = [ 47.623806953430176, 44.71558856964111, 46.92135286331177,]
