best-result = 22.373569011688232
warmup-time = 22.528692483901978
all-measurements = [ 22.42607092857361, 22.373569011688232, 22.5336971282959,]
