best-result = 46.04984450340271
warmup-time = 63.70443534851074
all-measurements = [ 46.910359382629395, 46.62064838409424, 46.04984450340271,]
