best-result = 45.71814274787903
warmup-time = 58.47508668899536
all-measurements = [ 45.93418216705322, 45.71814274787903, 46.440645694732666,]
