best-result = 918.9873132705688
warmup-time = 1127.5199117660522
all-measurements = [ 921.1908147335052, 918.9873132705688, 919.7409591674805,]
