best-result = 84.8655059337616
warmup-time = 98.34579730033875
all-measurements = [ 84.8655059337616, 85.06347250938416, 85.97009754180908,]
