best-result = 81.97390151023865
warmup-time = 102.77675867080688
all-measurements = [ 81.97390151023865, 81.98949909210205, 82.40861320495605,]
