best-result = 69.13213324546814
warmup-time = 91.43871998786926
all-measurements = [ 69.97663426399231, 69.59632515907288, 69.13213324546814,]
