best-result = 91.31060647964478
warmup-time = 103.8626880645752
all-measurements = [ 91.67128539085388, 91.4897186756134, 91.31060647964478,]
