best-result = 647.2647776603699
warmup-time = 655.8861646652222
all-measurements = [ 647.2647776603699, 656.3211343288422, 652.5941996574402,]
