best-result = 62.82243800163269
warmup-time = 79.04727149009705
all-measurements = [ 63.844666481018066, 63.91535258293152, 62.82243800163269,]
