best-result = 207.75191378593445
warmup-time = 366.8245117664337
all-measurements = [ 209.76145601272583, 207.75191378593445, 209.7988133430481,]
