best-result = 427.40952134132385
warmup-time = 875.5869672298431
all-measurements = [ 428.6271026134491, 427.40952134132385, 428.6107597351074,]
