best-result = 61.25642514228821
warmup-time = 78.13127064704895
all-measurements = [ 62.35565423965454, 61.58397388458252, 61.25642514228821,]
