best-result = 39.44000744819641
warmup-time = 47.11205053329468
all-measurements = [ 39.5689582824707, 39.64762282371521, 39.44000744819641,]
