best-result = 138.77792882919312
warmup-time = 164.86407828330994
all-measurements = [ 140.45489501953125, 139.70617747306824, 138.77792882919312,]
