best-result = 895.545590877533
warmup-time = 936.2169313430786
all-measurements = [ 900.612743139267, 895.545590877533, 898.2331233024597,]
