best-result = 27.030364513397217
warmup-time = 36.38805603981018
all-measurements = [ 27.030364513397217, 27.32164168357849, 27.240954399108887,]
