best-result = 58.37407994270325
warmup-time = 69.14207863807678
all-measurements = [ 58.442888498306274, 58.37407994270325, 58.73042893409729,]
