best-result = 59.17861795425415
warmup-time = 74.00236129760742
all-measurements = [ 59.17861795425415, 59.30999517440796, 59.902559757232666,]
