best-result = 110.0652642250061
warmup-time = 137.03025484085083
all-measurements = [ 110.48171854019165, 110.0652642250061, 111.32484602928162,]
