best-result = 782.9810626506805
warmup-time = 857.6390526294708
all-measurements = [ 783.304037809372, 787.3393483161926, 782.9810626506805,]
