best-result = 33.33802890777588
warmup-time = 41.23610043525696
all-measurements = [ 33.36426568031311, 33.33802890777588, 33.627410888671875,]
