best-result = 54.77524781227112
warmup-time = 71.53950810432434
all-measurements = [ 54.82577037811279, 54.97555637359619, 54.77524781227112,]
