best-result = 1346.9781610965729
warmup-time = 2009.114396572113
all-measurements = [ 2051.2329745292664, 1508.3884344100952, 1346.9781610965729,]
