best-result = 48.674546003341675
warmup-time = 69.80647039413452
all-measurements = [ 48.674546003341675, 49.280845642089844, 49.409165382385254,]
