best-result = 77.4879698753357
warmup-time = 98.99267745018005
all-measurements = [ 78.03441739082336, 77.92390489578247, 77.4879698753357,]
