best-result = 36.88711094856262
warmup-time = 46.212857723236084
all-measurements = [ 37.03696274757385, 36.88711094856262, 36.97093057632446,]
