best-result = 345.3467092514038
warmup-time = 493.82359528541565
all-measurements = [ 354.74255561828613, 345.3467092514038, 348.70331621170044,]
