best-result = 58.632622718811035
warmup-time = 59.661457777023315
all-measurements = [ 58.632622718811035, 58.800153970718384, 59.522666454315186,]
