best-result = 25.61980891227722
warmup-time = 26.117719888687134
all-measurements = [ 25.61980891227722, 26.489383935928345, 26.383514404296875,]
