best-result = 38.76170516014099
warmup-time = 35.41773438453674
all-measurements = [ 39.48840260505676, 39.202131509780884, 38.76170516014099,]
