best-result = 30.274802684783936
warmup-time = 31.615623474121094
all-measurements = [ 31.177001476287842, 30.274802684783936, 31.01093292236328,]
