best-result = 256.8302483558655
warmup-time = 261.3604688644409
all-measurements = [ 259.1665868759155, 261.5727918148041, 256.8302483558655,]
