best-result = 35.79943060874939
warmup-time = 35.65892958641052
all-measurements = [ 35.79943060874939, 36.56470251083374, 37.01403474807739,]
