best-result = 118.83278298377991
warmup-time = 121.31858158111572
all-measurements = [ 120.78698682785034, 118.83278298377991, 121.45834994316101,]
