best-result = 40.596049308776855
warmup-time = 40.60153412818909
all-measurements = [ 40.596049308776855, 40.73339343070984, 40.94830012321472,]
