best-result = 48.90907549858093
warmup-time = 50.76978158950806
all-measurements = [ 48.90907549858093, 50.13419485092163, 49.72769618034363,]
