best-result = 33.53807711601257
warmup-time = 33.963481187820435
all-measurements = [ 33.53807711601257, 34.587743282318115, 34.04047346115112,]
