best-result = 37.299283266067505
warmup-time = 37.90937352180481
all-measurements = [ 37.736042976379395, 37.76758432388306, 37.299283266067505,]
