best-result = 58.9501633644104
warmup-time = 59.81295919418335
all-measurements = [ 63.42526078224182, 61.67893147468567, 58.9501633644104,]
