best-result = 226.76532006263733
warmup-time = 231.41915488243103
all-measurements = [ 227.5115237236023, 226.76532006263733, 228.08446836471558,]
