best-result = 517.0265910625458
warmup-time = 520.5550756454468
all-measurements = [ 517.5042202472687, 532.6917324066162, 517.0265910625458,]
