best-result = 35.693243741989136
warmup-time = 39.61493229866028
all-measurements = [ 35.69536519050598, 35.693243741989136, 38.87563157081604,]
