best-result = 28.657104969024658
warmup-time = 29.5190212726593
all-measurements = [ 29.299001693725586, 28.96832013130188, 28.657104969024658,]
