best-result = 73.03811883926392
warmup-time = 77.07426071166992
all-measurements = [ 73.03811883926392, 76.59199213981628, 77.70440936088562,]
