best-result = 61.275468587875366
warmup-time = 64.156907081604
all-measurements = [ 61.723743200302124, 64.11930394172668, 61.275468587875366,]
