best-result = 28.20326066017151
warmup-time = 28.74039387702942
all-measurements = [ 28.913763999938965, 28.20326066017151, 29.794796228408813,]
