best-result = 32.75335717201233
warmup-time = 35.192490100860596
all-measurements = [ 35.71605968475342, 35.4991888999939, 32.75335717201233,]
