best-result = 34.95751404762268
warmup-time = 36.67078685760498
all-measurements = [ 35.27119517326355, 35.21390128135681, 34.95751404762268,]
