best-result = 42.77460074424744
warmup-time = 44.022507667541504
all-measurements = [ 42.77460074424744, 43.01270341873169, 43.979276180267334,]
