best-result = 97.20813179016113
warmup-time = 97.29205012321472
all-measurements = [ 97.20813179016113, 99.4055438041687, 97.34566450119019,]
