best-result = 27.787919998168945
warmup-time = 29.931512594223022
all-measurements = [ 27.787919998168945, 30.634909868240356, 30.467130422592163,]
