best-result = 33.50487160682678
warmup-time = 35.50069999694824
all-measurements = [ 34.68875789642334, 35.7024610042572, 33.50487160682678,]
