best-result = 87.93440461158752
warmup-time = 95.58765292167664
all-measurements = [ 92.15696859359741, 88.56105041503906, 87.93440461158752,]
