best-result = 39.53562331199646
warmup-time = 40.511632204055786
all-measurements = [ 39.75927257537842, 39.56975793838501, 39.53562331199646,]
