best-result = 44.446916580200195
warmup-time = 43.42176961898804
all-measurements = [ 44.87759780883789, 44.446916580200195, 45.36271572113037,]
