best-result = 27.67733669281006
warmup-time = 28.757795095443726
all-measurements = [ 29.560368299484253, 29.553263902664185, 27.67733669281006,]
