best-result = 671.2192757129669
warmup-time = 707.9636604785919
all-measurements = [ 674.1157820224762, 671.2192757129669, 671.9399144649506,]
