best-result = 173.36089205741882
warmup-time = 176.67467260360718
all-measurements = [ 175.50758266448975, 173.36089205741882, 176.55185270309448,]
