best-result = 57.31060004234314
warmup-time = 68.72900319099426
all-measurements = [ 57.31060004234314, 65.34729957580566, 68.12212491035461,]
