best-result = 24.881497383117676
warmup-time = 25.385010719299316
all-measurements = [ 25.141660690307617, 25.100265741348267, 24.881497383117676,]
