best-result = 35.902915477752686
warmup-time = 38.63653516769409
all-measurements = [ 36.83764386177063, 35.902915477752686, 37.45205879211426,]
