best-result = 31.28687334060669
warmup-time = 31.928120374679565
all-measurements = [ 31.41789960861206, 31.28687334060669, 31.46734619140625,]
