best-result = 272.63833022117615
warmup-time = 276.3692698478699
all-measurements = [ 276.93931007385254, 272.63833022117615, 276.36916518211365,]
