best-result = 36.22357201576233
warmup-time = 37.17716336250305
all-measurements = [ 36.5798122882843, 36.22357201576233, 36.74038028717041,]
