best-result = 40.3602991104126
warmup-time = 40.84650731086731
all-measurements = [ 41.8501558303833, 42.005778551101685, 40.3602991104126,]
