best-result = 49.985265254974365
warmup-time = 50.66690969467163
all-measurements = [ 49.985265254974365, 50.08597373962402, 50.10521864891052,]
