best-result = 33.40172028541565
warmup-time = 34.10637283325195
all-measurements = [ 33.71324110031128, 33.40172028541565, 33.46483612060547,]
