best-result = 37.6112756729126
warmup-time = 37.610676765441895
all-measurements = [ 37.6112756729126, 37.92551326751709, 38.07575345039368,]
