best-result = 56.398614168167114
warmup-time = 59.76106572151184
all-measurements = [ 56.398614168167114, 60.38004016876221, 60.71654796600342,]
