best-result = 239.13711309432983
warmup-time = 242.8873748779297
all-measurements = [ 242.61526346206665, 241.8813066482544, 239.13711309432983,]
