best-result = 547.473429441452
warmup-time = 546.9340941905975
all-measurements = [ 547.473429441452, 548.7052612304688, 567.917976140976,]
