best-result = 35.39405083656311
warmup-time = 37.17161989212036
all-measurements = [ 35.39405083656311, 37.69215250015259, 38.73454833030701,]
