best-result = 64.91093921661377
warmup-time = 65.87520813941956
all-measurements = [ 65.5452790260315, 66.31391739845276, 64.91093921661377,]
