best-result = 27.158008813858032
warmup-time = 26.644819259643555
all-measurements = [ 27.27416968345642, 27.25450301170349, 27.158008813858032,]
