best-result = 33.48741674423218
warmup-time = 33.222219944000244
all-measurements = [ 36.099974393844604, 33.48741674423218, 36.31834006309509,]
