best-result = 32.15077781677246
warmup-time = 33.142513036727905
all-measurements = [ 32.56125569343567, 32.414018392562866, 32.15077781677246,]
