best-result = 43.13039803504944
warmup-time = 44.881312131881714
all-measurements = [ 43.13039803504944, 44.74397659301758, 44.34283661842346,]
