best-result = 97.58532786369324
warmup-time = 97.32290363311768
all-measurements = [ 98.15146207809448, 97.58532786369324, 100.40117502212524,]
