best-result = 27.048432111740112
warmup-time = 28.84025740623474
all-measurements = [ 28.426631450653076, 28.620256423950195, 27.048432111740112,]
