best-result = 31.901442766189575
warmup-time = 34.06905150413513
all-measurements = [ 31.901442766189575, 33.34842491149902, 34.90243172645569,]
