best-result = 39.62615633010864
warmup-time = 40.26460099220276
all-measurements = [ 39.89566898345947, 39.62615633010864, 40.15769004821777,]
