best-result = 44.15411424636841
warmup-time = 44.83808207511902
all-measurements = [ 44.15411424636841, 45.38101863861084, 44.53243851661682,]
