best-result = 27.985418796539307
warmup-time = 26.640616416931152
all-measurements = [ 27.985418796539307, 28.35935640335083, 28.176443338394165,]
