best-result = 704.4577672481537
warmup-time = 732.106822013855
all-measurements = [ 704.4577672481537, 707.3167388439178, 710.5191740989685,]
