best-result = 180.08276200294495
warmup-time = 181.21466636657715
all-measurements = [ 180.08276200294495, 180.61389255523682, 181.24026250839233,]
