best-result = 43.78662943840027
warmup-time = 45.51083755493164
all-measurements = [ 43.956634283065796, 44.254629135131836, 43.78662943840027,]
