best-result = 26.567811965942383
warmup-time = 26.606302976608276
all-measurements = [ 26.665170907974243, 26.567811965942383, 26.787827730178833,]
