best-result = 34.721394300460815
warmup-time = 39.38747763633728
all-measurements = [ 37.046321392059326, 34.721394300460815, 39.575350522994995,]
