best-result = 31.57440733909607
warmup-time = 31.1151602268219
all-measurements = [ 31.57440733909607, 31.893487453460693, 32.02954292297363,]
