best-result = 232.64736795425415
warmup-time = 237.0041627883911
all-measurements = [ 234.00391459465027, 232.64736795425415, 233.39198756217957,]
