best-result = 36.365426540374756
warmup-time = 37.46749186515808
all-measurements = [ 37.07119655609131, 37.37275266647339, 36.365426540374756,]
