best-result = 111.70331645011902
warmup-time = 116.24260020256042
all-measurements = [ 115.95995831489563, 112.12022185325623, 111.70331645011902,]
