best-result = 34.51918816566467
warmup-time = 35.99856615066528
all-measurements = [ 36.5970892906189, 35.68772006034851, 34.51918816566467,]
