best-result = 39.17810559272766
warmup-time = 39.929914236068726
all-measurements = [ 39.17810559272766, 41.21297907829285, 40.341259717941284,]
