best-result = 47.786988735198975
warmup-time = 50.105339765548706
all-measurements = [ 48.02430295944214, 47.786988735198975, 48.72622895240784,]
