best-result = 32.000566244125366
warmup-time = 33.691831827163696
all-measurements = [ 33.603684186935425, 34.63095426559448, 32.000566244125366,]
