best-result = 37.18487358093262
warmup-time = 37.87924313545227
all-measurements = [ 37.31826949119568, 37.67032217979431, 37.18487358093262,]
