best-result = 60.49615144729614
warmup-time = 63.50030255317688
all-measurements = [ 62.495816230773926, 63.519532918930054, 60.49615144729614,]
