best-result = 221.35331201553345
warmup-time = 221.19877433776855
all-measurements = [ 222.45439314842224, 222.73241066932678, 221.35331201553345,]
