best-result = 503.32144594192505
warmup-time = 508.73896074295044
all-measurements = [ 503.32144594192505, 505.66319847106934, 504.7974376678467,]
