best-result = 36.99396824836731
warmup-time = 36.437461614608765
all-measurements = [ 37.07601857185364, 36.99396824836731, 38.319109201431274,]
