best-result = 29.105793714523315
warmup-time = 29.5581476688385
all-measurements = [ 29.925241470336914, 29.105793714523315, 29.240106105804443,]
