best-result = 74.91815328598022
warmup-time = 73.14478158950806
all-measurements = [ 79.16964554786682, 79.54798722267151, 74.91815328598022,]
