best-result = 61.12565803527832
warmup-time = 62.328306436538696
all-measurements = [ 61.33247756958008, 61.12565803527832, 62.88258409500122,]
