best-result = 28.479191064834595
warmup-time = 27.824748277664185
all-measurements = [ 28.857120990753174, 28.479191064834595, 29.063809394836426,]
