best-result = 35.45266509056091
warmup-time = 36.05914926528931
all-measurements = [ 35.66740298271179, 35.78934454917908, 35.45266509056091,]
