best-result = 33.75452160835266
warmup-time = 34.27829647064209
all-measurements = [ 34.61933469772339, 34.22309994697571, 33.75452160835266,]
