best-result = 43.17574501037598
warmup-time = 45.696030139923096
all-measurements = [ 44.587467432022095, 44.05889344215393, 43.17574501037598,]
