best-result = 94.05730390548706
warmup-time = 96.36109757423401
all-measurements = [ 95.48699164390564, 94.97146391868591, 94.05730390548706,]
