best-result = 27.612865209579468
warmup-time = 28.846224546432495
all-measurements = [ 27.612865209579468, 29.689928770065308, 29.45493769645691,]
