best-result = 34.52523183822632
warmup-time = 35.338104009628296
all-measurements = [ 34.52523183822632, 35.30515217781067, 34.72398829460144,]
