best-result = 87.17635607719421
warmup-time = 97.63491177558899
all-measurements = [ 87.86203193664551, 87.26125454902649, 87.17635607719421,]
