best-result = 38.760621547698975
warmup-time = 39.399372577667236
all-measurements = [ 38.760621547698975, 39.05665922164917, 39.42569661140442,]
