best-result = 42.25522780418396
warmup-time = 45.883248805999756
all-measurements = [ 42.25522780418396, 43.927963972091675, 44.19251322746277,]
