best-result = 50.56584358215332
warmup-time = 50.77284288406372
all-measurements = [ 50.56584358215332, 50.87374997138977, 51.655380964279175,]
