best-result = 27.57124090194702
warmup-time = 29.20739722251892
all-measurements = [ 27.57124090194702, 28.965112686157227, 29.75622868537903,]
