best-result = 659.117520570755
warmup-time = 722.8805162906647
all-measurements = [ 659.117520570755, 674.2831077575684, 670.7182638645172,]
