best-result = 167.91180443763733
warmup-time = 168.64814066886902
all-measurements = [ 167.91180443763733, 170.30382680892944, 171.20740413665771,]
