best-result = 66.83963060379028
warmup-time = 59.96739459037781
all-measurements = [ 66.86890006065369, 66.83963060379028, 70.13357639312744,]
