best-result = 25.71411967277527
warmup-time = 26.435871601104736
all-measurements = [ 26.138758659362793, 26.458768129348755, 25.71411967277527,]
