best-result = 36.958677530288696
warmup-time = 38.06447386741638
all-measurements = [ 36.958677530288696, 37.27194595336914, 37.51676297187805,]
