best-result = 30.90966486930847
warmup-time = 31.250108242034912
all-measurements = [ 32.51110005378723, 31.566509246826172, 30.90966486930847,]
