best-result = 265.4002742767334
warmup-time = 266.93955874443054
all-measurements = [ 267.34961128234863, 265.4002742767334, 266.02787494659424,]
