best-result = 36.138636112213135
warmup-time = 37.47712302207947
all-measurements = [ 37.37921857833862, 36.138636112213135, 37.11173415184021,]
