best-result = 39.921780586242676
warmup-time = 41.25817012786865
all-measurements = [ 39.921780586242676, 42.389251470565796, 41.9359974861145,]
