best-result = 49.692365884780884
warmup-time = 50.71948719024658
all-measurements = [ 50.40370202064514, 49.692365884780884, 50.15691900253296,]
