best-result = 33.239928007125854
warmup-time = 33.90887498855591
all-measurements = [ 33.757307291030884, 33.239928007125854, 33.50400233268738,]
