best-result = 37.35858511924744
warmup-time = 38.4767963886261
all-measurements = [ 37.84787106513977, 37.59029269218445, 37.35858511924744,]
