best-result = 59.12113404273987
warmup-time = 59.3362500667572
all-measurements = [ 59.12113404273987, 64.22662281990051, 61.920389890670776,]
