best-result = 225.51749801635742
warmup-time = 229.40414190292358
all-measurements = [ 228.80457091331482, 226.22027349472046, 225.51749801635742,]
