best-result = 520.1320219039917
warmup-time = 526.4593753814697
all-measurements = [ 526.1773965358734, 520.1320219039917, 522.1133811473846,]
