best-result = 35.089564085006714
warmup-time = 37.770248889923096
all-measurements = [ 37.64252758026123, 35.089564085006714, 35.287718772888184,]
