best-result = 75.90443205833435
warmup-time = 83.16271758079529
all-measurements = [ 82.24800944328308, 83.69305324554443, 75.90443205833435,]
