best-result = 62.16069436073303
warmup-time = 62.962794065475464
all-measurements = [ 62.4651300907135, 62.16069436073303, 65.22520399093628,]
