best-result = 27.539813995361328
warmup-time = 27.87367081642151
all-measurements = [ 28.220096111297607, 29.100045680999756, 27.539813995361328,]
