best-result = 35.36630725860596
warmup-time = 35.70720362663269
all-measurements = [ 35.5288200378418, 35.67996621131897, 35.36630725860596,]
