best-result = 32.302611351013184
warmup-time = 34.3620023727417
all-measurements = [ 32.302611351013184, 32.63947129249573, 34.72494435310364,]
