best-result = 41.43778729438782
warmup-time = 43.12033271789551
all-measurements = [ 42.86672759056091, 43.724512338638306, 41.43778729438782,]
