best-result = 96.56424188613892
warmup-time = 96.59574627876282
all-measurements = [ 97.5300064086914, 96.56424188613892, 98.74647808074951,]
