best-result = 28.24751877784729
warmup-time = 29.580880403518677
all-measurements = [ 29.496986150741577, 28.945274591445923, 28.24751877784729,]
