best-result = 34.6589469909668
warmup-time = 34.63893485069275
all-measurements = [ 35.043580770492554, 34.6589469909668, 34.774523973464966,]
