best-result = 89.91534996032715
warmup-time = 89.44430232048035
all-measurements = [ 97.01313209533691, 94.68472695350647, 89.91534996032715,]
