best-result = 39.340455770492554
warmup-time = 39.54016590118408
all-measurements = [ 39.340455770492554, 40.05947017669678, 40.04085826873779,]
