best-result = 45.13556361198425
warmup-time = 48.32724857330322
all-measurements = [ 45.13556361198425, 45.20413661003113, 45.65813183784485,]
