best-result = 29.137696981430054
warmup-time = 29.2392418384552
all-measurements = [ 29.687711238861084, 29.299603939056396, 29.137696981430054,]
