best-result = 690.714982509613
warmup-time = 730.0347630977631
all-measurements = [ 690.714982509613, 706.8064253330231, 692.8403627872467,]
