best-result = 174.47850251197815
warmup-time = 176.64703464508057
all-measurements = [ 174.47850251197815, 176.86097717285156, 177.54889249801636,]
