best-result = 70.11086869239807
warmup-time = 68.37243795394897
all-measurements = [ 70.11086869239807, 70.64788484573364, 71.02623987197876,]
