best-result = 25.80570125579834
warmup-time = 26.290139198303223
all-measurements = [ 25.961713790893555, 25.84286880493164, 25.80570125579834,]
