best-result = 36.37891411781311
warmup-time = 37.70534539222717
all-measurements = [ 36.37891411781311, 37.31628942489624, 37.7873740196228,]
