best-result = 30.250168323516846
warmup-time = 32.07395100593567
all-measurements = [ 30.250168323516846, 31.86900758743286, 30.61751079559326,]
