best-result = 261.36174511909485
warmup-time = 273.160275220871
all-measurements = [ 261.36174511909485, 263.1225564479828, 265.4554650783539,]
