best-result = 36.93467569351196
warmup-time = 36.68505501747131
all-measurements = [ 36.93467569351196, 37.149306774139404, 37.3231840133667,]
