best-result = 40.82568430900574
warmup-time = 42.082555055618286
all-measurements = [ 40.82568430900574, 42.595277309417725, 44.00165605545044,]
