best-result = 49.60002660751343
warmup-time = 49.693278074264526
all-measurements = [ 50.001092195510864, 49.60002660751343, 50.07497692108154,]
