best-result = 33.57436203956604
warmup-time = 33.9651255607605
all-measurements = [ 34.45439386367798, 33.57436203956604, 33.84031844139099,]
