best-result = 37.57479166984558
warmup-time = 37.705591917037964
all-measurements = [ 37.78859901428223, 37.79863142967224, 37.57479166984558,]
