best-result = 63.19156503677368
warmup-time = 65.63711285591125
all-measurements = [ 63.19156503677368, 64.0120301246643, 64.10973906517029,]
