best-result = 227.22509860992432
warmup-time = 230.67771577835083
all-measurements = [ 227.22509860992432, 227.34498643875122, 228.6583013534546,]
