best-result = 525.8077008724213
warmup-time = 529.5250406265259
all-measurements = [ 528.1043980121613, 526.2098588943481, 525.8077008724213,]
