best-result = 37.429391384124756
warmup-time = 36.48110508918762
all-measurements = [ 38.92750334739685, 37.429391384124756, 38.188374757766724,]
