best-result = 74.12940311431885
warmup-time = 81.44086194038391
all-measurements = [ 74.12940311431885, 83.15511417388916, 76.9060230255127,]
