best-result = 62.272581815719604
warmup-time = 62.92864155769348
all-measurements = [ 64.5818178653717, 62.272581815719604, 62.55884385108948,]
