best-result = 27.43656587600708
warmup-time = 28.16544008255005
all-measurements = [ 28.29912781715393, 27.43656587600708, 28.028321504592896,]
