best-result = 35.52585506439209
warmup-time = 32.927937030792236
all-measurements = [ 35.52585506439209, 36.31796312332153, 35.657522678375244,]
