best-result = 33.701186418533325
warmup-time = 33.7488853931427
all-measurements = [ 35.50712537765503, 33.701186418533325, 34.12123155593872,]
