best-result = 44.41407132148743
warmup-time = 42.67914080619812
all-measurements = [ 44.461135149002075, 44.43421816825867, 44.41407132148743,]
