best-result = 96.01076102256775
warmup-time = 99.3999035358429
all-measurements = [ 98.32057237625122, 96.59918022155762, 96.01076102256775,]
