best-result = 27.37824034690857
warmup-time = 27.74151110649109
all-measurements = [ 27.40406847000122, 29.723608016967773, 27.37824034690857,]
