best-result = 33.437406063079834
warmup-time = 36.14777588844299
all-measurements = [ 33.437406063079834, 33.657535552978516, 35.44703125953674,]
