best-result = 88.72055864334106
warmup-time = 96.32743167877197
all-measurements = [ 90.84047436714172, 88.72055864334106, 96.21609091758728,]
