best-result = 39.26816511154175
warmup-time = 39.43636679649353
all-measurements = [ 39.26816511154175, 39.45544791221619, 39.63702654838562,]
