best-result = 45.153451919555664
warmup-time = 44.642796754837036
all-measurements = [ 45.20681619644165, 45.46725940704346, 45.153451919555664,]
