best-result = 27.169692039489746
warmup-time = 29.27691125869751
all-measurements = [ 29.024211645126343, 28.756375074386597, 27.169692039489746,]
