best-result = 697.7479729652405
warmup-time = 733.7491376399994
all-measurements = [ 703.7135815620422, 697.7479729652405, 704.428822517395,]
