best-result = 173.77992630004883
warmup-time = 177.97630953788757
all-measurements = [ 178.5375373363495, 173.77992630004883, 177.9989058971405,]
