best-result = 58.368415117263794
warmup-time = 58.12451171875
all-measurements = [ 58.368415117263794, 59.787158250808716, 66.13679146766663,]
