best-result = 25.691946506500244
warmup-time = 26.068462371826172
all-measurements = [ 26.350082874298096, 25.691946506500244, 25.812804698944092,]
