best-result = 35.36716961860657
warmup-time = 38.16391563415527
all-measurements = [ 37.79249858856201, 37.716033935546875, 35.36716961860657,]
