best-result = 29.946850299835205
warmup-time = 31.957146167755127
all-measurements = [ 29.946850299835205, 31.89471745491028, 31.21968722343445,]
