best-result = 266.1782867908478
warmup-time = 275.03462266921997
all-measurements = [ 268.07970905303955, 268.0984709262848, 266.1782867908478,]
