best-result = 36.07029724121094
warmup-time = 37.065380334854126
all-measurements = [ 37.2345814704895, 36.07029724121094, 36.79582691192627,]
