best-result = 40.935574531555176
warmup-time = 39.48282599449158
all-measurements = [ 42.0313663482666, 40.935574531555176, 43.25873875617981,]
