best-result = 48.8886661529541
warmup-time = 49.42660331726074
all-measurements = [ 49.433613538742065, 51.3792142868042, 48.8886661529541,]
