best-result = 33.241432428359985
warmup-time = 34.770970821380615
all-measurements = [ 34.53746843338013, 33.241432428359985, 35.170485734939575,]
