best-result = 37.372477531433105
warmup-time = 37.75891423225403
all-measurements = [ 37.372477531433105, 37.6216025352478, 38.26238989830017,]
