best-result = 63.13918495178223
warmup-time = 66.44910788536072
all-measurements = [ 63.13918495178223, 63.77511382102966, 63.58269643783569,]
