best-result = 225.3535234928131
warmup-time = 229.3556830883026
all-measurements = [ 229.90143823623657, 227.98044443130493, 225.3535234928131,]
