best-result = 522.4058413505554
warmup-time = 525.4003190994263
all-measurements = [ 522.4058413505554, 523.3222210407257, 524.1647841930389,]
