best-result = 36.50001788139343
warmup-time = 37.04674458503723
all-measurements = [ 37.02103638648987, 36.50001788139343, 38.513609647750854,]
