best-result = 80.51364660263062
warmup-time = 75.44643425941467
all-measurements = [ 83.71825098991394, 80.72943997383118, 80.51364660263062,]
