best-result = 62.216902017593384
warmup-time = 64.65763020515442
all-measurements = [ 62.216902017593384, 62.936821699142456, 63.85364103317261,]
