best-result = 27.050315141677856
warmup-time = 27.688506841659546
all-measurements = [ 27.050315141677856, 28.66736364364624, 28.042823791503906,]
