best-result = 35.45604848861694
warmup-time = 35.25422191619873
all-measurements = [ 35.58906126022339, 35.58026671409607, 35.45604848861694,]
