best-result = 33.535351037979126
warmup-time = 35.10179257392883
all-measurements = [ 34.3863799571991, 34.87852168083191, 33.535351037979126,]
