best-result = 41.53888702392578
warmup-time = 42.5316960811615
all-measurements = [ 43.42149996757507, 43.57367181777954, 41.53888702392578,]
