best-result = 98.59998869895935
warmup-time = 99.44696187973022
all-measurements = [ 98.92441368103027, 98.59998869895935, 99.51096844673157,]
