best-result = 28.51131534576416
warmup-time = 28.422818183898926
all-measurements = [ 28.51131534576416, 29.41731834411621, 28.82395911216736,]
