best-result = 34.67130923271179
warmup-time = 35.07974195480347
all-measurements = [ 34.67130923271179, 34.701494455337524, 35.42377710342407,]
