best-result = 90.94229364395142
warmup-time = 89.92807412147522
all-measurements = [ 93.54219913482666, 96.9510989189148, 90.94229364395142,]
