best-result = 38.47877216339111
warmup-time = 39.288673639297485
all-measurements = [ 41.353604793548584, 38.47877216339111, 39.844138383865356,]
