best-result = 42.97811698913574
warmup-time = 45.9814875125885
all-measurements = [ 42.97811698913574, 45.269702434539795, 48.326775312423706,]
