best-result = 27.516335487365723
warmup-time = 29.12074565887451
all-measurements = [ 27.516335487365723, 29.388349533081055, 29.158811330795288,]
