best-result = 702.4784157276154
warmup-time = 728.7215189933777
all-measurements = [ 705.6404893398285, 702.9332897663116, 702.4784157276154,]
