best-result = 172.2991156578064
warmup-time = 175.86496925354004
all-measurements = [ 173.2433614730835, 172.2991156578064, 174.850590467453,]
