best-result = 54.239253997802734
warmup-time = 71.25914525985718
all-measurements = [ 54.239253997802734, 67.52804732322693, 66.06292843818665,]
