best-result = 25.950392723083496
warmup-time = 26.3116512298584
all-measurements = [ 25.950392723083496, 26.23852515220642, 25.979475021362305,]
