best-result = 34.852750062942505
warmup-time = 36.40241265296936
all-measurements = [ 36.879950523376465, 37.003846645355225, 34.852750062942505,]
