best-result = 30.862542390823364
warmup-time = 31.09076428413391
all-measurements = [ 30.862542390823364, 31.13920760154724, 31.528993368148804,]
