best-result = 264.6001031398773
warmup-time = 265.46774792671204
all-measurements = [ 265.1133961677551, 266.16192650794983, 264.6001031398773,]
