best-result = 36.480905055999756
warmup-time = 35.81621050834656
all-measurements = [ 38.171507358551025, 36.480905055999756, 37.34365439414978,]
