best-result = 40.5272798538208
warmup-time = 41.51992845535278
all-measurements = [ 40.5272798538208, 40.72974610328674, 41.857372522354126,]
