best-result = 49.48402261734009
warmup-time = 50.40998888015747
all-measurements = [ 50.15974998474121, 49.48402261734009, 50.405391693115234,]
