best-result = 33.46773099899292
warmup-time = 33.62063503265381
all-measurements = [ 33.46773099899292, 35.62060832977295, 33.937650203704834,]
