best-result = 36.17507576942444
warmup-time = 38.75478982925415
all-measurements = [ 36.62968969345093, 36.17507576942444, 37.79628372192383,]
