best-result = 62.24730205535889
warmup-time = 62.12338590621948
all-measurements = [ 64.20116066932678, 64.95780539512634, 62.24730205535889,]
