best-result = 227.14823961257935
warmup-time = 230.26746368408203
all-measurements = [ 227.32576704025269, 228.75366258621216, 227.14823961257935,]
