best-result = 520.6765146255493
warmup-time = 530.8052232265472
all-measurements = [ 522.1974809169769, 523.4695026874542, 520.6765146255493,]
