best-result = 36.09123158454895
warmup-time = 37.04260563850403
all-measurements = [ 37.66272568702698, 37.293461322784424, 36.09123158454895,]
