best-result = 78.58572721481323
warmup-time = 85.35048484802246
all-measurements = [ 86.89112830162048, 80.6894736289978, 78.58572721481323,]
