best-result = 62.58411431312561
warmup-time = 64.22647523880005
all-measurements = [ 63.02611994743347, 64.89403820037842, 62.58411431312561,]
