best-result = 27.422150135040283
warmup-time = 28.650893926620483
all-measurements = [ 27.569161891937256, 27.422150135040283, 28.413113117218018,]
