best-result = 32.047157526016235
warmup-time = 33.30877065658569
all-measurements = [ 32.047157526016235, 33.30715608596802, 35.22861170768738,]
