best-result = 32.508976459503174
warmup-time = 34.60107612609863
all-measurements = [ 34.53976368904114, 33.87352108955383, 32.508976459503174,]
