best-result = 43.384711265563965
warmup-time = 44.22741174697876
all-measurements = [ 43.384711265563965, 43.951855421066284, 43.740394592285156,]
