best-result = 96.40285325050354
warmup-time = 96.94608998298645
all-measurements = [ 96.40285325050354, 98.80414915084839, 97.02515363693237,]
