best-result = 27.789682626724243
warmup-time = 28.829976797103882
all-measurements = [ 29.41511869430542, 27.799500465393066, 27.789682626724243,]
