best-result = 33.99244022369385
warmup-time = 35.621968030929565
all-measurements = [ 33.99244022369385, 34.53504419326782, 35.88383364677429,]
