best-result = 85.84219598770142
warmup-time = 86.78308820724487
all-measurements = [ 85.84219598770142, 100.78059506416321, 86.66091060638428,]
