best-result = 38.88593554496765
warmup-time = 38.27476215362549
all-measurements = [ 40.575035095214844, 38.88593554496765, 40.55886888504028,]
