best-result = 45.182286977767944
warmup-time = 45.66469359397888
all-measurements = [ 46.010419845581055, 45.314412355422974, 45.182286977767944,]
