best-result = 28.39617371559143
warmup-time = 29.321574211120605
all-measurements = [ 28.39617371559143, 28.564525365829468, 29.246042013168335,]
