best-result = 699.5019497871399
warmup-time = 724.0062696933746
all-measurements = [ 714.3859186172485, 706.1474952697754, 699.5019497871399,]
