best-result = 174.3446855545044
warmup-time = 175.44873976707458
all-measurements = [ 175.81219744682312, 175.73268580436707, 174.3446855545044,]
