best-result = 66.97167229652405
warmup-time = 66.54979705810547
all-measurements = [ 66.97167229652405, 68.92277479171753, 70.75242495536804,]
