best-result = 21.054454803466797
warmup-time = 21.034339666366577
all-measurements = [ 21.36736488342285, 21.205578327178955, 21.054454803466797,]
