best-result = 46.824071407318115
warmup-time = 62.12878394126892
all-measurements = [ 46.824071407318115, 47.096985816955566, 47.06277894973755,]
