best-result = 46.488401889801025
warmup-time = 58.20759344100952
all-measurements = [ 46.745124101638794, 46.488401889801025, 46.51260590553284,]
