best-result = 973.5922129154205
warmup-time = 1182.7576279640198
all-measurements = [ 973.5922129154205, 977.0656700134277, 984.9981553554535,]
