best-result = 80.71541976928711
warmup-time = 96.25369882583618
all-measurements = [ 80.71541976928711, 82.29551339149475, 81.21507978439331,]
