best-result = 78.43054223060608
warmup-time = 101.08516049385071
all-measurements = [ 79.13171648979187, 78.43054223060608, 79.15651535987854,]
