best-result = 68.30138158798218
warmup-time = 91.90980863571167
all-measurements = [ 69.1226224899292, 68.30138158798218, 68.77566313743591,]
