best-result = 84.04007911682129
warmup-time = 99.47144818305969
all-measurements = [ 84.06638860702515, 84.04007911682129, 84.671870470047,]
