best-result = 589.3064579963684
warmup-time = 598.9382648468018
all-measurements = [ 595.2444567680359, 589.3064579963684, 590.3718528747559,]
