best-result = 61.76566410064697
warmup-time = 76.01085376739502
all-measurements = [ 62.070533990859985, 61.94895839691162, 61.76566410064697,]
