best-result = 232.71097898483276
warmup-time = 399.3353178501129
all-measurements = [ 232.71097898483276, 233.75435829162598, 233.45382928848267,]
