best-result = 442.76431035995483
warmup-time = 907.6938107013702
all-measurements = [ 447.7625699043274, 442.76431035995483, 453.85299587249756,]
