best-result = 59.24456834793091
warmup-time = 74.32644438743591
all-measurements = [ 59.24456834793091, 59.7988965511322, 60.00906205177307,]
