best-result = 863.9007682800293
warmup-time = 900.6717593669891
all-measurements = [ 866.513750076294, 863.9007682800293, 866.5510056018829,]
