best-result = 26.43827795982361
warmup-time = 36.108647108078
all-measurements = [ 26.621684551239014, 26.90326976776123, 26.43827795982361,]
