best-result = 57.424606800079346
warmup-time = 68.62895464897156
all-measurements = [ 57.424606800079346, 58.156248807907104, 58.44378685951233,]
