best-result = 54.9534478187561
warmup-time = 69.10814666748047
all-measurements = [ 55.20712924003601, 56.09898781776428, 54.9534478187561,]
