best-result = 108.60333347320557
warmup-time = 136.8511197566986
all-measurements = [ 109.33438658714294, 108.60333347320557, 108.86817765235901,]
