best-result = 771.7752232551575
warmup-time = 844.6686234474182
all-measurements = [ 775.54079246521, 771.8641700744629, 771.7752232551575,]
