best-result = 33.2045783996582
warmup-time = 39.85014820098877
all-measurements = [ 33.827834129333496, 33.51627159118652, 33.2045783996582,]
