best-result = 55.982776403427124
warmup-time = 68.10098218917847
all-measurements = [ 55.982776403427124, 62.10519886016846, 57.93000531196594,]
