best-result = 49.114910364151
warmup-time = 68.883704662323
all-measurements = [ 49.114910364151, 49.4522488117218, 49.305296421051025,]
