best-result = 80.46101784706116
warmup-time = 95.5061867237091
all-measurements = [ 80.46101784706116, 80.49995422363281, 80.61657667160034,]
