best-result = 35.00581121444702
warmup-time = 44.51557397842407
all-measurements = [ 35.238601207733154, 35.587238788604736, 35.00581121444702,]
