best-result = 347.3442921638489
warmup-time = 493.2652099132538
all-measurements = [ 349.3315567970276, 347.3442921638489, 348.2019646167755,]
