best-result = 102.65446901321411
warmup-time = 102.16395878791809
all-measurements = [ 102.65446901321411, 103.23532009124756, 103.06477999687195,]
