best-result = 25.793022871017456
warmup-time = 25.852075338363647
all-measurements = [ 25.966647386550903, 26.145446300506592, 25.793022871017456,]
