best-result = 35.87177538871765
warmup-time = 39.724104166030884
all-measurements = [ 38.604471921920776, 36.87833070755005, 35.87177538871765,]
