best-result = 31.232474327087402
warmup-time = 31.14467453956604
all-measurements = [ 31.925848960876465, 31.420472860336304, 31.232474327087402,]
