best-result = 323.73697233200073
warmup-time = 325.89909076690674
all-measurements = [ 324.8135316371918, 325.9507577419281, 323.73697233200073,]
