best-result = 36.67979693412781
warmup-time = 37.58527231216431
all-measurements = [ 36.67979693412781, 36.86744499206543, 37.331953287124634,]
