best-result = 118.12605237960815
warmup-time = 123.41763067245483
all-measurements = [ 118.59189009666443, 118.12605237960815, 118.26540160179138,]
