best-result = 40.33876371383667
warmup-time = 42.05045747756958
all-measurements = [ 40.33876371383667, 40.7512423992157, 42.2762885093689,]
