best-result = 46.874234676361084
warmup-time = 48.44589042663574
all-measurements = [ 47.81260681152344, 46.874234676361084, 47.5425226688385,]
