best-result = 33.27635335922241
warmup-time = 34.575472831726074
all-measurements = [ 33.466970682144165, 33.4869282245636, 33.27635335922241,]
