best-result = 37.07228088378906
warmup-time = 38.598533630371094
all-measurements = [ 37.46411180496216, 37.07228088378906, 37.98530149459839,]
