best-result = 58.87386345863342
warmup-time = 57.26132845878601
all-measurements = [ 64.40700316429138, 60.2965567111969, 58.87386345863342,]
