best-result = 297.3010952472687
warmup-time = 300.1027593612671
all-measurements = [ 297.4601836204529, 298.49902987480164, 297.3010952472687,]
