best-result = 574.049684047699
warmup-time = 577.5121929645538
all-measurements = [ 574.049684047699, 575.3636808395386, 577.5021724700928,]
