best-result = 35.24160861968994
warmup-time = 35.98053598403931
all-measurements = [ 35.24160861968994, 35.73152709007263, 35.91505837440491,]
