best-result = 28.400768280029297
warmup-time = 29.088111877441406
all-measurements = [ 28.400768280029297, 29.147854804992676, 28.836039066314697,]
