best-result = 70.12611722946167
warmup-time = 74.06263399124146
all-measurements = [ 70.44535064697266, 76.3056161403656, 70.12611722946167,]
