best-result = 61.0609564781189
warmup-time = 64.86205863952637
all-measurements = [ 61.0609564781189, 61.99932861328125, 63.694920778274536,]
