best-result = 27.35329532623291
warmup-time = 28.34762740135193
all-measurements = [ 28.354426860809326, 27.35329532623291, 27.885605096817017,]
