best-result = 32.17552328109741
warmup-time = 35.70003294944763
all-measurements = [ 32.17552328109741, 35.53599452972412, 34.570685386657715,]
