best-result = 31.97322988510132
warmup-time = 33.62666988372803
all-measurements = [ 31.97322988510132, 32.873793601989746, 32.42181205749512,]
