best-result = 43.096266746520996
warmup-time = 44.68488597869873
all-measurements = [ 43.69298577308655, 43.096266746520996, 44.932050943374634,]
