best-result = 96.57941102981567
warmup-time = 96.2922670841217
all-measurements = [ 98.10789275169373, 96.57941102981567, 98.3316581249237,]
