best-result = 27.718610763549805
warmup-time = 29.128350019454956
all-measurements = [ 27.718610763549805, 28.50184655189514, 29.14641499519348,]
