best-result = 32.6252076625824
warmup-time = 34.55621647834778
all-measurements = [ 35.272189140319824, 35.991275787353516, 32.6252076625824,]
