best-result = 89.88376092910767
warmup-time = 88.66510653495789
all-measurements = [ 92.17843914031982, 95.91254210472107, 89.88376092910767,]
