best-result = 39.23418164253235
warmup-time = 38.637535095214844
all-measurements = [ 39.23418164253235, 39.2400267124176, 39.65980839729309,]
