best-result = 44.60198950767517
warmup-time = 46.522562980651855
all-measurements = [ 45.258044481277466, 44.60198950767517, 45.3708074092865,]
