best-result = 27.62329888343811
warmup-time = 28.888160467147827
all-measurements = [ 28.587027311325073, 27.62329888343811, 29.39623761177063,]
