best-result = 181.8785479068756
warmup-time = 185.06284070014954
all-measurements = [ 182.15979838371277, 181.8785479068756, 184.27948093414307,]
