best-result = 62.39571499824524
warmup-time = 65.36268043518066
all-measurements = [ 65.49775767326355, 62.39571499824524, 66.38859605789185,]
