best-result = 22.665488481521606
warmup-time = 22.59511709213257
all-measurements = [ 22.665488481521606, 22.759095191955566, 22.8026340007782,]
