best-result = 46.46811079978943
warmup-time = 64.18740773200989
all-measurements = [ 46.46811079978943, 46.92709302902222, 46.75703024864197,]
