best-result = 46.27700209617615
warmup-time = 58.796218156814575
all-measurements = [ 46.791656255722046, 46.27700209617615, 46.59069061279297,]
