best-result = 926.4804167747498
warmup-time = 1126.287865638733
all-measurements = [ 941.9050407409668, 926.4804167747498, 929.1613733768463,]
