best-result = 85.05869555473328
warmup-time = 98.51822805404663
all-measurements = [ 85.05869555473328, 85.84294819831848, 85.15614104270935,]
