best-result = 82.06550121307373
warmup-time = 103.78850841522217
all-measurements = [ 82.3408796787262, 82.06550121307373, 82.41580653190613,]
