best-result = 70.45386004447937
warmup-time = 91.6012692451477
all-measurements = [ 70.59270644187927, 70.89824318885803, 70.45386004447937,]
