best-result = 91.11842131614685
warmup-time = 105.95019435882568
all-measurements = [ 92.17268347740173, 91.11842131614685, 92.36926436424255,]
