best-result = 651.0863683223724
warmup-time = 662.6073234081268
all-measurements = [ 652.6590828895569, 651.0863683223724, 652.1662273406982,]
