best-result = 64.66644215583801
warmup-time = 77.72286629676819
all-measurements = [ 64.74679708480835, 65.10841155052185, 64.66644215583801,]
