best-result = 218.03384637832642
warmup-time = 367.42543601989746
all-measurements = [ 218.03384637832642, 222.80435180664062, 220.34308409690857,]
