best-result = 437.06596279144287
warmup-time = 874.6200840473175
all-measurements = [ 438.74683594703674, 439.1561212539673, 437.06596279144287,]
