best-result = 61.738988161087036
warmup-time = 77.88654041290283
all-measurements = [ 61.738988161087036, 62.32051491737366, 62.14702892303467,]
