best-result = 140.1738748550415
warmup-time = 162.65877294540405
all-measurements = [ 141.5116322040558, 140.534991979599, 140.1738748550415,]
