best-result = 870.922420501709
warmup-time = 914.9332711696625
all-measurements = [ 870.922420501709, 876.0555789470673, 876.6125028133392,]
