best-result = 27.468592882156372
warmup-time = 36.953343868255615
all-measurements = [ 27.468592882156372, 27.897368907928467, 27.544633865356445,]
