best-result = 56.892152309417725
warmup-time = 70.72589445114136
all-measurements = [ 56.9531364440918, 56.92872357368469, 56.892152309417725,]
