best-result = 58.99604034423828
warmup-time = 73.55591249465942
all-measurements = [ 59.31765365600586, 58.99604034423828, 60.35141205787659,]
