best-result = 109.94295597076416
warmup-time = 138.6606092453003
all-measurements = [ 109.94295597076416, 110.80452275276184, 110.24331378936768,]
