best-result = 783.9471848011017
warmup-time = 851.336131811142
all-measurements = [ 801.2003729343414, 786.3641798496246, 783.9471848011017,]
