best-result = 33.62350058555603
warmup-time = 42.37504744529724
all-measurements = [ 33.94560098648071, 34.110740184783936, 33.62350058555603,]
