best-result = 54.73357009887695
warmup-time = 69.86466240882874
all-measurements = [ 54.73357009887695, 55.09594702720642, 55.230889558792114,]
