best-result = 2069.6406095027924
warmup-time = 2335.940572977066
all-measurements = [ 2155.074059009552, 2069.6406095027924, 2548.4164204597473,]
