best-result = 49.03252387046814
warmup-time = 71.39816498756409
all-measurements = [ 49.03252387046814, 49.931307554244995, 49.88176512718201,]
