best-result = 78.13890242576599
warmup-time = 97.8144040107727
all-measurements = [ 78.4647707939148, 78.13890242576599, 78.4048981666565,]
