best-result = 36.22947859764099
warmup-time = 45.13927602767944
all-measurements = [ 36.76011633872986, 36.40095591545105, 36.22947859764099,]
