best-result = 336.4736406803131
warmup-time = 479.5464859008789
all-measurements = [ 336.4736406803131, 344.4442927837372, 341.5819396972656,]
