best-result = 59.320921897888184
warmup-time = 60.030495166778564
all-measurements = [ 59.44839668273926, 59.320921897888184, 59.53291368484497,]
