best-result = 23.421631336212158
warmup-time = 23.513782262802124
all-measurements = [ 23.789365768432617, 24.269492387771606, 23.421631336212158,]
