best-result = 47.06909942626953
warmup-time = 63.82426428794861
all-measurements = [ 47.28378987312317, 47.06909942626953, 47.36069941520691,]
