best-result = 47.263604164123535
warmup-time = 59.2827935218811
all-measurements = [ 47.34560012817383, 47.263604164123535, 47.424702167510986,]
