best-result = 898.5142698287964
warmup-time = 1107.6865284442902
all-measurements = [ 919.4762063026428, 917.5477101802826, 898.5142698287964,]
