best-result = 86.93401885032654
warmup-time = 100.20517373085022
all-measurements = [ 87.2122905254364, 87.00574350357056, 86.93401885032654,]
