best-result = 991.5302064418793
warmup-time = 1022.1106560230255
all-measurements = [ 991.5302064418793, 993.7914366722107, 999.3062245845795,]
