best-result = 84.64275074005127
warmup-time = 104.6762101650238
all-measurements = [ 84.64275074005127, 85.32698273658752, 85.1499855518341,]
