best-result = 68.51471209526062
warmup-time = 87.10818433761597
all-measurements = [ 69.04775810241699, 68.51471209526062, 68.5908751487732,]
