best-result = 92.46128106117249
warmup-time = 106.12652897834778
all-measurements = [ 92.75864911079407, 92.46128106117249, 92.86377000808716,]
