best-result = 650.7250182628632
warmup-time = 667.4304096698761
all-measurements = [ 653.1146528720856, 650.7250182628632, 654.8871264457703,]
