best-result = 63.1054048538208
warmup-time = 78.18882870674133
all-measurements = [ 63.1054048538208, 63.18674993515015, 63.34298038482666,]
