best-result = 205.50083589553833
warmup-time = 355.40898609161377
all-measurements = [ 207.79354238510132, 205.50083589553833, 205.8940463066101,]
