best-result = 384.42384028434753
warmup-time = 830.3653168678284
all-measurements = [ 384.42384028434753, 391.30056643486023, 402.8904662132263,]
