best-result = 62.88355612754822
warmup-time = 84.25488471984863
all-measurements = [ 64.03778576850891, 63.77758550643921, 62.88355612754822,]
