best-result = 40.19797706604004
warmup-time = 48.35342979431152
all-measurements = [ 40.86963248252869, 40.19797706604004, 41.0590660572052,]
