best-result = 135.92018866539001
warmup-time = 157.68540215492249
all-measurements = [ 136.27766633033752, 135.92018866539001, 136.0415005683899,]
