best-result = 935.4845297336578
warmup-time = 960.5124852657318
all-measurements = [ 937.3766484260559, 943.1384346485138, 935.4845297336578,]
