best-result = 28.172971725463867
warmup-time = 36.214690923690796
all-measurements = [ 28.831051349639893, 28.172971725463867, 28.630215644836426,]
