best-result = 57.844146490097046
warmup-time = 70.51947379112244
all-measurements = [ 58.37061262130737, 57.844146490097046, 58.416428565979004,]
