best-result = 60.24274778366089
warmup-time = 74.29102325439453
all-measurements = [ 60.97246170043945, 60.24274778366089, 60.827494859695435,]
