best-result = 110.16232085227966
warmup-time = 137.3256585597992
all-measurements = [ 110.16232085227966, 110.85031843185425, 111.01382493972778,]
