best-result = 774.9716210365295
warmup-time = 848.0954988002777
all-measurements = [ 779.0571799278259, 774.9716210365295, 780.0313880443573,]
