best-result = 34.34914207458496
warmup-time = 41.136444091796875
all-measurements = [ 34.5631799697876, 34.34914207458496, 34.48406219482422,]
