best-result = 55.79999923706055
warmup-time = 71.16625094413757
all-measurements = [ 55.79999923706055, 56.036447286605835, 56.5637686252594,]
