best-result = 1863.1934831142426
warmup-time = 2318.836760044098
all-measurements = [ 1863.1934831142426, 1948.377061367035, 2040.5181839466095,]
