best-result = 48.57591915130615
warmup-time = 69.89554762840271
all-measurements = [ 49.427000284194946, 50.25707674026489, 48.57591915130615,]
