best-result = 83.19638228416443
warmup-time = 100.83074450492859
all-measurements = [ 83.67425274848938, 83.23854207992554, 83.19638228416443,]
