best-result = 38.20058846473694
warmup-time = 46.716341733932495
all-measurements = [ 38.55895018577576, 38.48671579360962, 38.20058846473694,]
