best-result = 334.8719186782837
warmup-time = 480.00034379959106
all-measurements = [ 334.8719186782837, 351.1894073486328, 338.96331548690796,]
