best-result = 58.99241614341736
warmup-time = 60.70265436172485
all-measurements = [ 59.555508852005005, 59.823002338409424, 58.99241614341736,]
