best-result = 24.46643567085266
warmup-time = 24.586940050125122
all-measurements = [ 24.46643567085266, 24.622350692749023, 24.818535089492798,]
memory-traffic = 1387
