best-result = 34.70091104507446
warmup-time = 34.99650692939758
all-measurements = [ 34.70091104507446, 35.701496839523315, 37.83031892776489,]
memory-traffic = 1161
