best-result = 31.017608404159546
warmup-time = 32.80402994155884
all-measurements = [ 31.017608404159546, 31.055869817733765, 31.781165599822998,]
memory-traffic = 976
