best-result = 263.2536082267761
warmup-time = 267.32772946357727
all-measurements = [ 264.99322843551636, 266.6849822998047, 263.2536082267761,]
memory-traffic = 15247
