best-result = 35.34589123725891
warmup-time = 37.70377230644226
all-measurements = [ 35.598474979400635, 36.33785915374756, 35.34589123725891,]
memory-traffic = 970
