best-result = 40.018359899520874
warmup-time = 43.32262969017029
all-measurements = [ 40.018359899520874, 40.58972454071045, 41.20175313949585,]
memory-traffic = 1513
