best-result = 48.841997385025024
warmup-time = 50.29117465019226
all-measurements = [ 49.92230677604675, 48.841997385025024, 49.283241987228394,]
memory-traffic = 2254
