best-result = 33.0617139339447
warmup-time = 36.25691533088684
all-measurements = [ 33.0617139339447, 35.12772345542908, 33.29998302459717,]
memory-traffic = 1007
