best-result = 36.83792233467102
warmup-time = 39.72981309890747
all-measurements = [ 36.910059213638306, 37.42532515525818, 36.83792233467102,]
memory-traffic = 1236
