best-result = 58.500380754470825
warmup-time = 61.50341176986694
all-measurements = [ 60.24185276031494, 60.67568397521973, 58.500380754470825,]
memory-traffic = 2472
