best-result = 225.67483639717102
warmup-time = 229.79067468643188
all-measurements = [ 227.39152598381042, 226.75549125671387, 225.67483639717102,]
memory-traffic = 11891
