best-result = 519.068962097168
warmup-time = 524.7612030506134
all-measurements = [ 520.2533714771271, 522.6587553024292, 519.068962097168,]
memory-traffic = 35015
