best-result = 34.57247519493103
warmup-time = 39.09561324119568
all-measurements = [ 36.840166330337524, 34.73824667930603, 34.57247519493103,]
memory-traffic = 1212
