best-result = 61.41195845603943
warmup-time = 63.57361960411072
all-measurements = [ 61.73768663406372, 61.41195845603943, 63.42248797416687,]
memory-traffic = 2928
