best-result = 26.840521097183228
warmup-time = 29.575981855392456
all-measurements = [ 26.87316370010376, 27.319103717803955, 26.840521097183228,]
memory-traffic = 595
