best-result = 35.47609806060791
warmup-time = 37.064497232437134
all-measurements = [ 35.48239755630493, 35.47609806060791, 35.49203658103943,]
memory-traffic = 853
