best-result = 32.61607098579407
warmup-time = 35.185068130493164
all-measurements = [ 32.61607098579407, 33.18845248222351, 33.92302846908569,]
memory-traffic = 1033
