best-result = 42.00546216964722
warmup-time = 45.650400161743164
all-measurements = [ 42.00546216964722, 42.16847085952759, 43.33839678764343,]
memory-traffic = 1814
