best-result = 95.90481352806091
warmup-time = 98.62060356140137
all-measurements = [ 96.37926602363586, 96.57576704025269, 95.90481352806091,]
memory-traffic = 5296
