best-result = 26.700608491897583
warmup-time = 28.5633761882782
all-measurements = [ 28.133376121520996, 26.700608491897583, 28.73033857345581,]
memory-traffic = 590
