best-result = 33.065998792648315
warmup-time = 35.347678661346436
all-measurements = [ 33.065998792648315, 33.75726938247681, 34.44952988624573,]
memory-traffic = 1019
