best-result = 86.60950136184692
warmup-time = 95.94365906715393
all-measurements = [ 93.87636590003967, 98.15928316116333, 86.60950136184692,]
memory-traffic = 6990
