best-result = 38.23240423202515
warmup-time = 41.334187507629395
all-measurements = [ 39.42899227142334, 38.23240423202515, 39.62846899032593,]
memory-traffic = 1339
