best-result = 42.369441986083984
warmup-time = 44.73814153671265
all-measurements = [ 43.99341702461243, 42.369441986083984, 44.84762144088745,]
memory-traffic = 1537
