best-result = 27.735579013824463
warmup-time = 28.039676904678345
all-measurements = [ 27.735579013824463, 28.124193906784058, 27.839115858078003,]
memory-traffic = 625
