best-result = 672.9773156642914
warmup-time = 694.6825671195984
all-measurements = [ 672.9773156642914, 678.2573120594025, 682.9043514728546,]
