best-result = 173.15160584449768
warmup-time = 177.32692742347717
all-measurements = [ 173.15160584449768, 180.1103446483612, 174.95282316207886,]
memory-traffic = 11007
