best-result = 41.184457540512085
warmup-time = 45.78853678703308
all-measurements = [ 44.77452826499939, 41.184457540512085, 43.035895109176636,]
memory-traffic = 1732
