best-result = 23.462790966033936
warmup-time = 23.09309983253479
all-measurements = [ 23.462790966033936, 24.39164161682129, 23.806565284729004,]
