best-result = 46.722399950027466
warmup-time = 61.64107298851013
all-measurements = [ 46.89997434616089, 46.99930238723755, 46.722399950027466,]
