best-result = 46.79028916358948
warmup-time = 58.52794814109802
all-measurements = [ 46.79028916358948, 46.83090424537659, 46.86675453186035,]
