best-result = 873.9234976768494
warmup-time = 1056.779815196991
all-measurements = [ 881.9390535354614, 875.3216154575348, 873.9234976768494,]
