best-result = 84.54314112663269
warmup-time = 98.33991360664368
all-measurements = [ 85.61884617805481, 85.01060080528259, 84.54314112663269,]
