best-result = 975.3710880279541
warmup-time = 1007.3890864849091
all-measurements = [ 975.802533864975, 980.4947628974915, 975.3710880279541,]
