best-result = 65.58717799186707
warmup-time = 80.3968243598938
all-measurements = [ 65.98177123069763, 66.10124897956848, 65.58717799186707,]
