best-result = 82.0365538597107
warmup-time = 106.14910531044006
all-measurements = [ 83.62839889526367, 82.0365538597107, 83.56041979789734,]
