best-result = 67.77203059196472
warmup-time = 88.64196991920471
all-measurements = [ 67.91024422645569, 68.47293519973755, 67.77203059196472,]
