best-result = 90.45029211044312
warmup-time = 104.15637826919556
all-measurements = [ 91.28178977966309, 90.45029211044312, 92.04787588119507,]
