best-result = 630.7273440361023
warmup-time = 644.0589628219604
all-measurements = [ 634.7687964439392, 631.5686614513397, 630.7273440361023,]
