best-result = 61.95192098617554
warmup-time = 76.99981617927551
all-measurements = [ 62.0052387714386, 62.16864728927612, 61.95192098617554,]
