best-result = 191.23553657531738
warmup-time = 340.3812208175659
all-measurements = [ 191.81061482429504, 191.23553657531738, 193.11299347877502,]
