best-result = 382.6566846370697
warmup-time = 822.055823802948
all-measurements = [ 406.960604429245, 385.07519912719727, 382.6566846370697,]
