best-result = 62.45510172843933
warmup-time = 79.32989025115967
all-measurements = [ 63.179609298706055, 62.45510172843933, 62.97228169441223,]
