best-result = 39.97521424293518
warmup-time = 48.11950206756592
all-measurements = [ 40.59386467933655, 39.97521424293518, 40.51511812210083,]
