best-result = 133.41313552856445
warmup-time = 159.88777899742126
all-measurements = [ 134.00217819213867, 133.5759961605072, 133.41313552856445,]
