best-result = 907.3331129550934
warmup-time = 932.825520992279
all-measurements = [ 909.6703290939331, 907.3331129550934, 910.7517125606537,]
