best-result = 27.953566789627075
warmup-time = 36.456433057785034
all-measurements = [ 27.953566789627075, 28.444846630096436, 28.708935499191284,]
