best-result = 59.25010323524475
warmup-time = 71.38449311256409
all-measurements = [ 59.25010323524475, 59.47764539718628, 59.670488357543945,]
