best-result = 59.79002547264099
warmup-time = 73.06222224235535
all-measurements = [ 60.55751323699951, 60.07295775413513, 59.79002547264099,]
