best-result = 109.40842247009277
warmup-time = 136.5935297012329
all-measurements = [ 110.16341876983643, 109.8079342842102, 109.40842247009277,]
