best-result = 760.4419522285461
warmup-time = 828.9595844745636
all-measurements = [ 763.7133636474609, 760.4419522285461, 761.0465652942657,]
