best-result = 34.021382093429565
warmup-time = 41.64314293861389
all-measurements = [ 34.91081190109253, 34.021382093429565, 34.31385660171509,]
