best-result = 55.3394980430603
warmup-time = 71.52997350692749
all-measurements = [ 55.4493522644043, 55.3394980430603, 55.85940718650818,]
