best-result = 1391.6921212673187
warmup-time = 1429.0176849365234
all-measurements = [ 1530.5354266166687, 1391.6921212673187, 1485.15789270401,]
