best-result = 49.4412407875061
warmup-time = 70.03267073631287
all-measurements = [ 49.667749881744385, 50.01274585723877, 49.4412407875061,]
