best-result = 81.60337543487549
warmup-time = 99.153391122818
all-measurements = [ 81.60337543487549, 82.27938461303711, 82.01451897621155,]
