best-result = 92.70130062103271
warmup-time = 114.39851427078247
all-measurements = [ 92.70130062103271, 92.70623326301575, 93.32404494285583,]
