best-result = 37.4474081993103
warmup-time = 47.13441848754883
all-measurements = [ 37.63850140571594, 37.59140467643738, 37.4474081993103,]
