best-result = 307.0824329853058
warmup-time = 454.9329285621643
all-measurements = [ 307.0824329853058, 307.6162750720978, 308.17545771598816,]
