best-result = 59.56892681121826
warmup-time = 60.11325263977051
all-measurements = [ 60.848066091537476, 60.68721866607666, 59.56892681121826,]
