best-result = 22.65896511077881
warmup-time = 22.67731261253357
all-measurements = [ 22.85209560394287, 22.65896511077881, 22.9597008228302,]
