best-result = 46.466113567352295
warmup-time = 64.75611352920532
all-measurements = [ 46.466113567352295, 47.124951124191284, 46.77024865150452,]
