best-result = 46.12676000595093
warmup-time = 58.926337242126465
all-measurements = [ 46.49094867706299, 46.12676000595093, 46.30405259132385,]
