best-result = 923.8605289459229
warmup-time = 1139.807219028473
all-measurements = [ 939.193591594696, 923.8605289459229, 927.1897385120392,]
