best-result = 84.70006465911865
warmup-time = 99.52566957473755
all-measurements = [ 85.2072377204895, 84.70006465911865, 85.1785500049591,]
