best-result = 81.54327869415283
warmup-time = 103.30283522605896
all-measurements = [ 82.8913996219635, 82.14443898200989, 81.54327869415283,]
