best-result = 69.3617537021637
warmup-time = 92.25139784812927
all-measurements = [ 69.3617537021637, 70.40506839752197, 70.03133630752563,]
