best-result = 90.72544240951538
warmup-time = 103.76869797706604
all-measurements = [ 91.13887310028076, 91.47269988059998, 90.72544240951538,]
