best-result = 626.9499752521515
warmup-time = 645.0347895622253
all-measurements = [ 626.9499752521515, 632.1129755973816, 631.395830154419,]
