best-result = 64.29629182815552
warmup-time = 75.71978163719177
all-measurements = [ 64.85213303565979, 64.29629182815552, 64.73106265068054,]
