best-result = 221.777517080307
warmup-time = 373.39461302757263
all-measurements = [ 224.3897626399994, 221.777517080307, 223.9881772994995,]
