best-result = 439.5986042022705
warmup-time = 887.2491223812103
all-measurements = [ 442.34547662734985, 439.5986042022705, 439.79666686058044,]
