best-result = 62.024232149124146
warmup-time = 79.76245594024658
all-measurements = [ 62.76108264923096, 62.93015766143799, 62.024232149124146,]
