best-result = 142.3915717601776
warmup-time = 168.28024816513062
all-measurements = [ 143.46589994430542, 142.3915717601776, 142.39933013916016,]
