best-result = 878.8216373920441
warmup-time = 914.5081593990326
all-measurements = [ 883.9542503356934, 881.972874879837, 878.8216373920441,]
