best-result = 27.282800436019897
warmup-time = 36.72350025177002
all-measurements = [ 27.282800436019897, 28.0649995803833, 27.326396942138672,]
