best-result = 58.22669744491577
warmup-time = 72.3372094631195
all-measurements = [ 58.96680974960327, 58.65021729469299, 58.22669744491577,]
