best-result = 58.82732105255127
warmup-time = 73.37965202331543
all-measurements = [ 59.39306926727295, 59.734196186065674, 58.82732105255127,]
