best-result = 111.13546919822693
warmup-time = 137.9435396194458
all-measurements = [ 111.13546919822693, 111.31693005561829, 111.55759072303772,]
