best-result = 782.4591393470764
warmup-time = 869.3723497390747
all-measurements = [ 790.3872065544128, 782.8911380767822, 782.4591393470764,]
