best-result = 33.84106659889221
warmup-time = 41.039926052093506
all-measurements = [ 33.84106659889221, 34.06421113014221, 33.99068069458008,]
