best-result = 54.7667977809906
warmup-time = 71.5305848121643
all-measurements = [ 55.44146728515625, 54.7667977809906, 55.555540561676025,]
