best-result = 2320.9985871315002
warmup-time = 3633.9009187221527
all-measurements = [ 2320.9985871315002, 3297.8385004997253, 3840.8837921619415,]
