best-result = 49.472620725631714
warmup-time = 70.88464069366455
all-measurements = [ 49.538904905319214, 49.472620725631714, 49.577001094818115,]
