best-result = 78.03033900260925
warmup-time = 100.07811903953552
all-measurements = [ 79.2462408542633, 78.03033900260925, 79.16542935371399,]
