best-result = 36.49317479133606
warmup-time = 46.81123685836792
all-measurements = [ 36.52527832984924, 36.49317479133606, 36.96509122848511,]
