best-result = 346.6875731945038
warmup-time = 492.3269968032837
all-measurements = [ 355.7772603034973, 362.6576952934265, 346.6875731945038,]
