best-result = 59.28947067260742
warmup-time = 60.393826961517334
all-measurements = [ 59.28947067260742, 59.77027225494385, 59.76912307739258,]
