best-result = 22.34333109855652
warmup-time = 22.778337478637695
all-measurements = [ 22.4572172164917, 22.34333109855652, 22.353342294692993,]
