best-result = 47.89613676071167
warmup-time = 66.7062578201294
all-measurements = [ 48.16187238693237, 47.89613676071167, 49.058088541030884,]
