best-result = 47.86242055892944
warmup-time = 62.09493017196655
all-measurements = [ 47.99553680419922, 47.86242055892944, 48.569517612457275,]
