best-result = 1001.3882253170013
warmup-time = 1221.0641705989838
all-measurements = [ 1001.3882253170013, 1001.4207606315613, 1002.3322095870972,]
