best-result = 82.14451432228088
warmup-time = 97.91067695617676
all-measurements = [ 83.78791451454163, 82.14451432228088, 84.2540168762207,]
