best-result = 79.37874031066895
warmup-time = 103.8515853881836
all-measurements = [ 79.37874031066895, 80.29503011703491, 79.48927855491638,]
