best-result = 69.78014063835144
warmup-time = 93.10150051116943
all-measurements = [ 71.7278995513916, 70.96061396598816, 69.78014063835144,]
