best-result = 85.36741495132446
warmup-time = 102.19175553321838
all-measurements = [ 86.1406786441803, 85.55441951751709, 85.36741495132446,]
