best-result = 603.9859132766724
warmup-time = 608.9611840248108
all-measurements = [ 625.3390808105469, 603.9859132766724, 604.2455065250397,]
