best-result = 63.80264139175415
warmup-time = 75.52789521217346
all-measurements = [ 63.80264139175415, 65.00723600387573, 64.19037747383118,]
