best-result = 232.94677877426147
warmup-time = 415.69928216934204
all-measurements = [ 235.32367420196533, 236.35313844680786, 232.94677877426147,]
