best-result = 442.2142469882965
warmup-time = 965.1785492897034
all-measurements = [ 446.5373544692993, 445.15530157089233, 442.2142469882965,]
