best-result = 61.13404846191406
warmup-time = 79.46308922767639
all-measurements = [ 61.32061266899109, 61.13404846191406, 61.46874141693115,]
