best-result = 888.8813817501068
warmup-time = 919.1200914382935
all-measurements = [ 893.9867541790009, 888.8813817501068, 895.5334696769714,]
