best-result = 27.827391624450684
warmup-time = 37.25145745277405
all-measurements = [ 27.827391624450684, 29.11192274093628, 28.157225131988525,]
