best-result = 59.3628134727478
warmup-time = 74.66816258430481
all-measurements = [ 59.3628134727478, 60.222323417663574, 60.7553391456604,]
