best-result = 56.131449937820435
warmup-time = 71.96557116508484
all-measurements = [ 56.131449937820435, 57.504417181015015, 57.37404799461365,]
