best-result = 111.38822722434998
warmup-time = 142.05717992782593
all-measurements = [ 112.35995054244995, 111.82971954345703, 111.38822722434998,]
