best-result = 782.6955380439758
warmup-time = 862.2081768512726
all-measurements = [ 783.3391649723053, 782.6955380439758, 784.1595332622528,]
