best-result = 34.37383675575256
warmup-time = 42.13576793670654
all-measurements = [ 34.49112343788147, 34.37383675575256, 35.39075064659119,]
