best-result = 54.093382358551025
warmup-time = 69.84613561630249
all-measurements = [ 54.093382358551025, 54.95326566696167, 54.39028477668762,]
