best-result = 51.21276140213013
warmup-time = 71.20512104034424
all-measurements = [ 51.7320454120636, 51.21276140213013, 51.89156198501587,]
