best-result = 81.02944302558899
warmup-time = 99.85471391677856
all-measurements = [ 81.02944302558899, 81.45170474052429, 82.87045907974243,]
