best-result = 36.145904779434204
warmup-time = 46.42496609687805
all-measurements = [ 36.145904779434204, 36.46485662460327, 36.28019380569458,]
