best-result = 354.8734464645386
warmup-time = 505.75353598594666
all-measurements = [ 357.94170236587524, 354.8734464645386, 367.6638460159302,]
