best-result = 104.72020888328552
warmup-time = 107.08039689064026
all-measurements = [ 104.72020888328552, 106.0262508392334, 105.80592179298401,]
