best-result = 21.33743929862976
warmup-time = 21.343218326568604
all-measurements = [ 21.644707679748535, 21.33743929862976, 21.41224956512451,]
