best-result = 47.34833598136902
warmup-time = 63.21028709411621
all-measurements = [ 47.42433261871338, 47.34833598136902, 47.49188184738159,]
