best-result = 46.438995122909546
warmup-time = 58.85733079910278
all-measurements = [ 46.438995122909546, 46.99273633956909, 46.55169486999512,]
