best-result = 974.6020531654358
warmup-time = 1180.9366986751556
all-measurements = [ 981.4186775684357, 974.6020531654358, 975.6796956062317,]
