best-result = 81.57455110549927
warmup-time = 95.4664568901062
all-measurements = [ 81.57455110549927, 81.81993460655212, 81.83465504646301,]
