best-result = 77.61016964912415
warmup-time = 99.4085738658905
all-measurements = [ 78.30276846885681, 77.61016964912415, 78.03814458847046,]
