best-result = 68.14073371887207
warmup-time = 92.8767204284668
all-measurements = [ 69.27827835083008, 68.65129566192627, 68.14073371887207,]
