best-result = 82.9699227809906
warmup-time = 98.39658331871033
all-measurements = [ 83.6802728176117, 82.9699227809906, 84.05100083351135,]
