best-result = 587.5342979431152
warmup-time = 603.6939871311188
all-measurements = [ 587.5342979431152, 594.2507436275482, 592.5098340511322,]
