best-result = 61.639732837677
warmup-time = 79.05558705329895
all-measurements = [ 62.00359320640564, 61.639732837677, 61.96726107597351,]
