best-result = 230.22731828689575
warmup-time = 397.9049746990204
all-measurements = [ 232.95973801612854, 230.22731828689575, 231.6567804813385,]
