best-result = 440.75720024108887
warmup-time = 897.1508510112762
all-measurements = [ 447.05433225631714, 440.75720024108887, 444.08300161361694,]
