best-result = 59.431694746017456
warmup-time = 75.59050035476685
all-measurements = [ 59.66403865814209, 59.431694746017456, 60.16405248641968,]
