best-result = 852.9227545261383
warmup-time = 894.3087446689606
all-measurements = [ 885.0334389209747, 858.3582549095154, 852.9227545261383,]
