best-result = 26.918721914291382
warmup-time = 34.86221432685852
all-measurements = [ 27.14231824874878, 26.918721914291382, 27.20949959754944,]
