best-result = 57.94280219078064
warmup-time = 71.40850043296814
all-measurements = [ 59.46664071083069, 58.65094232559204, 57.94280219078064,]
