best-result = 55.39789581298828
warmup-time = 69.12141156196594
all-measurements = [ 55.598634481430054, 55.45415925979614, 55.39789581298828,]
