best-result = 108.05310082435608
warmup-time = 136.39173412322998
all-measurements = [ 108.32959342002869, 109.50849056243896, 108.05310082435608,]
