best-result = 767.128142118454
warmup-time = 832.8023328781128
all-measurements = [ 770.0945281982422, 767.6186075210571, 767.128142118454,]
