best-result = 33.3042356967926
warmup-time = 40.2437698841095
all-measurements = [ 33.3042356967926, 33.61909365653992, 33.70688247680664,]
