best-result = 52.84713387489319
warmup-time = 67.94932723045349
all-measurements = [ 53.431169748306274, 52.96817374229431, 52.84713387489319,]
