best-result = 49.200050592422485
warmup-time = 67.501291513443
all-measurements = [ 50.44713807106018, 50.24963641166687, 49.200050592422485,]
