best-result = 78.06242609024048
warmup-time = 98.41482472419739
all-measurements = [ 78.06242609024048, 79.30555319786072, 79.02218794822693,]
