best-result = 35.3705792427063
warmup-time = 44.866939067840576
all-measurements = [ 35.43812155723572, 35.709853172302246, 35.3705792427063,]
