best-result = 344.18631505966187
warmup-time = 478.7468411922455
all-measurements = [ 347.79448771476746, 349.0069487094879, 344.18631505966187,]
