best-result = 102.4015326499939
warmup-time = 102.49697422981262
all-measurements = [ 102.64469122886658, 102.4015326499939, 102.61680841445923,]
