best-result = 25.79942035675049
warmup-time = 26.40460777282715
all-measurements = [ 26.242834091186523, 26.11394500732422, 25.79942035675049,]
