best-result = 36.20015048980713
warmup-time = 38.14656591415405
all-measurements = [ 37.56214499473572, 38.2513906955719, 36.20015048980713,]
