best-result = 31.084800004959106
warmup-time = 32.21446657180786
all-measurements = [ 32.45388746261597, 31.686538457870483, 31.084800004959106,]
