best-result = 264.58741068840027
warmup-time = 273.6399006843567
all-measurements = [ 269.16131138801575, 264.58741068840027, 265.8655445575714,]
