best-result = 36.32291793823242
warmup-time = 36.619866609573364
all-measurements = [ 36.467581272125244, 37.124332666397095, 36.32291793823242,]
