best-result = 111.00779676437378
warmup-time = 116.84636783599854
all-measurements = [ 111.00779676437378, 113.09678149223328, 111.1336452960968,]
