best-result = 40.246634006500244
warmup-time = 43.020368576049805
all-measurements = [ 40.246634006500244, 41.40407729148865, 42.767733573913574,]
