best-result = 47.85694861412048
warmup-time = 48.143978118896484
all-measurements = [ 48.144763231277466, 48.46350431442261, 47.85694861412048,]
