best-result = 33.40107440948486
warmup-time = 31.849767923355103
all-measurements = [ 33.72389221191406, 33.40107440948486, 33.78573489189148,]
