best-result = 36.110180377960205
warmup-time = 37.070799827575684
all-measurements = [ 36.110180377960205, 37.53720450401306, 37.43105363845825,]
