best-result = 58.22551774978638
warmup-time = 62.12369656562805
all-measurements = [ 64.01465487480164, 58.22551774978638, 60.840787172317505,]
