best-result = 227.9603066444397
warmup-time = 234.12402033805847
all-measurements = [ 228.1267955303192, 227.9603066444397, 228.16168856620789,]
