best-result = 523.103667974472
warmup-time = 530.2687635421753
all-measurements = [ 525.7580046653748, 525.4563772678375, 523.103667974472,]
