best-result = 35.87849235534668
warmup-time = 37.37518835067749
all-measurements = [ 36.32841372489929, 36.28047728538513, 35.87849235534668,]
