best-result = 28.609184503555298
warmup-time = 29.387701511383057
all-measurements = [ 28.609184503555298, 28.90197443962097, 29.033722400665283,]
