best-result = 75.28761672973633
warmup-time = 75.12295889854431
all-measurements = [ 81.71949815750122, 78.40977835655212, 75.28761672973633,]
