best-result = 60.739200830459595
warmup-time = 62.67686176300049
all-measurements = [ 62.72473096847534, 63.70857119560242, 60.739200830459595,]
