best-result = 27.081836462020874
warmup-time = 28.805066347122192
all-measurements = [ 27.966909646987915, 27.081836462020874, 27.282874584197998,]
