best-result = 35.273781299591064
warmup-time = 32.79110884666443
all-measurements = [ 35.273781299591064, 35.646190881729126, 35.61311864852905,]
