best-result = 34.05303120613098
warmup-time = 33.67181468009949
all-measurements = [ 34.186832666397095, 34.05303120613098, 34.09044098854065,]
