best-result = 41.44684934616089
warmup-time = 43.44657516479492
all-measurements = [ 43.05534768104553, 43.7327618598938, 41.44684934616089,]
