best-result = 97.60422825813293
warmup-time = 97.05538415908813
all-measurements = [ 97.60422825813293, 99.44215893745422, 98.06258773803711,]
