best-result = 27.5811448097229
warmup-time = 29.29251742362976
all-measurements = [ 29.167627811431885, 29.515506505966187, 27.5811448097229,]
