best-result = 34.76132154464722
warmup-time = 35.29239511489868
all-measurements = [ 34.96510195732117, 35.196231842041016, 34.76132154464722,]
