best-result = 87.74764609336853
warmup-time = 87.2853410243988
all-measurements = [ 88.03788805007935, 87.74764609336853, 92.37276268005371,]
