best-result = 38.737669229507446
warmup-time = 39.208354473114014
all-measurements = [ 39.536277055740356, 38.737669229507446, 39.505619287490845,]
