best-result = 44.737616777420044
warmup-time = 44.89078330993652
all-measurements = [ 46.053614139556885, 44.737616777420044, 47.01136922836304,]
