best-result = 27.77238392829895
warmup-time = 27.966463088989258
all-measurements = [ 29.670753479003906, 27.77238392829895, 28.53278684616089,]
