best-result = 697.6679391860962
warmup-time = 721.241176366806
all-measurements = [ 701.2659976482391, 703.8350784778595, 697.6679391860962,]
