best-result = 176.3058090209961
warmup-time = 179.77093887329102
all-measurements = [ 176.8626685142517, 178.37311601638794, 176.3058090209961,]
