best-result = 62.61158514022827
warmup-time = 64.06398463249207
all-measurements = [ 62.61158514022827, 69.10270071029663, 66.96536946296692,]
