best-result = 22.561127424240112
warmup-time = 22.68235206604004
all-measurements = [ 23.270777702331543, 22.561127424240112, 22.772558212280273,]
