best-result = 46.4916934967041
warmup-time = 64.22639060020447
all-measurements = [ 46.4916934967041, 47.062687158584595, 46.762693881988525,]
