best-result = 46.41989755630493
warmup-time = 59.25812554359436
all-measurements = [ 46.41989755630493, 46.76828479766846, 46.59451723098755,]
