best-result = 927.6642737388611
warmup-time = 1122.2631375789642
all-measurements = [ 947.0745167732239, 927.6642737388611, 933.3422145843506,]
