best-result = 85.24855613708496
warmup-time = 98.9248719215393
all-measurements = [ 85.48126482963562, 86.09385824203491, 85.24855613708496,]
