best-result = 82.45680165290833
warmup-time = 102.37234878540039
all-measurements = [ 83.25929260253906, 82.45680165290833, 82.77735042572021,]
