best-result = 70.24720525741577
warmup-time = 92.23480176925659
all-measurements = [ 70.24720525741577, 70.66722369194031, 70.98629117012024,]
