best-result = 90.92421245574951
warmup-time = 104.093097448349
all-measurements = [ 91.8759069442749, 91.47191166877747, 90.92421245574951,]
