best-result = 634.6292064189911
warmup-time = 647.7332785129547
all-measurements = [ 636.3223733901978, 634.6292064189911, 636.1865231990814,]
