best-result = 64.84140062332153
warmup-time = 76.02176904678345
all-measurements = [ 65.33104228973389, 64.84140062332153, 64.94129514694214,]
