best-result = 221.05333948135376
warmup-time = 376.280442237854
all-measurements = [ 222.13563323020935, 221.4452486038208, 221.05333948135376,]
