best-result = 439.27856492996216
warmup-time = 880.1244735717773
all-measurements = [ 441.53436517715454, 439.27856492996216, 443.0991861820221,]
