best-result = 62.34110999107361
warmup-time = 79.73003315925598
all-measurements = [ 62.34970998764038, 62.34110999107361, 62.77643442153931,]
