best-result = 143.5044469833374
warmup-time = 174.00950527191162
all-measurements = [ 143.5516655445099, 144.52046751976013, 143.5044469833374,]
