best-result = 887.2464537620544
warmup-time = 923.8437597751617
all-measurements = [ 894.9495389461517, 887.2464537620544, 893.6955997943878,]
