best-result = 27.661792755126953
warmup-time = 36.66295409202576
all-measurements = [ 27.678523540496826, 27.661792755126953, 27.704052686691284,]
