best-result = 59.31164789199829
warmup-time = 69.39452028274536
all-measurements = [ 60.05432987213135, 59.31164789199829, 59.48156142234802,]
