best-result = 59.27056837081909
warmup-time = 72.31093978881836
all-measurements = [ 59.27056837081909, 59.3233904838562, 59.856204986572266,]
