best-result = 111.3703761100769
warmup-time = 137.24913620948792
all-measurements = [ 111.3703761100769, 111.95544600486755, 111.37518262863159,]
