best-result = 787.7833371162415
warmup-time = 856.7671439647675
all-measurements = [ 821.5719218254089, 795.2402586936951, 787.7833371162415,]
