best-result = 33.456817388534546
warmup-time = 40.89400291442871
all-measurements = [ 33.76552700996399, 33.456817388534546, 33.94691181182861,]
