best-result = 55.17245674133301
warmup-time = 71.04885363578796
all-measurements = [ 55.18235778808594, 55.583691120147705, 55.17245674133301,]
