best-result = 2191.2643251419067
warmup-time = 1999.7785589694977
all-measurements = [ 2191.2643251419067, 2564.2230010032654, 2389.7636981010437,]
