best-result = 49.81232762336731
warmup-time = 71.36765360832214
all-measurements = [ 49.81762909889221, 49.86359405517578, 49.81232762336731,]
