best-result = 79.38322329521179
warmup-time = 96.49108982086182
all-measurements = [ 79.97172284126282, 79.81319046020508, 79.38322329521179,]
