best-result = 36.63113522529602
warmup-time = 46.14382195472717
all-measurements = [ 36.63113522529602, 37.83216142654419, 37.264941930770874,]
