best-result = 356.66447830200195
warmup-time = 505.5127263069153
all-measurements = [ 356.66447830200195, 362.941367149353, 360.539874792099,]
