best-result = 58.961381673812866
warmup-time = 59.87965798377991
all-measurements = [ 59.940585136413574, 58.961381673812866, 59.48807907104492,]
