best-result = 26.985814332962036
warmup-time = 27.292250156402588
all-measurements = [ 27.123638153076172, 27.97939968109131, 26.985814332962036,]
