best-result = 39.643696308135986
warmup-time = 40.74148869514465
all-measurements = [ 40.76438808441162, 40.59396409988403, 39.643696308135986,]
