best-result = 34.17220330238342
warmup-time = 35.48443651199341
all-measurements = [ 35.043524980545044, 35.15155577659607, 34.17220330238342,]
