best-result = 284.43369126319885
warmup-time = 284.34690403938293
all-measurements = [ 289.08456587791443, 291.5385756492615, 284.43369126319885,]
