best-result = 38.31294536590576
warmup-time = 39.64967346191406
all-measurements = [ 38.31294536590576, 39.078497648239136, 38.831127882003784,]
