best-result = 46.634251832962036
warmup-time = 46.773027181625366
all-measurements = [ 46.71635413169861, 47.17941689491272, 46.634251832962036,]
