best-result = 53.11759400367737
warmup-time = 53.627612352371216
all-measurements = [ 53.11759400367737, 53.274275064468384, 55.30674767494202,]
