best-result = 36.59149670600891
warmup-time = 37.175416231155396
all-measurements = [ 36.59149670600891, 37.516241788864136, 38.50354218482971,]
