best-result = 41.56473970413208
warmup-time = 41.60889172554016
all-measurements = [ 41.57010245323181, 41.964330196380615, 41.56473970413208,]
