best-result = 63.39718961715698
warmup-time = 66.58985495567322
all-measurements = [ 66.68484234809875, 64.33534145355225, 63.39718961715698,]
