best-result = 257.80036330223083
warmup-time = 259.0021312236786
all-measurements = [ 258.84070348739624, 257.80036330223083, 260.20528531074524,]
