best-result = 598.636632680893
warmup-time = 603.1605734825134
all-measurements = [ 598.636632680893, 599.9438734054565, 599.4240608215332,]
