best-result = 38.737221240997314
warmup-time = 39.710060596466064
all-measurements = [ 40.67484998703003, 41.17855429649353, 38.737221240997314,]
