best-result = 68.61742210388184
warmup-time = 69.33279752731323
all-measurements = [ 69.67486619949341, 68.61742210388184, 70.29953503608704,]
