best-result = 29.62286615371704
warmup-time = 30.20824098587036
all-measurements = [ 30.28513503074646, 29.62286615371704, 30.229656219482422,]
