best-result = 38.041499376297
warmup-time = 38.633347272872925
all-measurements = [ 38.041499376297, 39.524680852890015, 38.836530447006226,]
