best-result = 35.256964445114136
warmup-time = 35.45930242538452
all-measurements = [ 35.56768465042114, 36.97362232208252, 35.256964445114136,]
