best-result = 47.3124725818634
warmup-time = 46.848459005355835
all-measurements = [ 47.3124725818634, 47.70254611968994, 48.381001234054565,]
