best-result = 105.39063453674316
warmup-time = 107.47855710983276
all-measurements = [ 107.15614461898804, 105.39063453674316, 109.3613510131836,]
