best-result = 29.33714485168457
warmup-time = 30.11969518661499
all-measurements = [ 30.790170669555664, 29.33714485168457, 29.446011781692505,]
