best-result = 37.00794577598572
warmup-time = 38.52981495857239
all-measurements = [ 37.00794577598572, 37.528836488723755, 37.26056218147278,]
