best-result = 42.421499490737915
warmup-time = 41.96399211883545
all-measurements = [ 44.655027627944946, 42.421499490737915, 43.67198371887207,]
