best-result = 45.60150170326233
warmup-time = 46.32274031639099
all-measurements = [ 45.60150170326233, 48.383026361465454, 46.11466598510742,]
