best-result = 28.953038930892944
warmup-time = 30.36778736114502
all-measurements = [ 30.897913932800293, 28.953038930892944, 30.756674766540527,]
