best-result = 733.1589589118958
warmup-time = 750.6272459030151
all-measurements = [ 743.7813448905945, 733.1589589118958, 760.6786363124847,]
