best-result = 199.15462398529053
warmup-time = 198.95177245140076
all-measurements = [ 199.1865520477295, 200.83808851242065, 199.15462398529053,]
