best-result = 46.246299743652344
warmup-time = 47.81176519393921
all-measurements = [ 46.68009090423584, 46.246299743652344, 47.906166791915894,]
