best-result = 22.638507604599
warmup-time = 22.724639177322388
all-measurements = [ 22.638507604599, 22.736924648284912, 23.02965521812439,]
