best-result = 46.93030619621277
warmup-time = 65.6199471950531
all-measurements = [ 46.93030619621277, 47.276695251464844, 46.95939350128174,]
