best-result = 46.575278520584106
warmup-time = 58.32515001296997
all-measurements = [ 46.61845111846924, 47.101123571395874, 46.575278520584106,]
