best-result = 918.0579478740692
warmup-time = 1151.8750457763672
all-measurements = [ 921.5276343822479, 918.0579478740692, 926.6765487194061,]
