best-result = 84.57303524017334
warmup-time = 100.49702429771423
all-measurements = [ 84.88350224494934, 84.57303524017334, 85.9555230140686,]
