best-result = 983.5952668190002
warmup-time = 1010.2220304012299
all-measurements = [ 989.8295569419861, 983.5952668190002, 985.5240018367767,]
