best-result = 82.48789739608765
warmup-time = 103.65156865119934
all-measurements = [ 82.99147534370422, 82.48789739608765, 83.54706501960754,]
