best-result = 68.11458253860474
warmup-time = 88.12393736839294
all-measurements = [ 68.11458253860474, 68.30546712875366, 68.59154081344604,]
