best-result = 90.74436545372009
warmup-time = 107.37748146057129
all-measurements = [ 90.74436545372009, 91.13686156272888, 91.00377178192139,]
