best-result = 647.7839295864105
warmup-time = 661.3388473987579
all-measurements = [ 647.7839295864105, 651.162709236145, 659.4642758369446,]
