best-result = 63.48071050643921
warmup-time = 80.43194699287415
all-measurements = [ 63.48071050643921, 64.01891255378723, 63.53106498718262,]
