best-result = 208.41001343727112
warmup-time = 371.62020564079285
all-measurements = [ 209.31004786491394, 208.41001343727112, 208.95060896873474,]
