best-result = 424.6355826854706
warmup-time = 880.2099721431732
all-measurements = [ 427.6651220321655, 424.6355826854706, 434.5880992412567,]
