best-result = 62.21830177307129
warmup-time = 78.61665511131287
all-measurements = [ 62.65422582626343, 62.21830177307129, 62.46432089805603,]
