best-result = 39.77119827270508
warmup-time = 48.10943341255188
all-measurements = [ 40.23275876045227, 40.4659423828125, 39.77119827270508,]
