best-result = 138.18295645713806
warmup-time = 170.50695490837097
all-measurements = [ 138.33881664276123, 139.7179937362671, 138.18295645713806,]
