best-result = 905.515344619751
warmup-time = 939.641753911972
all-measurements = [ 936.1404106616974, 908.5191521644592, 905.515344619751,]
