best-result = 27.315986394882202
warmup-time = 34.90894341468811
all-measurements = [ 27.315986394882202, 28.0993709564209, 27.470812559127808,]
