best-result = 57.76295256614685
warmup-time = 68.0706217288971
all-measurements = [ 57.76295256614685, 57.84461951255798, 58.04566693305969,]
