best-result = 59.57434844970703
warmup-time = 73.47360014915466
all-measurements = [ 59.79887843132019, 59.57434844970703, 59.96160387992859,]
