best-result = 111.37582492828369
warmup-time = 138.79753589630127
all-measurements = [ 112.03522300720215, 111.799889087677, 111.37582492828369,]
