best-result = 784.6613159179688
warmup-time = 855.9538140296936
all-measurements = [ 788.9188652038574, 788.7707462310791, 784.6613159179688,]
