best-result = 33.784083127975464
warmup-time = 43.096999168395996
all-measurements = [ 34.20420527458191, 33.981966495513916, 33.784083127975464,]
