best-result = 55.06828761100769
warmup-time = 72.08498096466064
all-measurements = [ 55.63391995429993, 55.06828761100769, 55.82440400123596,]
