best-result = 1400.4065761566162
warmup-time = 1996.2792723178864
all-measurements = [ 2098.5892260074615, 1687.6452782154083, 1400.4065761566162,]
