best-result = 48.59120512008667
warmup-time = 70.76597332954407
all-measurements = [ 48.59120512008667, 49.208680391311646, 50.063323974609375,]
