best-result = 77.43374729156494
warmup-time = 97.40052604675293
all-measurements = [ 78.9429886341095, 77.43374729156494, 77.94702792167664,]
