best-result = 36.59037208557129
warmup-time = 44.760175943374634
all-measurements = [ 36.59037208557129, 36.79243350028992, 36.71594047546387,]
