best-result = 350.6714925765991
warmup-time = 497.4822726249695
all-measurements = [ 352.3533675670624, 350.6714925765991, 351.9288809299469,]
