best-result = 58.65372657775879
warmup-time = 59.64554834365845
all-measurements = [ 58.65372657775879, 58.880422830581665, 59.42397141456604,]
