best-result = 24.08635926246643
warmup-time = 24.200101852416992
all-measurements = [ 24.494848251342773, 24.246822595596313, 24.08635926246643,]
