best-result = 47.84381556510925
warmup-time = 63.21752691268921
all-measurements = [ 47.92880034446716, 47.84381556510925, 47.8461856842041,]
