best-result = 47.90090727806091
warmup-time = 60.10894751548767
all-measurements = [ 47.90090727806091, 48.103689193725586, 48.540470600128174,]
