best-result = 903.533588886261
warmup-time = 1065.7823543548584
all-measurements = [ 908.5553750991821, 906.8663671016693, 903.533588886261,]
