best-result = 85.88507580757141
warmup-time = 99.06168556213379
all-measurements = [ 86.23083353042603, 85.88507580757141, 86.66720747947693,]
