best-result = 883.3922910690308
warmup-time = 925.168399810791
all-measurements = [ 883.3922910690308, 887.3985106945038, 884.574511051178,]
