best-result = 67.46488308906555
warmup-time = 81.91461825370789
all-measurements = [ 67.46488308906555, 67.9598331451416, 68.58380031585693,]
