best-result = 85.69772601127625
warmup-time = 105.8164713382721
all-measurements = [ 86.36534261703491, 85.69772601127625, 86.04159736633301,]
