best-result = 70.16503572463989
warmup-time = 88.97085452079773
all-measurements = [ 70.54129838943481, 70.16503572463989, 70.62920069694519,]
