best-result = 88.46356868743896
warmup-time = 101.51050734519958
all-measurements = [ 88.46356868743896, 89.99239683151245, 89.45038270950317,]
