best-result = 652.2434117794037
warmup-time = 669.2665817737579
all-measurements = [ 652.2434117794037, 676.0949845314026, 657.277096748352,]
