best-result = 64.14435315132141
warmup-time = 78.75021433830261
all-measurements = [ 64.40550208091736, 64.14435315132141, 64.84392857551575,]
