best-result = 193.25978064537048
warmup-time = 347.7265408039093
all-measurements = [ 193.25978064537048, 193.32326459884644, 194.5884256362915,]
