best-result = 392.741512298584
warmup-time = 826.2729136943817
all-measurements = [ 392.741512298584, 394.7129168510437, 397.23386907577515,]
