best-result = 64.30546545982361
warmup-time = 80.1715362071991
all-measurements = [ 65.22572660446167, 64.3454475402832, 64.30546545982361,]
