best-result = 41.69548773765564
warmup-time = 49.578064918518066
all-measurements = [ 42.642385959625244, 41.69548773765564, 41.79053211212158,]
