best-result = 137.59745860099792
warmup-time = 166.5240421295166
all-measurements = [ 137.59745860099792, 138.17580485343933, 137.72338485717773,]
