best-result = 938.0097668170929
warmup-time = 965.7989032268524
all-measurements = [ 940.1839380264282, 942.7120907306671, 938.0097668170929,]
