best-result = 28.732474088668823
warmup-time = 37.138253927230835
all-measurements = [ 29.184988498687744, 29.11168932914734, 28.732474088668823,]
