best-result = 60.90256595611572
warmup-time = 74.95430421829224
all-measurements = [ 62.21421217918396, 61.18459939956665, 60.90256595611572,]
