best-result = 60.70714020729065
warmup-time = 73.7720239162445
all-measurements = [ 60.70714020729065, 61.105701208114624, 61.439385652542114,]
