best-result = 111.4978621006012
warmup-time = 137.62888836860657
all-measurements = [ 111.67917704582214, 111.4978621006012, 111.92179775238037,]
