best-result = 779.6396925449371
warmup-time = 848.6813485622406
all-measurements = [ 779.6396925449371, 779.7164406776428, 782.1718266010284,]
