best-result = 35.23150825500488
warmup-time = 43.33156418800354
all-measurements = [ 35.23150825500488, 36.02113389968872, 35.25445318222046,]
