best-result = 57.71749830245972
warmup-time = 72.12411761283875
all-measurements = [ 57.78275465965271, 57.71749830245972, 58.4176287651062,]
