best-result = 2094.8736655712128
warmup-time = 2151.510194540024
all-measurements = [ 2616.287992954254, 2580.253812789917, 2094.8736655712128,]
