best-result = 50.278944969177246
warmup-time = 72.54149651527405
all-measurements = [ 50.98688006401062, 50.53960347175598, 50.278944969177246,]
