best-result = 83.79319453239441
warmup-time = 101.92210245132446
all-measurements = [ 83.90564322471619, 84.1105751991272, 83.79319453239441,]
