best-result = 94.03179430961609
warmup-time = 117.63261532783508
all-measurements = [ 94.30633783340454, 94.03179430961609, 94.76316237449646,]
