best-result = 38.82702660560608
warmup-time = 46.74631667137146
all-measurements = [ 39.24744629859924, 39.36054611206055, 38.82702660560608,]
