best-result = 316.9772686958313
warmup-time = 455.1115801334381
all-measurements = [ 323.0564703941345, 316.9772686958313, 321.43396043777466,]
