best-result = 61.53283166885376
warmup-time = 62.848304748535156
all-measurements = [ 61.53283166885376, 62.29995608329773, 62.67359685897827,]
