best-result = 22.47021746635437
warmup-time = 22.673653841018677
all-measurements = [ 22.555975914001465, 22.47021746635437, 22.974054098129272,]
