best-result = 47.10945653915405
warmup-time = 62.63502883911133
all-measurements = [ 48.02722406387329, 48.04592299461365, 47.10945653915405,]
