best-result = 46.59043073654175
warmup-time = 59.81871461868286
all-measurements = [ 46.91392230987549, 46.651469707489014, 46.59043073654175,]
