best-result = 947.540275812149
warmup-time = 1156.2942702770233
all-measurements = [ 955.8647117614746, 947.540275812149, 955.231627702713,]
