best-result = 84.88303184509277
warmup-time = 99.22687005996704
all-measurements = [ 84.88303184509277, 85.6165189743042, 85.05930423736572,]
