best-result = 81.29463148117065
warmup-time = 102.61164808273315
all-measurements = [ 81.29463148117065, 81.44984745979309, 81.5372154712677,]
