best-result = 70.33821034431458
warmup-time = 93.21031141281128
all-measurements = [ 71.17443895339966, 70.33821034431458, 71.03497838973999,]
