best-result = 90.19821643829346
warmup-time = 105.25412702560425
all-measurements = [ 90.19821643829346, 90.98272776603699, 91.95289421081543,]
