best-result = 615.4161012172699
warmup-time = 627.3840985298157
all-measurements = [ 616.4816482067108, 615.4161012172699, 616.2125909328461,]
