best-result = 63.71089744567871
warmup-time = 78.96783709526062
all-measurements = [ 63.71089744567871, 64.00709462165833, 63.992737770080566,]
