best-result = 219.61974549293518
warmup-time = 371.88635182380676
all-measurements = [ 222.05782866477966, 221.4469349384308, 219.61974549293518,]
