best-result = 440.7000505924225
warmup-time = 886.7515208721161
all-measurements = [ 445.8613896369934, 441.0392107963562, 440.7000505924225,]
