best-result = 61.70747900009155
warmup-time = 79.15855884552002
all-measurements = [ 61.70747900009155, 61.84386587142944, 62.12392997741699,]
