best-result = 854.7747192382812
warmup-time = 893.5009906291962
all-measurements = [ 854.7747192382812, 862.7399315834045, 855.4645669460297,]
