best-result = 27.40178656578064
warmup-time = 37.289920806884766
all-measurements = [ 27.573180675506592, 27.46660351753235, 27.40178656578064,]
