best-result = 57.14666748046875
warmup-time = 71.80117392539978
all-measurements = [ 58.800225019454956, 58.13048839569092, 57.14666748046875,]
