best-result = 58.61083459854126
warmup-time = 71.57592821121216
all-measurements = [ 58.66110444068909, 58.68511748313904, 58.61083459854126,]
