best-result = 109.32209539413452
warmup-time = 137.54682660102844
all-measurements = [ 109.925053358078, 109.56713008880615, 109.32209539413452,]
