best-result = 777.1403403282166
warmup-time = 841.1052951812744
all-measurements = [ 778.7978391647339, 780.3051736354828, 777.1403403282166,]
