best-result = 34.1470468044281
warmup-time = 41.50251793861389
all-measurements = [ 34.1470468044281, 34.4439697265625, 34.156145334243774,]
