best-result = 53.63850378990173
warmup-time = 69.29529404640198
all-measurements = [ 53.921103954315186, 53.63850378990173, 54.30211162567139,]
