best-result = 1451.4727680683136
warmup-time = 2398.9597589969635
all-measurements = [ 1722.6405289173126, 1451.4727680683136, 1680.1702239513397,]
