best-result = 49.26262831687927
warmup-time = 71.18054747581482
all-measurements = [ 49.26262831687927, 50.13898324966431, 49.674468755722046,]
