best-result = 80.72213816642761
warmup-time = 101.86510682106018
all-measurements = [ 81.13345742225647, 81.55465960502625, 80.72213816642761,]
