best-result = 36.150893449783325
warmup-time = 46.168174505233765
all-measurements = [ 36.35367703437805, 36.150893449783325, 36.800193548202515,]
