best-result = 342.74387979507446
warmup-time = 483.70022892951965
all-measurements = [ 344.9832615852356, 342.74387979507446, 346.7159159183502,]
