best-result = 103.67831134796143
warmup-time = 103.93967580795288
all-measurements = [ 104.03576469421387, 103.67831134796143, 104.14133214950562,]
