best-result = 25.64393377304077
warmup-time = 26.19594120979309
all-measurements = [ 25.854300260543823, 25.64393377304077, 26.353999614715576,]
