best-result = 36.77606225013733
warmup-time = 35.93739867210388
all-measurements = [ 36.77606225013733, 37.760276079177856, 37.940770864486694,]
