best-result = 30.972278356552124
warmup-time = 31.477014541625977
all-measurements = [ 31.43723154067993, 31.365893125534058, 30.972278356552124,]
