best-result = 254.9734890460968
warmup-time = 259.8381311893463
all-measurements = [ 254.9734890460968, 256.8395059108734, 259.94388008117676,]
