best-result = 35.882750511169434
warmup-time = 36.421815156936646
all-measurements = [ 35.918811559677124, 36.30440807342529, 35.882750511169434,]
