best-result = 112.80894804000854
warmup-time = 114.74667644500732
all-measurements = [ 113.03135275840759, 112.80894804000854, 116.4683632850647,]
