best-result = 34.078043937683105
warmup-time = 35.2546751499176
all-measurements = [ 34.31616830825806, 35.02916884422302, 34.078043937683105,]
