best-result = 40.403852224349976
warmup-time = 41.935182094573975
all-measurements = [ 41.95913481712341, 42.3366436958313, 40.403852224349976,]
