best-result = 47.763490200042725
warmup-time = 49.30928373336792
all-measurements = [ 50.32512283325195, 48.200854539871216, 47.763490200042725,]
