best-result = 32.84447765350342
warmup-time = 33.40277624130249
all-measurements = [ 33.44262886047363, 32.84447765350342, 33.39611768722534,]
