best-result = 36.320772886276245
warmup-time = 37.263357400894165
all-measurements = [ 37.113792419433594, 37.30689573287964, 36.320772886276245,]
