best-result = 60.369364738464355
warmup-time = 60.24676728248596
all-measurements = [ 60.369364738464355, 60.95785641670227, 60.52786660194397,]
