best-result = 222.6654281616211
warmup-time = 225.43941044807434
all-measurements = [ 225.02468061447144, 222.6654281616211, 223.49380469322205,]
