best-result = 513.3733477592468
warmup-time = 520.3516201972961
all-measurements = [ 515.7095966339111, 513.3733477592468, 517.6342852115631,]
