best-result = 35.39945578575134
warmup-time = 37.708502769470215
all-measurements = [ 36.04163837432861, 36.87623429298401, 35.39945578575134,]
