best-result = 28.618778228759766
warmup-time = 29.133335828781128
all-measurements = [ 28.862465381622314, 28.618778228759766, 28.71684241294861,]
