best-result = 73.71365475654602
warmup-time = 67.64582204818726
all-measurements = [ 73.71365475654602, 76.76955318450928, 73.76554775238037,]
