best-result = 61.14136242866516
warmup-time = 61.74169683456421
all-measurements = [ 62.86961388587952, 61.14136242866516, 61.371649742126465,]
