best-result = 27.71209216117859
warmup-time = 29.286681175231934
all-measurements = [ 27.71209216117859, 28.16154980659485, 28.619344472885132,]
