best-result = 34.71850109100342
warmup-time = 35.404454946517944
all-measurements = [ 34.71850109100342, 35.175638914108276, 35.54354238510132,]
