best-result = 33.34003138542175
warmup-time = 34.09746026992798
all-measurements = [ 33.36025786399841, 33.42595338821411, 33.34003138542175,]
