best-result = 41.947270154953
warmup-time = 44.73848223686218
all-measurements = [ 43.47312617301941, 42.94260501861572, 41.947270154953,]
