best-result = 95.24282717704773
warmup-time = 97.74905514717102
all-measurements = [ 95.52168655395508, 95.24282717704773, 97.06967306137085,]
