best-result = 27.191726684570312
warmup-time = 27.79935312271118
all-measurements = [ 27.766253232955933, 29.383949756622314, 27.191726684570312,]
