best-result = 34.19256401062012
warmup-time = 34.195979833602905
all-measurements = [ 34.74963569641113, 34.19256401062012, 34.30874443054199,]
