best-result = 95.89362907409668
warmup-time = 87.38842439651489
all-measurements = [ 97.49203085899353, 98.06476902961731, 95.89362907409668,]
