best-result = 38.38720512390137
warmup-time = 38.6882905960083
all-measurements = [ 38.38720512390137, 38.41444969177246, 38.85696458816528,]
