best-result = 43.85389447212219
warmup-time = 44.238832235336304
all-measurements = [ 45.12054228782654, 43.85389447212219, 45.19885516166687,]
