best-result = 49.287925481796265
warmup-time = 50.48239779472351
all-measurements = [ 50.165547609329224, 49.287925481796265, 50.87874937057495,]
