best-result = 27.4796142578125
warmup-time = 29.01379704475403
all-measurements = [ 28.416768789291382, 27.4796142578125, 28.56518840789795,]
