best-result = 630.3013291358948
warmup-time = 678.824631690979
all-measurements = [ 633.331244468689, 631.6443753242493, 630.3013291358948,]
