best-result = 169.8281638622284
warmup-time = 173.17536973953247
all-measurements = [ 171.26360487937927, 169.8281638622284, 172.40429973602295,]
