best-result = 58.355751037597656
warmup-time = 56.16267466545105
all-measurements = [ 60.26158809661865, 67.10837173461914, 58.355751037597656,]
