best-result = 23.414172410964966
warmup-time = 23.66015386581421
all-measurements = [ 23.616405487060547, 23.698286056518555, 23.414172410964966,]
