best-result = 46.914053440093994
warmup-time = 60.71258997917175
all-measurements = [ 47.14509439468384, 46.914053440093994, 47.05516076087952,]
