best-result = 46.69816756248474
warmup-time = 58.72432088851929
all-measurements = [ 46.69816756248474, 47.62674355506897, 47.38320207595825,]
