best-result = 892.4211490154266
warmup-time = 1113.5120358467102
all-measurements = [ 895.0560886859894, 892.4211490154266, 904.2035818099976,]
