best-result = 86.600017786026
warmup-time = 99.3287718296051
all-measurements = [ 87.40800762176514, 87.00704002380371, 86.600017786026,]
