best-result = 989.4396686553955
warmup-time = 1024.9383845329285
all-measurements = [ 989.7125515937805, 996.9657754898071, 989.4396686553955,]
