best-result = 85.21876072883606
warmup-time = 104.56880521774292
all-measurements = [ 85.34459590911865, 85.21876072883606, 85.59643769264221,]
