best-result = 68.7057900428772
warmup-time = 87.8427062034607
all-measurements = [ 68.77897644042969, 68.85477304458618, 68.7057900428772,]
