best-result = 91.6006760597229
warmup-time = 105.05560302734375
all-measurements = [ 91.6006760597229, 92.42347121238708, 92.70494747161865,]
