best-result = 650.8677883148193
warmup-time = 664.786544084549
all-measurements = [ 650.8677883148193, 654.674437046051, 656.6095464229584,]
