best-result = 62.53188228607178
warmup-time = 77.18406629562378
all-measurements = [ 63.34023118019104, 62.53188228607178, 62.96052837371826,]
