best-result = 204.36982107162476
warmup-time = 359.4010343551636
all-measurements = [ 205.99715876579285, 204.36982107162476, 206.4539270401001,]
