best-result = 388.2518689632416
warmup-time = 827.1746718883514
all-measurements = [ 390.1411590576172, 388.2518689632416, 388.8565628528595,]
