best-result = 63.13074851036072
warmup-time = 78.45002722740173
all-measurements = [ 63.561256647109985, 63.13074851036072, 64.12907218933105,]
