best-result = 41.08120822906494
warmup-time = 57.75518035888672
all-measurements = [ 46.47917723655701, 42.595959186553955, 41.08120822906494,]
