best-result = 135.5720558166504
warmup-time = 159.21031856536865
all-measurements = [ 136.37083792686462, 135.828063249588, 135.5720558166504,]
