best-result = 932.9826896190643
warmup-time = 957.984902381897
all-measurements = [ 934.6959908008575, 940.8477985858917, 932.9826896190643,]
