best-result = 27.984981060028076
warmup-time = 36.8002450466156
all-measurements = [ 28.072702884674072, 28.878560543060303, 27.984981060028076,]
