best-result = 57.546130657196045
warmup-time = 67.72762989997864
all-measurements = [ 57.546130657196045, 58.711451053619385, 57.787505865097046,]
