best-result = 60.28485608100891
warmup-time = 74.70014786720276
all-measurements = [ 60.754157304763794, 60.28485608100891, 60.43875765800476,]
