best-result = 109.43859481811523
warmup-time = 135.92654609680176
all-measurements = [ 110.13455510139465, 111.25310683250427, 109.43859481811523,]
