best-result = 774.4904487133026
warmup-time = 842.0661156177521
all-measurements = [ 777.4975926876068, 775.3321278095245, 774.4904487133026,]
