best-result = 34.00865149497986
warmup-time = 42.87370467185974
all-measurements = [ 34.00865149497986, 34.213247299194336, 34.385746479034424,]
