best-result = 56.24157214164734
warmup-time = 71.38305974006653
all-measurements = [ 56.58855175971985, 56.24157214164734, 56.97266912460327,]
