best-result = 1399.4354910850525
warmup-time = 1802.4432859420776
all-measurements = [ 2258.816463947296, 1496.1054689884186, 1399.4354910850525,]
