best-result = 49.003865003585815
warmup-time = 69.3211350440979
all-measurements = [ 49.41217231750488, 49.003865003585815, 49.322489500045776,]
