best-result = 83.04035997390747
warmup-time = 102.52812123298645
all-measurements = [ 83.04035997390747, 83.72584390640259, 84.2176513671875,]
