best-result = 38.14067888259888
warmup-time = 47.243080139160156
all-measurements = [ 38.14067888259888, 38.52007555961609, 39.20505166053772,]
