best-result = 332.3979277610779
warmup-time = 480.695148229599
all-measurements = [ 342.3259401321411, 332.9487130641937, 332.3979277610779,]
