best-result = 59.63668727874756
warmup-time = 60.252830266952515
all-measurements = [ 60.11190891265869, 59.63668727874756, 59.72009778022766,]
