best-result = 25.5670964717865
warmup-time = 25.921061038970947
all-measurements = [ 25.5670964717865, 25.981088876724243, 25.795397996902466,]
