best-result = 35.57969927787781
warmup-time = 37.760088205337524
all-measurements = [ 38.15720748901367, 36.477540731430054, 35.57969927787781,]
