best-result = 29.91572093963623
warmup-time = 32.037304639816284
all-measurements = [ 31.051109790802002, 29.91572093963623, 31.525742292404175,]
