best-result = 262.9572751522064
warmup-time = 267.6606242656708
all-measurements = [ 262.9572751522064, 266.35905408859253, 268.092577457428,]
