best-result = 36.48580741882324
warmup-time = 35.658252000808716
all-measurements = [ 36.48580741882324, 36.61605262756348, 37.63235259056091,]
