best-result = 40.01788783073425
warmup-time = 41.72299861907959
all-measurements = [ 40.01788783073425, 41.27374720573425, 40.670692682266235,]
