best-result = 48.01468896865845
warmup-time = 49.598400831222534
all-measurements = [ 48.01468896865845, 50.286898612976074, 50.49251317977905,]
