best-result = 33.05465483665466
warmup-time = 33.05944275856018
all-measurements = [ 34.104660987854004, 33.05465483665466, 34.52150821685791,]
