best-result = 36.86730980873108
warmup-time = 36.4912269115448
all-measurements = [ 36.86730980873108, 37.19702458381653, 37.64145827293396,]
