best-result = 63.231518030166626
warmup-time = 64.63089370727539
all-measurements = [ 67.1680223941803, 63.231518030166626, 66.12607288360596,]
