best-result = 224.9356770515442
warmup-time = 227.33472418785095
all-measurements = [ 227.25739192962646, 224.9356770515442, 226.95936799049377,]
