best-result = 519.5399031639099
warmup-time = 525.7560749053955
all-measurements = [ 519.5399031639099, 520.0919489860535, 521.947803735733,]
