best-result = 35.50656270980835
warmup-time = 37.30715751647949
all-measurements = [ 35.82784652709961, 35.50656270980835, 37.44536590576172,]
