best-result = 74.02259588241577
warmup-time = 79.7864875793457
all-measurements = [ 74.02259588241577, 82.75281286239624, 74.10237717628479,]
