best-result = 61.235854625701904
warmup-time = 62.80286240577698
all-measurements = [ 62.944775104522705, 63.02490520477295, 61.235854625701904,]
