best-result = 27.233819246292114
warmup-time = 28.79402470588684
all-measurements = [ 28.370315551757812, 28.350559949874878, 27.233819246292114,]
