best-result = 35.18042778968811
warmup-time = 32.69471192359924
all-measurements = [ 35.8845899105072, 35.18042778968811, 35.369322061538696,]
