best-result = 33.40390992164612
warmup-time = 33.82132911682129
all-measurements = [ 33.740583419799805, 33.40390992164612, 33.4695999622345,]
