best-result = 42.755242586135864
warmup-time = 42.186124086380005
all-measurements = [ 42.755242586135864, 42.818453788757324, 43.331539154052734,]
