best-result = 94.04966998100281
warmup-time = 97.11598086357117
all-measurements = [ 99.10414719581604, 95.58363699913025, 94.04966998100281,]
