best-result = 27.636223316192627
warmup-time = 29.242352724075317
all-measurements = [ 27.636223316192627, 29.137004852294922, 28.952367305755615,]
