best-result = 34.293588638305664
warmup-time = 35.182719230651855
all-measurements = [ 34.293588638305664, 34.71294641494751, 34.78615951538086,]
