best-result = 89.49941921234131
warmup-time = 93.96300601959229
all-measurements = [ 91.35391736030579, 89.83981204032898, 89.49941921234131,]
