best-result = 39.10007429122925
warmup-time = 39.982032775878906
all-measurements = [ 40.959301710128784, 39.10007429122925, 39.60124969482422,]
