best-result = 43.780102252960205
warmup-time = 43.470842123031616
all-measurements = [ 46.35549187660217, 44.207491636276245, 43.780102252960205,]
