best-result = 27.239893674850464
warmup-time = 27.389394760131836
all-measurements = [ 29.09353280067444, 27.239893674850464, 27.758273124694824,]
