best-result = 693.8035669326782
warmup-time = 730.6259844303131
all-measurements = [ 693.8035669326782, 697.8184185028076, 706.3312764167786,]
