best-result = 172.6054241657257
warmup-time = 172.56135869026184
all-measurements = [ 172.6054241657257, 174.35432720184326, 173.62731528282166,]
