best-result = 61.26778030395508
warmup-time = 71.60493683815002
all-measurements = [ 61.26778030395508, 70.41477465629578, 72.63147926330566,]
