best-result = 25.793689012527466
warmup-time = 26.567466020584106
all-measurements = [ 25.793689012527466, 26.774235010147095, 26.069013118743896,]
