best-result = 34.542792081832886
warmup-time = 36.951592683792114
all-measurements = [ 34.542792081832886, 37.59651303291321, 36.097875356674194,]
