best-result = 29.784902095794678
warmup-time = 31.27115273475647
all-measurements = [ 30.773515939712524, 31.521785259246826, 29.784902095794678,]
