best-result = 256.87584924697876
warmup-time = 262.1459584236145
all-measurements = [ 256.9139099121094, 258.283234834671, 256.87584924697876,]
