best-result = 35.55169868469238
warmup-time = 37.665653705596924
all-measurements = [ 35.55169868469238, 36.45176029205322, 35.93945932388306,]
