best-result = 112.19791460037231
warmup-time = 112.928786277771
all-measurements = [ 117.88554215431213, 112.19791460037231, 112.36949801445007,]
