best-result = 40.06488370895386
warmup-time = 40.96561098098755
all-measurements = [ 41.78198862075806, 40.484156370162964, 40.06488370895386,]
