best-result = 47.55716133117676
warmup-time = 49.21580266952515
all-measurements = [ 49.509384870529175, 47.55716133117676, 48.32574272155762,]
