best-result = 33.29274868965149
warmup-time = 33.6155207157135
all-measurements = [ 33.29274868965149, 34.24778199195862, 33.656089305877686,]
