best-result = 36.98492980003357
warmup-time = 37.805091381073
all-measurements = [ 37.747400760650635, 36.98492980003357, 37.73105025291443,]
