best-result = 60.58355522155762
warmup-time = 62.97735810279846
all-measurements = [ 60.73407959938049, 60.58355522155762, 62.64410948753357,]
