best-result = 221.04838752746582
warmup-time = 223.63429284095764
all-measurements = [ 221.04838752746582, 222.50814127922058, 222.88170647621155,]
