best-result = 513.2308895587921
warmup-time = 515.2598485946655
all-measurements = [ 516.8795773983002, 513.2308895587921, 515.0701735019684,]
