best-result = 34.92857336997986
warmup-time = 35.80850100517273
all-measurements = [ 34.92857336997986, 36.10648775100708, 36.332568645477295,]
