best-result = 28.51478934288025
warmup-time = 29.519469261169434
all-measurements = [ 28.51478934288025, 29.324966192245483, 28.958122968673706,]
