best-result = 67.20389580726624
warmup-time = 80.03094434738159
all-measurements = [ 67.20389580726624, 79.41410374641418, 76.8414695262909,]
