best-result = 61.19575524330139
warmup-time = 61.467519998550415
all-measurements = [ 62.688454389572144, 61.86815357208252, 61.19575524330139,]
