best-result = 27.868346452713013
warmup-time = 28.451143980026245
all-measurements = [ 28.026338815689087, 27.868346452713013, 28.670701503753662,]
