best-result = 32.06081199645996
warmup-time = 35.26834225654602
all-measurements = [ 32.06081199645996, 32.29365396499634, 35.61591029167175,]
