best-result = 32.71000814437866
warmup-time = 34.1943039894104
all-measurements = [ 32.71000814437866, 33.94527769088745, 33.72033500671387,]
