best-result = 42.36666679382324
warmup-time = 43.85302495956421
all-measurements = [ 42.6742901802063, 42.85423922538757, 42.36666679382324,]
