best-result = 94.64869785308838
warmup-time = 97.13526749610901
all-measurements = [ 94.64869785308838, 98.06618857383728, 94.91517305374146,]
