best-result = 27.488033056259155
warmup-time = 29.128872632980347
all-measurements = [ 27.488033056259155, 28.966240644454956, 29.182923555374146,]
