best-result = 33.67718720436096
warmup-time = 34.89039611816406
all-measurements = [ 34.203284740448, 33.67718720436096, 35.17145824432373,]
