best-result = 88.69320011138916
warmup-time = 88.67617201805115
all-measurements = [ 88.69320011138916, 94.75848650932312, 92.00245785713196,]
