best-result = 38.85773587226868
warmup-time = 38.9535346031189
all-measurements = [ 39.41799235343933, 38.85773587226868, 39.322080850601196,]
