best-result = 44.31402659416199
warmup-time = 43.49533677101135
all-measurements = [ 44.64222431182861, 44.31402659416199, 46.44694948196411,]
