best-result = 28.339455366134644
warmup-time = 27.5098774433136
all-measurements = [ 29.20825481414795, 28.339455366134644, 29.433934926986694,]
