best-result = 633.6492583751678
warmup-time = 680.4275898933411
all-measurements = [ 638.7949032783508, 633.6492583751678, 638.8746116161346,]
