best-result = 171.37938570976257
warmup-time = 172.77413964271545
all-measurements = [ 171.37938570976257, 172.368084192276, 173.05369091033936,]
