best-result = 59.90015125274658
warmup-time = 68.66416716575623
all-measurements = [ 66.40837955474854, 62.13807034492493, 59.90015125274658,]
