best-result = 22.852155685424805
warmup-time = 23.82564401626587
all-measurements = [ 22.852155685424805, 23.014979600906372, 23.177853107452393,]
