best-result = 46.758241415023804
warmup-time = 61.091552734375
all-measurements = [ 47.04415202140808, 47.14114308357239, 46.758241415023804,]
