best-result = 46.24165868759155
warmup-time = 57.60177040100098
all-measurements = [ 46.24165868759155, 46.5767765045166, 46.40840983390808,]
