best-result = 894.3682718276978
warmup-time = 1110.901959180832
all-measurements = [ 895.9948902130127, 901.4574072360992, 894.3682718276978,]
