best-result = 85.44226789474487
warmup-time = 97.17500162124634
all-measurements = [ 85.44226789474487, 85.92702746391296, 85.83973979949951,]
