best-result = 983.9947967529297
warmup-time = 1013.6631262302399
all-measurements = [ 983.9947967529297, 989.2705385684967, 984.823014497757,]
