best-result = 82.7258472442627
warmup-time = 101.27345252037048
all-measurements = [ 83.45678400993347, 83.64311504364014, 82.7258472442627,]
