best-result = 67.9730134010315
warmup-time = 87.21103382110596
all-measurements = [ 68.00921607017517, 68.05028414726257, 67.9730134010315,]
