best-result = 91.9132137298584
warmup-time = 105.24322891235352
all-measurements = [ 92.01594614982605, 91.9132137298584, 93.16871094703674,]
