best-result = 649.612996339798
warmup-time = 662.8355696201324
all-measurements = [ 649.612996339798, 649.9493842124939, 649.8068954944611,]
