best-result = 61.788700580596924
warmup-time = 76.35201334953308
all-measurements = [ 61.788700580596924, 62.185166120529175, 61.932600259780884,]
