best-result = 202.16839718818665
warmup-time = 362.15172576904297
all-measurements = [ 208.15773510932922, 206.50648546218872, 202.16839718818665,]
