best-result = 424.19604539871216
warmup-time = 866.8007185459137
all-measurements = [ 428.54342007637024, 426.91522192955017, 424.19604539871216,]
