best-result = 62.601202964782715
warmup-time = 80.1505217552185
all-measurements = [ 62.601202964782715, 69.20205426216125, 71.79230737686157,]
