best-result = 40.33072566986084
warmup-time = 55.67461061477661
all-measurements = [ 40.765602588653564, 40.33072566986084, 40.41254281997681,]
