best-result = 135.8506453037262
warmup-time = 156.79262399673462
all-measurements = [ 135.93113374710083, 135.8506453037262, 135.92881083488464,]
