best-result = 914.4690237045288
warmup-time = 943.380273103714
all-measurements = [ 917.7975032329559, 914.4690237045288, 920.1067535877228,]
