best-result = 27.979729890823364
warmup-time = 35.95532464981079
all-measurements = [ 27.979729890823364, 27.997864961624146, 28.039700508117676,]
