best-result = 57.621068477630615
warmup-time = 68.10137939453125
all-measurements = [ 57.621068477630615, 58.075700998306274, 57.69173288345337,]
