best-result = 59.455817222595215
warmup-time = 72.18908619880676
all-measurements = [ 59.674134492874146, 59.845486640930176, 59.455817222595215,]
