best-result = 109.70309400558472
warmup-time = 136.92108368873596
all-measurements = [ 110.4709894657135, 109.70309400558472, 110.21039843559265,]
