best-result = 779.6290547847748
warmup-time = 844.046178817749
all-measurements = [ 804.3506305217743, 779.6290547847748, 784.8194806575775,]
