best-result = 34.01151466369629
warmup-time = 41.74164891242981
all-measurements = [ 34.391846895217896, 34.60613036155701, 34.01151466369629,]
