best-result = 55.25125765800476
warmup-time = 70.47972321510315
all-measurements = [ 55.25125765800476, 56.230093479156494, 55.9386727809906,]
