best-result = 1456.4615604877472
warmup-time = 1928.676638841629
all-measurements = [ 1795.1045639514923, 1456.4615604877472, 1853.217141866684,]
