best-result = 48.0775671005249
warmup-time = 68.10999536514282
all-measurements = [ 48.0775671005249, 48.44622349739075, 48.213526010513306,]
