best-result = 80.4560809135437
warmup-time = 98.95678305625916
all-measurements = [ 80.68352270126343, 81.02937841415405, 80.4560809135437,]
