best-result = 36.92370414733887
warmup-time = 46.78289771080017
all-measurements = [ 37.7426176071167, 37.24304747581482, 36.92370414733887,]
