best-result = 333.78460717201233
warmup-time = 476.54669165611267
all-measurements = [ 333.78460717201233, 337.472562789917, 335.473548412323,]
