best-result = 59.125630378723145
warmup-time = 59.20929455757141
all-measurements = [ 59.137436389923096, 59.769866704940796, 59.125630378723145,]
