best-result = 25.799882173538208
warmup-time = 26.400461673736572
all-measurements = [ 26.058833360671997, 25.948667287826538, 25.799882173538208,]
