best-result = 36.43330693244934
warmup-time = 36.971667528152466
all-measurements = [ 37.37498092651367, 36.43330693244934, 37.86837816238403,]
