best-result = 30.71637535095215
warmup-time = 30.84894108772278
all-measurements = [ 31.736625909805298, 30.71637535095215, 31.817708492279053,]
