best-result = 263.0770196914673
warmup-time = 269.4614214897156
all-measurements = [ 263.0770196914673, 268.5592432022095, 266.1832809448242,]
