best-result = 36.806758880615234
warmup-time = 36.628329277038574
all-measurements = [ 37.318121910095215, 36.806758880615234, 37.26438641548157,]
