best-result = 111.48681354522705
warmup-time = 113.5114758014679
all-measurements = [ 111.76749873161316, 111.48681354522705, 111.97141003608704,]
