best-result = 40.3381290435791
warmup-time = 41.377586126327515
all-measurements = [ 40.3381290435791, 40.677579164505005, 42.12615442276001,]
