best-result = 48.7989866733551
warmup-time = 47.747623682022095
all-measurements = [ 48.7989866733551, 49.00737905502319, 49.03404688835144,]
