best-result = 33.81858468055725
warmup-time = 33.771923542022705
all-measurements = [ 33.81858468055725, 34.439448833465576, 33.886698961257935,]
