best-result = 37.269142150878906
warmup-time = 38.55896306037903
all-measurements = [ 37.269142150878906, 37.37479567527771, 38.03256130218506,]
