best-result = 56.8004994392395
warmup-time = 62.47254920005798
all-measurements = [ 62.471023082733154, 62.68616437911987, 56.8004994392395,]
