best-result = 227.62274932861328
warmup-time = 231.39684009552002
all-measurements = [ 227.62274932861328, 229.65680861473083, 228.95520091056824,]
