best-result = 523.331479549408
warmup-time = 529.0718815326691
all-measurements = [ 523.331479549408, 525.004576921463, 523.8394048213959,]
