best-result = 36.53385853767395
warmup-time = 37.73179483413696
all-measurements = [ 38.871726512908936, 36.53385853767395, 37.907750844955444,]
