best-result = 28.962096452713013
warmup-time = 28.43185830116272
all-measurements = [ 28.962096452713013, 28.97364854812622, 29.344469785690308,]
