best-result = 78.53681111335754
warmup-time = 80.47137784957886
all-measurements = [ 83.64194941520691, 78.53681111335754, 80.61430668830872,]
