best-result = 62.04887366294861
warmup-time = 61.99957609176636
all-measurements = [ 64.58801198005676, 62.04887366294861, 64.33855628967285,]
