best-result = 27.32905888557434
warmup-time = 28.066225051879883
all-measurements = [ 28.08887791633606, 27.32905888557434, 28.25660514831543,]
