best-result = 32.42382025718689
warmup-time = 32.77150535583496
all-measurements = [ 32.42382025718689, 35.24641180038452, 35.50666403770447,]
