best-result = 33.571765422821045
warmup-time = 34.65357208251953
all-measurements = [ 33.571765422821045, 33.731717348098755, 34.69575762748718,]
