best-result = 42.09250211715698
warmup-time = 42.71926760673523
all-measurements = [ 42.09250211715698, 42.581865310668945, 42.89546251296997,]
