best-result = 95.51826548576355
warmup-time = 96.09764909744263
all-measurements = [ 98.12138152122498, 95.51826548576355, 96.17092895507812,]
