best-result = 27.344720125198364
warmup-time = 29.59289836883545
all-measurements = [ 27.91720986366272, 27.344720125198364, 28.07103157043457,]
