best-result = 33.689600467681885
warmup-time = 35.28772449493408
all-measurements = [ 34.251314878463745, 35.004852294921875, 33.689600467681885,]
