best-result = 87.39044976234436
warmup-time = 89.54237389564514
all-measurements = [ 90.94076991081238, 91.50793242454529, 87.39044976234436,]
