best-result = 37.879875898361206
warmup-time = 38.598509073257446
all-measurements = [ 37.879875898361206, 38.573062896728516, 39.299397230148315,]
