best-result = 42.72209668159485
warmup-time = 45.098063468933105
all-measurements = [ 45.06058359146118, 45.29004406929016, 42.72209668159485,]
