best-result = 28.48664379119873
warmup-time = 28.768864154815674
all-measurements = [ 28.553223371505737, 28.97066307067871, 28.48664379119873,]
