best-result = 694.9188261032104
warmup-time = 730.4457764625549
all-measurements = [ 697.9733455181122, 702.7695684432983, 694.9188261032104,]
