best-result = 174.27784633636475
warmup-time = 181.15393352508545
all-measurements = [ 175.0643229484558, 174.27784633636475, 176.1593155860901,]
