best-result = 63.14645051956177
warmup-time = 59.9691264629364
all-measurements = [ 70.1529176235199, 71.28531432151794, 63.14645051956177,]
