best-result = 25.834726572036743
warmup-time = 26.14067268371582
all-measurements = [ 26.107927322387695, 25.834726572036743, 26.34058976173401,]
