best-result = 36.22306227684021
warmup-time = 38.727660179138184
all-measurements = [ 37.9502329826355, 37.566614389419556, 36.22306227684021,]
