best-result = 31.067604780197144
warmup-time = 33.04599928855896
all-measurements = [ 31.8346164226532, 31.907221794128418, 31.067604780197144,]
