best-result = 264.1319386959076
warmup-time = 269.1908633708954
all-measurements = [ 265.9980671405792, 264.1319386959076, 266.3719344139099,]
