best-result = 36.44941306114197
warmup-time = 38.36774182319641
all-measurements = [ 37.46075630187988, 36.44941306114197, 36.795278549194336,]
