best-result = 41.90986776351929
warmup-time = 42.0976288318634
all-measurements = [ 41.95516085624695, 43.08545804023743, 41.90986776351929,]
