best-result = 49.58645510673523
warmup-time = 51.05436873435974
all-measurements = [ 50.72053647041321, 49.58645510673523, 50.432138442993164,]
