best-result = 32.661340951919556
warmup-time = 35.018568992614746
all-measurements = [ 34.45867395401001, 34.17483925819397, 32.661340951919556,]
