best-result = 37.743016481399536
warmup-time = 38.05927872657776
all-measurements = [ 37.743016481399536, 38.39239740371704, 38.31316661834717,]
