best-result = 62.35052442550659
warmup-time = 66.92675971984863
all-measurements = [ 63.05377197265625, 65.49697923660278, 62.35052442550659,]
