best-result = 227.97460508346558
warmup-time = 230.92535543441772
all-measurements = [ 227.97460508346558, 228.92236375808716, 228.8440923690796,]
