best-result = 524.5636765956879
warmup-time = 530.3020136356354
all-measurements = [ 527.3396480083466, 524.5636765956879, 526.1142745018005,]
