best-result = 36.34380030632019
warmup-time = 36.816669940948486
all-measurements = [ 36.34380030632019, 37.05170822143555, 36.55835723876953,]
