best-result = 64.06607174873352
warmup-time = 65.00478768348694
all-measurements = [ 65.95957779884338, 64.06607174873352, 64.64323496818542,]
