best-result = 27.261295318603516
warmup-time = 27.984731912612915
all-measurements = [ 27.36656165122986, 27.93679165840149, 27.261295318603516,]
