best-result = 33.489075899124146
warmup-time = 36.47104835510254
all-measurements = [ 36.41957211494446, 36.34481859207153, 33.489075899124146,]
