best-result = 31.93976140022278
warmup-time = 34.71640992164612
all-measurements = [ 36.16233420372009, 34.51470327377319, 31.93976140022278,]
