best-result = 42.993380308151245
warmup-time = 44.47440528869629
all-measurements = [ 45.587563276290894, 42.993380308151245, 44.72399115562439,]
