best-result = 97.93148231506348
warmup-time = 98.20137524604797
all-measurements = [ 97.93148231506348, 98.24987697601318, 97.97064256668091,]
