best-result = 27.2617404460907
warmup-time = 29.546695947647095
all-measurements = [ 27.2617404460907, 27.53551745414734, 27.40874743461609,]
