best-result = 33.290236949920654
warmup-time = 34.733888387680054
all-measurements = [ 34.62481689453125, 35.06434345245361, 33.290236949920654,]
