best-result = 87.88985204696655
warmup-time = 91.99842643737793
all-measurements = [ 87.88985204696655, 93.17940592765808, 89.11683988571167,]
