best-result = 39.593212842941284
warmup-time = 41.02632284164429
all-measurements = [ 39.593212842941284, 40.039690017700195, 39.70557928085327,]
