best-result = 43.899688482284546
warmup-time = 46.46156692504883
all-measurements = [ 44.76304340362549, 46.56000804901123, 43.899688482284546,]
