best-result = 27.010315895080566
warmup-time = 28.83607316017151
all-measurements = [ 28.813684225082397, 27.010315895080566, 29.12670111656189,]
