best-result = 683.0633883476257
warmup-time = 719.5476350784302
all-measurements = [ 683.0633883476257, 688.1914036273956, 686.0655810832977,]
