best-result = 175.34331846237183
warmup-time = 175.89237117767334
all-measurements = [ 178.64651465415955, 175.57055258750916, 175.34331846237183,]
