best-result = 42.8521785736084
warmup-time = 44.17670035362244
all-measurements = [ 43.53458380699158, 46.77526235580444, 42.8521785736084,]
