best-result = 25.910519123077393
warmup-time = 26.655590772628784
all-measurements = [ 25.910519123077393, 25.965542316436768, 26.10955309867859,]
