best-result = 35.01413583755493
warmup-time = 35.60785937309265
all-measurements = [ 36.26175284385681, 37.283939599990845, 35.01413583755493,]
