best-result = 30.327144384384155
warmup-time = 30.76333737373352
all-measurements = [ 30.327144384384155, 31.61304807662964, 31.2055344581604,]
