best-result = 257.15248107910156
warmup-time = 264.18679022789
all-measurements = [ 258.2889759540558, 257.15248107910156, 261.27698254585266,]
