best-result = 35.8636999130249
warmup-time = 36.82035732269287
all-measurements = [ 37.35977339744568, 35.8636999130249, 36.6959183216095,]
