best-result = 111.32555031776428
warmup-time = 114.1369960308075
all-measurements = [ 111.32555031776428, 114.37058973312378, 112.2148084640503,]
