best-result = 40.086724281311035
warmup-time = 40.107139348983765
all-measurements = [ 40.086724281311035, 41.6598846912384, 41.68716311454773,]
