best-result = 46.88446545600891
warmup-time = 49.09916853904724
all-measurements = [ 47.00031638145447, 47.436198234558105, 46.88446545600891,]
