best-result = 33.44743204116821
warmup-time = 33.077388763427734
all-measurements = [ 33.44743204116821, 34.57412576675415, 34.18304920196533,]
