best-result = 36.515459299087524
warmup-time = 36.96112823486328
all-measurements = [ 37.41403293609619, 36.515459299087524, 37.162497758865356,]
