best-result = 59.125500202178955
warmup-time = 56.94925832748413
all-measurements = [ 59.67990279197693, 59.125500202178955, 61.64275097846985,]
