best-result = 221.93780517578125
warmup-time = 226.342511177063
all-measurements = [ 223.624281167984, 221.93780517578125, 224.5216691493988,]
