best-result = 509.4430413246155
warmup-time = 517.9625656604767
all-measurements = [ 513.1662249565125, 512.1269900798798, 509.4430413246155,]
