best-result = 35.54748558998108
warmup-time = 37.71325969696045
all-measurements = [ 35.54748558998108, 37.02507495880127, 36.10253643989563,]
