best-result = 28.64060878753662
warmup-time = 29.567353010177612
all-measurements = [ 29.109246253967285, 28.64060878753662, 28.8804988861084,]
