best-result = 74.63649439811707
warmup-time = 74.54684329032898
all-measurements = [ 87.23162293434143, 75.98574805259705, 74.63649439811707,]
