best-result = 61.10391545295715
warmup-time = 62.90246844291687
all-measurements = [ 63.266401052474976, 61.282999753952026, 61.10391545295715,]
