best-result = 27.45628595352173
warmup-time = 27.174447298049927
all-measurements = [ 27.45628595352173, 28.9249324798584, 28.20120906829834,]
