best-result = 34.74019694328308
warmup-time = 35.25541305541992
all-measurements = [ 35.35149788856506, 34.74019694328308, 35.10526919364929,]
