best-result = 34.66883301734924
warmup-time = 33.78816628456116
all-measurements = [ 34.95904469490051, 34.66883301734924, 35.15089797973633,]
