best-result = 41.80212116241455
warmup-time = 42.67469668388367
all-measurements = [ 41.80212116241455, 42.24632716178894, 43.00659513473511,]
