best-result = 94.58883333206177
warmup-time = 95.63770413398743
all-measurements = [ 96.87016224861145, 94.58883333206177, 96.95331692695618,]
