best-result = 28.93676733970642
warmup-time = 29.55557918548584
all-measurements = [ 30.010112524032593, 28.93676733970642, 29.61651873588562,]
