best-result = 32.79347515106201
warmup-time = 36.16193461418152
all-measurements = [ 32.79347515106201, 33.96053600311279, 36.20035934448242,]
