best-result = 86.97796249389648
warmup-time = 99.74750852584839
all-measurements = [ 86.97796249389648, 94.40174460411072, 87.63128542900085,]
