best-result = 38.058571338653564
warmup-time = 39.093026638031006
all-measurements = [ 38.5545072555542, 38.058571338653564, 39.2932665348053,]
