best-result = 44.14461827278137
warmup-time = 43.356468200683594
all-measurements = [ 44.14461827278137, 44.759981632232666, 45.0860710144043,]
