best-result = 27.370593070983887
warmup-time = 27.620737314224243
all-measurements = [ 28.597750186920166, 28.810925245285034, 27.370593070983887,]
