best-result = 635.3155205249786
warmup-time = 673.0237908363342
all-measurements = [ 641.0399112701416, 637.0125467777252, 635.3155205249786,]
