best-result = 171.67783999443054
warmup-time = 175.02430057525635
all-measurements = [ 174.9372889995575, 176.42918920516968, 171.67783999443054,]
