best-result = 66.30813193321228
warmup-time = 57.168917417526245
all-measurements = [ 66.696848154068, 69.80253100395203, 66.30813193321228,]
