best-result = 22.56571364402771
warmup-time = 22.70151925086975
all-measurements = [ 23.004973649978638, 22.56571364402771, 22.912577867507935,]
