best-result = 46.59016704559326
warmup-time = 63.78409242630005
all-measurements = [ 46.59016704559326, 46.95648741722107, 46.92441534996033,]
