best-result = 46.77523970603943
warmup-time = 59.12171697616577
all-measurements = [ 46.77523970603943, 46.819602251052856, 46.804118156433105,]
