best-result = 927.681663274765
warmup-time = 1116.8470997810364
all-measurements = [ 959.2827689647675, 962.4115080833435, 927.681663274765,]
