best-result = 84.62055706977844
warmup-time = 99.51274561882019
all-measurements = [ 84.62055706977844, 85.56338787078857, 86.66073656082153,]
