best-result = 81.86828207969666
warmup-time = 103.08101797103882
all-measurements = [ 81.86828207969666, 82.33189058303833, 83.30217266082764,]
