best-result = 69.92117643356323
warmup-time = 92.53854751586914
all-measurements = [ 70.17672967910767, 70.70053935050964, 69.92117643356323,]
