best-result = 90.83843421936035
warmup-time = 105.10166215896606
all-measurements = [ 90.83843421936035, 91.08704781532288, 91.9512825012207,]
