best-result = 633.7211112976074
warmup-time = 645.5404319763184
all-measurements = [ 633.9350349903107, 633.7211112976074, 635.97820520401,]
