best-result = 64.72716450691223
warmup-time = 81.62219142913818
all-measurements = [ 64.72716450691223, 65.15681958198547, 64.92890667915344,]
