best-result = 222.11692786216736
warmup-time = 371.97752237319946
all-measurements = [ 223.7514295578003, 222.2888457775116, 222.11692786216736,]
