best-result = 439.43069767951965
warmup-time = 883.1596314907074
all-measurements = [ 441.83654832839966, 439.43069767951965, 440.039443731308,]
