best-result = 61.93311595916748
warmup-time = 78.89258146286011
all-measurements = [ 62.16431474685669, 62.04708933830261, 61.93311595916748,]
