best-result = 142.99670433998108
warmup-time = 177.70415496826172
all-measurements = [ 143.21548128128052, 142.99670433998108, 143.5950574874878,]
