best-result = 887.0575666427612
warmup-time = 913.1606059074402
all-measurements = [ 887.0575666427612, 889.181346654892, 894.7253541946411,]
