best-result = 27.251990795135498
warmup-time = 35.948686599731445
all-measurements = [ 27.771337747573853, 27.251990795135498, 27.34303069114685,]
