best-result = 58.36550998687744
warmup-time = 68.7213966846466
all-measurements = [ 58.42179465293884, 58.41618895530701, 58.36550998687744,]
