best-result = 59.36311602592468
warmup-time = 72.94002199172974
all-measurements = [ 59.44286823272705, 59.36311602592468, 59.42496418952942,]
