best-result = 111.19293737411499
warmup-time = 139.22120928764343
all-measurements = [ 111.19293737411499, 133.7933690547943, 114.66958808898926,]
