best-result = 791.5273036956787
warmup-time = 858.7288269996643
all-measurements = [ 792.4394493103027, 792.5718686580658, 791.5273036956787,]
