best-result = 33.869980573654175
warmup-time = 41.682454109191895
all-measurements = [ 33.972569942474365, 33.869980573654175, 34.39867377281189,]
