best-result = 54.87483310699463
warmup-time = 70.61788201332092
all-measurements = [ 55.58882689476013, 54.87483310699463, 55.42882037162781,]
