best-result = 2368.5704538822174
warmup-time = 2929.19153881073
all-measurements = [ 2397.304890394211, 2840.293623685837, 2368.5704538822174,]
