best-result = 49.43922448158264
warmup-time = 71.23439955711365
all-measurements = [ 49.97582387924194, 49.498087882995605, 49.43922448158264,]
