best-result = 78.85765337944031
warmup-time = 99.84764456748962
all-measurements = [ 78.85765337944031, 79.65661597251892, 79.32659316062927,]
