best-result = 36.60393476486206
warmup-time = 46.356902837753296
all-measurements = [ 36.86769390106201, 36.60393476486206, 37.09582471847534,]
