best-result = 355.87477850914
warmup-time = 505.4735882282257
all-measurements = [ 355.87477850914, 358.48472452163696, 357.32737946510315,]
