best-result = 58.805492877960205
warmup-time = 60.397849321365356
all-measurements = [ 59.4016900062561, 58.805492877960205, 59.07540678977966,]
