best-result = 23.4593186378479
warmup-time = 23.746084451675415
all-measurements = [ 23.74948263168335, 23.5511531829834, 23.4593186378479,]
