best-result = 46.96969771385193
warmup-time = 61.2147490978241
all-measurements = [ 47.144731521606445, 46.96969771385193, 47.444777727127075,]
