best-result = 46.83679485321045
warmup-time = 58.27408790588379
all-measurements = [ 46.94802451133728, 46.83679485321045, 47.2918975353241,]
