best-result = 891.1655268669128
warmup-time = 1096.2734751701355
all-measurements = [ 893.2973623275757, 893.863520860672, 891.1655268669128,]
