best-result = 85.65393447875977
warmup-time = 101.73054194450378
all-measurements = [ 86.61003875732422, 86.21641802787781, 85.65393447875977,]
