best-result = 987.6753721237183
warmup-time = 1017.3189039230347
all-measurements = [ 992.5475373268127, 989.8112416267395, 987.6753721237183,]
