best-result = 84.27511858940125
warmup-time = 104.99659180641174
all-measurements = [ 84.27511858940125, 84.92516899108887, 84.5310161113739,]
