best-result = 68.19787430763245
warmup-time = 87.26291608810425
all-measurements = [ 68.19787430763245, 68.48307514190674, 68.68850326538086,]
