best-result = 91.97180366516113
warmup-time = 106.71225237846375
all-measurements = [ 92.92559671401978, 92.16405272483826, 91.97180366516113,]
