best-result = 645.094625711441
warmup-time = 660.6877863407135
all-measurements = [ 645.094625711441, 648.6201190948486, 652.9047057628632,]
