best-result = 62.849961042404175
warmup-time = 78.26377201080322
all-measurements = [ 62.849961042404175, 63.31015086174011, 63.01007604598999,]
