best-result = 203.55830883979797
warmup-time = 355.3827660083771
all-measurements = [ 205.8733775615692, 203.55830883979797, 208.8103687763214,]
