best-result = 380.608521938324
warmup-time = 822.91770195961
all-measurements = [ 380.608521938324, 388.9233727455139, 384.8572323322296,]
