best-result = 63.035229444503784
warmup-time = 81.4597544670105
all-measurements = [ 63.36353540420532, 63.035229444503784, 63.85745406150818,]
