best-result = 40.62586522102356
warmup-time = 49.558494567871094
all-measurements = [ 40.63605046272278, 40.875256061553955, 40.62586522102356,]
