best-result = 135.093811750412
warmup-time = 185.9731788635254
all-measurements = [ 136.19252014160156, 135.093811750412, 135.27532172203064,]
