best-result = 924.5263919830322
warmup-time = 960.3571977615356
all-measurements = [ 924.5263919830322, 930.4593639373779, 927.6895697116852,]
