best-result = 28.223260641098022
warmup-time = 36.47277593612671
all-measurements = [ 28.497400283813477, 28.223260641098022, 28.612065315246582,]
