best-result = 57.66828370094299
warmup-time = 70.79698991775513
all-measurements = [ 57.780285120010376, 57.66828370094299, 57.783639907836914,]
