best-result = 60.699729681015015
warmup-time = 74.39259624481201
all-measurements = [ 60.699729681015015, 60.97204375267029, 60.735663175582886,]
