best-result = 109.95545268058777
warmup-time = 138.87786412239075
all-measurements = [ 109.95545268058777, 110.29653978347778, 110.9051947593689,]
