best-result = 773.3025224208832
warmup-time = 841.7124791145325
all-measurements = [ 773.3025224208832, 778.5080237388611, 776.7407026290894,]
