best-result = 34.415568113327026
warmup-time = 40.80368971824646
all-measurements = [ 34.6848042011261, 34.415568113327026, 34.73862910270691,]
