best-result = 56.02675533294678
warmup-time = 69.67465853691101
all-measurements = [ 56.25328969955444, 56.29024624824524, 56.02675533294678,]
