best-result = 1597.3468399047852
warmup-time = 1424.1881272792816
all-measurements = [ 2148.4662919044495, 1924.843419790268, 1597.3468399047852,]
