best-result = 48.64125061035156
warmup-time = 69.68024587631226
all-measurements = [ 48.910258769989014, 49.22711801528931, 48.64125061035156,]
