best-result = 82.45765399932861
warmup-time = 100.90429544448853
all-measurements = [ 82.45765399932861, 82.64926481246948, 82.93592286109924,]
