best-result = 38.02208971977234
warmup-time = 47.24706315994263
all-measurements = [ 39.108779430389404, 38.02208971977234, 38.41406536102295,]
