best-result = 328.0754165649414
warmup-time = 473.3585457801819
all-measurements = [ 328.0754165649414, 331.9337854385376, 332.290078163147,]
