best-result = 59.30040955543518
warmup-time = 59.74030613899231
all-measurements = [ 60.744162797927856, 59.92827486991882, 59.30040955543518,]
