best-result = 22.992321968078613
warmup-time = 23.5775146484375
all-measurements = [ 23.149831771850586, 23.700746536254883, 22.992321968078613,]
