best-result = 46.81861472129822
warmup-time = 63.253862619400024
all-measurements = [ 47.52634835243225, 47.06663942337036, 46.81861472129822,]
