best-result = 46.49719524383545
warmup-time = 58.90384793281555
all-measurements = [ 46.49719524383545, 47.00803279876709, 46.87513470649719,]
