best-result = 900.4062724113464
warmup-time = 1114.2271916866302
all-measurements = [ 901.2495164871216, 900.4062724113464, 908.9473767280579,]
