best-result = 85.45090079307556
warmup-time = 99.85947823524475
all-measurements = [ 86.28142094612122, 85.45090079307556, 86.18076157569885,]
