best-result = 984.1641244888306
warmup-time = 1021.9550111293793
all-measurements = [ 984.1641244888306, 992.9561629295349, 990.4046914577484,]
