best-result = 82.53289914131165
warmup-time = 102.2926025390625
all-measurements = [ 82.53289914131165, 82.9363386631012, 83.24537396430969,]
