best-result = 67.96749258041382
warmup-time = 90.16402316093445
all-measurements = [ 68.4866030216217, 67.96749258041382, 68.01214218139648,]
