best-result = 91.91060829162598
warmup-time = 106.69228553771973
all-measurements = [ 93.09241127967834, 93.42216110229492, 91.91060829162598,]
