best-result = 647.51904129982
warmup-time = 662.8813934326172
all-measurements = [ 649.9194054603577, 650.8269581794739, 647.51904129982,]
