best-result = 62.160715103149414
warmup-time = 78.43813180923462
all-measurements = [ 62.160715103149414, 62.2616229057312, 62.23765182495117,]
