best-result = 209.01910781860352
warmup-time = 366.71268248558044
all-measurements = [ 209.01910781860352, 210.75714540481567, 209.76835560798645,]
