best-result = 422.50551104545593
warmup-time = 859.0160701274872
all-measurements = [ 422.50551104545593, 428.94482946395874, 426.91758394241333,]
