best-result = 63.411933183670044
warmup-time = 78.08364200592041
all-measurements = [ 63.414084672927856, 63.58743715286255, 63.411933183670044,]
