best-result = 40.07678246498108
warmup-time = 48.17759561538696
all-measurements = [ 40.17985987663269, 40.07678246498108, 40.29645586013794,]
