best-result = 135.4103181362152
warmup-time = 165.40613460540771
all-measurements = [ 135.4103181362152, 136.13855171203613, 136.33563709259033,]
