best-result = 914.5842683315277
warmup-time = 953.6824259757996
all-measurements = [ 916.362220287323, 914.5842683315277, 917.1479630470276,]
