best-result = 28.092026233673096
warmup-time = 37.35836362838745
all-measurements = [ 28.13137412071228, 28.092026233673096, 28.241559982299805,]
