best-result = 57.25395131111145
warmup-time = 71.07144975662231
all-measurements = [ 57.47968339920044, 57.25395131111145, 57.59057664871216,]
