best-result = 60.23733735084534
warmup-time = 77.26411986351013
all-measurements = [ 60.23733735084534, 60.380996227264404, 60.70935821533203,]
