best-result = 109.72534418106079
warmup-time = 136.00340270996094
all-measurements = [ 109.72534418106079, 112.24899959564209, 129.99938678741455,]
