best-result = 784.328556060791
warmup-time = 851.6541163921356
all-measurements = [ 784.328556060791, 784.5649039745331, 805.2924308776855,]
