best-result = 34.08647632598877
warmup-time = 41.92351007461548
all-measurements = [ 34.08647632598877, 34.21342992782593, 34.111363649368286,]
