best-result = 55.56802940368652
warmup-time = 70.91674590110779
all-measurements = [ 55.86358618736267, 55.56802940368652, 55.77933096885681,]
