best-result = 1427.1340806484222
warmup-time = 1596.5361754894257
all-measurements = [ 1836.9467301368713, 2173.0426540374756, 1427.1340806484222,]
