best-result = 48.55117630958557
warmup-time = 70.56849980354309
all-measurements = [ 48.71899890899658, 48.55117630958557, 48.672637701034546,]
