best-result = 80.8353967666626
warmup-time = 100.19185876846313
all-measurements = [ 81.0111575126648, 80.94380259513855, 80.8353967666626,]
