best-result = 37.009559869766235
warmup-time = 47.41914176940918
all-measurements = [ 37.39301800727844, 37.009559869766235, 37.25701403617859,]
