best-result = 331.5521333217621
warmup-time = 477.8763403892517
all-measurements = [ 340.51263308525085, 332.1585729122162, 331.5521333217621,]
