best-result = 59.446078300476074
warmup-time = 59.84483003616333
all-measurements = [ 59.65376281738281, 59.446078300476074, 59.73029136657715,]
