best-result = 26.088162899017334
warmup-time = 26.567962646484375
all-measurements = [ 26.280149936676025, 26.104549884796143, 26.088162899017334,]
