best-result = 36.36852741241455
warmup-time = 37.372780084609985
all-measurements = [ 38.24074196815491, 36.36852741241455, 37.34588050842285,]
