best-result = 29.646779537200928
warmup-time = 31.85444712638855
all-measurements = [ 31.02494168281555, 30.896687984466553, 29.646779537200928,]
