best-result = 258.16174602508545
warmup-time = 264.5662829875946
all-measurements = [ 259.2647702693939, 258.16174602508545, 260.73476099967957,]
