best-result = 36.161346197128296
warmup-time = 37.58472156524658
all-measurements = [ 37.07282996177673, 36.161346197128296, 36.90642189979553,]
