best-result = 111.20776295661926
warmup-time = 117.7334794998169
all-measurements = [ 115.81653833389282, 111.20776295661926, 111.73855757713318,]
