best-result = 40.42742705345154
warmup-time = 40.61640524864197
all-measurements = [ 41.06269121170044, 40.73137855529785, 40.42742705345154,]
