best-result = 47.478633403778076
warmup-time = 49.63916349411011
all-measurements = [ 47.54955339431763, 47.62520456314087, 47.478633403778076,]
