best-result = 32.356361865997314
warmup-time = 34.042919397354126
all-measurements = [ 33.38261413574219, 34.10264229774475, 32.356361865997314,]
