best-result = 36.58832907676697
warmup-time = 37.39653778076172
all-measurements = [ 36.78831505775452, 37.220595836639404, 36.58832907676697,]
