best-result = 58.70256066322327
warmup-time = 60.43724584579468
all-measurements = [ 59.89352250099182, 58.70256066322327, 64.7767493724823,]
