best-result = 222.65212750434875
warmup-time = 227.64103651046753
all-measurements = [ 223.2601020336151, 224.53098392486572, 222.65212750434875,]
