best-result = 510.8629560470581
warmup-time = 518.9383680820465
all-measurements = [ 512.3371071815491, 511.4204385280609, 510.8629560470581,]
