best-result = 35.82998609542847
warmup-time = 37.08998346328735
all-measurements = [ 36.271379709243774, 35.82998609542847, 36.06446433067322,]
