best-result = 28.68844699859619
warmup-time = 28.837607383728027
all-measurements = [ 28.68844699859619, 28.73847270011902, 29.345054149627686,]
