best-result = 76.50481104850769
warmup-time = 76.85668706893921
all-measurements = [ 82.33650064468384, 76.50481104850769, 80.95004510879517,]
