best-result = 60.902742862701416
warmup-time = 65.40856885910034
all-measurements = [ 61.736032247543335, 60.902742862701416, 61.19304537773132,]
