best-result = 28.030192136764526
warmup-time = 28.00430154800415
all-measurements = [ 28.030192136764526, 28.4296817779541, 28.076987981796265,]
