best-result = 32.06605672836304
warmup-time = 35.175294399261475
all-measurements = [ 32.3501513004303, 35.34304928779602, 32.06605672836304,]
