best-result = 33.24147605895996
warmup-time = 35.254666328430176
all-measurements = [ 33.24147605895996, 41.80728244781494, 38.920220375061035,]
