best-result = 42.706286907196045
warmup-time = 46.27782726287842
all-measurements = [ 42.706286907196045, 43.892436504364014, 43.68880605697632,]
