best-result = 95.13783955574036
warmup-time = 100.63682270050049
all-measurements = [ 96.44371509552002, 99.06575560569763, 95.13783955574036,]
