best-result = 28.872950077056885
warmup-time = 29.705761432647705
all-measurements = [ 30.116507053375244, 29.780969858169556, 28.872950077056885,]
