best-result = 34.23910570144653
warmup-time = 34.15715169906616
all-measurements = [ 34.23910570144653, 36.17062282562256, 34.66075801849365,]
