best-result = 88.75629019737244
warmup-time = 89.83026194572449
all-measurements = [ 97.91614818572998, 92.45888209342957, 88.75629019737244,]
