best-result = 37.476125955581665
warmup-time = 38.54752039909363
all-measurements = [ 38.61548638343811, 38.82098317146301, 37.476125955581665,]
