best-result = 42.791680574417114
warmup-time = 44.5048189163208
all-measurements = [ 42.791680574417114, 44.782559633255005, 45.46731925010681,]
