best-result = 27.83077120780945
warmup-time = 28.016690969467163
all-measurements = [ 27.83077120780945, 29.888747692108154, 29.149412870407104,]
