best-result = 635.7373602390289
warmup-time = 672.630040884018
all-measurements = [ 641.6083261966705, 645.6342234611511, 635.7373602390289,]
