best-result = 171.0690906047821
warmup-time = 174.40043711662292
all-measurements = [ 174.5417697429657, 172.4540672302246, 171.0690906047821,]
