best-result = 66.35111737251282
warmup-time = 54.99413204193115
all-measurements = [ 67.43321323394775, 66.35111737251282, 69.85253763198853,]
