best-result = 24.859622478485107
warmup-time = 25.141586542129517
all-measurements = [ 25.106435537338257, 24.859622478485107, 25.118993520736694,]
