best-result = 36.326958656311035
warmup-time = 38.96368956565857
all-measurements = [ 36.60788702964783, 36.326958656311035, 37.326594829559326,]
