best-result = 30.619415283203125
warmup-time = 31.976953983306885
all-measurements = [ 30.619415283203125, 31.289668560028076, 31.059511423110962,]
