best-result = 273.84723806381226
warmup-time = 275.7652406692505
all-measurements = [ 278.0881292819977, 276.5861942768097, 273.84723806381226,]
