best-result = 35.816298961639404
warmup-time = 37.80471849441528
all-measurements = [ 35.816298961639404, 37.012470722198486, 36.88483142852783,]
