best-result = 41.38991570472717
warmup-time = 41.696792125701904
all-measurements = [ 41.62803816795349, 42.23598265647888, 41.38991570472717,]
