best-result = 49.98061800003052
warmup-time = 50.71669268608093
all-measurements = [ 50.575072050094604, 49.98061800003052, 51.79427218437195,]
