best-result = 34.270829916000366
warmup-time = 32.28488373756409
all-measurements = [ 36.20991659164429, 34.270829916000366, 35.29857563972473,]
