best-result = 36.91664981842041
warmup-time = 38.593907594680786
all-measurements = [ 36.91664981842041, 37.237167835235596, 37.60835099220276,]
