best-result = 56.74887490272522
warmup-time = 58.891396045684814
all-measurements = [ 56.74887490272522, 64.11514830589294, 61.506913900375366,]
