best-result = 241.76609992980957
warmup-time = 245.79943323135376
all-measurements = [ 243.6123082637787, 243.6743664741516, 241.76609992980957,]
