best-result = 546.7279069423676
warmup-time = 574.2092969417572
all-measurements = [ 551.6578042507172, 546.7279069423676, 550.4257748126984,]
