best-result = 35.938581705093384
warmup-time = 35.568843603134155
all-measurements = [ 37.05253982543945, 36.2207567691803, 35.938581705093384,]
