best-result = 64.03579783439636
warmup-time = 67.63393664360046
all-measurements = [ 67.33327317237854, 67.82085371017456, 64.03579783439636,]
