best-result = 26.59292435646057
warmup-time = 27.72567319869995
all-measurements = [ 27.029917240142822, 26.59292435646057, 27.919946432113647,]
