best-result = 36.3494827747345
warmup-time = 35.88011717796326
all-measurements = [ 36.78893995285034, 36.3494827747345, 36.54219913482666,]
