best-result = 33.09496307373047
warmup-time = 33.577685832977295
all-measurements = [ 33.145702600479126, 33.09496307373047, 33.78197717666626,]
