best-result = 41.46934223175049
warmup-time = 45.31741642951965
all-measurements = [ 43.51668739318848, 41.46934223175049, 44.34161376953125,]
