best-result = 98.39239168167114
warmup-time = 99.81095790863037
all-measurements = [ 98.39239168167114, 99.56869292259216, 99.27322101593018,]
