best-result = 28.338064432144165
warmup-time = 28.817368745803833
all-measurements = [ 28.338064432144165, 28.985016584396362, 28.635725498199463,]
