best-result = 32.54830455780029
warmup-time = 33.40280222892761
all-measurements = [ 33.58740210533142, 34.8651704788208, 32.54830455780029,]
