best-result = 39.222020387649536
warmup-time = 39.41164565086365
all-measurements = [ 39.222020387649536, 40.456714391708374, 40.24232816696167,]
