best-result = 42.952144384384155
warmup-time = 42.83182716369629
all-measurements = [ 44.68266797065735, 44.75953269004822, 42.952144384384155,]
