best-result = 28.096263885498047
warmup-time = 27.23282790184021
all-measurements = [ 28.096263885498047, 28.172099351882935, 28.471821308135986,]
