best-result = 699.3742446899414
warmup-time = 725.4951570034027
all-measurements = [ 699.3742446899414, 708.1406080722809, 708.0552287101746,]
