best-result = 180.142240524292
warmup-time = 183.00591111183167
all-measurements = [ 180.142240524292, 182.28754568099976, 183.28268337249756,]
