best-result = 44.017844438552856
warmup-time = 44.19686460494995
all-measurements = [ 44.8364622592926, 44.017844438552856, 45.00729465484619,]
