best-result = 21.180981159210205
warmup-time = 21.77195453643799
all-measurements = [ 21.180981159210205, 21.436625003814697, 21.247738361358643,]
