best-result = 46.43253207206726
warmup-time = 63.47141695022583
all-measurements = [ 46.56715416908264, 46.545058727264404, 46.43253207206726,]
