best-result = 45.95016598701477
warmup-time = 57.3709397315979
all-measurements = [ 46.21301770210266, 46.097535371780396, 45.95016598701477,]
