best-result = 968.8679101467133
warmup-time = 1169.839383840561
all-measurements = [ 968.8679101467133, 973.5957334041595, 971.1075985431671,]
