best-result = 80.87653732299805
warmup-time = 94.54398703575134
all-measurements = [ 81.2023413181305, 81.32456398010254, 80.87653732299805,]
