best-result = 77.06112861633301
warmup-time = 99.17318367958069
all-measurements = [ 77.06112861633301, 77.37504053115845, 77.81844902038574,]
