best-result = 68.04248332977295
warmup-time = 91.32068347930908
all-measurements = [ 68.04248332977295, 68.64802885055542, 68.25883936882019,]
