best-result = 83.55353593826294
warmup-time = 97.53479528427124
all-measurements = [ 83.87938714027405, 83.55353593826294, 83.77109694480896,]
