best-result = 589.1307396888733
warmup-time = 603.8568933010101
all-measurements = [ 592.2066180706024, 589.1307396888733, 593.9555506706238,]
