best-result = 62.18788146972656
warmup-time = 75.51701354980469
all-measurements = [ 62.35886025428772, 62.54014325141907, 62.18788146972656,]
