best-result = 231.33275771141052
warmup-time = 394.58957409858704
all-measurements = [ 232.09866380691528, 231.38429808616638, 231.33275771141052,]
