best-result = 439.8505971431732
warmup-time = 911.6241459846497
all-measurements = [ 445.53696179389954, 439.8505971431732, 443.9219582080841,]
