best-result = 58.927860260009766
warmup-time = 76.83525037765503
all-measurements = [ 58.927860260009766, 59.77753257751465, 59.52591133117676,]
