best-result = 854.9993777275085
warmup-time = 887.3191001415253
all-measurements = [ 854.9993777275085, 855.4316380023956, 859.1162502765656,]
