best-result = 26.610828638076782
warmup-time = 35.940826177597046
all-measurements = [ 26.819575786590576, 26.786109447479248, 26.610828638076782,]
