best-result = 57.210925817489624
warmup-time = 70.83600902557373
all-measurements = [ 57.767250061035156, 57.522414207458496, 57.210925817489624,]
