best-result = 55.02361249923706
warmup-time = 68.28609848022461
all-measurements = [ 55.75390815734863, 55.02361249923706, 55.19305944442749,]
