best-result = 107.69526410102844
warmup-time = 135.45997524261475
all-measurements = [ 108.59158849716187, 107.69526410102844, 108.53517246246338,]
