best-result = 767.6012060642242
warmup-time = 833.8103587627411
all-measurements = [ 769.3201684951782, 767.6012060642242, 770.0062975883484,]
