best-result = 33.37297868728638
warmup-time = 39.207478046417236
all-measurements = [ 33.37297868728638, 33.65294408798218, 33.96070218086243,]
