best-result = 52.56655311584473
warmup-time = 67.21163058280945
all-measurements = [ 52.79109168052673, 52.56655311584473, 52.99888372421265,]
