best-result = 48.64103412628174
warmup-time = 67.99742484092712
all-measurements = [ 49.06976866722107, 48.64103412628174, 48.99030900001526,]
