best-result = 77.67822980880737
warmup-time = 94.0051760673523
all-measurements = [ 78.86260867118835, 77.67822980880737, 78.00286102294922,]
