best-result = 35.09182667732239
warmup-time = 44.595813512802124
all-measurements = [ 35.520891427993774, 35.266106605529785, 35.09182667732239,]
