best-result = 352.0196294784546
warmup-time = 491.6338665485382
all-measurements = [ 354.11659836769104, 352.0196294784546, 369.8422918319702,]
