best-result = 101.51238083839417
warmup-time = 101.31192255020142
all-measurements = [ 102.19103264808655, 101.51238083839417, 102.12879824638367,]
