best-result = 25.502745389938354
warmup-time = 25.922818422317505
all-measurements = [ 25.644383668899536, 25.780762195587158, 25.502745389938354,]
