best-result = 34.959553241729736
warmup-time = 37.38342523574829
all-measurements = [ 36.16522979736328, 36.4421763420105, 34.959553241729736,]
