best-result = 30.64845609664917
warmup-time = 31.667866230010986
all-measurements = [ 31.907562494277954, 31.0983407497406, 30.64845609664917,]
