best-result = 262.18690490722656
warmup-time = 268.27831625938416
all-measurements = [ 262.18690490722656, 264.732709646225, 265.4190192222595,]
