best-result = 35.698318004608154
warmup-time = 36.28642225265503
all-measurements = [ 35.698318004608154, 37.40711450576782, 36.86153268814087,]
