best-result = 39.453951597213745
warmup-time = 40.54219579696655
all-measurements = [ 40.13567590713501, 40.71747946739197, 39.453951597213745,]
