best-result = 49.126457929611206
warmup-time = 48.39571762084961
all-measurements = [ 50.213589668273926, 49.126457929611206, 49.84465289115906,]
