best-result = 32.75330948829651
warmup-time = 33.28943634033203
all-measurements = [ 32.75330948829651, 33.375927686691284, 33.873544454574585,]
