best-result = 36.96129322052002
warmup-time = 37.655808448791504
all-measurements = [ 36.96129322052002, 37.55364751815796, 37.1100332736969,]
