best-result = 62.397069215774536
warmup-time = 63.69446277618408
all-measurements = [ 62.69928550720215, 62.397069215774536, 62.59916162490845,]
