best-result = 225.94276022911072
warmup-time = 231.38727140426636
all-measurements = [ 225.94276022911072, 226.19484877586365, 227.48958921432495,]
