best-result = 520.1808793544769
warmup-time = 524.907773733139
all-measurements = [ 520.7685494422913, 520.1808793544769, 524.3690106868744,]
