best-result = 35.51657199859619
warmup-time = 36.089184045791626
all-measurements = [ 36.319839000701904, 35.51657199859619, 36.42362308502197,]
