best-result = 76.50660371780396
warmup-time = 82.85853219032288
all-measurements = [ 86.55174660682678, 89.43837332725525, 76.50660371780396,]
