best-result = 61.62552046775818
warmup-time = 61.460615158081055
all-measurements = [ 61.62552046775818, 62.14693593978882, 64.19309210777283,]
