best-result = 27.74645733833313
warmup-time = 27.498184204101562
all-measurements = [ 27.74645733833313, 28.34621286392212, 28.77466058731079,]
