best-result = 35.45048642158508
warmup-time = 35.02846169471741
all-measurements = [ 35.45048642158508, 35.90215873718262, 35.63127112388611,]
