best-result = 34.20232009887695
warmup-time = 31.64734387397766
all-measurements = [ 35.066954374313354, 34.20232009887695, 34.27827835083008,]
