best-result = 42.10630655288696
warmup-time = 44.13150095939636
all-measurements = [ 42.10630655288696, 43.02837562561035, 44.043423652648926,]
