best-result = 96.19006395339966
warmup-time = 100.06073713302612
all-measurements = [ 96.19006395339966, 98.15726661682129, 96.37416195869446,]
