best-result = 28.8595609664917
warmup-time = 27.9533908367157
all-measurements = [ 28.872231483459473, 28.8595609664917, 28.935613870620728,]
