best-result = 32.36474370956421
warmup-time = 34.637104749679565
all-measurements = [ 32.36474370956421, 35.073797941207886, 35.4749755859375,]
