best-result = 88.98348808288574
warmup-time = 87.78045439720154
all-measurements = [ 89.7652645111084, 95.65537333488464, 88.98348808288574,]
