best-result = 38.731285095214844
warmup-time = 39.67759943008423
all-measurements = [ 38.86311101913452, 38.731285095214844, 39.07047510147095,]
