best-result = 42.686357736587524
warmup-time = 45.74948072433472
all-measurements = [ 42.686357736587524, 45.21936774253845, 46.569286823272705,]
