best-result = 28.34807777404785
warmup-time = 29.023667573928833
all-measurements = [ 28.783831119537354, 28.72895646095276, 28.34807777404785,]
