best-result = 688.4617874622345
warmup-time = 727.1252372264862
all-measurements = [ 692.7988302707672, 702.0593590736389, 688.4617874622345,]
