best-result = 171.34181189537048
warmup-time = 172.86750102043152
all-measurements = [ 173.12520837783813, 171.34181189537048, 172.59109091758728,]
