best-result = 55.127341508865356
warmup-time = 58.42377471923828
all-measurements = [ 55.127341508865356, 71.03574657440186, 67.15005159378052,]
