best-result = 22.857540607452393
warmup-time = 22.70907998085022
all-measurements = [ 22.9934401512146, 22.857540607452393, 23.327914237976074,]
