best-result = 47.20550894737244
warmup-time = 63.238677978515625
all-measurements = [ 47.55416417121887, 47.235233783721924, 47.20550894737244,]
