best-result = 46.53930616378784
warmup-time = 59.074233055114746
all-measurements = [ 47.43361735343933, 46.53930616378784, 47.264965772628784,]
