best-result = 951.8656859397888
warmup-time = 1154.9495677947998
all-measurements = [ 953.7553315162659, 951.8656859397888, 965.5892646312714,]
