best-result = 84.8155722618103
warmup-time = 99.05623531341553
all-measurements = [ 84.8155722618103, 84.9918942451477, 85.25771379470825,]
