best-result = 81.34634304046631
warmup-time = 102.41333150863647
all-measurements = [ 81.76908302307129, 82.17002987861633, 81.34634304046631,]
