best-result = 69.2781753540039
warmup-time = 93.09808707237244
all-measurements = [ 69.89795851707458, 70.13716745376587, 69.2781753540039,]
