best-result = 91.30545926094055
warmup-time = 104.20558643341064
all-measurements = [ 91.58265233039856, 91.30545926094055, 91.8619863986969,]
