best-result = 617.5897455215454
warmup-time = 633.3435604572296
all-measurements = [ 617.5897455215454, 618.5100800991058, 621.5826807022095,]
