best-result = 64.13792943954468
warmup-time = 78.48259735107422
all-measurements = [ 64.52855706214905, 64.13792943954468, 64.77234387397766,]
