best-result = 220.22685265541077
warmup-time = 377.4266619682312
all-measurements = [ 222.7666356563568, 222.57540440559387, 220.22685265541077,]
