best-result = 440.3763861656189
warmup-time = 882.1143457889557
all-measurements = [ 464.684752702713, 457.05430579185486, 440.3763861656189,]
