best-result = 61.977712869644165
warmup-time = 79.26565957069397
all-measurements = [ 62.03162670135498, 61.977712869644165, 62.91902232170105,]
