best-result = 859.986469745636
warmup-time = 892.1982326507568
all-measurements = [ 859.986469745636, 865.2772204875946, 860.1878399848938,]
