best-result = 27.10638689994812
warmup-time = 35.59076690673828
all-measurements = [ 27.244906425476074, 27.10638689994812, 27.564951181411743,]
