best-result = 57.54995131492615
warmup-time = 71.444983959198
all-measurements = [ 57.54995131492615, 57.64602184295654, 58.58161664009094,]
