best-result = 59.070080518722534
warmup-time = 72.03533673286438
all-measurements = [ 59.070080518722534, 59.49602198600769, 59.759567975997925,]
