best-result = 109.88866829872131
warmup-time = 138.65547394752502
all-measurements = [ 109.88866829872131, 110.46706056594849, 109.93887186050415,]
