best-result = 780.2907338142395
warmup-time = 838.1514546871185
all-measurements = [ 782.8810322284698, 801.0250775814056, 780.2907338142395,]
