best-result = 34.12372088432312
warmup-time = 41.54684543609619
all-measurements = [ 34.15618848800659, 34.299458265304565, 34.12372088432312,]
