best-result = 53.571513414382935
warmup-time = 68.91064596176147
all-measurements = [ 53.571513414382935, 54.53989887237549, 54.10718655586243,]
