best-result = 2277.9716796875
warmup-time = 2572.225299358368
all-measurements = [ 2277.9716796875, 2588.801532268524, 3160.151197195053,]
