best-result = 49.19335317611694
warmup-time = 70.50533699989319
all-measurements = [ 49.50968265533447, 49.19335317611694, 49.80483794212341,]
