best-result = 80.46943497657776
warmup-time = 100.50348901748657
all-measurements = [ 81.84312057495117, 80.46943497657776, 80.86247777938843,]
