best-result = 36.12872385978699
warmup-time = 45.71725606918335
all-measurements = [ 36.92046332359314, 36.12872385978699, 36.80231046676636,]
