best-result = 337.9072976112366
warmup-time = 480.77775287628174
all-measurements = [ 340.640522480011, 339.91065406799316, 337.9072976112366,]
