best-result = 103.90558505058289
warmup-time = 104.64236569404602
all-measurements = [ 103.90558505058289, 104.5389814376831, 104.63559579849243,]
