best-result = 25.017332315444946
warmup-time = 25.50606679916382
all-measurements = [ 25.146134853363037, 25.017332315444946, 25.36188769340515,]
