best-result = 34.64794158935547
warmup-time = 38.41793775558472
all-measurements = [ 36.36034679412842, 34.64794158935547, 35.5556218624115,]
