best-result = 31.595377683639526
warmup-time = 31.36860179901123
all-measurements = [ 32.09658455848694, 31.595377683639526, 32.26958680152893,]
