best-result = 265.4757435321808
warmup-time = 269.9222106933594
all-measurements = [ 267.0025153160095, 268.5796639919281, 265.4757435321808,]
