best-result = 35.55337572097778
warmup-time = 36.17432236671448
all-measurements = [ 36.766730308532715, 35.55337572097778, 36.12355947494507,]
