best-result = 40.82374954223633
warmup-time = 42.17279815673828
all-measurements = [ 40.84248995780945, 42.36787676811218, 40.82374954223633,]
