best-result = 49.58805060386658
warmup-time = 51.10820960998535
all-measurements = [ 49.76394701004028, 51.393768548965454, 49.58805060386658,]
