best-result = 33.978033781051636
warmup-time = 35.018667697906494
all-measurements = [ 34.58032464981079, 34.40311241149902, 33.978033781051636,]
