best-result = 36.213046073913574
warmup-time = 38.528995513916016
all-measurements = [ 38.006505489349365, 36.213046073913574, 37.560375690460205,]
