best-result = 61.916160106658936
warmup-time = 62.861329793930054
all-measurements = [ 62.58855056762695, 61.916160106658936, 61.932687282562256,]
