best-result = 229.2097294330597
warmup-time = 230.46457052230835
all-measurements = [ 233.2414104938507, 229.2097294330597, 231.46494364738464,]
