best-result = 526.7095413208008
warmup-time = 526.0692439079285
all-measurements = [ 529.3130164146423, 530.3283498287201, 526.7095413208008,]
