best-result = 34.82120633125305
warmup-time = 36.03416919708252
all-measurements = [ 37.994731187820435, 38.309868812561035, 34.82120633125305,]
