best-result = 62.395845890045166
warmup-time = 62.61304068565369
all-measurements = [ 62.395845890045166, 63.95957064628601, 62.92244505882263,]
