best-result = 26.879140615463257
warmup-time = 27.44805645942688
all-measurements = [ 27.591087102890015, 26.879140615463257, 27.621546268463135,]
