best-result = 32.95423173904419
warmup-time = 36.24021625518799
all-measurements = [ 35.86505198478699, 36.044891357421875, 32.95423173904419,]
