best-result = 31.934374809265137
warmup-time = 34.18946981430054
all-measurements = [ 33.27757811546326, 31.934374809265137, 32.2392954826355,]
