best-result = 42.785844564437866
warmup-time = 44.157555103302
all-measurements = [ 42.785844564437866, 43.86678886413574, 42.795217752456665,]
