best-result = 96.56515836715698
warmup-time = 99.47550892829895
all-measurements = [ 97.67044568061829, 96.56515836715698, 97.88292241096497,]
