best-result = 27.307786464691162
warmup-time = 27.469829320907593
all-measurements = [ 27.307786464691162, 27.608689546585083, 28.974637269973755,]
