best-result = 34.03765320777893
warmup-time = 35.51444983482361
all-measurements = [ 35.505513429641724, 34.446115016937256, 34.03765320777893,]
