best-result = 92.31552720069885
warmup-time = 97.32481098175049
all-measurements = [ 97.11242151260376, 92.70967984199524, 92.31552720069885,]
