best-result = 39.35803699493408
warmup-time = 39.808164834976196
all-measurements = [ 39.62375330924988, 39.35803699493408, 39.4314546585083,]
