best-result = 42.82334065437317
warmup-time = 44.76415133476257
all-measurements = [ 44.35299229621887, 43.81335473060608, 42.82334065437317,]
