best-result = 26.828399419784546
warmup-time = 27.723816633224487
all-measurements = [ 26.828399419784546, 28.14659810066223, 28.14652395248413,]
