best-result = 674.5853884220123
warmup-time = 705.9461100101471
all-measurements = [ 674.5853884220123, 675.6640510559082, 681.6049609184265,]
