best-result = 175.56356072425842
warmup-time = 174.55185222625732
all-measurements = [ 176.1374568939209, 175.56356072425842, 177.47539067268372,]
