best-result = 43.300782680511475
warmup-time = 45.582454681396484
all-measurements = [ 43.40928649902344, 44.76223850250244, 43.300782680511475,]
