best-result = 21.460012197494507
warmup-time = 21.523882627487183
all-measurements = [ 21.554800510406494, 21.460012197494507, 22.11919927597046,]
