best-result = 46.43084120750427
warmup-time = 65.03556156158447
all-measurements = [ 46.94951844215393, 46.43084120750427, 47.12717056274414,]
