best-result = 46.11054801940918
warmup-time = 58.75913166999817
all-measurements = [ 46.11054801940918, 47.526407957077026, 46.72166585922241,]
