best-result = 982.0666408538818
warmup-time = 1189.6983048915863
all-measurements = [ 995.0431711673737, 982.0666408538818, 987.126785993576,]
