best-result = 81.50793552398682
warmup-time = 96.37682962417603
all-measurements = [ 81.72207880020142, 82.0921151638031, 81.50793552398682,]
