best-result = 78.54581212997437
warmup-time = 102.27083563804626
all-measurements = [ 78.56060576438904, 79.31081867218018, 78.54581212997437,]
