best-result = 68.56300711631775
warmup-time = 91.50455713272095
all-measurements = [ 68.56300711631775, 68.81924986839294, 69.15882778167725,]
