best-result = 84.80076217651367
warmup-time = 99.67188310623169
all-measurements = [ 84.80076217651367, 84.95209908485413, 84.97116565704346,]
