best-result = 594.798455953598
warmup-time = 610.5987861156464
all-measurements = [ 596.1472828388214, 596.0494542121887, 594.798455953598,]
