best-result = 61.97855758666992
warmup-time = 80.33442974090576
all-measurements = [ 63.76663875579834, 62.5505907535553, 61.97855758666992,]
