best-result = 231.17791652679443
warmup-time = 411.9335651397705
all-measurements = [ 234.8080141544342, 231.17791652679443, 232.19107747077942,]
