best-result = 437.4236214160919
warmup-time = 948.7374584674835
all-measurements = [ 443.6374776363373, 437.4236214160919, 445.8321952819824,]
