best-result = 59.06124472618103
warmup-time = 76.18094038963318
all-measurements = [ 59.51507019996643, 60.18625593185425, 59.06124472618103,]
