best-result = 870.8345906734467
warmup-time = 904.8653876781464
all-measurements = [ 870.8345906734467, 891.9476172924042, 870.9223568439484,]
