best-result = 26.708409309387207
warmup-time = 36.4123101234436
all-measurements = [ 26.843541860580444, 26.708409309387207, 27.097759008407593,]
