best-result = 58.00638484954834
warmup-time = 72.40038776397705
all-measurements = [ 58.13884425163269, 58.00638484954834, 58.757670879364014,]
