best-result = 55.54554319381714
warmup-time = 71.2921736240387
all-measurements = [ 55.54554319381714, 55.90945601463318, 56.847174644470215,]
