best-result = 109.12171912193298
warmup-time = 139.07925963401794
all-measurements = [ 109.56943249702454, 109.12171912193298, 109.45127511024475,]
