best-result = 770.3028733730316
warmup-time = 845.5470359325409
all-measurements = [ 771.5085277557373, 770.3028733730316, 771.1153135299683,]
