best-result = 33.43369102478027
warmup-time = 39.81705164909363
all-measurements = [ 33.43369102478027, 33.60809898376465, 33.80710244178772,]
