best-result = 52.90520191192627
warmup-time = 69.00847244262695
all-measurements = [ 52.90520191192627, 52.955464124679565, 53.14426803588867,]
