best-result = 49.498199224472046
warmup-time = 69.21023988723755
all-measurements = [ 49.498199224472046, 49.68794631958008, 49.8367600440979,]
