best-result = 78.31376767158508
warmup-time = 100.85781645774841
all-measurements = [ 78.65171456336975, 78.77591300010681, 78.31376767158508,]
