best-result = 35.13638663291931
warmup-time = 43.99771595001221
all-measurements = [ 35.13638663291931, 36.72834062576294, 35.888771057128906,]
