best-result = 347.22088408470154
warmup-time = 507.0494248867035
all-measurements = [ 347.22088408470154, 351.61217498779297, 366.6194224357605,]
