best-result = 102.00637149810791
warmup-time = 102.48984432220459
all-measurements = [ 102.00637149810791, 103.08737373352051, 103.79014492034912,]
