best-result = 22.135746240615845
warmup-time = 22.422555923461914
all-measurements = [ 22.135746240615845, 22.453286170959473, 22.218506574630737,]
