best-result = 46.42118287086487
warmup-time = 61.52929353713989
all-measurements = [ 46.76672387123108, 46.65989851951599, 46.42118287086487,]
