best-result = 45.71554732322693
warmup-time = 58.13646364212036
all-measurements = [ 45.71554732322693, 46.21662473678589, 46.21427130699158,]
