best-result = 932.4985411167145
warmup-time = 1139.725051164627
all-measurements = [ 956.3314454555511, 932.4985411167145, 933.2555315494537,]
