best-result = 81.51440048217773
warmup-time = 94.9059145450592
all-measurements = [ 81.51440048217773, 82.19531583786011, 81.77963995933533,]
