best-result = 77.9264554977417
warmup-time = 98.05227518081665
all-measurements = [ 77.9264554977417, 78.08174014091492, 79.00785851478577,]
