best-result = 67.90515923500061
warmup-time = 90.63800835609436
all-measurements = [ 67.90515923500061, 69.14613032341003, 68.45000052452087,]
