best-result = 83.35686421394348
warmup-time = 97.20113039016724
all-measurements = [ 83.58412408828735, 83.35686421394348, 84.78223776817322,]
