best-result = 592.49986743927
warmup-time = 606.8336369991302
all-measurements = [ 617.4582481384277, 592.7501955032349, 592.49986743927,]
