best-result = 60.65890431404114
warmup-time = 78.30429100990295
all-measurements = [ 62.2133994102478, 61.689884662628174, 60.65890431404114,]
