best-result = 220.727867603302
warmup-time = 371.6019411087036
all-measurements = [ 222.0717258453369, 220.727867603302, 224.2423596382141,]
