best-result = 437.7066535949707
warmup-time = 879.2447140216827
all-measurements = [ 445.5479829311371, 437.7066535949707, 437.9935178756714,]
