best-result = 60.09848213195801
warmup-time = 74.8044753074646
all-measurements = [ 60.26225137710571, 60.31634759902954, 60.09848213195801,]
