best-result = 840.5997633934021
warmup-time = 874.5161588191986
all-measurements = [ 847.8777334690094, 840.5997633934021, 840.9396233558655,]
