best-result = 30.658708333969116
warmup-time = 38.95115303993225
all-measurements = [ 32.64747858047485, 32.12960863113403, 30.658708333969116,]
