best-result = 56.74515199661255
warmup-time = 70.40333414077759
all-measurements = [ 56.99800729751587, 56.74515199661255, 57.27583599090576,]
