best-result = 55.62153887748718
warmup-time = 69.17657113075256
all-measurements = [ 55.62153887748718, 55.90073847770691, 55.900612354278564,]
