best-result = 106.79872751235962
warmup-time = 135.584157705307
all-measurements = [ 107.78208899497986, 107.29756665229797, 106.79872751235962,]
