best-result = 758.6259028911591
warmup-time = 826.4966652393341
all-measurements = [ 758.6259028911591, 759.1852769851685, 759.7820208072662,]
