best-result = 33.5226514339447
warmup-time = 40.65963935852051
all-measurements = [ 33.5226514339447, 34.20094084739685, 33.62206554412842,]
