best-result = 52.950905084609985
warmup-time = 66.73610758781433
all-measurements = [ 53.11027455329895, 52.950905084609985, 53.10882616043091,]
