best-result = 1927.2614858150482
warmup-time = 1657.3688719272614
all-measurements = [ 2286.597838640213, 1927.2614858150482, 2361.280289888382,]
