best-result = 48.5605583190918
warmup-time = 70.86612701416016
all-measurements = [ 48.5605583190918, 49.05411911010742, 49.17678642272949,]
