best-result = 78.01285171508789
warmup-time = 97.27366948127747
all-measurements = [ 78.01285171508789, 78.13849782943726, 78.74277329444885,]
