best-result = 35.49865126609802
warmup-time = 43.973395109176636
all-measurements = [ 35.53289175033569, 35.49865126609802, 35.827404737472534,]
