best-result = 328.9658486843109
warmup-time = 460.0467689037323
all-measurements = [ 328.9658486843109, 337.69045639038086, 330.8883593082428,]
