best-result = 101.1422004699707
warmup-time = 101.96677803993225
all-measurements = [ 101.1422004699707, 101.61584091186523, 102.22290086746216,]
