best-result = 22.6022629737854
warmup-time = 22.84799361228943
all-measurements = [ 22.6022629737854, 22.675398111343384, 22.95494771003723,]
