best-result = 47.46914529800415
warmup-time = 62.67028498649597
all-measurements = [ 47.46914529800415, 47.54759740829468, 47.87353587150574,]
