best-result = 46.17469620704651
warmup-time = 59.10282850265503
all-measurements = [ 46.17469620704651, 46.51276421546936, 46.26909804344177,]
