best-result = 948.234219789505
warmup-time = 1143.866803407669
all-measurements = [ 970.296138048172, 948.234219789505, 968.2489378452301,]
