best-result = 85.68028044700623
warmup-time = 99.01134419441223
all-measurements = [ 85.97847104072571, 85.68028044700623, 86.8670814037323,]
