best-result = 80.28846621513367
warmup-time = 101.13930296897888
all-measurements = [ 81.12005877494812, 81.6489794254303, 80.28846621513367,]
