best-result = 69.52826857566833
warmup-time = 91.00242519378662
all-measurements = [ 70.20864772796631, 69.90938019752502, 69.52826857566833,]
