best-result = 90.32612919807434
warmup-time = 104.48724937438965
all-measurements = [ 90.58653116226196, 90.41998147964478, 90.32612919807434,]
