best-result = 616.7198004722595
warmup-time = 633.9978430271149
all-measurements = [ 617.4605853557587, 621.8975965976715, 616.7198004722595,]
