best-result = 65.24306058883667
warmup-time = 77.79467725753784
all-measurements = [ 65.24306058883667, 65.36025333404541, 65.60979866981506,]
