best-result = 221.95756697654724
warmup-time = 375.9154975414276
all-measurements = [ 221.95756697654724, 222.81964635849, 222.24380111694336,]
