best-result = 441.9554634094238
warmup-time = 894.8366212844849
all-measurements = [ 447.79730677604675, 441.9554634094238, 445.75133180618286,]
