best-result = 61.15956163406372
warmup-time = 78.75319766998291
all-measurements = [ 61.888155460357666, 61.15956163406372, 62.430718660354614,]
