best-result = 864.1737818717957
warmup-time = 898.004791021347
all-measurements = [ 875.9290664196014, 868.4027507305145, 864.1737818717957,]
