best-result = 27.34167242050171
warmup-time = 35.88506579399109
all-measurements = [ 27.544637441635132, 27.484049558639526, 27.34167242050171,]
