best-result = 57.86199235916138
warmup-time = 72.0969762802124
all-measurements = [ 57.92242383956909, 57.86199235916138, 58.11090803146362,]
