best-result = 58.73857593536377
warmup-time = 72.36585831642151
all-measurements = [ 58.983906984329224, 58.73857593536377, 59.04412078857422,]
