best-result = 109.89090538024902
warmup-time = 140.48372530937195
all-measurements = [ 110.53135848045349, 110.16460156440735, 109.89090538024902,]
