best-result = 775.7292308807373
warmup-time = 840.7492671012878
all-measurements = [ 775.7292308807373, 777.4126553535461, 785.3290345668793,]
