best-result = 33.92132902145386
warmup-time = 47.216938495635986
all-measurements = [ 37.50548553466797, 35.72041201591492, 33.92132902145386,]
