best-result = 53.94035863876343
warmup-time = 69.49586176872253
all-measurements = [ 53.94035863876343, 54.088510036468506, 54.18113708496094,]
