best-result = 1858.220193862915
warmup-time = 2326.4216952323914
all-measurements = [ 2305.636236667633, 1858.220193862915, 2313.3957176208496,]
