best-result = 49.65358781814575
warmup-time = 71.56589674949646
all-measurements = [ 49.9894905090332, 49.89705181121826, 49.65358781814575,]
