best-result = 80.6219630241394
warmup-time = 100.25445675849915
all-measurements = [ 82.11529397964478, 80.6219630241394, 81.08874416351318,]
