best-result = 36.679577589035034
warmup-time = 45.96859693527222
all-measurements = [ 36.679577589035034, 36.85851716995239, 36.88049864768982,]
