best-result = 340.4853901863098
warmup-time = 475.8605990409851
all-measurements = [ 354.2190465927124, 340.4853901863098, 348.77936577796936,]
