best-result = 104.95460844039917
warmup-time = 104.49167132377625
all-measurements = [ 104.95460844039917, 105.06556248664856, 105.00513339042664,]
