best-result = 25.85300588607788
warmup-time = 26.33066177368164
all-measurements = [ 27.503103256225586, 25.85300588607788, 26.904338359832764,]
