best-result = 36.0688259601593
warmup-time = 37.63279843330383
all-measurements = [ 36.93842434883118, 36.0688259601593, 36.25406050682068,]
