best-result = 30.666394233703613
warmup-time = 31.20951509475708
all-measurements = [ 32.13104796409607, 30.666394233703613, 30.718897104263306,]
