best-result = 256.2102038860321
warmup-time = 261.9956350326538
all-measurements = [ 259.3967034816742, 256.2102038860321, 256.53901410102844,]
