best-result = 36.80887770652771
warmup-time = 36.71729135513306
all-measurements = [ 37.8057496547699, 37.09208941459656, 36.80887770652771,]
