best-result = 112.54334735870361
warmup-time = 117.15540862083435
all-measurements = [ 112.54334735870361, 113.61945867538452, 116.27479362487793,]
