best-result = 34.71280813217163
warmup-time = 35.58309769630432
all-measurements = [ 34.71280813217163, 34.75726556777954, 35.85029482841492,]
