best-result = 40.51480007171631
warmup-time = 42.11452674865723
all-measurements = [ 40.945916414260864, 41.06369400024414, 40.51480007171631,]
