best-result = 47.53461933135986
warmup-time = 50.255277156829834
all-measurements = [ 47.591662883758545, 47.53461933135986, 47.910712242126465,]
