best-result = 33.466339349746704
warmup-time = 33.93687152862549
all-measurements = [ 33.466339349746704, 34.0379581451416, 36.31470727920532,]
