best-result = 37.19923138618469
warmup-time = 38.40030837059021
all-measurements = [ 37.60722041130066, 37.44943046569824, 37.19923138618469,]
