best-result = 58.90376591682434
warmup-time = 61.360607862472534
all-measurements = [ 58.90376591682434, 61.26412558555603, 60.85671615600586,]
