best-result = 223.16089272499084
warmup-time = 228.66472339630127
all-measurements = [ 223.16089272499084, 224.2648687362671, 225.17147994041443,]
