best-result = 513.903448343277
warmup-time = 519.9927108287811
all-measurements = [ 513.903448343277, 514.3704304695129, 518.0192165374756,]
