best-result = 36.14886474609375
warmup-time = 37.52288198471069
all-measurements = [ 37.38518309593201, 36.14886474609375, 37.38024067878723,]
