best-result = 28.72450041770935
warmup-time = 29.020749807357788
all-measurements = [ 29.159226179122925, 28.72450041770935, 28.854049682617188,]
