best-result = 67.88532543182373
warmup-time = 77.70889687538147
all-measurements = [ 67.88532543182373, 76.86632943153381, 75.15359687805176,]
