best-result = 60.2738151550293
warmup-time = 62.06945586204529
all-measurements = [ 63.28858256340027, 61.760859966278076, 60.2738151550293,]
