best-result = 27.589744567871094
warmup-time = 28.77171802520752
all-measurements = [ 27.589744567871094, 28.661792993545532, 28.588686227798462,]
