best-result = 34.34186863899231
warmup-time = 35.58703088760376
all-measurements = [ 34.34186863899231, 35.36486530303955, 35.33311200141907,]
