best-result = 32.68838429450989
warmup-time = 32.67659044265747
all-measurements = [ 33.31897759437561, 33.38401508331299, 32.68838429450989,]
