best-result = 43.21120834350586
warmup-time = 43.31775641441345
all-measurements = [ 43.55891180038452, 44.024441957473755, 43.21120834350586,]
