best-result = 95.0660252571106
warmup-time = 96.95660710334778
all-measurements = [ 95.644198179245, 96.53305244445801, 95.0660252571106,]
