best-result = 27.316381216049194
warmup-time = 29.25662088394165
all-measurements = [ 28.011759519577026, 28.384703874588013, 27.316381216049194,]
