best-result = 33.186540842056274
warmup-time = 34.6527373790741
all-measurements = [ 33.996159076690674, 33.819567918777466, 33.186540842056274,]
