best-result = 87.93666338920593
warmup-time = 90.61163187026978
all-measurements = [ 90.70587706565857, 96.32090783119202, 87.93666338920593,]
