best-result = 38.8728768825531
warmup-time = 38.9060640335083
all-measurements = [ 38.8728768825531, 39.20359516143799, 39.611916303634644,]
