best-result = 45.64571213722229
warmup-time = 45.44857358932495
all-measurements = [ 46.16225266456604, 45.64571213722229, 45.72704339027405,]
