best-result = 50.245166301727295
warmup-time = 49.72831892967224
all-measurements = [ 50.573801040649414, 50.84548854827881, 50.245166301727295,]
