best-result = 28.86389970779419
warmup-time = 28.615562915802002
all-measurements = [ 28.956724643707275, 28.86389970779419, 29.298564672470093,]
