best-result = 631.257572889328
warmup-time = 671.0791645050049
all-measurements = [ 639.5451877117157, 640.6459143161774, 631.257572889328,]
