best-result = 170.90938138961792
warmup-time = 172.15020298957825
all-measurements = [ 170.90938138961792, 173.28215765953064, 173.55404663085938,]
