best-result = 58.16511559486389
warmup-time = 68.34881353378296
all-measurements = [ 58.16511559486389, 62.497408390045166, 66.70583915710449,]
