best-result = 22.089521884918213
warmup-time = 22.816767692565918
all-measurements = [ 22.73459768295288, 22.089521884918213, 22.33436346054077,]
