best-result = 46.93688178062439
warmup-time = 61.075355052948
all-measurements = [ 46.93688178062439, 47.10423803329468, 47.0990252494812,]
