best-result = 46.68696403503418
warmup-time = 58.847867250442505
all-measurements = [ 46.84155559539795, 46.88693451881409, 46.68696403503418,]
