best-result = 939.8768634796143
warmup-time = 1155.3589708805084
all-measurements = [ 946.8798069953918, 939.8768634796143, 940.1450357437134,]
