best-result = 81.85901474952698
warmup-time = 94.88437390327454
all-measurements = [ 82.134774684906, 82.24639415740967, 81.85901474952698,]
