best-result = 78.40035462379456
warmup-time = 98.71146130561829
all-measurements = [ 78.67011904716492, 78.4899537563324, 78.40035462379456,]
