best-result = 68.96786785125732
warmup-time = 91.12229776382446
all-measurements = [ 69.63639521598816, 69.35193514823914, 68.96786785125732,]
