best-result = 84.09403991699219
warmup-time = 97.87484121322632
all-measurements = [ 84.09403991699219, 84.20421171188354, 84.47539710998535,]
