best-result = 592.324613571167
warmup-time = 607.0318014621735
all-measurements = [ 593.5814073085785, 595.3831527233124, 592.324613571167,]
