best-result = 62.00675106048584
warmup-time = 76.10019707679749
all-measurements = [ 62.502055168151855, 62.00675106048584, 62.35189700126648,]
