best-result = 224.4045171737671
warmup-time = 379.9284508228302
all-measurements = [ 227.7469401359558, 224.4045171737671, 225.1188907623291,]
