best-result = 435.5241470336914
warmup-time = 891.434228181839
all-measurements = [ 439.129873752594, 435.5241470336914, 436.72352933883667,]
