best-result = 60.28819537162781
warmup-time = 75.63614344596863
all-measurements = [ 60.42556190490723, 60.31392955780029, 60.28819537162781,]
