best-result = 847.0140039920807
warmup-time = 875.5750186443329
all-measurements = [ 847.0140039920807, 849.9516415596008, 877.6300473213196,]
