best-result = 27.384864568710327
warmup-time = 36.41543245315552
all-measurements = [ 27.58545231819153, 27.384864568710327, 27.627907276153564,]
