best-result = 57.843341588974
warmup-time = 71.31912136077881
all-measurements = [ 57.843341588974, 58.2836058139801, 59.10421395301819,]
