best-result = 55.74521780014038
warmup-time = 68.50809979438782
all-measurements = [ 56.742050647735596, 56.669721841812134, 55.74521780014038,]
