best-result = 107.5319299697876
warmup-time = 136.675222158432
all-measurements = [ 109.36286616325378, 108.93555569648743, 107.5319299697876,]
