best-result = 760.6296880245209
warmup-time = 825.1020984649658
all-measurements = [ 760.6811969280243, 760.6296880245209, 763.6295068264008,]
