best-result = 33.80920481681824
warmup-time = 42.07644581794739
all-measurements = [ 34.020814657211304, 33.99338436126709, 33.80920481681824,]
