best-result = 53.4417622089386
warmup-time = 69.11889123916626
all-measurements = [ 53.544145345687866, 53.4417622089386, 53.48788905143738,]
