best-result = 49.38793134689331
warmup-time = 68.30177521705627
all-measurements = [ 49.38793134689331, 49.877453088760376, 49.492440938949585,]
