best-result = 78.40217304229736
warmup-time = 98.25197076797485
all-measurements = [ 78.54170823097229, 79.40227341651917, 78.40217304229736,]
