best-result = 35.58146667480469
warmup-time = 44.92438006401062
all-measurements = [ 35.58146667480469, 35.73163938522339, 36.03852295875549,]
