best-result = 333.12554478645325
warmup-time = 478.0068287849426
all-measurements = [ 339.7775673866272, 334.5379693508148, 333.12554478645325,]
