best-result = 102.10097646713257
warmup-time = 102.38086295127869
all-measurements = [ 102.34675550460815, 102.10097646713257, 103.17560338973999,]
