best-result = 25.010433197021484
warmup-time = 25.5329487323761
all-measurements = [ 25.219698190689087, 25.010433197021484, 25.391170024871826,]
