best-result = 36.63344168663025
warmup-time = 38.22844314575195
all-measurements = [ 38.185194969177246, 36.63344168663025, 37.30943036079407,]
