best-result = 31.121594190597534
warmup-time = 31.629697561264038
all-measurements = [ 31.837608098983765, 31.651068687438965, 31.121594190597534,]
