best-result = 266.9857633113861
warmup-time = 269.2930862903595
all-measurements = [ 267.33279967308044, 266.9857633113861, 268.0229480266571,]
