best-result = 34.793938875198364
warmup-time = 36.465646266937256
all-measurements = [ 36.36208152770996, 35.517040729522705, 34.793938875198364,]
