best-result = 40.45653223991394
warmup-time = 40.42493939399719
all-measurements = [ 40.948763370513916, 40.45653223991394, 41.454214334487915,]
