best-result = 49.53090572357178
warmup-time = 50.926417112350464
all-measurements = [ 50.65326261520386, 49.995123624801636, 49.53090572357178,]
