best-result = 33.61624836921692
warmup-time = 34.957114696502686
all-measurements = [ 33.68235468864441, 33.61624836921692, 33.99918079376221,]
