best-result = 36.44028425216675
warmup-time = 37.060102462768555
all-measurements = [ 37.26558566093445, 36.44028425216675, 37.59770917892456,]
