best-result = 58.92965054512024
warmup-time = 59.371726989746094
all-measurements = [ 62.025954246520996, 62.94137620925903, 58.92965054512024,]
