best-result = 227.97692942619324
warmup-time = 232.97316598892212
all-measurements = [ 231.91899299621582, 227.97692942619324, 232.12285900115967,]
