best-result = 523.1151804924011
warmup-time = 528.9809939861298
all-measurements = [ 528.2534267902374, 526.6882939338684, 523.1151804924011,]
