best-result = 35.435378074645996
warmup-time = 37.311537981033325
all-measurements = [ 36.580471992492676, 35.435378074645996, 35.45242524147034,]
