best-result = 62.82950496673584
warmup-time = 63.1561803817749
all-measurements = [ 63.894758224487305, 62.82950496673584, 63.525217056274414,]
