best-result = 26.5588800907135
warmup-time = 27.690248489379883
all-measurements = [ 27.430428743362427, 26.5588800907135, 27.08354115486145,]
