best-result = 33.61062431335449
warmup-time = 35.91779184341431
all-measurements = [ 36.082215309143066, 33.61062431335449, 35.859172344207764,]
