best-result = 33.021160364151
warmup-time = 33.957181215286255
all-measurements = [ 33.25072479248047, 33.021160364151, 34.03530478477478,]
