best-result = 43.23170018196106
warmup-time = 44.79258704185486
all-measurements = [ 43.23170018196106, 44.50371837615967, 43.58421325683594,]
