best-result = 97.77940320968628
warmup-time = 97.93080735206604
all-measurements = [ 98.45511651039124, 97.77940320968628, 97.86469602584839,]
