best-result = 28.32926297187805
warmup-time = 27.50608515739441
all-measurements = [ 29.232084274291992, 28.32926297187805, 28.847336292266846,]
