best-result = 33.71843218803406
warmup-time = 34.010422229766846
all-measurements = [ 33.98370289802551, 33.71843218803406, 34.25078749656677,]
