best-result = 86.98066020011902
warmup-time = 88.94147372245789
all-measurements = [ 86.98066020011902, 97.32604932785034, 98.29575300216675,]
