best-result = 38.55852031707764
warmup-time = 39.70774579048157
all-measurements = [ 39.15217161178589, 39.85308647155762, 38.55852031707764,]
