best-result = 44.046074867248535
warmup-time = 47.245527029037476
all-measurements = [ 45.518439531326294, 44.046074867248535, 44.87754011154175,]
