best-result = 26.459929943084717
warmup-time = 27.211305141448975
all-measurements = [ 27.3225998878479, 26.459929943084717, 28.389888763427734,]
