best-result = 674.3760485649109
warmup-time = 712.8369855880737
all-measurements = [ 674.3760485649109, 675.1142673492432, 683.456090927124,]
