best-result = 176.4753930568695
warmup-time = 177.1118495464325
all-measurements = [ 178.3623206615448, 177.00200748443604, 176.4753930568695,]
