best-result = 42.26732301712036
warmup-time = 43.136425495147705
all-measurements = [ 42.93942451477051, 42.26732301712036, 42.569764375686646,]
