best-result = 21.513772010803223
warmup-time = 21.907474040985107
all-measurements = [ 21.69964838027954, 21.515784740447998, 21.513772010803223,]
