best-result = 46.90741777420044
warmup-time = 63.16499352455139
all-measurements = [ 47.18983554840088, 47.51969599723816, 46.90741777420044,]
