best-result = 46.64730620384216
warmup-time = 59.02835249900818
all-measurements = [ 46.86742949485779, 46.64730620384216, 46.81277132034302,]
