best-result = 976.1258437633514
warmup-time = 1198.0358743667603
all-measurements = [ 981.5390164852142, 992.8089528083801, 976.1258437633514,]
