best-result = 81.99805903434753
warmup-time = 96.5938925743103
all-measurements = [ 81.99805903434753, 82.33787608146667, 82.46042966842651,]
