best-result = 78.4592034816742
warmup-time = 99.19133305549622
all-measurements = [ 79.07372784614563, 79.01460313796997, 78.4592034816742,]
