best-result = 69.5373158454895
warmup-time = 92.50690340995789
all-measurements = [ 69.88595294952393, 69.5373158454895, 70.98522973060608,]
