best-result = 83.77505588531494
warmup-time = 98.56899237632751
all-measurements = [ 84.54549670219421, 83.77505588531494, 85.12205219268799,]
