best-result = 591.568790435791
warmup-time = 632.228048324585
all-measurements = [ 595.9104614257812, 595.2595834732056, 591.568790435791,]
