best-result = 62.04949450492859
warmup-time = 76.72399926185608
all-measurements = [ 62.51582217216492, 62.20696043968201, 62.04949450492859,]
