best-result = 232.15584015846252
warmup-time = 396.57102704048157
all-measurements = [ 232.24039673805237, 232.15584015846252, 233.78106021881104,]
