best-result = 439.6340172290802
warmup-time = 910.649156332016
all-measurements = [ 448.859797000885, 446.6702263355255, 439.6340172290802,]
