best-result = 59.93425416946411
warmup-time = 76.40476822853088
all-measurements = [ 60.04016995429993, 60.97821521759033, 59.93425416946411,]
