best-result = 856.8196115493774
warmup-time = 894.2526819705963
all-measurements = [ 860.4184901714325, 856.8196115493774, 864.9960782527924,]
