best-result = 27.14930534362793
warmup-time = 35.07011151313782
all-measurements = [ 27.42818307876587, 27.208563804626465, 27.14930534362793,]
