best-result = 57.84623980522156
warmup-time = 72.04443502426147
all-measurements = [ 58.71930146217346, 58.32734513282776, 57.84623980522156,]
