best-result = 56.03466463088989
warmup-time = 70.57153558731079
all-measurements = [ 56.956390619277954, 56.03466463088989, 56.08651685714722,]
