best-result = 108.29379057884216
warmup-time = 139.804545879364
all-measurements = [ 108.75287199020386, 108.29379057884216, 109.54745268821716,]
