best-result = 771.2491593360901
warmup-time = 839.7246453762054
all-measurements = [ 773.089460849762, 773.5204284191132, 771.2491593360901,]
