best-result = 33.83417296409607
warmup-time = 42.42664933204651
all-measurements = [ 34.164084672927856, 33.83417296409607, 33.85664892196655,]
