best-result = 53.28225111961365
warmup-time = 68.42122030258179
all-measurements = [ 53.96993279457092, 53.60982894897461, 53.28225111961365,]
