best-result = 49.542752742767334
warmup-time = 67.88522839546204
all-measurements = [ 49.542752742767334, 49.92172026634216, 50.11362671852112,]
