best-result = 78.35609841346741
warmup-time = 96.59921598434448
all-measurements = [ 79.46130895614624, 78.35609841346741, 79.1987841129303,]
