best-result = 35.40299868583679
warmup-time = 44.9622118473053
all-measurements = [ 35.763084411621094, 35.94051504135132, 35.40299868583679,]
