best-result = 352.09315276145935
warmup-time = 491.9577112197876
all-measurements = [ 355.9826486110687, 355.3039622306824, 352.09315276145935,]
