best-result = 103.66101002693176
warmup-time = 103.62555408477783
all-measurements = [ 103.98527717590332, 103.66101002693176, 103.71617126464844,]
