best-result = 26.02121329307556
warmup-time = 26.561612844467163
all-measurements = [ 26.02121329307556, 26.53191375732422, 26.250535249710083,]
