best-result = 36.38477802276611
warmup-time = 37.8470516204834
all-measurements = [ 36.38477802276611, 38.06382751464844, 36.99666142463684,]
