best-result = 31.16664481163025
warmup-time = 31.269653797149658
all-measurements = [ 31.16664481163025, 31.29889464378357, 31.205287218093872,]
