best-result = 260.82851123809814
warmup-time = 266.1267318725586
all-measurements = [ 261.9600384235382, 263.3150761127472, 260.82851123809814,]
