best-result = 35.98522138595581
warmup-time = 37.055397272109985
all-measurements = [ 37.10268521308899, 37.523884534835815, 35.98522138595581,]
