best-result = 111.09166359901428
warmup-time = 113.78180074691772
all-measurements = [ 112.0480124950409, 111.2224669456482, 111.09166359901428,]
