best-result = 40.90950274467468
warmup-time = 39.83244848251343
all-measurements = [ 41.19424033164978, 41.340829610824585, 40.90950274467468,]
