best-result = 46.43999648094177
warmup-time = 47.795202016830444
all-measurements = [ 46.43999648094177, 47.78129529953003, 46.88691830635071,]
