best-result = 32.76892161369324
warmup-time = 33.86301851272583
all-measurements = [ 33.83277869224548, 32.76892161369324, 34.55970025062561,]
