best-result = 35.98778414726257
warmup-time = 37.4931914806366
all-measurements = [ 36.90427088737488, 37.099961042404175, 35.98778414726257,]
