best-result = 59.20233964920044
warmup-time = 61.854077100753784
all-measurements = [ 63.718639850616455, 59.20233964920044, 62.35099816322327,]
