best-result = 223.0279471874237
warmup-time = 226.2913839817047
all-measurements = [ 224.892258644104, 223.0279471874237, 225.24196934700012,]
