best-result = 511.27902364730835
warmup-time = 518.6863265037537
all-measurements = [ 514.9270255565643, 511.27902364730835, 514.7212269306183,]
