best-result = 36.02014446258545
warmup-time = 36.90238833427429
all-measurements = [ 36.0829644203186, 37.32162284851074, 36.02014446258545,]
