best-result = 28.43621063232422
warmup-time = 29.199695825576782
all-measurements = [ 28.4374418258667, 28.890238046646118, 28.43621063232422,]
