best-result = 70.74738502502441
warmup-time = 72.35607838630676
all-measurements = [ 71.74657607078552, 70.74738502502441, 78.74233222007751,]
