best-result = 59.82506060600281
warmup-time = 62.84803295135498
all-measurements = [ 61.37023091316223, 59.82506060600281, 60.38787651062012,]
