best-result = 28.21564769744873
warmup-time = 28.35676598548889
all-measurements = [ 28.263341188430786, 29.043092489242554, 28.21564769744873,]
