best-result = 31.55245876312256
warmup-time = 35.41272687911987
all-measurements = [ 34.737815618515015, 31.55245876312256, 35.17029309272766,]
