best-result = 32.620508670806885
warmup-time = 32.88393783569336
all-measurements = [ 32.620508670806885, 33.49241518974304, 34.56317949295044,]
