best-result = 42.84673452377319
warmup-time = 42.603968143463135
all-measurements = [ 43.25487685203552, 42.84673452377319, 51.500587940216064,]
