best-result = 94.9244704246521
warmup-time = 107.2762246131897
all-measurements = [ 98.90492486953735, 98.60733342170715, 94.9244704246521,]
