best-result = 27.40728211402893
warmup-time = 28.808332681655884
all-measurements = [ 29.97358536720276, 27.40728211402893, 29.628946781158447,]
