best-result = 32.51449251174927
warmup-time = 35.011934995651245
all-measurements = [ 34.258877754211426, 35.58582878112793, 32.51449251174927,]
