best-result = 85.79508638381958
warmup-time = 89.18658447265625
all-measurements = [ 87.50344491004944, 85.79508638381958, 90.83663988113403,]
