best-result = 38.86205291748047
warmup-time = 38.26876640319824
all-measurements = [ 39.185266971588135, 38.86205291748047, 39.61460328102112,]
