best-result = 42.177000284194946
warmup-time = 46.153337240219116
all-measurements = [ 43.96174073219299, 42.6825053691864, 42.177000284194946,]
