best-result = 27.95916724205017
warmup-time = 28.1248300075531
all-measurements = [ 29.65272068977356, 27.95916724205017, 28.69366216659546,]
