best-result = 636.5370619297028
warmup-time = 674.0881268978119
all-measurements = [ 645.8052184581757, 636.5370619297028, 644.6179857254028,]
