best-result = 173.3118224143982
warmup-time = 176.67950129508972
all-measurements = [ 175.85246968269348, 173.35501837730408, 173.3118224143982,]
