best-result = 63.625009059906006
warmup-time = 64.86438083648682
all-measurements = [ 63.625009059906006, 67.23914623260498, 65.8078408241272,]
