best-result = 24.8470516204834
warmup-time = 25.006603956222534
all-measurements = [ 24.8470516204834, 25.007548332214355, 25.167396545410156,]
