best-result = 35.94652962684631
warmup-time = 38.572182416915894
all-measurements = [ 35.94652962684631, 36.4024555683136, 38.11941385269165,]
