best-result = 32.066993713378906
warmup-time = 31.86627507209778
all-measurements = [ 32.25904297828674, 32.26934361457825, 32.066993713378906,]
