best-result = 272.9486553668976
warmup-time = 275.2766273021698
all-measurements = [ 273.4524118900299, 272.9486553668976, 276.4426715373993,]
