best-result = 35.74792814254761
warmup-time = 34.88341236114502
all-measurements = [ 36.02786922454834, 35.74792814254761, 35.89672565460205,]
