best-result = 40.64609456062317
warmup-time = 40.51629972457886
all-measurements = [ 40.703030824661255, 40.64609456062317, 40.81181025505066,]
