best-result = 49.59688091278076
warmup-time = 50.03594732284546
all-measurements = [ 50.83802008628845, 49.59688091278076, 51.043943643569946,]
