best-result = 34.38667106628418
warmup-time = 33.98401856422424
all-measurements = [ 34.707032680511475, 34.669312953948975, 34.38667106628418,]
