best-result = 37.581146240234375
warmup-time = 38.30782747268677
all-measurements = [ 37.581146240234375, 37.898507595062256, 37.674832820892334,]
