best-result = 56.89130663871765
warmup-time = 58.38286733627319
all-measurements = [ 56.89130663871765, 65.09912729263306, 60.6627311706543,]
