best-result = 240.6986541748047
warmup-time = 241.8591070175171
all-measurements = [ 242.5272889137268, 240.6986541748047, 242.36213564872742,]
