best-result = 543.2918977737427
warmup-time = 546.4682333469391
all-measurements = [ 546.0136318206787, 550.7504518032074, 543.2918977737427,]
