best-result = 35.07559561729431
warmup-time = 35.92406153678894
all-measurements = [ 37.09414863586426, 35.07559561729431, 35.1952691078186,]
