best-result = 64.9066104888916
warmup-time = 65.3404016494751
all-measurements = [ 64.93970012664795, 65.78738331794739, 64.9066104888916,]
