best-result = 27.403064012527466
warmup-time = 27.705736875534058
all-measurements = [ 27.403064012527466, 27.625308990478516, 27.861980676651,]
