best-result = 33.90247201919556
warmup-time = 36.31039047241211
all-measurements = [ 36.21847987174988, 33.90247201919556, 37.22256088256836,]
