best-result = 32.313496828079224
warmup-time = 32.48424458503723
all-measurements = [ 32.313496828079224, 32.68823456764221, 33.06768465042114,]
