best-result = 42.418660163879395
warmup-time = 42.76049327850342
all-measurements = [ 43.133753299713135, 42.418660163879395, 43.39057374000549,]
