best-result = 97.52337121963501
warmup-time = 98.68750095367432
all-measurements = [ 97.52337121963501, 99.37312030792236, 101.885671377182,]
