best-result = 28.270344018936157
warmup-time = 27.672592639923096
all-measurements = [ 28.423462867736816, 28.270344018936157, 28.595154762268066,]
