best-result = 33.04821062088013
warmup-time = 34.723902225494385
all-measurements = [ 34.196370363235474, 34.08221769332886, 33.04821062088013,]
