best-result = 39.45282483100891
warmup-time = 39.113099575042725
all-measurements = [ 39.54179501533508, 39.83262753486633, 39.45282483100891,]
