best-result = 43.337875843048096
warmup-time = 46.52251482009888
all-measurements = [ 43.996830463409424, 45.163609981536865, 43.337875843048096,]
