best-result = 27.02114176750183
warmup-time = 26.72404408454895
all-measurements = [ 27.02114176750183, 27.92275834083557, 28.160213947296143,]
