best-result = 708.3946416378021
warmup-time = 700.9612092971802
all-measurements = [ 708.3946416378021, 717.8071250915527, 709.0927627086639,]
