best-result = 178.6185290813446
warmup-time = 180.11646509170532
all-measurements = [ 180.67995142936707, 178.6185290813446, 179.13806128501892,]
