best-result = 44.130326986312866
warmup-time = 43.860047340393066
all-measurements = [ 44.47632122039795, 44.130326986312866, 44.2894766330719,]
