best-result = 23.222636461257935
warmup-time = 24.864471435546875
all-measurements = [ 23.222636461257935, 23.30905771255493, 23.373148918151855,]
memory-traffic = 271
