best-result = 47.32798933982849
warmup-time = 65.92061805725098
all-measurements = [ 47.49618935585022, 47.51385688781738, 47.32798933982849,]
memory-traffic = 3715
