best-result = 46.390265226364136
warmup-time = 60.63579297065735
all-measurements = [ 47.13863754272461, 46.390265226364136, 46.94777965545654,]
memory-traffic = 3350
