best-result = 952.7111291885376
warmup-time = 1147.614956855774
all-measurements = [ 952.7111291885376, 955.2246716022491, 956.653528213501,]
