best-result = 84.39120721817017
warmup-time = 99.583731174469
all-measurements = [ 84.61470246315002, 84.39817833900452, 84.39120721817017,]
memory-traffic = 7280
