best-result = 80.23523044586182
warmup-time = 102.35208916664124
all-measurements = [ 80.57249069213867, 80.49347281455994, 80.23523044586182,]
