best-result = 70.17089796066284
warmup-time = 95.16211605072021
all-measurements = [ 70.17089796066284, 70.95195579528809, 70.40292382240295,]
memory-traffic = 6113
