best-result = 87.89587092399597
warmup-time = 104.71124625205994
all-measurements = [ 87.89587092399597, 88.59861993789673, 88.90904378890991,]
memory-traffic = 7671
