best-result = 616.1927528381348
warmup-time = 634.6497411727905
all-measurements = [ 616.1927528381348, 620.5629620552063, 617.533509016037,]
memory-traffic = 56322
