best-result = 63.892935037612915
warmup-time = 82.39824938774109
all-measurements = [ 63.892935037612915, 64.4315767288208, 64.33014273643494,]
memory-traffic = 3637
