best-result = 220.396639585495
warmup-time = 376.6808273792267
all-measurements = [ 220.396639585495, 220.98694586753845, 221.01838779449463,]
memory-traffic = 17250
