best-result = 441.82664585113525
warmup-time = 906.847190618515
all-measurements = [ 448.4291317462921, 441.82664585113525, 448.4900779724121,]
memory-traffic = 26233
