best-result = 61.29059314727783
warmup-time = 78.97647786140442
all-measurements = [ 61.29059314727783, 61.88723659515381, 61.73171854019165,]
memory-traffic = 3705
