best-result = 853.8989386558533
warmup-time = 888.5743730068207
all-measurements = [ 853.8989386558533, 855.046558380127, 855.7658877372742,]
memory-traffic = 99655
