best-result = 27.22710871696472
warmup-time = 36.5863983631134
all-measurements = [ 27.22710871696472, 27.33938717842102, 27.35022473335266,]
memory-traffic = 799
