best-result = 57.38925266265869
warmup-time = 72.99673128128052
all-measurements = [ 57.61114954948425, 57.38925266265869, 57.56448817253113,]
memory-traffic = 4003
