best-result = 57.69289493560791
warmup-time = 73.74378204345703
all-measurements = [ 58.13084292411804, 57.879496574401855, 57.69289493560791,]
memory-traffic = 3236
