best-result = 108.85426735877991
warmup-time = 140.6017050743103
all-measurements = [ 108.85426735877991, 109.53602457046509, 109.91229128837585,]
memory-traffic = 10397
