best-result = 775.20317029953
warmup-time = 839.7319133281708
all-measurements = [ 776.0753681659698, 775.20317029953,]
memory-traffic = 68714
