best-result = 33.28525996208191
warmup-time = 44.29538178443909
all-measurements = [ 34.2570903301239, 33.28525996208191, 33.8862509727478,]
memory-traffic = 1312
