best-result = 53.68412947654724
warmup-time = 70.35753989219666
all-measurements = [ 53.68412947654724, 53.93145442008972, 53.74505925178528,]
memory-traffic = 3762
