best-result = 49.006166219711304
warmup-time = 69.83093762397766
all-measurements = [ 49.006166219711304, 49.773460149765015, 49.305827379226685,]
memory-traffic = 3747
