best-result = 80.94863605499268
warmup-time = 102.62249255180359
all-measurements = [ 81.64626574516296, 80.94863605499268, 81.09180784225464,]
memory-traffic = 6615
