best-result = 36.37289905548096
warmup-time = 46.573286294937134
all-measurements = [ 36.37289905548096, 36.498385429382324, 36.425772190093994,]
memory-traffic = 1773
