best-result = 344.23573565483093
warmup-time = 487.41541290283203
all-measurements = [ 347.24577021598816, 344.23573565483093, 352.8229784965515,]
memory-traffic = 34269
