best-result = 124.28529906272888
warmup-time = 126.45897722244263
all-measurements = [ 124.464923620224, 126.26288032531738, 124.28529906272888,]
memory-traffic = 9201
