best-result = 22.50231385231018
warmup-time = 22.7452232837677
all-measurements = [ 23.2445809841156, 22.93640375137329, 22.50231385231018,]
