best-result = 46.86921834945679
warmup-time = 64.16797137260437
all-measurements = [ 46.90058469772339, 46.86921834945679, 46.8988733291626,]
