best-result = 46.24116849899292
warmup-time = 58.00618100166321
all-measurements = [ 46.28432512283325, 46.29249048233032, 46.24116849899292,]
