best-result = 926.4089152812958
warmup-time = 1126.0119919776917
all-measurements = [ 929.3191533088684, 946.6891853809357, 926.4089152812958,]
