best-result = 84.92215824127197
warmup-time = 98.77945017814636
all-measurements = [ 85.92633080482483, 84.92215824127197, 85.18934297561646,]
