best-result = 82.22230648994446
warmup-time = 102.60697293281555
all-measurements = [ 82.44589924812317, 82.7208960056305, 82.22230648994446,]
