best-result = 70.16867327690125
warmup-time = 91.2770140171051
all-measurements = [ 70.61259293556213, 70.16867327690125, 71.38153743743896,]
