best-result = 91.31913566589355
warmup-time = 106.67728924751282
all-measurements = [ 91.9013090133667, 91.92163562774658, 91.31913566589355,]
