best-result = 637.5665674209595
warmup-time = 643.8269121646881
all-measurements = [ 641.2731051445007, 637.5883409976959, 637.5665674209595,]
