best-result = 64.02378273010254
warmup-time = 75.55016899108887
all-measurements = [ 64.69191980361938, 64.02378273010254, 64.18828892707825,]
