best-result = 219.97590804100037
warmup-time = 371.88805770874023
all-measurements = [ 220.0530354976654, 219.97590804100037, 221.8719506263733,]
