best-result = 441.58095812797546
warmup-time = 885.0949990749359
all-measurements = [ 442.6413278579712, 446.6647160053253, 441.58095812797546,]
