best-result = 62.06900668144226
warmup-time = 77.6997926235199
all-measurements = [ 62.06900668144226, 62.16288471221924, 62.45979928970337,]
