best-result = 140.75498342514038
warmup-time = 178.379962682724
all-measurements = [ 140.75498342514038, 141.30128955841064, 140.9287486076355,]
