best-result = 882.5653355121613
warmup-time = 916.818192243576
all-measurements = [ 892.3293607234955, 888.7105910778046, 882.5653355121613,]
