best-result = 27.304710388183594
warmup-time = 35.71631193161011
all-measurements = [ 27.34044647216797, 27.304710388183594, 28.831554174423218,]
