best-result = 58.681334257125854
warmup-time = 72.04934430122375
all-measurements = [ 58.94826579093933, 58.909751653671265, 58.681334257125854,]
