best-result = 59.239840030670166
warmup-time = 74.71354913711548
all-measurements = [ 59.239840030670166, 59.252803802490234, 59.82909440994263,]
