best-result = 110.40936422348022
warmup-time = 139.27594470977783
all-measurements = [ 111.31812644004822, 110.40936422348022, 123.0249125957489,]
