best-result = 789.1555621623993
warmup-time = 863.2139518260956
all-measurements = [ 789.1555621623993, 791.1773490905762, 790.3524789810181,]
