best-result = 33.76321578025818
warmup-time = 42.47299408912659
all-measurements = [ 34.27280521392822, 33.76321578025818, 34.05287265777588,]
