best-result = 54.99096083641052
warmup-time = 71.09759402275085
all-measurements = [ 55.30556559562683, 54.99096083641052, 55.09325289726257,]
