best-result = 2975.3260509967804
warmup-time = 4650.664385557175
all-measurements = [ 3195.7177629470825, 2975.3260509967804, 3324.549131155014,]
