best-result = 49.18466520309448
warmup-time = 71.37990641593933
all-measurements = [ 49.887269735336304, 49.40914297103882, 49.18466520309448,]
