best-result = 78.57516503334045
warmup-time = 97.28380346298218
all-measurements = [ 79.34530234336853, 78.95157670974731, 78.57516503334045,]
