best-result = 37.08112335205078
warmup-time = 46.869006633758545
all-measurements = [ 37.19625425338745, 37.08112335205078, 37.19656324386597,]
