best-result = 351.0366048812866
warmup-time = 495.6453597545624
all-measurements = [ 358.2388138771057, 351.0366048812866, 357.4364814758301,]
