best-result = 59.22905516624451
warmup-time = 60.5798716545105
all-measurements = [ 59.22905516624451, 59.27272868156433, 59.243175983428955,]
