best-result = 25.603352308273315
warmup-time = 26.072364330291748
all-measurements = [ 25.779775381088257, 25.65250873565674, 25.603352308273315,]
