best-result = 36.304149866104126
warmup-time = 37.474674463272095
all-measurements = [ 36.50312900543213, 37.79218626022339, 36.304149866104126,]
