best-result = 32.39146971702576
warmup-time = 31.453502416610718
all-measurements = [ 33.13362455368042, 32.83313822746277, 32.39146971702576,]
