best-result = 264.5761992931366
warmup-time = 271.4062101840973
all-measurements = [ 264.5761992931366, 267.0665638446808, 268.9715528488159,]
