best-result = 36.946022033691406
warmup-time = 38.34828996658325
all-measurements = [ 37.16106462478638, 36.946022033691406, 37.20036220550537,]
