best-result = 42.04528617858887
warmup-time = 42.16255807876587
all-measurements = [ 42.519572496414185, 42.04528617858887, 42.7090060710907,]
