best-result = 49.20539593696594
warmup-time = 51.80401372909546
all-measurements = [ 50.20619535446167, 49.20539593696594, 49.69788575172424,]
