best-result = 34.4390754699707
warmup-time = 34.969056844711304
all-measurements = [ 34.70564103126526, 34.4390754699707, 34.892688035964966,]
