best-result = 37.86375856399536
warmup-time = 38.39454650878906
all-measurements = [ 38.47556209564209, 37.86375856399536, 38.601922273635864,]
