best-result = 64.07870674133301
warmup-time = 66.78719711303711
all-measurements = [ 65.11628365516663, 64.07870674133301, 64.09353709220886,]
