best-result = 228.63635230064392
warmup-time = 232.37783527374268
all-measurements = [ 228.63635230064392, 228.77823209762573, 229.9554831981659,]
