best-result = 524.828412771225
warmup-time = 526.9190857410431
all-measurements = [ 525.9872355461121, 524.828412771225, 525.8101687431335,]
