best-result = 36.83408451080322
warmup-time = 36.845157861709595
all-measurements = [ 38.21300411224365, 37.69293785095215, 36.83408451080322,]
