best-result = 62.926106452941895
warmup-time = 65.02092409133911
all-measurements = [ 62.926106452941895, 63.788336515426636, 64.61203646659851,]
