best-result = 27.052992343902588
warmup-time = 28.097996711730957
all-measurements = [ 28.019338607788086, 29.01156497001648, 27.052992343902588,]
