best-result = 36.29066252708435
warmup-time = 36.313432455062866
all-measurements = [ 36.35582900047302, 36.87097787857056, 36.29066252708435,]
