best-result = 33.33525609970093
warmup-time = 35.30600070953369
all-measurements = [ 34.649507999420166, 33.33525609970093, 33.76958513259888,]
