best-result = 43.655545711517334
warmup-time = 43.215311765670776
all-measurements = [ 44.73236274719238, 45.32829213142395, 43.655545711517334,]
