best-result = 96.93714928627014
warmup-time = 97.38143491744995
all-measurements = [ 96.93714928627014, 98.15528416633606, 98.169109582901,]
