best-result = 28.02785038948059
warmup-time = 28.424708604812622
all-measurements = [ 28.02785038948059, 30.053655862808228, 29.186760187149048,]
