best-result = 34.383618116378784
warmup-time = 35.536378622055054
all-measurements = [ 35.046371936798096, 34.74749565124512, 34.383618116378784,]
