best-result = 88.29826283454895
warmup-time = 93.94221949577332
all-measurements = [ 93.72542190551758, 91.80076217651367, 88.29826283454895,]
