best-result = 40.53095102310181
warmup-time = 40.492106437683105
all-measurements = [ 40.53095102310181, 41.01907420158386, 40.72412824630737,]
