best-result = 42.531872510910034
warmup-time = 45.415557861328125
all-measurements = [ 44.09289622306824, 44.84678030014038, 42.531872510910034,]
