best-result = 28.11313557624817
warmup-time = 29.07893967628479
all-measurements = [ 28.11313557624817, 29.16391134262085, 28.978089094161987,]
