best-result = 679.6038444042206
warmup-time = 720.8501651287079
all-measurements = [ 690.995772600174, 679.6038444042206, 688.5168817043304,]
