best-result = 176.11405777931213
warmup-time = 177.4830985069275
all-measurements = [ 181.4840977191925, 178.21192169189453, 176.11405777931213,]
