best-result = 43.5257625579834
warmup-time = 44.35241723060608
all-measurements = [ 46.02417874336243, 43.5257625579834, 44.19572734832764,]
