best-result = 22.797709465026855
warmup-time = 22.916730880737305
all-measurements = [ 22.920486211776733, 22.797709465026855, 22.937764644622803,]
