best-result = 46.80956745147705
warmup-time = 65.15932250022888
all-measurements = [ 47.41407251358032, 46.80956745147705, 47.734559059143066,]
