best-result = 46.57334017753601
warmup-time = 58.76744771003723
all-measurements = [ 46.57334017753601, 46.66451954841614, 47.362614154815674,]
