best-result = 917.8538868427277
warmup-time = 1136.8699162006378
all-measurements = [ 922.9697380065918, 919.722838640213, 917.8538868427277,]
