best-result = 84.20812678337097
warmup-time = 99.41025829315186
all-measurements = [ 85.72550344467163, 85.27196288108826, 84.20812678337097,]
