best-result = 980.2437210083008
warmup-time = 1008.4711589813232
all-measurements = [ 980.2437210083008, 983.738766670227, 988.4414138793945,]
