best-result = 82.66225171089172
warmup-time = 103.07093501091003
all-measurements = [ 82.66225171089172, 83.71767663955688, 83.0951554775238,]
