best-result = 68.36732149124146
warmup-time = 88.15778684616089
all-measurements = [ 68.7794029712677, 68.62279295921326, 68.36732149124146,]
