best-result = 91.3243978023529
warmup-time = 105.4980788230896
all-measurements = [ 91.3243978023529, 92.43029880523682, 91.79059553146362,]
