best-result = 651.0217497348785
warmup-time = 663.8271071910858
all-measurements = [ 651.8033254146576, 651.0217497348785, 653.3906445503235,]
