best-result = 63.633357524871826
warmup-time = 78.79501247406006
all-measurements = [ 63.633357524871826, 63.794100522994995, 63.73573088645935,]
