best-result = 209.23639607429504
warmup-time = 368.1337196826935
all-measurements = [ 209.91043210029602, 210.9012668132782, 209.23639607429504,]
