best-result = 425.79476714134216
warmup-time = 870.5767993927002
all-measurements = [ 425.79476714134216, 426.06904339790344, 430.7151584625244,]
