best-result = 62.26498317718506
warmup-time = 76.88926601409912
all-measurements = [ 63.14893651008606, 62.55730128288269, 62.26498317718506,]
