best-result = 39.63613176345825
warmup-time = 48.04551601409912
all-measurements = [ 40.34718728065491, 39.63613176345825, 39.81183075904846,]
