best-result = 138.524165391922
warmup-time = 166.84988975524902
all-measurements = [ 139.70887446403503, 138.77931141853333, 138.524165391922,]
