best-result = 906.0383274555206
warmup-time = 931.6405687332153
all-measurements = [ 931.7617042064667, 907.1299026012421, 906.0383274555206,]
