best-result = 27.47889494895935
warmup-time = 37.401023387908936
all-measurements = [ 27.47889494895935, 27.787227630615234, 27.50027060508728,]
