best-result = 57.71601939201355
warmup-time = 71.44224572181702
all-measurements = [ 57.71601939201355, 57.965113162994385, 57.882572889328,]
