best-result = 59.31653881072998
warmup-time = 73.49269676208496
all-measurements = [ 59.581857204437256, 59.84304666519165, 59.31653881072998,]
