best-result = 111.23538112640381
warmup-time = 140.12074613571167
all-measurements = [ 111.23538112640381, 111.62750005722046, 111.97848796844482,]
