best-result = 785.305525302887
warmup-time = 855.3715174198151
all-measurements = [ 787.90358710289, 785.4138226509094, 785.305525302887,]
