best-result = 33.892247438430786
warmup-time = 40.98575830459595
all-measurements = [ 34.18041253089905, 34.072293519973755, 33.892247438430786,]
