best-result = 55.15548038482666
warmup-time = 71.11045455932617
all-measurements = [ 55.7178430557251, 55.15548038482666, 55.296414852142334,]
