best-result = 1483.8920648097992
warmup-time = 2018.008977651596
all-measurements = [ 1483.8920648097992, 1705.8964169025421, 1967.139753818512,]
