best-result = 48.570188760757446
warmup-time = 71.23756504058838
all-measurements = [ 48.91277360916138, 49.29971528053284, 48.570188760757446,]
