best-result = 77.55918264389038
warmup-time = 98.92832136154175
all-measurements = [ 78.89485931396484, 77.82176852226257, 77.55918264389038,]
