best-result = 36.902621030807495
warmup-time = 46.08330583572388
all-measurements = [ 36.91938090324402, 36.902621030807495, 37.27886962890625,]
