best-result = 348.0347754955292
warmup-time = 491.4572422504425
all-measurements = [ 348.0347754955292, 351.73737597465515, 351.8723621368408,]
