best-result = 59.31955432891846
warmup-time = 59.89812421798706
all-measurements = [ 59.8714861869812, 59.7901930809021, 59.31955432891846,]
