best-result = 22.911258697509766
warmup-time = 23.001158475875854
all-measurements = [ 23.064582586288452, 23.025713682174683, 22.911258697509766,]
