best-result = 46.46286916732788
warmup-time = 64.6009726524353
all-measurements = [ 46.46286916732788, 46.52374863624573, 47.32789063453674,]
