best-result = 45.97434449195862
warmup-time = 58.57504224777222
all-measurements = [ 46.71638798713684, 45.97434449195862, 46.344635009765625,]
