best-result = 907.375013589859
warmup-time = 1123.6051316261292
all-measurements = [ 907.375013589859, 912.1297194957733, 936.6569097042084,]
