best-result = 84.96079134941101
warmup-time = 100.56641721725464
all-measurements = [ 86.19093084335327, 84.96079134941101, 86.21255397796631,]
