best-result = 990.2618589401245
warmup-time = 1015.1298043727875
all-measurements = [ 990.5776863098145, 990.2618589401245, 995.1086854934692,]
