best-result = 82.45011758804321
warmup-time = 103.24814081192017
all-measurements = [ 83.01198244094849, 82.45011758804321, 83.7592248916626,]
