best-result = 67.89301204681396
warmup-time = 88.11063742637634
all-measurements = [ 67.89301204681396, 68.0380642414093, 67.95560002326965,]
