best-result = 91.73267149925232
warmup-time = 106.57006692886353
all-measurements = [ 92.09820032119751, 91.73267149925232, 92.13709592819214,]
