best-result = 651.7862665653229
warmup-time = 664.2608358860016
all-measurements = [ 653.815009355545, 657.444935798645, 651.7862665653229,]
