best-result = 61.857829570770264
warmup-time = 79.15509629249573
all-measurements = [ 62.33927631378174, 61.857829570770264, 61.87306880950928,]
