best-result = 209.58829879760742
warmup-time = 362.5130910873413
all-measurements = [ 209.58829879760742, 211.5738763809204, 209.8057885169983,]
