best-result = 426.53860569000244
warmup-time = 869.5743944644928
all-measurements = [ 434.617311000824, 445.80156564712524, 426.53860569000244,]
