best-result = 61.91364359855652
warmup-time = 78.22510552406311
all-measurements = [ 62.825063705444336, 61.91364359855652, 62.34788465499878,]
