best-result = 39.800777196884155
warmup-time = 48.70014452934265
all-measurements = [ 40.17227244377136, 39.889469385147095, 39.800777196884155,]
