best-result = 136.2275140285492
warmup-time = 165.89551997184753
all-measurements = [ 136.2275140285492, 137.72359895706177, 136.7332479953766,]
