best-result = 906.4218647480011
warmup-time = 939.4643621444702
all-measurements = [ 909.3434720039368, 906.4218647480011, 909.5257570743561,]
