best-result = 27.38408899307251
warmup-time = 36.27995729446411
all-measurements = [ 27.72558617591858, 27.38408899307251, 27.7255859375,]
