best-result = 57.76493787765503
warmup-time = 67.78945755958557
all-measurements = [ 58.12378907203674, 57.76493787765503, 57.83795666694641,]
