best-result = 59.14468717575073
warmup-time = 73.52037191390991
all-measurements = [ 59.14468717575073, 60.06513857841492, 60.39281249046326,]
