best-result = 111.00116348266602
warmup-time = 137.81176042556763
all-measurements = [ 111.05774784088135, 111.00116348266602, 111.11756706237793,]
