best-result = 782.9511952400208
warmup-time = 850.7578628063202
all-measurements = [ 782.9511952400208, 784.0250923633575, 784.0652437210083,]
