best-result = 33.938345193862915
warmup-time = 40.893885135650635
all-measurements = [ 33.938345193862915, 34.03793716430664, 34.16414499282837,]
