best-result = 55.33663535118103
warmup-time = 73.03009867668152
all-measurements = [ 55.58189797401428, 55.88328981399536, 55.33663535118103,]
