best-result = 1589.187421321869
warmup-time = 1748.0218653678894
all-measurements = [ 1633.201179265976, 1863.3803493976593, 1589.187421321869,]
