best-result = 48.347815990448
warmup-time = 68.77996492385864
all-measurements = [ 48.347815990448, 49.004870891571045, 48.43081974983215,]
