best-result = 78.22614169120789
warmup-time = 96.88490629196167
all-measurements = [ 78.43851661682129, 78.22614169120789, 79.2804114818573,]
