best-result = 36.892449617385864
warmup-time = 46.70865345001221
all-measurements = [ 37.15191650390625, 36.892449617385864, 37.81255507469177,]
