best-result = 349.90397024154663
warmup-time = 486.68538451194763
all-measurements = [ 349.90397024154663, 355.2250244617462, 354.4905002117157,]
