best-result = 59.081334352493286
warmup-time = 59.79994988441467
all-measurements = [ 59.54075884819031, 59.081334352493286, 59.78049445152283,]
