best-result = 25.743677139282227
warmup-time = 26.123074054718018
all-measurements = [ 25.743677139282227, 26.10731554031372, 26.252832174301147,]
