best-result = 37.992098808288574
warmup-time = 38.79721450805664
all-measurements = [ 39.12844181060791, 37.992098808288574, 38.53940010070801,]
