best-result = 31.811535596847534
warmup-time = 32.45988750457764
all-measurements = [ 31.811535596847534, 33.133121967315674, 32.45028114318848,]
