best-result = 281.6127562522888
warmup-time = 284.45156836509705
all-measurements = [ 281.6127562522888, 285.43472266197205, 285.7377369403839,]
