best-result = 36.36462998390198
warmup-time = 35.179489850997925
all-measurements = [ 37.0307879447937, 38.22047305107117, 36.36462998390198,]
