best-result = 43.43065071105957
warmup-time = 43.943907737731934
all-measurements = [ 43.43065071105957, 45.51022815704346, 44.496474504470825,]
