best-result = 51.78582000732422
warmup-time = 52.27086853981018
all-measurements = [ 51.78582000732422, 52.241395711898804, 53.162859201431274,]
