best-result = 34.7590606212616
warmup-time = 34.6204719543457
all-measurements = [ 36.32755470275879, 34.7590606212616, 35.08965730667114,]
