best-result = 38.153069734573364
warmup-time = 38.78337740898132
all-measurements = [ 39.563340187072754, 38.153069734573364, 39.15728735923767,]
