best-result = 58.23427700996399
warmup-time = 62.29287385940552
all-measurements = [ 61.2381112575531, 59.86779856681824, 58.23427700996399,]
