best-result = 247.45355081558228
warmup-time = 253.48417973518372
all-measurements = [ 249.16769075393677, 248.29638123512268, 247.45355081558228,]
