best-result = 576.9360857009888
warmup-time = 581.0267324447632
all-measurements = [ 577.6662356853485, 576.9360857009888, 577.6298220157623,]
