best-result = 36.36413908004761
warmup-time = 36.84608006477356
all-measurements = [ 37.191041469573975, 36.36413908004761, 38.330058336257935,]
