best-result = 65.56269240379333
warmup-time = 67.96079206466675
all-measurements = [ 67.84096908569336, 65.56269240379333, 65.94899725914001,]
