best-result = 27.895873308181763
warmup-time = 28.57367491722107
all-measurements = [ 27.895873308181763, 28.68005061149597, 28.359102725982666,]
