best-result = 34.150911808013916
warmup-time = 34.12403440475464
all-measurements = [ 34.150911808013916, 36.86639332771301, 37.11145782470703,]
