best-result = 33.64582133293152
warmup-time = 33.02788543701172
all-measurements = [ 34.10032081604004, 33.64582133293152, 34.006038665771484,]
