best-result = 42.939327239990234
warmup-time = 45.901854515075684
all-measurements = [ 44.94638991355896, 42.939327239990234, 44.46861982345581,]
