best-result = 102.62105631828308
warmup-time = 103.93866920471191
all-measurements = [ 102.62105631828308, 103.8722517490387, 103.36237287521362,]
