best-result = 28.21890902519226
warmup-time = 29.649139881134033
all-measurements = [ 29.3939208984375, 29.13043999671936, 28.21890902519226,]
