best-result = 35.380622148513794
warmup-time = 35.05802655220032
all-measurements = [ 36.08866906166077, 35.380622148513794, 36.73186707496643,]
