best-result = 39.51334762573242
warmup-time = 41.60284876823425
all-measurements = [ 39.51334762573242, 41.603697776794434, 42.23048710823059,]
