best-result = 43.6373074054718
warmup-time = 45.28173828125
all-measurements = [ 46.67766737937927, 43.90004348754883, 43.6373074054718,]
