best-result = 28.640146017074585
warmup-time = 28.294008016586304
all-measurements = [ 28.803087949752808, 28.640146017074585, 28.729028701782227,]
