best-result = 719.5512933731079
warmup-time = 727.5191028118134
all-measurements = [ 733.6459786891937, 719.5512933731079, 719.8974533081055,]
