best-result = 189.45010781288147
warmup-time = 194.621577501297
all-measurements = [ 189.45010781288147, 193.43645215034485, 190.21689343452454,]
