best-result = 44.08550524711609
warmup-time = 44.11196756362915
all-measurements = [ 46.330039739608765, 44.08550524711609, 45.304213762283325,]
