best-result = 23.442146062850952
warmup-time = 23.486547231674194
all-measurements = [ 23.442146062850952, 23.74719262123108, 23.442890882492065,]
