best-result = 46.92103290557861
warmup-time = 62.06868886947632
all-measurements = [ 47.45926022529602, 46.92103290557861, 47.61974883079529,]
