best-result = 47.42923831939697
warmup-time = 58.748183727264404
all-measurements = [ 48.05631232261658, 47.42923831939697, 47.72003746032715,]
