best-result = 899.9501984119415
warmup-time = 1090.5665345191956
all-measurements = [ 899.9501984119415, 909.9101934432983, 902.34916639328,]
