best-result = 86.03416872024536
warmup-time = 99.95059776306152
all-measurements = [ 86.59416103363037, 86.18511915206909, 86.03416872024536,]
