best-result = 989.6286890506744
warmup-time = 1019.9095396995544
all-measurements = [ 989.6286890506744, 992.110226392746, 992.8568716049194,]
