best-result = 65.94299006462097
warmup-time = 81.61448407173157
all-measurements = [ 66.33936858177185, 65.94299006462097, 66.12799644470215,]
