best-result = 83.79384732246399
warmup-time = 103.83696055412292
all-measurements = [ 84.86007165908813, 84.85422492027283, 83.79384732246399,]
