best-result = 68.15134906768799
warmup-time = 87.58328628540039
all-measurements = [ 68.47660684585571, 68.81268429756165, 68.15134906768799,]
