best-result = 91.77524185180664
warmup-time = 106.89267253875732
all-measurements = [ 92.15012645721436, 91.77524185180664, 92.16949486732483,]
