best-result = 644.4506287574768
warmup-time = 660.1476194858551
all-measurements = [ 645.7743294239044, 646.1186215877533, 644.4506287574768,]
