best-result = 62.9376335144043
warmup-time = 77.13418197631836
all-measurements = [ 62.9376335144043, 62.96340012550354, 63.26462960243225,]
