best-result = 190.72479844093323
warmup-time = 344.28027844429016
all-measurements = [ 194.9352478981018, 190.72479844093323, 191.00510263442993,]
