best-result = 384.6281521320343
warmup-time = 829.1764612197876
all-measurements = [ 384.6281521320343, 384.7784414291382, 385.76716709136963,]
