best-result = 63.03751230239868
warmup-time = 80.70671033859253
all-measurements = [ 63.68152952194214, 63.03751230239868, 63.227478981018066,]
