best-result = 40.463353395462036
warmup-time = 47.96828556060791
all-measurements = [ 41.39776563644409, 41.03008222579956, 40.463353395462036,]
