best-result = 135.4368336200714
warmup-time = 164.57135772705078
all-measurements = [ 135.8979468345642, 136.1273512840271, 135.4368336200714,]
