best-result = 930.8930237293243
warmup-time = 955.8079259395599
all-measurements = [ 934.6739439964294, 943.7714850902557, 930.8930237293243,]
