best-result = 28.510860919952393
warmup-time = 38.483137369155884
all-measurements = [ 28.510860919952393, 28.68074870109558, 28.534140586853027,]
