best-result = 59.10925340652466
warmup-time = 72.97233986854553
all-measurements = [ 59.57782745361328, 59.10925340652466, 59.78821563720703,]
