best-result = 61.04808759689331
warmup-time = 73.28329563140869
all-measurements = [ 61.343573331832886, 61.225629568099976, 61.04808759689331,]
