best-result = 110.11550402641296
warmup-time = 138.16009998321533
all-measurements = [ 110.97297215461731, 111.17763543128967, 110.11550402641296,]
