best-result = 773.2228095531464
warmup-time = 842.5876834392548
all-measurements = [ 773.2228095531464, 774.6662981510162, 779.4911682605743,]
