best-result = 34.43335747718811
warmup-time = 41.312824964523315
all-measurements = [ 34.43335747718811, 34.46839499473572, 34.94000244140625,]
