best-result = 56.01379704475403
warmup-time = 71.32355046272278
all-measurements = [ 56.366100549697876, 56.01379704475403, 56.43756890296936,]
