best-result = 2108.7135264873505
warmup-time = 2081.6936526298523
all-measurements = [ 2234.5269083976746, 2108.7135264873505, 2391.492395877838,]
