best-result = 49.681121826171875
warmup-time = 69.50404524803162
all-measurements = [ 49.9378023147583, 49.681121826171875, 50.10641288757324,]
