best-result = 83.51194286346436
warmup-time = 101.80452537536621
all-measurements = [ 83.6142930984497, 83.51194286346436, 84.2589807510376,]
