best-result = 94.24096822738647
warmup-time = 115.55749893188477
all-measurements = [ 94.24096822738647, 94.54779195785522, 94.42690372467041,]
