best-result = 38.2778582572937
warmup-time = 47.15245985984802
all-measurements = [ 38.2778582572937, 38.348714113235474, 38.55160403251648,]
