best-result = 310.46914291381836
warmup-time = 447.6370358467102
all-measurements = [ 318.9188621044159, 310.46914291381836, 318.37006855010986,]
