best-result = 60.759360551834106
warmup-time = 61.38486623764038
all-measurements = [ 61.403331995010376, 60.759360551834106, 60.91224431991577,]
