best-result = 24.603575706481934
warmup-time = 25.063334941864014
all-measurements = [ 25.01216220855713, 24.603575706481934, 24.87857699394226,]
