best-result = 34.09846377372742
warmup-time = 39.17972183227539
all-measurements = [ 34.09846377372742, 34.92109251022339, 37.14558529853821,]
