best-result = 31.35149312019348
warmup-time = 31.48551845550537
all-measurements = [ 31.582786083221436, 31.35149312019348, 32.2282919883728,]
