best-result = 270.94280672073364
warmup-time = 277.36744451522827
all-measurements = [ 276.2061343193054, 270.94280672073364, 271.8687801361084,]
