best-result = 35.82501268386841
warmup-time = 36.64153575897217
all-measurements = [ 36.03053092956543, 36.53542518615723, 35.82501268386841,]
