best-result = 40.6497118473053
warmup-time = 39.2756609916687
all-measurements = [ 40.6497118473053, 42.377230405807495, 41.596867084503174,]
