best-result = 50.03200888633728
warmup-time = 51.791422605514526
all-measurements = [ 50.03200888633728, 50.48006057739258, 51.48165488243103,]
