best-result = 33.38066649436951
warmup-time = 32.67108988761902
all-measurements = [ 33.38066649436951, 34.24220895767212, 33.597686529159546,]
