best-result = 36.918309450149536
warmup-time = 37.29743146896362
all-measurements = [ 37.63126087188721, 36.918309450149536, 37.9659481048584,]
