best-result = 56.99578237533569
warmup-time = 61.64949131011963
all-measurements = [ 60.42402005195618, 56.99578237533569, 61.329453229904175,]
