best-result = 239.7802336215973
warmup-time = 243.16665053367615
all-measurements = [ 243.83095383644104, 242.49064803123474, 239.7802336215973,]
