best-result = 544.1825180053711
warmup-time = 546.5882620811462
all-measurements = [ 544.1825180053711, 546.4724531173706, 546.3487997055054,]
