best-result = 35.274571895599365
warmup-time = 35.0001425743103
all-measurements = [ 35.43250823020935, 35.274571895599365, 36.34719371795654,]
