best-result = 64.27200317382812
warmup-time = 64.55043292045593
all-measurements = [ 64.27200317382812, 65.25185561180115, 65.59027814865112,]
