best-result = 26.914482355117798
warmup-time = 27.86431121826172
all-measurements = [ 27.85725998878479, 26.914482355117798, 27.224788188934326,]
