best-result = 35.647034645080566
warmup-time = 35.45499563217163
all-measurements = [ 36.41054582595825, 35.647034645080566, 36.11136865615845,]
