best-result = 33.24831485748291
warmup-time = 33.37166500091553
all-measurements = [ 33.24831485748291, 33.26804065704346, 33.418803453445435,]
