best-result = 41.4999737739563
warmup-time = 42.693506956100464
all-measurements = [ 41.4999737739563, 42.398966550827026, 43.74141335487366,]
