best-result = 98.24921202659607
warmup-time = 102.4247510433197
all-measurements = [ 99.90136528015137, 98.24921202659607, 99.21002626419067,]
