best-result = 28.11506199836731
warmup-time = 28.83055090904236
all-measurements = [ 28.11506199836731, 28.15041971206665, 28.55914831161499,]
