best-result = 33.2458119392395
warmup-time = 34.079885482788086
all-measurements = [ 33.60210061073303, 33.2458119392395, 33.97044372558594,]
