best-result = 38.94662022590637
warmup-time = 38.48778939247131
all-measurements = [ 38.94662022590637, 39.116424560546875, 40.59661030769348,]
