best-result = 41.56118035316467
warmup-time = 46.086352586746216
all-measurements = [ 41.56118035316467, 44.232983350753784, 45.9820237159729,]
