best-result = 27.781434059143066
warmup-time = 28.090025663375854
all-measurements = [ 27.781434059143066, 27.918094635009766, 27.84062123298645,]
