best-result = 697.3746631145477
warmup-time = 705.5156528949738
all-measurements = [ 703.0903556346893, 697.3746631145477, 698.783148765564,]
