best-result = 180.0036654472351
warmup-time = 183.290452003479
all-measurements = [ 183.5137174129486, 180.0036654472351, 184.57031440734863,]
