best-result = 43.15434694290161
warmup-time = 43.576332807540894
all-measurements = [ 43.354106187820435, 43.15434694290161, 45.62318444252014,]
