best-result = 25.401764631271362
warmup-time = 25.971699714660645
all-measurements = [ 26.39388942718506, 26.89950180053711, 25.401764631271362,]
