best-result = 35.39841079711914
warmup-time = 38.00163149833679
all-measurements = [ 35.39841079711914, 37.87683415412903, 36.88050103187561,]
