best-result = 30.188217878341675
warmup-time = 30.311550617218018
all-measurements = [ 31.29995560646057, 30.188217878341675, 30.85739541053772,]
