best-result = 255.44213271141052
warmup-time = 263.4575686454773
all-measurements = [ 261.4336898326874, 256.5733132362366, 255.44213271141052,]
