best-result = 35.823156118392944
warmup-time = 36.60896301269531
all-measurements = [ 36.2041540145874, 35.823156118392944, 36.78070569038391,]
