best-result = 110.02117490768433
warmup-time = 114.65886926651001
all-measurements = [ 110.02117490768433, 115.32706260681152, 110.36768817901611,]
