best-result = 40.36249828338623
warmup-time = 40.9468297958374
all-measurements = [ 41.95290422439575, 41.78314399719238, 40.36249828338623,]
