best-result = 46.41226673126221
warmup-time = 48.028252840042114
all-measurements = [ 47.42656850814819, 47.10982084274292, 46.41226673126221,]
