best-result = 32.687548875808716
warmup-time = 34.43473243713379
all-measurements = [ 33.40548849105835, 33.877742290496826, 32.687548875808716,]
