best-result = 36.5199818611145
warmup-time = 37.919002056121826
all-measurements = [ 36.5199818611145, 36.91642355918884, 37.51928210258484,]
