best-result = 59.91677451133728
warmup-time = 61.023794174194336
all-measurements = [ 63.563687324523926, 64.08465337753296, 59.91677451133728,]
