best-result = 223.93971347808838
warmup-time = 228.55373811721802
all-measurements = [ 223.93971347808838, 224.98074960708618, 224.32851839065552,]
