best-result = 512.5168879032135
warmup-time = 519.0468740463257
all-measurements = [ 512.5168879032135, 531.5751638412476, 514.4645864963531,]
