best-result = 35.22449779510498
warmup-time = 37.764756202697754
all-measurements = [ 35.89065599441528, 35.22449779510498, 37.83727478981018,]
