best-result = 28.547937870025635
warmup-time = 29.070398807525635
all-measurements = [ 28.750197887420654, 28.547937870025635, 28.549384832382202,]
