best-result = 72.75605821609497
warmup-time = 68.98466730117798
all-measurements = [ 76.05635786056519, 72.75605821609497, 74.10126256942749,]
