best-result = 60.24523138999939
warmup-time = 61.473790884017944
all-measurements = [ 61.8019597530365, 60.886128664016724, 60.24523138999939,]
