best-result = 26.723722457885742
warmup-time = 27.950878143310547
all-measurements = [ 29.374992609024048, 28.504232168197632, 26.723722457885742,]
