best-result = 31.867157697677612
warmup-time = 34.736656665802
all-measurements = [ 32.15448069572449, 34.802825927734375, 31.867157697677612,]
