best-result = 32.77079963684082
warmup-time = 34.245620250701904
all-measurements = [ 32.77079963684082, 32.994388818740845, 33.82909154891968,]
