best-result = 42.21773624420166
warmup-time = 42.391403913497925
all-measurements = [ 42.21773624420166, 45.153903007507324, 42.596750020980835,]
