best-result = 93.82371783256531
warmup-time = 96.95953845977783
all-measurements = [ 95.04274892807007, 95.22900485992432, 93.82371783256531,]
