best-result = 27.03970980644226
warmup-time = 28.255241870880127
all-measurements = [ 28.7430157661438, 27.327811241149902, 27.03970980644226,]
