best-result = 33.26419806480408
warmup-time = 34.57857298851013
all-measurements = [ 33.76522779464722, 33.83833646774292, 33.26419806480408,]
