best-result = 86.3516731262207
warmup-time = 96.397696018219
all-measurements = [ 86.3516731262207, 90.67301082611084, 86.80564284324646,]
