best-result = 37.774903535842896
warmup-time = 39.80747890472412
all-measurements = [ 38.047154903411865, 39.75307512283325, 37.774903535842896,]
