best-result = 43.31235671043396
warmup-time = 45.688021183013916
all-measurements = [ 43.31235671043396, 45.12243032455444, 45.50835061073303,]
