best-result = 27.753432035446167
warmup-time = 28.77104687690735
all-measurements = [ 27.95829200744629, 28.687631845474243, 27.753432035446167,]
