best-result = 650.3076374530792
warmup-time = 681.9517738819122
all-measurements = [ 657.9409091472626, 654.0193057060242, 650.3076374530792,]
