best-result = 171.42862367630005
warmup-time = 172.2968714237213
all-measurements = [ 171.42862367630005, 173.52928042411804, 173.38271975517273,]
