best-result = 59.36276578903198
warmup-time = 58.41507315635681
all-measurements = [ 64.92577028274536, 67.86144018173218, 59.36276578903198,]
