best-result = 22.86116886138916
warmup-time = 22.960741758346558
all-measurements = [ 22.922731637954712, 23.068845748901367, 22.86116886138916,]
