best-result = 46.446674823760986
warmup-time = 63.21550631523132
all-measurements = [ 46.446674823760986, 46.62276792526245, 47.13525032997131,]
