best-result = 46.355530977249146
warmup-time = 57.67396688461304
all-measurements = [ 46.355530977249146, 46.47880411148071, 46.416696548461914,]
