best-result = 891.5214080810547
warmup-time = 1113.3062708377838
all-measurements = [ 894.9198505878448, 891.5214080810547, 894.9378957748413,]
