best-result = 84.51057052612305
warmup-time = 98.57362079620361
all-measurements = [ 85.34546709060669, 84.51057052612305, 85.1029679775238,]
