best-result = 980.8943958282471
warmup-time = 1006.3699851036072
all-measurements = [ 981.6218147277832, 982.335223197937, 980.8943958282471,]
