best-result = 81.8972020149231
warmup-time = 104.69204926490784
all-measurements = [ 82.89593172073364, 82.47954154014587, 81.8972020149231,]
