best-result = 67.3379921913147
warmup-time = 86.76310133934021
all-measurements = [ 67.90548610687256, 67.3379921913147, 67.61038613319397,]
