best-result = 91.01215362548828
warmup-time = 105.40070629119873
all-measurements = [ 91.46795201301575, 92.07623195648193, 91.01215362548828,]
