best-result = 642.8159999847412
warmup-time = 661.8377964496613
all-measurements = [ 642.8159999847412, 667.2148849964142, 644.69402384758,]
