best-result = 61.38439059257507
warmup-time = 79.31761145591736
all-measurements = [ 61.79578900337219, 61.38439059257507, 61.562456130981445,]
