best-result = 204.92491054534912
warmup-time = 363.9523572921753
all-measurements = [ 206.1527280807495, 205.44586277008057, 204.92491054534912,]
