best-result = 420.2293975353241
warmup-time = 860.110093832016
all-measurements = [ 420.2293975353241, 424.41809368133545, 423.9875113964081,]
