best-result = 61.875205755233765
warmup-time = 81.52468419075012
all-measurements = [ 62.03055787086487, 62.27779817581177, 61.875205755233765,]
