best-result = 39.9692280292511
warmup-time = 47.545320987701416
all-measurements = [ 39.978636503219604, 40.26266384124756, 39.9692280292511,]
