best-result = 134.2844753265381
warmup-time = 167.62869501113892
all-measurements = [ 134.62439155578613, 135.1400306224823, 134.2844753265381,]
