best-result = 897.1851847171783
warmup-time = 923.9536745548248
all-measurements = [ 897.1851847171783, 903.2453773021698, 900.3004765510559,]
