best-result = 27.92994475364685
warmup-time = 36.631232500076294
all-measurements = [ 27.969549417495728, 27.92994475364685, 27.947317123413086,]
