best-result = 62.85110640525818
warmup-time = 69.92394280433655
all-measurements = [ 64.98729419708252, 65.40540289878845, 62.85110640525818,]
