best-result = 59.207311153411865
warmup-time = 74.67306780815125
all-measurements = [ 59.26730704307556, 59.56933522224426, 59.207311153411865,]
