best-result = 108.84952688217163
warmup-time = 137.13742232322693
all-measurements = [ 110.13954067230225, 109.79160499572754, 108.84952688217163,]
