best-result = 776.4352512359619
warmup-time = 843.3537619113922
all-measurements = [ 776.5321447849274, 776.9770421981812, 776.4352512359619,]
