best-result = 33.891528606414795
warmup-time = 42.4887969493866
all-measurements = [ 33.891528606414795, 34.00231170654297, 34.548434019088745,]
