best-result = 55.0986590385437
warmup-time = 70.03997468948364
all-measurements = [ 56.01315498352051, 55.418482542037964, 55.0986590385437,]
