best-result = 1702.0257654190063
warmup-time = 1960.1100597381592
all-measurements = [ 1702.0257654190063, 2516.22904920578, 1828.5588977336884,]
