best-result = 48.20210123062134
warmup-time = 69.69990921020508
all-measurements = [ 48.499319314956665, 48.20210123062134, 48.33980584144592,]
