best-result = 77.93634819984436
warmup-time = 96.60065960884094
all-measurements = [ 78.10780644416809, 78.16165947914124, 77.93634819984436,]
