best-result = 36.711429595947266
warmup-time = 45.86584210395813
all-measurements = [ 37.27542996406555, 36.711429595947266, 37.737762451171875,]
