best-result = 331.78011417388916
warmup-time = 470.70946073532104
all-measurements = [ 333.6449987888336, 331.78011417388916, 332.29702591896057,]
