best-result = 58.14305830001831
warmup-time = 59.475794076919556
all-measurements = [ 58.490142822265625, 58.14305830001831, 58.17468857765198,]
