best-result = 24.087358713150024
warmup-time = 24.212374210357666
all-measurements = [ 24.333728075027466, 24.087358713150024, 24.32188105583191,]
