best-result = 47.63479518890381
warmup-time = 64.5617847442627
all-measurements = [ 47.916898012161255, 48.05873394012451, 47.63479518890381,]
