best-result = 47.70949363708496
warmup-time = 60.01522207260132
all-measurements = [ 47.87756323814392, 47.70949363708496, 47.94424653053284,]
