best-result = 909.863706111908
warmup-time = 1070.2116146087646
all-measurements = [ 914.2044780254364, 912.8971343040466, 909.863706111908,]
