best-result = 85.73606514930725
warmup-time = 98.95882534980774
all-measurements = [ 85.73606514930725, 86.92164707183838, 86.27439379692078,]
