best-result = 886.5558369159698
warmup-time = 909.8292713165283
all-measurements = [ 886.7704501152039, 886.5558369159698, 888.0649092197418,]
