best-result = 67.98099541664124
warmup-time = 83.07800817489624
all-measurements = [ 68.46712279319763, 68.15501260757446, 67.98099541664124,]
