best-result = 85.40153336524963
warmup-time = 106.52794623374939
all-measurements = [ 85.98895001411438, 85.40153336524963, 86.01128244400024,]
