best-result = 70.03779768943787
warmup-time = 89.88853597640991
all-measurements = [ 70.03779768943787, 70.07730865478516, 70.5664165019989,]
