best-result = 88.760582447052
warmup-time = 101.54781484603882
all-measurements = [ 89.75648713111877, 88.760582447052, 89.05772876739502,]
