best-result = 654.6827709674835
warmup-time = 672.5136744976044
all-measurements = [ 669.4013304710388, 654.6827709674835, 656.241192817688,]
