best-result = 64.18812608718872
warmup-time = 78.00031661987305
all-measurements = [ 64.18812608718872, 64.65610313415527, 64.56821417808533,]
