best-result = 193.75221824645996
warmup-time = 345.960453748703
all-measurements = [ 193.75221824645996, 194.48807454109192, 193.7902798652649,]
