best-result = 394.55335807800293
warmup-time = 823.6664717197418
all-measurements = [ 394.56662011146545, 394.55335807800293, 395.3016951084137,]
