best-result = 64.2686915397644
warmup-time = 79.48689556121826
all-measurements = [ 65.16507196426392, 64.63164949417114, 64.2686915397644,]
