best-result = 41.665201902389526
warmup-time = 49.682568311691284
all-measurements = [ 41.993741035461426, 41.665201902389526, 41.82864189147949,]
