best-result = 136.72735047340393
warmup-time = 169.66020894050598
all-measurements = [ 137.78869199752808, 136.72735047340393, 138.43489408493042,]
