best-result = 935.6292514801025
warmup-time = 965.682204246521
all-measurements = [ 941.4573132991791, 937.6413593292236, 935.6292514801025,]
