best-result = 28.859259128570557
warmup-time = 37.66735005378723
all-measurements = [ 29.14586329460144, 28.859259128570557, 29.502456426620483,]
