best-result = 60.273101568222046
warmup-time = 73.21099662780762
all-measurements = [ 61.02725052833557, 60.273101568222046, 60.74043321609497,]
