best-result = 60.88283824920654
warmup-time = 74.6122407913208
all-measurements = [ 61.9583842754364, 61.602052211761475, 60.88283824920654,]
