best-result = 110.13591408729553
warmup-time = 137.61695289611816
all-measurements = [ 111.04545402526855, 110.13591408729553, 112.05941414833069,]
