best-result = 775.6930637359619
warmup-time = 851.9683208465576
all-measurements = [ 775.6930637359619, 783.3894119262695, 778.516001701355,]
