best-result = 35.4567608833313
warmup-time = 42.63551712036133
all-measurements = [ 35.706355810165405, 35.50718379020691, 35.4567608833313,]
