best-result = 57.14608407020569
warmup-time = 73.47943449020386
all-measurements = [ 57.932958364486694, 57.88553237915039, 57.14608407020569,]
