best-result = 2288.1029155254364
warmup-time = 2488.529651403427
all-measurements = [ 2295.476944923401, 2288.1029155254364, 2686.3239781856537,]
