best-result = 50.39727425575256
warmup-time = 72.08075380325317
all-measurements = [ 50.39727425575256, 50.52594780921936, 50.55303883552551,]
