best-result = 83.86551308631897
warmup-time = 101.86455583572388
all-measurements = [ 84.30191087722778, 83.86551308631897, 83.9337568283081,]
