best-result = 94.32407569885254
warmup-time = 117.20980715751648
all-measurements = [ 94.76045417785645, 94.32683777809143, 94.32407569885254,]
