best-result = 39.095690965652466
warmup-time = 48.86226725578308
all-measurements = [ 39.39352250099182, 39.28110671043396, 39.095690965652466,]
