best-result = 309.6016626358032
warmup-time = 456.4576461315155
all-measurements = [ 320.131067276001, 309.6016626358032, 327.76671957969666,]
