best-result = 62.27323055267334
warmup-time = 62.70173501968384
all-measurements = [ 62.43150305747986, 63.04386281967163, 62.27323055267334,]
