best-result = 25.015748262405396
warmup-time = 25.584758281707764
all-measurements = [ 25.015748262405396, 25.278651475906372, 25.519384384155273,]
