best-result = 35.265706300735474
warmup-time = 39.535484075546265
all-measurements = [ 38.095481157302856, 35.265706300735474, 37.981847524642944,]
