best-result = 31.25344753265381
warmup-time = 31.937345027923584
all-measurements = [ 31.999568223953247, 31.25344753265381, 31.568859577178955,]
