best-result = 269.0813789367676
warmup-time = 274.35983967781067
all-measurements = [ 270.10838508605957, 269.0813789367676, 270.02075386047363,]
