best-result = 36.43958353996277
warmup-time = 36.53208518028259
all-measurements = [ 36.43958353996277, 37.0517852306366, 37.09597849845886,]
