best-result = 41.89671349525452
warmup-time = 42.153570890426636
all-measurements = [ 43.66710805892944, 42.27419924736023, 41.89671349525452,]
