best-result = 49.80254101753235
warmup-time = 50.21856069564819
all-measurements = [ 51.483625650405884, 49.80254101753235, 50.0452823638916,]
