best-result = 34.01867413520813
warmup-time = 34.91864490509033
all-measurements = [ 34.155476570129395, 34.31310224533081, 34.01867413520813,]
