best-result = 36.289839029312134
warmup-time = 37.90607452392578
all-measurements = [ 37.59141254425049, 36.289839029312134, 37.41032791137695,]
