best-result = 57.83109378814697
warmup-time = 63.01969623565674
all-measurements = [ 62.19201922416687, 60.31765532493591, 57.83109378814697,]
