best-result = 230.7276828289032
warmup-time = 234.72041177749634
all-measurements = [ 233.53663778305054, 230.7276828289032, 231.9502923488617,]
