best-result = 526.7219617366791
warmup-time = 529.9434540271759
all-measurements = [ 529.1410570144653, 526.7219617366791, 531.2571268081665,]
