best-result = 36.00156927108765
warmup-time = 38.316057205200195
all-measurements = [ 36.00156927108765, 38.05624461174011, 36.60978817939758,]
