best-result = 63.942132234573364
warmup-time = 64.13910555839539
all-measurements = [ 63.94623947143555, 63.942132234573364, 66.02255201339722,]
