best-result = 26.810916900634766
warmup-time = 28.541874170303345
all-measurements = [ 27.91218590736389, 28.442418813705444, 26.810916900634766,]
