best-result = 35.748977184295654
warmup-time = 33.4543035030365
all-measurements = [ 35.92499923706055, 35.96277856826782, 35.748977184295654,]
