best-result = 32.849398136138916
warmup-time = 33.595187187194824
all-measurements = [ 33.71654963493347, 32.849398136138916, 33.14355540275574,]
