best-result = 42.30064368247986
warmup-time = 44.19331502914429
all-measurements = [ 42.30064368247986, 43.08565330505371, 42.57878065109253,]
