best-result = 96.88565015792847
warmup-time = 100.46420454978943
all-measurements = [ 98.608393907547, 96.88565015792847, 97.05987358093262,]
