best-result = 28.27574133872986
warmup-time = 27.308202743530273
all-measurements = [ 28.90323805809021, 28.27574133872986, 28.835168838500977,]
