best-result = 33.77203559875488
warmup-time = 34.11482548713684
all-measurements = [ 34.51149654388428, 33.77203559875488, 34.124197006225586,]
