best-result = 39.730637550354004
warmup-time = 39.551387548446655
all-measurements = [ 40.107219219207764, 39.730637550354004, 39.964319705963135,]
