best-result = 44.744306564331055
warmup-time = 45.58907771110535
all-measurements = [ 46.10656666755676, 46.02686858177185, 44.744306564331055,]
