best-result = 28.063047409057617
warmup-time = 26.87711215019226
all-measurements = [ 28.063047409057617, 28.493693113327026, 28.252223014831543,]
