best-result = 692.8077399730682
warmup-time = 726.1579005718231
all-measurements = [ 703.5976531505585, 708.990237236023, 692.8077399730682,]
