best-result = 176.6585533618927
warmup-time = 179.44523644447327
all-measurements = [ 176.6585533618927, 178.6404197216034, 179.50981950759888,]
