best-result = 42.6046302318573
warmup-time = 44.18773007392883
all-measurements = [ 44.266462564468384, 42.96358346939087, 42.6046302318573,]
