best-result = 22.594239950180054
warmup-time = 22.73105478286743
all-measurements = [ 22.787609338760376, 22.661287546157837, 22.594239950180054,]
