best-result = 46.603883028030396
warmup-time = 64.55180382728577
all-measurements = [ 46.99016284942627, 46.603883028030396, 46.92463803291321,]
