best-result = 46.7367787361145
warmup-time = 58.02912402153015
all-measurements = [ 46.92951464653015, 46.762866735458374, 46.7367787361145,]
