best-result = 954.7877378463745
warmup-time = 1157.772876739502
all-measurements = [ 954.7877378463745, 957.8319582939148, 955.4981575012207,]
