best-result = 85.40936732292175
warmup-time = 99.91511678695679
all-measurements = [ 85.80929160118103, 85.40936732292175, 85.70236444473267,]
