best-result = 80.60740518569946
warmup-time = 102.402272939682
all-measurements = [ 81.61379289627075, 80.79494142532349, 80.60740518569946,]
