best-result = 70.13101506233215
warmup-time = 93.03272914886475
all-measurements = [ 70.13335371017456, 70.13101506233215, 70.88673782348633,]
