best-result = 90.45372772216797
warmup-time = 104.58189558982849
all-measurements = [ 90.92726349830627, 91.52258586883545, 90.45372772216797,]
