best-result = 625.9579548835754
warmup-time = 638.8389761447906
all-measurements = [ 626.3655197620392, 625.9579548835754, 626.8985521793365,]
