best-result = 64.61863994598389
warmup-time = 76.17500710487366
all-measurements = [ 64.8204128742218, 64.61863994598389, 64.63111758232117,]
