best-result = 221.63658094406128
warmup-time = 371.69469475746155
all-measurements = [ 225.46148443222046, 221.63658094406128, 222.78255462646484,]
