best-result = 439.8643114566803
warmup-time = 883.0141191482544
all-measurements = [ 444.9886245727539, 439.8643114566803, 473.7970221042633,]
