best-result = 61.13310766220093
warmup-time = 78.1616895198822
all-measurements = [ 62.296650409698486, 61.13310766220093, 61.320279359817505,]
