best-result = 142.34926056861877
warmup-time = 175.2563192844391
all-measurements = [ 142.34926056861877, 142.74797463417053, 143.47813487052917,]
