best-result = 868.9774901866913
warmup-time = 903.772266626358
all-measurements = [ 870.4201114177704, 868.9774901866913, 870.6350066661835,]
