best-result = 27.47309184074402
warmup-time = 36.08482265472412
all-measurements = [ 27.47309184074402, 27.620616674423218, 27.510310411453247,]
