best-result = 57.76010036468506
warmup-time = 71.88717150688171
all-measurements = [ 58.33895754814148, 58.17291784286499, 57.76010036468506,]
