best-result = 58.5236918926239
warmup-time = 72.71970748901367
all-measurements = [ 59.46850872039795, 58.82308793067932, 58.5236918926239,]
