best-result = 109.54325485229492
warmup-time = 140.2933692932129
all-measurements = [ 110.8953800201416, 109.8538908958435, 109.54325485229492,]
