best-result = 782.1208114624023
warmup-time = 850.768846988678
all-measurements = [ 785.4252796173096, 783.6971433162689, 782.1208114624023,]
