best-result = 33.642664432525635
warmup-time = 42.28337502479553
all-measurements = [ 33.89922308921814, 33.642664432525635, 33.85438251495361,]
