best-result = 53.541072607040405
warmup-time = 68.34349155426025
all-measurements = [ 54.39215564727783, 53.97586274147034, 53.541072607040405,]
