best-result = 1694.69708609581
warmup-time = 2318.1803166866302
all-measurements = [ 1694.69708609581, 2023.3020124435425, 1955.181428194046,]
