best-result = 49.556832790374756
warmup-time = 72.41736435890198
all-measurements = [ 49.65287470817566, 50.11324191093445, 49.556832790374756,]
