best-result = 78.3130156993866
warmup-time = 97.53087830543518
all-measurements = [ 78.31489491462708, 79.10925698280334, 78.3130156993866,]
