best-result = 36.40262150764465
warmup-time = 44.56178426742554
all-measurements = [ 36.53595495223999, 37.47671914100647, 36.40262150764465,]
