best-result = 341.78727436065674
warmup-time = 471.5107910633087
all-measurements = [ 348.54653906822205, 349.6913809776306, 341.78727436065674,]
