best-result = 104.69362545013428
warmup-time = 127.81237602233887
all-measurements = [ 104.84063649177551, 104.69362545013428, 104.7545518875122,]
