best-result = 58.828120708465576
warmup-time = 58.899537563323975
all-measurements = [ 58.828120708465576, 58.979042053222656, 59.33366060256958,]
