best-result = 26.237297534942627
warmup-time = 26.83908438682556
all-measurements = [ 26.237297534942627, 26.67778754234314, 26.774214029312134,]
