best-result = 37.21833872795105
warmup-time = 39.34799814224243
all-measurements = [ 38.84786939620972, 37.533846616744995, 37.21833872795105,]
