best-result = 31.98745560646057
warmup-time = 32.266205072402954
all-measurements = [ 31.98745560646057, 32.57204866409302, 32.10946345329285,]
