best-result = 265.4632742404938
warmup-time = 269.72624349594116
all-measurements = [ 266.27332401275635, 265.4632742404938, 266.39204144477844,]
