best-result = 36.373937129974365
warmup-time = 37.28352332115173
all-measurements = [ 37.8906934261322, 36.82631278038025, 36.373937129974365,]
