best-result = 42.0764741897583
warmup-time = 39.99380970001221
all-measurements = [ 42.20901560783386, 42.0764741897583, 42.67085647583008,]
