best-result = 48.45063781738281
warmup-time = 49.57259011268616
all-measurements = [ 50.32499074935913, 50.659332275390625, 48.45063781738281,]
