best-result = 34.141579389572144
warmup-time = 34.79217982292175
all-measurements = [ 34.14879083633423, 34.56044602394104, 34.141579389572144,]
