best-result = 37.283835649490356
warmup-time = 38.08885622024536
all-measurements = [ 37.49711513519287, 37.841663122177124, 37.283835649490356,]
