best-result = 62.62779784202576
warmup-time = 64.6833713054657
all-measurements = [ 66.17227482795715, 62.62779784202576, 64.0579617023468,]
