best-result = 224.13210487365723
warmup-time = 230.9136312007904
all-measurements = [ 224.13210487365723, 225.9011857509613, 227.19186329841614,]
