best-result = 522.7895562648773
warmup-time = 527.0415205955505
all-measurements = [ 522.9277021884918, 522.7895562648773, 573.4947407245636,]
