best-result = 38.2366943359375
warmup-time = 45.330291509628296
all-measurements = [ 44.38008451461792, 43.68265223503113, 38.2366943359375,]
