best-result = 73.72485065460205
warmup-time = 72.77308821678162
all-measurements = [ 73.72485065460205, 83.05784058570862, 83.46606302261353,]
