best-result = 62.875755071640015
warmup-time = 64.68528652191162
all-measurements = [ 62.875755071640015, 63.34127473831177, 63.92439556121826,]
