best-result = 27.88838815689087
warmup-time = 29.217641830444336
all-measurements = [ 27.88838815689087, 28.821799755096436, 29.17427706718445,]
