best-result = 35.88069224357605
warmup-time = 36.23526644706726
all-measurements = [ 36.27869963645935, 35.88069224357605, 36.429728746414185,]
