best-result = 33.4443621635437
warmup-time = 35.11921977996826
all-measurements = [ 33.58767008781433, 34.04538106918335, 33.4443621635437,]
