best-result = 43.4967679977417
warmup-time = 42.14115524291992
all-measurements = [ 45.59353017807007, 43.4967679977417, 44.13488817214966,]
