best-result = 96.7059817314148
warmup-time = 97.08407783508301
all-measurements = [ 96.7059817314148, 100.6902449131012, 98.75680565834045,]
