best-result = 28.018747806549072
warmup-time = 30.821690559387207
all-measurements = [ 29.992299556732178, 29.65836787223816, 28.018747806549072,]
