best-result = 34.91531014442444
warmup-time = 36.32265090942383
all-measurements = [ 34.91531014442444, 35.577574729919434, 35.3952362537384,]
