best-result = 88.00450539588928
warmup-time = 100.71482920646667
all-measurements = [ 88.00450539588928, 98.68018937110901, 96.76483821868896,]
