best-result = 39.52053928375244
warmup-time = 39.543766498565674
all-measurements = [ 40.13075661659241, 39.52053928375244, 40.40134787559509,]
