best-result = 46.10599064826965
warmup-time = 45.21841263771057
all-measurements = [ 47.42673301696777, 46.10599064826965, 47.14979314804077,]
