best-result = 28.296061038970947
warmup-time = 28.99467372894287
all-measurements = [ 28.967098712921143, 28.296061038970947, 29.389506340026855,]
