best-result = 707.6814060211182
warmup-time = 739.574453830719
all-measurements = [ 707.6814060211182, 708.7535231113434, 711.5539314746857,]
