best-result = 174.15160202980042
warmup-time = 178.14205598831177
all-measurements = [ 180.14635705947876, 174.15160202980042, 174.65615916252136,]
