best-result = 58.40909695625305
warmup-time = 58.91680288314819
all-measurements = [ 68.58076095581055, 58.40909695625305, 69.28373217582703,]
