best-result = 22.58113431930542
warmup-time = 22.845333337783813
all-measurements = [ 22.58113431930542, 22.600876331329346, 22.915403842926025,]
