best-result = 46.60239243507385
warmup-time = 64.39797687530518
all-measurements = [ 46.60239243507385, 46.75415778160095, 46.623141050338745,]
