best-result = 46.35134482383728
warmup-time = 57.78036022186279
all-measurements = [ 46.5066876411438, 46.35134482383728, 46.98166370391846,]
