best-result = 934.1468803882599
warmup-time = 1125.3577377796173
all-measurements = [ 934.1468803882599, 939.4212226867676, 938.5063343048096,]
