best-result = 84.09915733337402
warmup-time = 99.96500444412231
all-measurements = [ 84.67855548858643, 84.09915733337402, 84.72848987579346,]
