best-result = 81.72510957717896
warmup-time = 112.22305560112
all-measurements = [ 95.95483708381653, 83.64920210838318, 81.72510957717896,]
