best-result = 70.05776810646057
warmup-time = 91.17146849632263
all-measurements = [ 70.05776810646057, 70.78796911239624, 70.3967661857605,]
