best-result = 91.29563927650452
warmup-time = 105.4323992729187
all-measurements = [ 91.7696943283081, 91.29563927650452, 91.62966179847717,]
