best-result = 642.7691094875336
warmup-time = 658.7320065498352
all-measurements = [ 646.3649566173553, 642.7691094875336, 647.8518936634064,]
