best-result = 66.05708312988281
warmup-time = 79.71150422096252
all-measurements = [ 66.45661449432373, 66.05708312988281, 66.06628322601318,]
