best-result = 221.67677521705627
warmup-time = 373.0357177257538
all-measurements = [ 221.67677521705627, 223.1312756538391, 224.4511444568634,]
