best-result = 438.427702665329
warmup-time = 869.1408178806305
all-measurements = [ 440.8402647972107, 438.427702665329, 438.5923480987549,]
