best-result = 61.39286971092224
warmup-time = 78.50556349754333
all-measurements = [ 62.79577708244324, 61.39286971092224, 62.506980657577515,]
