best-result = 143.5910918712616
warmup-time = 176.93729043006897
all-measurements = [ 144.10596871376038, 143.5910918712616, 143.8098692893982,]
