best-result = 895.1014537811279
warmup-time = 937.4267599582672
all-measurements = [ 895.1014537811279, 908.4168961048126, 895.1839056015015,]
