best-result = 27.172590255737305
warmup-time = 35.65406513214111
all-measurements = [ 27.46066665649414, 27.172590255737305, 27.402660131454468,]
