best-result = 60.89795112609863
warmup-time = 74.6545660495758
all-measurements = [ 60.92148971557617, 61.009878635406494, 60.89795112609863,]
