best-result = 59.17952609062195
warmup-time = 74.50313997268677
all-measurements = [ 59.17952609062195, 59.32422161102295, 59.25200033187866,]
