best-result = 111.4123330116272
warmup-time = 139.75295758247375
all-measurements = [ 111.74369883537292, 111.4123330116272, 111.71019983291626,]
