best-result = 785.6149139404297
warmup-time = 849.5972020626068
all-measurements = [ 786.8431117534637, 785.6149139404297, 787.4993944168091,]
