best-result = 33.348498582839966
warmup-time = 42.13817095756531
all-measurements = [ 33.6666624546051, 33.70658469200134, 33.348498582839966,]
