best-result = 55.08621668815613
warmup-time = 70.61855983734131
all-measurements = [ 55.13428044319153, 55.20678114891052, 55.08621668815613,]
