best-result = 2497.288694858551
warmup-time = 2505.8851413726807
all-measurements = [ 2725.1104867458344, 3174.8062007427216, 2497.288694858551,]
