best-result = 49.73590278625488
warmup-time = 72.1385772228241
all-measurements = [ 49.79349374771118, 50.01231837272644, 49.73590278625488,]
