best-result = 77.78711342811584
warmup-time = 113.46860718727112
all-measurements = [ 78.65775489807129, 78.66197562217712, 77.78711342811584,]
