best-result = 36.56868934631348
warmup-time = 45.78101181983948
all-measurements = [ 36.56868934631348, 36.6168737411499, 36.659934282302856,]
