best-result = 342.6293454170227
warmup-time = 493.20813632011414
all-measurements = [ 347.45362734794617, 346.3906569480896, 342.6293454170227,]
