best-result = 59.78448677062988
warmup-time = 60.779296875
all-measurements = [ 59.78448677062988, 60.364731788635254, 59.87576079368591,]
