best-result = 23.014384984970093
warmup-time = 23.193805932998657
all-measurements = [ 23.17404818534851, 23.38195013999939, 23.014384984970093,]
