best-result = 46.731621980667114
warmup-time = 64.01944756507874
all-measurements = [ 46.83827471733093, 46.731621980667114, 47.024125814437866,]
