best-result = 46.30993628501892
warmup-time = 57.958221435546875
all-measurements = [ 46.59369111061096, 46.30993628501892, 46.41609191894531,]
