best-result = 894.6977028846741
warmup-time = 1084.5152096748352
all-measurements = [ 894.6977028846741, 896.797164440155, 899.6337692737579,]
