best-result = 85.97066497802734
warmup-time = 99.59512662887573
all-measurements = [ 86.38308882713318, 85.97066497802734,]
