best-result = 983.7138948440552
warmup-time = 1014.4591674804688
all-measurements = [ 983.7138948440552, 987.1535086631775, 987.2120473384857,]
