best-result = 82.6410231590271
warmup-time = 103.19976019859314
all-measurements = [ 82.6410231590271, 83.1628475189209, 82.95700597763062,]
