best-result = 67.66720700263977
warmup-time = 87.40261435508728
all-measurements = [ 68.44384479522705, 68.46326351165771, 67.66720700263977,]
