best-result = 91.80325531959534
warmup-time = 106.90830755233765
all-measurements = [ 91.80325531959534, 92.68329405784607, 91.8647129535675,]
