best-result = 649.6076307296753
warmup-time = 662.6903214454651
all-measurements = [ 649.6076307296753, 653.3755850791931, 649.7570917606354,]
