best-result = 62.19259810447693
warmup-time = 78.29436421394348
all-measurements = [ 62.407607555389404, 62.41753554344177, 62.19259810447693,]
