best-result = 205.41375994682312
warmup-time = 359.53711462020874
all-measurements = [ 205.41375994682312, 206.7442181110382, 206.9575388431549,]
