best-result = 424.58513355255127
warmup-time = 866.3863430023193
all-measurements = [ 426.9404754638672, 429.8189263343811, 424.58513355255127,]
