best-result = 62.65600395202637
warmup-time = 80.44675540924072
all-measurements = [ 62.66512084007263, 62.74548888206482, 62.65600395202637,]
