best-result = 40.089694023132324
warmup-time = 48.432288646698
all-measurements = [ 40.089694023132324, 40.562098264694214, 40.70396280288696,]
