best-result = 135.11442732810974
warmup-time = 168.48805594444275
all-measurements = [ 137.55566000938416, 135.36943459510803, 135.11442732810974,]
