best-result = 913.3800132274628
warmup-time = 946.6352272033691
all-measurements = [ 915.0494155883789, 913.3800132274628, 935.5954396724701,]
