best-result = 27.861092567443848
warmup-time = 36.53145480155945
all-measurements = [ 27.998133420944214, 27.861092567443848, 28.299671411514282,]
