best-result = 57.300612688064575
warmup-time = 69.9058940410614
all-measurements = [ 57.44678282737732, 57.40149927139282, 57.300612688064575,]
