best-result = 59.87866520881653
warmup-time = 74.04601764678955
all-measurements = [ 61.34967303276062, 59.87866520881653, 60.740060567855835,]
