best-result = 110.27646493911743
warmup-time = 137.5154004096985
all-measurements = [ 110.27646493911743, 110.5126600265503, 111.68098282814026,]
