best-result = 777.6592743396759
warmup-time = 848.0834271907806
all-measurements = [ 780.612447977066, 777.6592743396759, 786.6102879047394,]
