best-result = 34.21920561790466
warmup-time = 43.03894758224487
all-measurements = [ 34.21920561790466, 34.303067684173584, 34.87815999984741,]
