best-result = 55.66353249549866
warmup-time = 71.32730865478516
all-measurements = [ 55.80319929122925, 55.66353249549866, 55.901726961135864,]
