best-result = 1389.0265665054321
warmup-time = 2004.8648011684418
all-measurements = [ 1389.0265665054321, 2224.6588122844696, 1942.5379416942596,]
