best-result = 48.9387571811676
warmup-time = 68.91799187660217
all-measurements = [ 48.9387571811676, 49.42730498313904, 48.94150733947754,]
