best-result = 81.23498678207397
warmup-time = 99.86481952667236
all-measurements = [ 81.38770532608032, 81.23498678207397, 81.4587140083313,]
