best-result = 37.64469647407532
warmup-time = 46.70152187347412
all-measurements = [ 37.84424948692322, 37.9040961265564, 37.64469647407532,]
