best-result = 338.42081475257874
warmup-time = 474.2013170719147
all-measurements = [ 343.9707751274109, 342.31126642227173, 338.42081475257874,]
