best-result = 58.845457553863525
warmup-time = 59.72005486488342
all-measurements = [ 59.12065625190735, 58.845457553863525, 59.038734912872314,]
