best-result = 25.396663665771484
warmup-time = 25.888291835784912
all-measurements = [ 25.752094745635986, 25.396663665771484, 25.696774005889893,]
