best-result = 37.43557786941528
warmup-time = 39.660226583480835
all-measurements = [ 37.90444588661194, 37.43557786941528, 37.82456707954407,]
