best-result = 31.96565055847168
warmup-time = 33.5189893245697
all-measurements = [ 31.96565055847168, 32.53891444206238, 32.5264253616333,]
