best-result = 279.77717542648315
warmup-time = 282.83871150016785
all-measurements = [ 285.0362732410431, 284.1012477874756, 279.77717542648315,]
