best-result = 36.46781921386719
warmup-time = 36.42498469352722
all-measurements = [ 36.75248885154724, 36.922240018844604, 36.46781921386719,]
