best-result = 43.037070751190186
warmup-time = 43.2468376159668
all-measurements = [ 43.037070751190186, 43.9517240524292, 44.03479194641113,]
