best-result = 51.04071760177612
warmup-time = 50.63081669807434
all-measurements = [ 52.4696102142334, 51.04071760177612, 52.906641721725464,]
