best-result = 35.35534167289734
warmup-time = 34.98691201210022
all-measurements = [ 35.40541052818298, 35.35534167289734, 35.687697887420654,]
