best-result = 38.22828984260559
warmup-time = 39.136460304260254
all-measurements = [ 38.45438861846924, 39.1880304813385, 38.22828984260559,]
