best-result = 58.66370224952698
warmup-time = 64.88554954528809
all-measurements = [ 58.66370224952698, 65.51310634613037, 63.55445671081543,]
