best-result = 249.0663125514984
warmup-time = 248.9327359199524
all-measurements = [ 255.00680446624756, 249.53972458839417, 249.0663125514984,]
