best-result = 568.8612208366394
warmup-time = 569.939257144928
all-measurements = [ 568.8612208366394, 569.9205622673035, 569.3123230934143,]
