best-result = 35.93884778022766
warmup-time = 38.910053730010986
all-measurements = [ 35.93884778022766, 36.437774419784546, 37.926841259002686,]
