best-result = 66.64844369888306
warmup-time = 67.16841244697571
all-measurements = [ 67.95553731918335, 69.05848264694214, 66.64844369888306,]
