best-result = 27.571452379226685
warmup-time = 29.136306047439575
all-measurements = [ 27.571452379226685, 28.143494129180908, 27.868672609329224,]
