best-result = 33.58548831939697
warmup-time = 37.20804572105408
all-measurements = [ 36.63054394721985, 33.58548831939697, 34.31116080284119,]
