best-result = 32.60071539878845
warmup-time = 33.060362339019775
all-measurements = [ 32.98959422111511, 32.60071539878845, 33.42305779457092,]
