best-result = 43.453208923339844
warmup-time = 42.85849213600159
all-measurements = [ 43.453208923339844, 44.23133134841919, 43.969876527786255,]
