best-result = 100.66238021850586
warmup-time = 104.43323540687561
all-measurements = [ 100.66238021850586, 102.76812648773193, 102.58909606933594,]
