best-result = 27.49591875076294
warmup-time = 29.148518323898315
all-measurements = [ 28.424643516540527, 29.25200080871582, 27.49591875076294,]
