best-result = 34.72587060928345
warmup-time = 35.176382541656494
all-measurements = [ 36.020259380340576, 34.72587060928345, 35.02838206291199,]
