best-result = 40.969974756240845
warmup-time = 40.60993790626526
all-measurements = [ 41.45352578163147, 42.02366900444031, 40.969974756240845,]
