best-result = 43.840863943099976
warmup-time = 45.3003203868866
all-measurements = [ 46.32466459274292, 46.220163106918335, 43.840863943099976,]
