best-result = 27.838577270507812
warmup-time = 29.616942405700684
all-measurements = [ 27.838577270507812, 29.231929540634155, 28.66463041305542,]
