best-result = 721.8418309688568
warmup-time = 724.7845163345337
all-measurements = [ 721.8418309688568, 723.6794755458832, 732.4102711677551,]
