best-result = 186.95932602882385
warmup-time = 190.00064539909363
all-measurements = [ 190.63044786453247, 190.79257249832153, 186.95932602882385,]
