best-result = 45.087849140167236
warmup-time = 44.60795450210571
all-measurements = [ 45.32210111618042, 45.087849140167236, 47.228076696395874,]
