best-result = 25.75198221206665
warmup-time = 25.959156036376953
all-measurements = [ 25.75198221206665, 26.002427339553833, 26.662564039230347,]
