best-result = 37.463040828704834
warmup-time = 40.76973819732666
all-measurements = [ 41.073715925216675, 37.463040828704834, 39.646634340286255,]
