best-result = 32.68964982032776
warmup-time = 32.16036605834961
all-measurements = [ 33.27242469787598, 32.68964982032776, 32.81372117996216,]
