best-result = 281.06547594070435
warmup-time = 286.4536340236664
all-measurements = [ 284.2526664733887, 281.06547594070435, 285.47689723968506,]
