best-result = 36.185476541519165
warmup-time = 36.32907295227051
all-measurements = [ 37.226765871047974, 36.27660894393921, 36.185476541519165,]
