best-result = 42.75884509086609
warmup-time = 43.606993436813354
all-measurements = [ 42.75884509086609, 43.027729511260986, 43.657569885253906,]
