best-result = 51.82701921463013
warmup-time = 51.702152490615845
all-measurements = [ 54.075809717178345, 51.82701921463013, 53.40131139755249,]
