best-result = 35.19738698005676
warmup-time = 36.824424028396606
all-measurements = [ 37.6109938621521, 35.61835432052612, 35.19738698005676,]
