best-result = 38.883841037750244
warmup-time = 38.7244176864624
all-measurements = [ 39.66152286529541, 38.883841037750244, 39.445717573165894,]
