best-result = 58.342097759246826
warmup-time = 64.88725447654724
all-measurements = [ 58.342097759246826, 64.5007095336914, 60.447070598602295,]
