best-result = 254.20823669433594
warmup-time = 254.56078624725342
all-measurements = [ 255.95407676696777, 254.20823669433594, 254.35204887390137,]
