best-result = 593.0831089019775
warmup-time = 593.4179503917694
all-measurements = [ 593.0831089019775, 594.481728553772, 596.0281789302826,]
