best-result = 35.91343021392822
warmup-time = 36.87241315841675
all-measurements = [ 35.91343021392822, 37.83111786842346, 36.71815371513367,]
