best-result = 67.69654846191406
warmup-time = 67.2329831123352
all-measurements = [ 68.0324764251709, 67.69654846191406, 69.03116464614868,]
