best-result = 27.329532861709595
warmup-time = 27.741721153259277
all-measurements = [ 28.2451229095459, 27.329532861709595, 29.044230937957764,]
