best-result = 36.83699655532837
warmup-time = 37.023634910583496
all-measurements = [ 36.99102592468262, 36.83699655532837, 37.069658279418945,]
