best-result = 34.29477548599243
warmup-time = 35.05675029754639
all-measurements = [ 34.29477548599243, 34.58823609352112, 34.70845818519592,]
