best-result = 44.6345477104187
warmup-time = 45.17258429527283
all-measurements = [ 45.372509717941284, 47.07822108268738, 44.6345477104187,]
