best-result = 103.76861953735352
warmup-time = 105.89597511291504
all-measurements = [ 104.41277241706848, 105.01805973052979, 103.76861953735352,]
