best-result = 28.626585245132446
warmup-time = 29.933817148208618
all-measurements = [ 28.857672214508057, 29.575889110565186, 28.626585245132446,]
