best-result = 34.76870274543762
warmup-time = 35.26575803756714
all-measurements = [ 35.1866238117218, 34.76870274543762, 35.487903356552124,]
