best-result = 40.560211181640625
warmup-time = 41.738879680633545
all-measurements = [ 40.560211181640625, 42.48794865608215, 41.54306769371033,]
