best-result = 43.26913666725159
warmup-time = 46.632023096084595
all-measurements = [ 43.26913666725159, 46.58536982536316, 46.431527614593506,]
