best-result = 27.471229553222656
warmup-time = 29.4999840259552
all-measurements = [ 28.078763484954834, 27.471229553222656, 29.051400423049927,]
