best-result = 730.5358412265778
warmup-time = 730.9309847354889
all-measurements = [ 732.6991271972656, 730.5358412265778, 757.5740983486176,]
