best-result = 194.50567388534546
warmup-time = 196.51929259300232
all-measurements = [ 196.98823022842407, 194.50567388534546, 197.53642439842224,]
