best-result = 45.15766954421997
warmup-time = 45.07155895233154
all-measurements = [ 47.664793252944946, 45.15766954421997, 45.764758586883545,]
