best-result = 21.38355827331543
warmup-time = 22.060383796691895
all-measurements = [ 21.529431104660034, 21.94069194793701, 21.38355827331543,]
