best-result = 46.84684991836548
warmup-time = 62.41913199424744
all-measurements = [ 46.91717004776001, 46.90718460083008, 46.84684991836548,]
