best-result = 45.95443630218506
warmup-time = 57.966065406799316
all-measurements = [ 45.95443630218506, 46.18130373954773, 45.963258266448975,]
