best-result = 973.9258823394775
warmup-time = 1174.6012580394745
all-measurements = [ 973.9258823394775, 983.5110628604889, 983.6041440963745,]
