best-result = 80.82046961784363
warmup-time = 93.9350254535675
all-measurements = [ 81.26269817352295, 80.82046961784363, 81.18129515647888,]
