best-result = 77.5702760219574
warmup-time = 99.66341042518616
all-measurements = [ 77.97443175315857, 78.29923629760742, 77.5702760219574,]
