best-result = 68.1887514591217
warmup-time = 91.52651810646057
all-measurements = [ 68.39056873321533, 68.30748176574707, 68.1887514591217,]
