best-result = 83.2068407535553
warmup-time = 98.471755027771
all-measurements = [ 83.2068407535553, 84.15838551521301, 83.8096170425415,]
