best-result = 588.0124139785767
warmup-time = 604.5216763019562
all-measurements = [ 588.768233537674, 588.0124139785767, 588.9988222122192,]
