best-result = 61.69902539253235
warmup-time = 78.07841300964355
all-measurements = [ 61.69902539253235, 62.27576494216919, 61.96490478515625,]
