best-result = 228.70061779022217
warmup-time = 396.5654716491699
all-measurements = [ 229.1826000213623, 228.70061779022217, 231.40593123435974,]
