best-result = 441.4955053329468
warmup-time = 898.2318959236145
all-measurements = [ 441.993949174881, 442.6285705566406, 441.4955053329468,]
