best-result = 59.554704666137695
warmup-time = 75.44213151931763
all-measurements = [ 60.35759973526001, 59.59148693084717, 59.554704666137695,]
