best-result = 856.3323862552643
warmup-time = 897.309953212738
all-measurements = [ 889.8719034194946, 856.3323862552643, 857.8279821872711,]
