best-result = 26.774259567260742
warmup-time = 35.22539663314819
all-measurements = [ 27.01779270172119, 27.070183038711548, 26.774259567260742,]
