best-result = 57.418208599090576
warmup-time = 71.61082053184509
all-measurements = [ 57.418208599090576, 57.75999617576599, 58.12429666519165,]
