best-result = 54.88321590423584
warmup-time = 68.39609289169312
all-measurements = [ 56.01168918609619, 55.74762582778931, 54.88321590423584,]
