best-result = 107.65070104598999
warmup-time = 136.78949856758118
all-measurements = [ 107.65070104598999, 108.11225700378418, 109.2118616104126,]
