best-result = 765.1912388801575
warmup-time = 831.446943283081
all-measurements = [ 768.5758621692657, 767.5262324810028, 765.1912388801575,]
