best-result = 33.132570028305054
warmup-time = 41.41619610786438
all-measurements = [ 33.710989236831665, 33.30564332008362, 33.132570028305054,]
