best-result = 52.83840250968933
warmup-time = 67.67727899551392
all-measurements = [ 52.83840250968933, 52.97385382652283, 53.416536808013916,]
