best-result = 48.862043619155884
warmup-time = 67.84705948829651
all-measurements = [ 48.862043619155884, 49.75851011276245, 49.238144874572754,]
