best-result = 79.82955408096313
warmup-time = 96.53054428100586
all-measurements = [ 79.85303449630737, 79.82955408096313, 79.94126152992249,]
