best-result = 35.188599824905396
warmup-time = 43.197980880737305
all-measurements = [ 35.188599824905396, 35.32053899765015, 35.918874979019165,]
