best-result = 343.1900143623352
warmup-time = 491.94839334487915
all-measurements = [ 343.1900143623352, 348.101665019989, 354.67968821525574,]
