best-result = 102.25539565086365
warmup-time = 101.45202326774597
all-measurements = [ 102.25539565086365, 102.2737512588501, 102.82909512519836,]
