best-result = 25.91057538986206
warmup-time = 25.889641284942627
all-measurements = [ 25.96152400970459, 25.982329845428467, 25.91057538986206,]
