best-result = 34.43420433998108
warmup-time = 39.22118353843689
all-measurements = [ 37.878594398498535, 35.545000314712524, 34.43420433998108,]
