best-result = 30.47394037246704
warmup-time = 30.80878186225891
all-measurements = [ 31.362517595291138, 30.47394037246704, 30.896252155303955,]
