best-result = 259.9207229614258
warmup-time = 264.1138894557953
all-measurements = [ 264.8844532966614, 259.9207229614258, 260.1084940433502,]
