best-result = 35.63274645805359
warmup-time = 36.87457513809204
all-measurements = [ 37.44592785835266, 36.325364112854004, 35.63274645805359,]
