best-result = 111.36992049217224
warmup-time = 113.94288468360901
all-measurements = [ 111.36992049217224, 112.13061857223511, 111.44714069366455,]
