best-result = 40.02646851539612
warmup-time = 43.150330543518066
all-measurements = [ 41.137505769729614, 40.02646851539612, 40.4885151386261,]
