best-result = 46.994755268096924
warmup-time = 46.83021926879883
all-measurements = [ 49.17801284790039, 47.4999635219574, 46.994755268096924,]
