best-result = 32.733365058898926
warmup-time = 34.12103772163391
all-measurements = [ 34.154865026474, 33.57146859169006, 32.733365058898926,]
