best-result = 36.53077530860901
warmup-time = 37.34276080131531
all-measurements = [ 37.7082200050354, 37.686155557632446, 36.53077530860901,]
