best-result = 59.658233404159546
warmup-time = 59.704310178756714
all-measurements = [ 59.658233404159546, 62.53078556060791, 63.59152173995972,]
