best-result = 222.6587839126587
warmup-time = 224.96269249916077
all-measurements = [ 225.35157179832458, 222.6587839126587, 223.02894163131714,]
