best-result = 513.2203075885773
warmup-time = 516.8030943870544
all-measurements = [ 514.8649001121521, 517.0922183990479, 513.2203075885773,]
