best-result = 35.007328271865845
warmup-time = 37.150527477264404
all-measurements = [ 38.26852488517761, 35.007328271865845, 36.342660903930664,]
