best-result = 28.577349424362183
warmup-time = 29.09028172492981
all-measurements = [ 28.81365394592285, 28.807234525680542, 28.577349424362183,]
