best-result = 71.32965564727783
warmup-time = 73.06450009346008
all-measurements = [ 71.32965564727783, 79.56876277923584, 78.65816497802734,]
