best-result = 61.05704927444458
warmup-time = 61.78845763206482
all-measurements = [ 62.84280467033386, 61.48885631561279, 61.05704927444458,]
