best-result = 27.420759439468384
warmup-time = 28.450345754623413
all-measurements = [ 28.4957914352417, 27.471877813339233, 27.420759439468384,]
