best-result = 34.922816038131714
warmup-time = 35.653696060180664
all-measurements = [ 35.07733678817749, 34.922816038131714, 35.334004163742065,]
