best-result = 32.21996569633484
warmup-time = 34.38585638999939
all-measurements = [ 33.970458030700684, 32.21996569633484, 34.8422532081604,]
