best-result = 41.52863383293152
warmup-time = 42.97142457962036
all-measurements = [ 41.52863383293152, 42.50347566604614, 42.80791187286377,]
