best-result = 93.20124411582947
warmup-time = 97.18438863754272
all-measurements = [ 93.97456002235413, 93.20124411582947, 94.82067131996155,]
