best-result = 26.85369038581848
warmup-time = 27.910086393356323
all-measurements = [ 26.85369038581848, 29.21921682357788, 28.2718448638916,]
