best-result = 34.60273194313049
warmup-time = 34.84204292297363
all-measurements = [ 34.60273194313049, 35.21180820465088, 36.266446352005005,]
