best-result = 85.29153871536255
warmup-time = 87.72053694725037
all-measurements = [ 91.07049107551575, 87.4892566204071, 85.29153871536255,]
