best-result = 38.37579035758972
warmup-time = 38.904184341430664
all-measurements = [ 38.37579035758972, 39.327149629592896, 39.23120307922363,]
