best-result = 42.837716579437256
warmup-time = 44.77818846702576
all-measurements = [ 43.88527846336365, 44.476203203201294, 42.837716579437256,]
