best-result = 27.99328637123108
warmup-time = 29.730191230773926
all-measurements = [ 29.239165782928467, 28.251336574554443, 27.99328637123108,]
