best-result = 636.9262173175812
warmup-time = 673.7294671535492
all-measurements = [ 639.7501900196075, 636.9262173175812, 651.0584621429443,]
