best-result = 170.39421391487122
warmup-time = 172.79782795906067
all-measurements = [ 170.39421391487122, 173.38719487190247, 175.08722066879272,]
