best-result = 62.424529790878296
warmup-time = 67.38929510116577
all-measurements = [ 68.18841171264648, 62.424529790878296, 65.01841282844543,]
