best-result = 22.64679718017578
warmup-time = 22.808850526809692
all-measurements = [ 22.974308967590332, 22.64679718017578, 23.064258337020874,]
