best-result = 46.66472315788269
warmup-time = 64.45041489601135
all-measurements = [ 46.854907751083374, 47.04090738296509, 46.66472315788269,]
