best-result = 46.46553134918213
warmup-time = 58.94895601272583
all-measurements = [ 46.79497790336609, 46.46553134918213, 47.59847354888916,]
