best-result = 919.3287906646729
warmup-time = 1144.9885938167572
all-measurements = [ 922.4037795066833, 919.3287906646729, 926.2400364875793,]
