best-result = 84.71119475364685
warmup-time = 101.23511719703674
all-measurements = [ 84.71119475364685, 85.72634530067444, 85.32507586479187,]
