best-result = 981.2200903892517
warmup-time = 1011.0821514129639
all-measurements = [ 986.8891656398773, 987.3836095333099, 981.2200903892517,]
