best-result = 82.7914228439331
warmup-time = 102.95438003540039
all-measurements = [ 82.7914228439331, 83.05570697784424, 82.88342571258545,]
