best-result = 68.08727502822876
warmup-time = 88.68007898330688
all-measurements = [ 69.51243662834167, 68.08727502822876, 68.48404049873352,]
