best-result = 90.88841581344604
warmup-time = 106.51398229598999
all-measurements = [ 92.1306140422821, 90.88841581344604, 91.77413964271545,]
