best-result = 650.7849833965302
warmup-time = 666.5418038368225
all-measurements = [ 653.1013357639313, 650.7849833965302, 653.3377914428711,]
