best-result = 63.31282639503479
warmup-time = 78.90920758247375
all-measurements = [ 64.06269979476929, 63.88362503051758, 63.31282639503479,]
