best-result = 211.76865315437317
warmup-time = 370.5703430175781
all-measurements = [ 211.76865315437317, 213.1470136642456, 212.73916745185852,]
