best-result = 428.75277733802795
warmup-time = 883.5977776050568
all-measurements = [ 428.75277733802795, 428.95275139808655, 432.2435095310211,]
