best-result = 61.84335446357727
warmup-time = 79.25589847564697
all-measurements = [ 63.21790814399719, 61.84335446357727, 62.331268310546875,]
