best-result = 39.6372275352478
warmup-time = 48.272624254226685
all-measurements = [ 39.75036811828613, 39.6372275352478, 39.97935366630554,]
