best-result = 138.88604068756104
warmup-time = 170.95080733299255
all-measurements = [ 139.15749216079712, 139.08905172348022, 138.88604068756104,]
