best-result = 903.5826885700226
warmup-time = 967.2332165241241
all-measurements = [ 908.5429201126099, 903.5826885700226, 914.9279646873474,]
