best-result = 27.566171169281006
warmup-time = 36.139575242996216
all-measurements = [ 27.621049165725708, 27.83486771583557, 27.566171169281006,]
