best-result = 58.10271406173706
warmup-time = 71.75928497314453
all-measurements = [ 58.10271406173706, 58.39590311050415, 58.4820351600647,]
