best-result = 59.18448877334595
warmup-time = 74.2583680152893
all-measurements = [ 59.84168744087219, 59.18448877334595, 59.655643701553345,]
