best-result = 111.07929158210754
warmup-time = 139.93572568893433
all-measurements = [ 111.55118060112, 111.54506397247314, 111.07929158210754,]
