best-result = 787.7828228473663
warmup-time = 859.9460430145264
all-measurements = [ 789.3086469173431, 787.7828228473663, 791.2171657085419,]
