best-result = 33.909759521484375
warmup-time = 41.543726205825806
all-measurements = [ 34.17495846748352, 34.10306262969971, 33.909759521484375,]
