best-result = 55.4622061252594
warmup-time = 72.89853286743164
all-measurements = [ 55.4622061252594, 56.03025031089783, 55.527748584747314,]
