best-result = 1245.673676252365
warmup-time = 2145.864904642105
all-measurements = [ 1593.1131649017334, 2112.990576982498, 1245.673676252365,]
