best-result = 48.84702515602112
warmup-time = 70.29807925224304
all-measurements = [ 48.87917160987854, 48.84702515602112, 48.99931859970093,]
