best-result = 77.61693143844604
warmup-time = 100.40838861465454
all-measurements = [ 78.23622918128967, 78.02869486808777, 77.61693143844604,]
