best-result = 36.72234106063843
warmup-time = 46.851765871047974
all-measurements = [ 36.72234106063843, 37.23296546936035, 36.72246766090393,]
