best-result = 348.6111059188843
warmup-time = 501.319256067276
all-measurements = [ 355.8200922012329, 351.1369581222534, 348.6111059188843,]
