best-result = 58.76644515991211
warmup-time = 59.1070339679718
all-measurements = [ 58.76644515991211, 59.28728890419006, 59.13287162780762,]
