best-result = 24.745076179504395
warmup-time = 25.35037589073181
all-measurements = [ 25.02011775970459, 24.745076179504395, 25.342113971710205,]
