best-result = 35.70681619644165
warmup-time = 35.71841835975647
all-measurements = [ 35.74959373474121, 37.78961229324341, 35.70681619644165,]
