best-result = 31.166441917419434
warmup-time = 33.06600880622864
all-measurements = [ 31.166441917419434, 32.803895711898804, 31.784318923950195,]
