best-result = 265.6183075904846
warmup-time = 275.5881338119507
all-measurements = [ 268.60471963882446, 265.77972412109375, 265.6183075904846,]
