best-result = 34.99032759666443
warmup-time = 36.192075967788696
all-measurements = [ 36.918845653533936, 34.99032759666443, 36.40432167053223,]
