best-result = 40.753175497055054
warmup-time = 41.42833638191223
all-measurements = [ 42.06280183792114, 40.753175497055054, 40.894548177719116,]
