best-result = 49.49878740310669
warmup-time = 50.518715143203735
all-measurements = [ 49.49878740310669, 50.90088891983032, 49.900500774383545,]
