best-result = 34.046300172805786
warmup-time = 34.575401067733765
all-measurements = [ 34.046300172805786, 34.31739640235901, 34.292815923690796,]
