best-result = 37.737436056137085
warmup-time = 37.56298351287842
all-measurements = [ 37.737436056137085, 38.49685502052307, 38.08688306808472,]
