best-result = 57.60018539428711
warmup-time = 61.44147801399231
all-measurements = [ 59.690611839294434, 57.90539479255676, 57.60018539428711,]
