best-result = 228.27093386650085
warmup-time = 230.90259313583374
all-measurements = [ 231.874915599823, 228.27093386650085, 229.69087028503418,]
