best-result = 522.5499379634857
warmup-time = 527.4432134628296
all-measurements = [ 526.7958726882935, 527.5132677555084, 522.5499379634857,]
