best-result = 33.87812781333923
warmup-time = 37.64591860771179
all-measurements = [ 37.001044273376465, 33.87812781333923, 36.83365035057068,]
