best-result = 62.91628098487854
warmup-time = 62.78308629989624
all-measurements = [ 64.42345976829529, 64.02298641204834, 62.91628098487854,]
