best-result = 26.944578170776367
warmup-time = 27.32296919822693
all-measurements = [ 27.195168256759644, 26.944578170776367, 27.67229461669922,]
