best-result = 33.40186405181885
warmup-time = 35.992594718933105
all-measurements = [ 35.79204249382019, 36.34338402748108, 33.40186405181885,]
