best-result = 31.80797553062439
warmup-time = 32.443467140197754
all-measurements = [ 33.92510628700256, 33.36581301689148, 31.80797553062439,]
