best-result = 43.17397356033325
warmup-time = 41.99069428443909
all-measurements = [ 43.17397356033325, 43.41135764122009, 44.15389561653137,]
