best-result = 96.6560845375061
warmup-time = 98.33020305633545
all-measurements = [ 99.06849145889282, 99.40178990364075, 96.6560845375061,]
