best-result = 27.710856437683105
warmup-time = 29.7388813495636
all-measurements = [ 29.126309633255005, 27.710856437683105, 29.246802806854248,]
