best-result = 33.814138650894165
warmup-time = 34.12617516517639
all-measurements = [ 33.814138650894165, 34.33310842514038, 34.34128451347351,]
