best-result = 88.53778123855591
warmup-time = 92.39140105247498
all-measurements = [ 94.00542426109314, 92.75859045982361, 88.53778123855591,]
