best-result = 38.846760988235474
warmup-time = 38.081904888153076
all-measurements = [ 39.62886333465576, 39.19130516052246, 38.846760988235474,]
