best-result = 44.045130014419556
warmup-time = 43.92621064186096
all-measurements = [ 44.97055959701538, 45.466827154159546, 44.045130014419556,]
