best-result = 27.033691883087158
warmup-time = 28.618191242218018
all-measurements = [ 27.94715118408203, 27.125400066375732, 27.033691883087158,]
