best-result = 673.4893450737
warmup-time = 701.1589226722717
all-measurements = [ 674.376874923706, 673.4893450737, 687.4340760707855,]
