best-result = 176.4802484512329
warmup-time = 178.12122654914856
all-measurements = [ 178.94491839408875, 176.4802484512329, 177.33427262306213,]
