best-result = 44.631139039993286
warmup-time = 43.89034962654114
all-measurements = [ 45.68184566497803, 44.631139039993286, 46.14979553222656,]
