best-result = 22.63778829574585
warmup-time = 23.16632843017578
all-measurements = [ 23.00818681716919, 22.71076250076294, 22.63778829574585,]
