best-result = 47.81446146965027
warmup-time = 65.53514766693115
all-measurements = [ 48.362504959106445, 48.14399862289429, 47.81446146965027,]
