best-result = 47.58500003814697
warmup-time = 61.72694253921509
all-measurements = [ 48.925537109375, 47.58500003814697, 47.81896090507507,]
