best-result = 1001.1899466514587
warmup-time = 1211.3664813041687
all-measurements = [ 1001.1899466514587, 1004.774614572525, 1003.9038083553314,]
