best-result = 82.77481341362
warmup-time = 98.73477625846863
all-measurements = [ 82.77481341362, 82.89490604400635, 83.09337139129639,]
