best-result = 78.55989623069763
warmup-time = 102.47855687141418
all-measurements = [ 78.55989623069763, 78.78892922401428, 79.9682867527008,]
