best-result = 70.14866781234741
warmup-time = 94.39662456512451
all-measurements = [ 70.14866781234741, 70.30863165855408, 70.5158531665802,]
