best-result = 85.3717839717865
warmup-time = 100.12681531906128
all-measurements = [ 85.73964357376099, 85.6232705116272, 85.3717839717865,]
