best-result = 594.5189819335938
warmup-time = 608.6364614963531
all-measurements = [ 594.5189819335938, 596.5902347564697, 600.5128710269928,]
