best-result = 63.60445189476013
warmup-time = 79.08923745155334
all-measurements = [ 63.60445189476013, 63.64479064941406, 64.02563762664795,]
