best-result = 234.1291422843933
warmup-time = 417.2132589817047
all-measurements = [ 234.1291422843933, 235.65700769424438, 236.47532606124878,]
