best-result = 435.86409425735474
warmup-time = 958.689689874649
all-measurements = [ 435.86409425735474, 443.7087287902832, 440.9108512401581,]
