best-result = 61.070717334747314
warmup-time = 78.21028399467468
all-measurements = [ 61.070717334747314, 61.54884362220764, 61.24937033653259,]
