best-result = 887.6744136810303
warmup-time = 926.0608832836151
all-measurements = [ 887.6744136810303, 912.4836778640747, 894.4083616733551,]
