best-result = 27.606294870376587
warmup-time = 35.971405267715454
all-measurements = [ 28.393765687942505, 28.444504022598267, 27.606294870376587,]
