best-result = 59.78805065155029
warmup-time = 74.68118453025818
all-measurements = [ 59.78805065155029, 59.7964653968811, 60.88569164276123,]
