best-result = 56.764591693878174
warmup-time = 70.44771003723145
all-measurements = [ 56.764591693878174, 57.66540241241455, 56.99453854560852,]
