best-result = 111.20689082145691
warmup-time = 144.05020785331726
all-measurements = [ 111.20689082145691, 112.90023565292358, 112.31816816329956,]
