best-result = 778.0982279777527
warmup-time = 857.1675567626953
all-measurements = [ 778.0982279777527, 779.2943720817566, 778.8390526771545,]
