best-result = 34.413105964660645
warmup-time = 41.696102142333984
all-measurements = [ 34.632463693618774, 34.413105964660645, 34.76566505432129,]
