best-result = 53.87622880935669
warmup-time = 71.65867209434509
all-measurements = [ 53.87622880935669, 53.998692750930786, 54.311153173446655,]
