best-result = 50.537575006484985
warmup-time = 71.8964490890503
all-measurements = [ 50.768515825271606, 50.537575006484985, 51.82136607170105,]
