best-result = 79.99588704109192
warmup-time = 100.16672158241272
all-measurements = [ 80.60205483436584, 79.99588704109192, 80.17535591125488,]
