best-result = 36.35056972503662
warmup-time = 45.085092544555664
all-measurements = [ 36.35056972503662, 36.64948105812073, 36.81530737876892,]
