best-result = 354.986674785614
warmup-time = 519.9727056026459
all-measurements = [ 359.28154611587524, 354.986674785614, 356.93185091018677,]
