best-result = 104.37716817855835
warmup-time = 105.48789501190186
all-measurements = [ 104.37716817855835, 105.16058659553528, 105.79158115386963,]
