best-result = 25.733093976974487
warmup-time = 27.094906330108643
all-measurements = [ 25.8634991645813, 25.733093976974487, 25.872233867645264,]
