best-result = 36.722477436065674
warmup-time = 37.59126901626587
all-measurements = [ 37.0113890171051, 38.3713698387146, 36.722477436065674,]
