best-result = 30.838528871536255
warmup-time = 31.16306447982788
all-measurements = [ 31.021690368652344, 30.838528871536255, 31.13061022758484,]
