best-result = 257.1553246974945
warmup-time = 261.8590476512909
all-measurements = [ 259.01534485816956, 257.1553246974945, 259.42325949668884,]
