best-result = 35.433335304260254
warmup-time = 37.17636728286743
all-measurements = [ 35.936110496520996, 35.433335304260254, 36.936827659606934,]
