best-result = 111.5351676940918
warmup-time = 112.41370868682861
all-measurements = [ 111.5351676940918, 113.95303964614868, 113.77610945701599,]
