best-result = 39.80108618736267
warmup-time = 41.5492947101593
all-measurements = [ 40.05506944656372, 39.80108618736267, 40.8912456035614,]
