best-result = 47.266653299331665
warmup-time = 48.547765016555786
all-measurements = [ 47.90336561203003, 47.30448627471924, 47.266653299331665,]
