best-result = 33.010401010513306
warmup-time = 33.75685453414917
all-measurements = [ 33.21516418457031, 33.80432081222534, 33.010401010513306,]
