best-result = 36.6194007396698
warmup-time = 37.196632385253906
all-measurements = [ 37.63818597793579, 37.33042073249817, 36.6194007396698,]
