best-result = 59.50245714187622
warmup-time = 62.60450220108032
all-measurements = [ 61.615915060043335, 59.50245714187622, 62.27187633514404,]
