best-result = 222.55766487121582
warmup-time = 226.2114725112915
all-measurements = [ 222.55766487121582, 224.10738396644592, 223.8203582763672,]
