best-result = 510.8410704135895
warmup-time = 519.3877758979797
all-measurements = [ 514.7647609710693, 514.3499116897583, 510.8410704135895,]
