best-result = 36.06778860092163
warmup-time = 36.86654782295227
all-measurements = [ 37.696985721588135, 38.81670570373535, 36.06778860092163,]
