best-result = 28.699062824249268
warmup-time = 29.066641330718994
all-measurements = [ 28.699062824249268, 28.94157600402832, 29.024055242538452,]
