best-result = 73.8860993385315
warmup-time = 78.57497429847717
all-measurements = [ 74.87798070907593, 74.83442974090576, 73.8860993385315,]
