best-result = 61.4375741481781
warmup-time = 62.3430962562561
all-measurements = [ 61.4375741481781, 62.85289788246155, 62.536696672439575,]
