best-result = 28.26322841644287
warmup-time = 29.244112253189087
all-measurements = [ 28.26322841644287, 28.414843797683716, 28.313332319259644,]
