best-result = 35.08650755882263
warmup-time = 32.25096535682678
all-measurements = [ 35.279805421829224, 35.08650755882263, 35.17366862297058,]
