best-result = 32.85894274711609
warmup-time = 34.38110423088074
all-measurements = [ 33.52621150016785, 32.85894274711609, 35.26820659637451,]
