best-result = 43.27360248565674
warmup-time = 45.002521991729736
all-measurements = [ 43.27360248565674, 43.420005321502686, 50.9550678730011,]
