best-result = 96.20475649833679
warmup-time = 102.72776293754578
all-measurements = [ 96.91261696815491, 96.2618658542633, 96.20475649833679,]
