best-result = 28.001102447509766
warmup-time = 28.064249515533447
all-measurements = [ 28.001102447509766, 28.229053020477295, 29.235277891159058,]
