best-result = 33.93094229698181
warmup-time = 34.99632954597473
all-measurements = [ 34.01675820350647, 36.206732511520386, 33.93094229698181,]
