best-result = 85.62335157394409
warmup-time = 88.60316824913025
all-measurements = [ 85.62335157394409, 90.91736578941345, 93.2439272403717,]
