best-result = 38.07042169570923
warmup-time = 40.21297216415405
all-measurements = [ 38.465365409851074, 38.58735704421997, 38.07042169570923,]
