best-result = 43.16245722770691
warmup-time = 45.01934552192688
all-measurements = [ 44.61480259895325, 46.450573205947876, 43.16245722770691,]
