best-result = 27.730695009231567
warmup-time = 28.988897800445557
all-measurements = [ 28.647343635559082, 27.730695009231567, 28.53250288963318,]
