best-result = 630.373363494873
warmup-time = 664.7111847400665
all-measurements = [ 638.306886434555, 640.3294591903687, 630.373363494873,]
