best-result = 171.77181577682495
warmup-time = 174.45207142829895
all-measurements = [ 173.976224899292, 171.77181577682495, 172.55395793914795,]
