best-result = 57.909026861190796
warmup-time = 66.56182503700256
all-measurements = [ 67.44333505630493, 57.909026861190796, 64.13957858085632,]
