best-result = 22.22025442123413
warmup-time = 22.380764484405518
all-measurements = [ 22.741663694381714, 22.22025442123413, 22.998780965805054,]
