best-result = 46.803704023361206
warmup-time = 64.15965914726257
all-measurements = [ 46.85931849479675, 47.376370429992676, 46.803704023361206,]
