best-result = 46.00951361656189
warmup-time = 58.89258360862732
all-measurements = [ 46.438276052474976, 46.35660672187805, 46.00951361656189,]
