best-result = 940.7447867393494
warmup-time = 1130.8316547870636
all-measurements = [ 940.7447867393494, 963.868736743927, 960.2110607624054,]
