best-result = 85.18387842178345
warmup-time = 99.5519654750824
all-measurements = [ 85.64330267906189, 85.18387842178345, 85.48666501045227,]
