best-result = 81.2973244190216
warmup-time = 101.99494576454163
all-measurements = [ 81.79411101341248, 81.2973244190216, 81.5177595615387,]
