best-result = 69.87273359298706
warmup-time = 91.53111815452576
all-measurements = [ 70.33208656311035, 69.87273359298706, 70.05111050605774,]
