best-result = 91.61331629753113
warmup-time = 105.85494804382324
all-measurements = [ 91.61331629753113, 92.28250694274902, 92.33672761917114,]
