best-result = 641.7616853713989
warmup-time = 656.895138502121
all-measurements = [ 643.1962020397186, 641.7616853713989, 645.5124206542969,]
