best-result = 64.27450752258301
warmup-time = 80.93269419670105
all-measurements = [ 64.78399658203125, 64.93516135215759, 64.27450752258301,]
