best-result = 220.8647174835205
warmup-time = 370.2061846256256
all-measurements = [ 220.8647174835205, 221.33262157440186, 225.89034414291382,]
