best-result = 444.59908175468445
warmup-time = 900.3991341590881
all-measurements = [ 444.59908175468445, 449.8398766517639, 448.7045590877533,]
