best-result = 61.586833477020264
warmup-time = 76.61008977890015
all-measurements = [ 61.586833477020264, 61.80778121948242, 61.970149993896484,]
