best-result = 142.04915118217468
warmup-time = 165.25488424301147
all-measurements = [ 142.04915118217468, 143.40394496917725, 142.54762983322144,]
