best-result = 873.8942475318909
warmup-time = 910.8031904697418
all-measurements = [ 908.1789872646332, 878.6242303848267, 873.8942475318909,]
