best-result = 27.219977378845215
warmup-time = 35.77882170677185
all-measurements = [ 27.219977378845215, 27.866731882095337, 27.532367944717407,]
