best-result = 57.14886260032654
warmup-time = 71.08583664894104
all-measurements = [ 57.14886260032654, 57.334556579589844, 57.22838020324707,]
