best-result = 58.78417634963989
warmup-time = 72.73980641365051
all-measurements = [ 59.41257977485657, 58.78417634963989, 59.18294548988342,]
