best-result = 110.73659801483154
warmup-time = 137.58980250358582
all-measurements = [ 110.97469997406006, 111.12966132164001, 110.73659801483154,]
