best-result = 787.0254006385803
warmup-time = 853.1175997257233
all-measurements = [ 787.0254006385803, 789.5550286769867, 789.8264575004578,]
