best-result = 33.51814293861389
warmup-time = 40.32484030723572
all-measurements = [ 33.51814293861389, 34.13965725898743, 33.86351442337036,]
