best-result = 53.94565224647522
warmup-time = 69.77735352516174
all-measurements = [ 53.97638559341431, 53.94565224647522, 54.34115123748779,]
