best-result = 1718.7924265861511
warmup-time = 2316.552501678467
all-measurements = [ 2451.7659862041473, 1718.7924265861511, 1962.6039485931396,]
