best-result = 49.041051626205444
warmup-time = 71.06184959411621
all-measurements = [ 49.19004416465759, 49.041051626205444, 49.095025062561035,]
