best-result = 78.42385721206665
warmup-time = 98.33008027076721
all-measurements = [ 78.75908994674683, 78.79994082450867, 78.42385721206665,]
