best-result = 36.226526737213135
warmup-time = 46.2099027633667
all-measurements = [ 36.44365739822388, 36.32782220840454, 36.226526737213135,]
