best-result = 339.0930280685425
warmup-time = 471.45883655548096
all-measurements = [ 349.17146921157837, 339.0930280685425, 343.21215653419495,]
