best-result = 105.229318857193
warmup-time = 130.13908672332764
all-measurements = [ 105.23405838012695, 105.229318857193, 105.60204768180847,]
