best-result = 59.041966676712036
warmup-time = 59.404860734939575
all-measurements = [ 59.38326644897461, 59.37184190750122, 59.041966676712036,]
