best-result = 21.375109910964966
warmup-time = 21.743679523468018
all-measurements = [ 21.375109910964966, 21.505735635757446, 21.654175281524658,]
