best-result = 46.56121611595154
warmup-time = 62.774362564086914
all-measurements = [ 47.49483060836792, 46.56121611595154, 46.87206292152405,]
