best-result = 46.38571739196777
warmup-time = 58.45779323577881
all-measurements = [ 46.709890842437744, 46.38571739196777, 47.374840259552,]
