best-result = 963.1852221488953
warmup-time = 1167.6855037212372
all-measurements = [ 980.0188374519348, 963.1852221488953, 976.9243841171265,]
