best-result = 81.78652954101562
warmup-time = 94.00681853294373
all-measurements = [ 82.07662415504456, 81.84778428077698, 81.78652954101562,]
