best-result = 78.10924744606018
warmup-time = 99.5256700515747
all-measurements = [ 78.10924744606018, 78.40215110778809, 79.03036737442017,]
