best-result = 68.24293422698975
warmup-time = 92.25893831253052
all-measurements = [ 68.88315391540527, 68.24293422698975, 68.33349633216858,]
