best-result = 83.91818571090698
warmup-time = 98.25632977485657
all-measurements = [ 84.52118825912476, 83.93166470527649, 83.91818571090698,]
