best-result = 589.9409835338593
warmup-time = 604.3301696777344
all-measurements = [ 591.7405066490173, 589.9409835338593, 594.5202357769012,]
