best-result = 61.683531045913696
warmup-time = 76.25081014633179
all-measurements = [ 62.05803680419922, 61.95694160461426, 61.683531045913696,]
