best-result = 231.0114140510559
warmup-time = 395.92866039276123
all-measurements = [ 233.45921182632446, 231.0114140510559, 231.01201248168945,]
