best-result = 439.1419897079468
warmup-time = 906.8518073558807
all-measurements = [ 441.98799991607666, 439.1419897079468, 445.7612512111664,]
