best-result = 59.481356620788574
warmup-time = 77.48602867126465
all-measurements = [ 59.82771134376526, 60.26026487350464, 59.481356620788574,]
