best-result = 854.9876375198364
warmup-time = 891.252039194107
all-measurements = [ 882.8650047779083, 854.9876375198364, 857.8959867954254,]
