best-result = 26.821799993515015
warmup-time = 36.34309458732605
all-measurements = [ 27.1373393535614, 26.922849655151367, 26.821799993515015,]
