best-result = 58.17100739479065
warmup-time = 72.39948010444641
all-measurements = [ 58.17100739479065, 58.860153675079346, 58.506964921951294,]
