best-result = 55.68276810646057
warmup-time = 67.66214203834534
all-measurements = [ 55.68276810646057, 55.785332679748535, 56.41057753562927,]
