best-result = 108.03100967407227
warmup-time = 137.00629591941833
all-measurements = [ 108.03100967407227, 108.19839429855347, 109.24699807167053,]
