best-result = 768.4615321159363
warmup-time = 838.3183724880219
all-measurements = [ 771.3304796218872, 772.7802422046661, 768.4615321159363,]
