best-result = 33.362871408462524
warmup-time = 39.74239778518677
all-measurements = [ 33.362871408462524, 33.37139272689819, 34.32733225822449,]
