best-result = 53.223430156707764
warmup-time = 68.52019000053406
all-measurements = [ 53.223430156707764, 53.33240342140198, 53.48309278488159,]
