best-result = 49.16363048553467
warmup-time = 67.88654899597168
all-measurements = [ 49.69667983055115, 50.02046728134155, 49.16363048553467,]
