best-result = 78.3830418586731
warmup-time = 96.4825394153595
all-measurements = [ 78.6603045463562, 79.18060612678528, 78.3830418586731,]
