best-result = 35.56329369544983
warmup-time = 45.28294825553894
all-measurements = [ 35.56329369544983, 35.81179642677307, 36.007243394851685,]
