best-result = 351.5022315979004
warmup-time = 487.08000206947327
all-measurements = [ 351.5022315979004, 354.4265172481537, 373.09093403816223,]
