best-result = 102.72033476829529
warmup-time = 102.58095002174377
all-measurements = [ 103.31318163871765, 102.72033476829529, 103.35964322090149,]
