best-result = 23.236544132232666
warmup-time = 25.18366312980652
all-measurements = [ 23.45267963409424, 23.236544132232666, 23.257195711135864,]
memory-traffic = 275
