best-result = 47.410115242004395
warmup-time = 65.90464115142822
all-measurements = [ 47.410115242004395, 47.99511671066284, 47.56826615333557,]
memory-traffic = 3746
