best-result = 46.947694540023804
warmup-time = 60.52702307701111
all-measurements = [ 46.947694540023804, 47.157506465911865, 47.11675453186035,]
memory-traffic = 3350
