best-result = 952.689465045929
warmup-time = 1159.5088441371918
all-measurements = [ 970.3301882743835, 962.1167542934418, 952.689465045929,]
memory-traffic = 94519
