best-result = 84.29856562614441
warmup-time = 103.11654353141785
all-measurements = [ 84.29856562614441, 86.06798505783081, 84.90471005439758,]
memory-traffic = 7565
