best-result = 80.5845742225647
warmup-time = 103.85515809059143
all-measurements = [ 80.5845742225647, 81.12994074821472, 80.94251370429993,]
