best-result = 70.73568558692932
warmup-time = 94.61128973960876
all-measurements = [ 71.46941304206848, 71.85419940948486, 70.73568558692932,]
memory-traffic = 6109
