best-result = 90.57675433158875
warmup-time = 107.042409658432
all-measurements = [ 106.43099308013916, 97.28700947761536, 90.57675433158875,]
memory-traffic = 8158
