best-result = 618.852780342102
warmup-time = 621.118908405304
all-measurements = [ 618.852780342102, 621.6057553291321, 621.563188791275,]
memory-traffic = 56665
