best-result = 63.63854432106018
warmup-time = 80.80439972877502
all-measurements = [ 63.83899402618408, 63.63854432106018, 64.21819758415222,]
memory-traffic = 3640
