best-result = 218.67580151557922
warmup-time = 374.58942770957947
all-measurements = [ 218.9996452331543, 221.38485646247864, 218.67580151557922,]
