best-result = 445.6960470676422
warmup-time = 891.1881840229034
all-measurements = [ 445.6960470676422, 445.76615715026855, 447.2757866382599,]
memory-traffic = 26363
