best-result = 61.77026128768921
warmup-time = 77.79913783073425
all-measurements = [ 62.34009623527527, 62.57863998413086, 61.77026128768921,]
memory-traffic = 3720
