best-result = 860.9696710109711
warmup-time = 893.6937654018402
all-measurements = [ 860.9696710109711, 861.2070472240448, 862.2496647834778,]
memory-traffic = 101355
