best-result = 27.159762144088745
warmup-time = 36.994343519210815
all-measurements = [ 27.660740852355957, 27.57458782196045, 27.159762144088745,]
memory-traffic = 803
