best-result = 57.712390661239624
warmup-time = 73.47277045249939
all-measurements = [ 58.24167251586914, 57.712390661239624, 57.798367738723755,]
memory-traffic = 3999
