best-result = 58.325156450271606
warmup-time = 72.57915377616882
all-measurements = [ 58.41479539871216, 59.141437292099, 58.325156450271606,]
memory-traffic = 3348
