best-result = 109.22870945930481
warmup-time = 141.03604674339294
all-measurements = [ 110.67464280128479, 109.22870945930481, 109.73305010795593,]
memory-traffic = 10517
