best-result = 780.0456261634827
warmup-time = 846.1013236045837
all-measurements = [ 780.0456261634827, 780.9105126857758, 781.5127944946289,]
memory-traffic = 68852
