best-result = 34.09150242805481
warmup-time = 43.35208559036255
all-measurements = [ 34.15794801712036, 34.09150242805481, 35.8176634311676,]
memory-traffic = 1321
