best-result = 53.95878553390503
warmup-time = 70.26495146751404
all-measurements = [ 54.01467299461365, 54.320366621017456, 53.95878553390503,]
memory-traffic = 3775
