best-result = 1308.0412907600403
warmup-time = 2121.2863850593567
all-measurements = [ 1308.0412907600403, 1658.6245138645172, 1493.0498957633972,]
