best-result = 49.84886455535889
warmup-time = 71.56683039665222
all-measurements = [ 49.90515422821045, 49.84886455535889, 49.90046167373657,]
memory-traffic = 3733
