best-result = 80.85383772850037
warmup-time = 102.52002334594727
all-measurements = [ 81.19024276733398, 81.65696167945862, 80.85383772850037,]
memory-traffic = 6724
