best-result = 36.435367822647095
warmup-time = 47.44074273109436
all-measurements = [ 36.44036078453064, 36.435367822647095, 36.7573401927948,]
memory-traffic = 1772
