best-result = 342.3171010017395
warmup-time = 483.70046949386597
all-measurements = [ 343.6865165233612, 349.4001443386078, 342.3171010017395,]
memory-traffic = 34487
