best-result = 124.3630645275116
warmup-time = 127.6418571472168
all-measurements = [ 126.11454606056213, 124.3630645275116, 124.5999391078949,]
memory-traffic = 9191
