best-result = 21.525115966796875
warmup-time = 21.452928066253662
all-measurements = [ 21.683531522750854, 21.6352858543396, 21.525115966796875,]
