best-result = 46.98439121246338
warmup-time = 64.13247990608215
all-measurements = [ 46.98439121246338, 47.00785851478577, 47.20338153839111,]
