best-result = 46.602311849594116
warmup-time = 58.708935260772705
all-measurements = [ 46.602311849594116, 46.81759548187256, 46.910277128219604,]
