best-result = 987.9451582431793
warmup-time = 1196.8291521072388
all-measurements = [ 989.4257357120514, 993.0839018821716, 987.9451582431793,]
