best-result = 80.99867153167725
warmup-time = 96.14855909347534
all-measurements = [ 82.3104419708252, 80.99867153167725, 81.4823899269104,]
