best-result = 78.55156922340393
warmup-time = 101.24371433258057
all-measurements = [ 79.00407719612122, 78.85331678390503, 78.55156922340393,]
