best-result = 69.32846784591675
warmup-time = 91.75232458114624
all-measurements = [ 69.81545567512512, 69.32846784591675, 69.89516758918762,]
