best-result = 84.51284503936768
warmup-time = 99.54369521141052
all-measurements = [ 85.04105520248413, 84.51284503936768, 85.02184677124023,]
