best-result = 592.9301526546478
warmup-time = 602.5030817985535
all-measurements = [ 594.6598892211914, 592.9301526546478, 594.2777194976807,]
