best-result = 62.44365572929382
warmup-time = 78.63199305534363
all-measurements = [ 62.81203532218933, 62.62318301200867, 62.44365572929382,]
