best-result = 230.89184951782227
warmup-time = 410.3056230545044
all-measurements = [ 246.01032733917236, 234.60521268844604, 230.89184951782227,]
