best-result = 439.96023893356323
warmup-time = 943.4809486865997
all-measurements = [ 440.4135637283325, 447.6730909347534, 439.96023893356323,]
