best-result = 59.41298151016235
warmup-time = 78.65804052352905
all-measurements = [ 59.41298151016235, 60.28978872299194, 60.46314311027527,]
