best-result = 871.6365602016449
warmup-time = 910.0637927055359
all-measurements = [ 871.6365602016449, 873.4245958328247, 872.8061289787292,]
