best-result = 26.936126232147217
warmup-time = 35.56929898262024
all-measurements = [ 26.936126232147217, 27.05672287940979, 27.117676258087158,]
