best-result = 58.17656207084656
warmup-time = 72.72627425193787
all-measurements = [ 58.24856162071228, 58.17656207084656, 58.68103647232056,]
