best-result = 55.40952277183533
warmup-time = 84.09183287620544
all-measurements = [ 60.29722714424133, 57.54166221618652, 55.40952277183533,]
