best-result = 108.2561411857605
warmup-time = 139.16918873786926
all-measurements = [ 108.2561411857605, 109.12639832496643, 108.47576117515564,]
