best-result = 767.5386755466461
warmup-time = 849.1941285133362
all-measurements = [ 770.350804567337, 770.2956347465515, 767.5386755466461,]
