best-result = 33.885024547576904
warmup-time = 41.23398303985596
all-measurements = [ 33.90563654899597, 33.885024547576904, 34.42166233062744,]
