best-result = 52.86110496520996
warmup-time = 68.58044981956482
all-measurements = [ 52.86110496520996, 52.92753052711487, 53.114500522613525,]
