best-result = 49.25556135177612
warmup-time = 69.48836946487427
all-measurements = [ 49.899006843566895, 49.25556135177612, 50.060330390930176,]
