best-result = 79.68903541564941
warmup-time = 98.34394645690918
all-measurements = [ 79.68903541564941, 80.01579141616821, 80.7214572429657,]
