best-result = 35.209909200668335
warmup-time = 45.19366955757141
all-measurements = [ 35.737483739852905, 35.209909200668335, 35.85507798194885,]
