best-result = 349.64632987976074
warmup-time = 506.18082094192505
all-measurements = [ 349.64632987976074, 350.30539989471436, 355.6449477672577,]
