best-result = 102.58331751823425
warmup-time = 103.37342643737793
all-measurements = [ 103.02287602424622, 102.58331751823425, 103.29436659812927,]
