best-result = 25.808515787124634
warmup-time = 26.152609825134277
all-measurements = [ 25.808515787124634, 25.949131727218628, 25.815901279449463,]
