best-result = 37.29646158218384
warmup-time = 37.506967544555664
all-measurements = [ 37.29646158218384, 38.02514052391052, 38.03654956817627,]
