best-result = 30.21525812149048
warmup-time = 30.527515649795532
all-measurements = [ 30.21525812149048, 30.786776065826416, 30.23727560043335,]
