best-result = 256.2543091773987
warmup-time = 263.45878505706787
all-measurements = [ 256.60460114479065, 258.55520725250244, 256.2543091773987,]
