best-result = 36.428370237350464
warmup-time = 39.19938278198242
all-measurements = [ 37.31431317329407, 36.69728231430054, 36.428370237350464,]
