best-result = 113.15876388549805
warmup-time = 121.6999397277832
all-measurements = [ 113.17029070854187, 113.25490379333496, 113.15876388549805,]
