best-result = 40.132508277893066
warmup-time = 41.78090238571167
all-measurements = [ 40.132508277893066, 40.67310452461243, 41.175297021865845,]
