best-result = 46.721675395965576
warmup-time = 48.09652495384216
all-measurements = [ 48.99343156814575, 46.721675395965576, 47.96855115890503,]
