best-result = 33.786508321762085
warmup-time = 33.12042784690857
all-measurements = [ 33.786508321762085, 34.225709676742554, 33.919267416000366,]
