best-result = 36.27732062339783
warmup-time = 37.989407539367676
all-measurements = [ 36.27732062339783, 36.54036498069763, 37.092931032180786,]
