best-result = 60.51027870178223
warmup-time = 64.7805483341217
all-measurements = [ 64.07111954689026, 60.74012064933777, 60.51027870178223,]
