best-result = 221.66516494750977
warmup-time = 223.6012794971466
all-measurements = [ 221.66516494750977, 223.72597432136536, 224.1670789718628,]
