best-result = 514.2758893966675
warmup-time = 521.7882704734802
all-measurements = [ 515.5316781997681, 514.2758893966675, 514.985000371933,]
