best-result = 36.2961905002594
warmup-time = 36.67523550987244
all-measurements = [ 37.220608711242676, 38.544912576675415, 36.2961905002594,]
