best-result = 28.673496961593628
warmup-time = 29.637654542922974
all-measurements = [ 28.744983673095703, 28.673496961593628, 29.238640308380127,]
