best-result = 75.2472631931305
warmup-time = 76.17359852790833
all-measurements = [ 78.16259050369263, 75.2472631931305, 79.98785614967346,]
