best-result = 60.606804609298706
warmup-time = 63.36622071266174
all-measurements = [ 62.76124906539917, 60.606804609298706, 63.60802745819092,]
