best-result = 27.849750518798828
warmup-time = 29.278564453125
all-measurements = [ 27.895284414291382, 27.849750518798828, 28.04767632484436,]
