best-result = 32.02601861953735
warmup-time = 32.92227625846863
all-measurements = [ 35.40710759162903, 32.02601861953735, 32.823057651519775,]
