best-result = 31.53036379814148
warmup-time = 33.32683563232422
all-measurements = [ 33.66647171974182, 31.53036379814148, 32.4733681678772,]
