best-result = 40.545228719711304
warmup-time = 45.19341731071472
all-measurements = [ 40.545228719711304, 42.775691747665405, 43.08380055427551,]
