best-result = 94.99021553993225
warmup-time = 97.53016233444214
all-measurements = [ 98.05723023414612, 98.22471165657043, 94.99021553993225,]
