best-result = 28.556143760681152
warmup-time = 29.622220754623413
all-measurements = [ 29.584132194519043, 29.30036163330078, 28.556143760681152,]
