best-result = 34.485106468200684
warmup-time = 33.57025480270386
all-measurements = [ 34.485106468200684, 35.13858985900879, 34.54172086715698,]
