best-result = 91.23096776008606
warmup-time = 89.78141188621521
all-measurements = [ 96.43534517288208, 91.23096776008606, 92.6544144153595,]
