best-result = 38.70288562774658
warmup-time = 38.63119983673096
all-measurements = [ 38.88092017173767, 39.17039704322815, 38.70288562774658,]
