best-result = 43.23226881027222
warmup-time = 45.97133255004883
all-measurements = [ 43.23226881027222, 45.43339729309082, 44.011626958847046,]
