best-result = 28.81108069419861
warmup-time = 28.82748317718506
all-measurements = [ 28.894306659698486, 28.81108069419861, 29.017768144607544,]
