best-result = 172.16519284248352
warmup-time = 172.81699204444885
all-measurements = [ 175.1619644165039, 172.16519284248352, 172.59863710403442,]
