best-result = 60.00934076309204
warmup-time = 68.79273796081543
all-measurements = [ 60.00934076309204, 66.12875270843506, 66.65573191642761,]
