best-result = 26.931769609451294
warmup-time = 26.998307466506958
all-measurements = [ 27.35090136528015, 26.931769609451294, 27.024745225906372,]
