best-result = 39.177263021469116
warmup-time = 40.88625192642212
all-measurements = [ 39.177263021469116, 40.3976776599884, 41.04833006858826,]
