best-result = 34.581390380859375
warmup-time = 34.59589076042175
all-measurements = [ 35.443538427352905, 34.581390380859375, 35.224573612213135,]
