best-result = 285.4102032184601
warmup-time = 293.54235553741455
all-measurements = [ 288.94879937171936, 285.4102032184601, 286.53125739097595,]
