best-result = 38.22211527824402
warmup-time = 38.24019742012024
all-measurements = [ 38.22211527824402, 38.714155435562134, 39.145416259765625,]
