best-result = 44.157933473587036
warmup-time = 46.00398802757263
all-measurements = [ 44.40492057800293, 44.157933473587036, 45.95139217376709,]
