best-result = 53.82112264633179
warmup-time = 53.878328800201416
all-measurements = [ 53.82112264633179, 54.28688406944275, 55.50875234603882,]
