best-result = 36.774507999420166
warmup-time = 37.43225431442261
all-measurements = [ 37.08140444755554, 36.774507999420166, 37.70464491844177,]
