best-result = 39.86029553413391
warmup-time = 41.6456458568573
all-measurements = [ 39.86029553413391, 40.69945001602173, 41.71540975570679,]
