best-result = 62.7877254486084
warmup-time = 66.91366696357727
all-measurements = [ 62.7877254486084, 66.18816661834717, 64.6186752319336,]
