best-result = 256.93814992904663
warmup-time = 258.74845838546753
all-measurements = [ 257.763787984848, 256.93814992904663, 258.64486956596375,]
