best-result = 594.5474488735199
warmup-time = 598.1765496730804
all-measurements = [ 597.7655935287476, 594.5474488735199, 598.4705264568329,]
