best-result = 37.243053674697876
warmup-time = 38.619452238082886
all-measurements = [ 38.44962191581726, 37.243053674697876, 38.305238246917725,]
