best-result = 68.79420876502991
warmup-time = 70.30326390266418
all-measurements = [ 68.79420876502991, 70.28272819519043, 70.36893224716187,]
