best-result = 29.512293338775635
warmup-time = 29.279884099960327
all-measurements = [ 30.015708684921265, 29.512293338775635, 29.973395109176636,]
