best-result = 38.101388454437256
warmup-time = 38.54487133026123
all-measurements = [ 38.59891057014465, 38.101388454437256, 39.75122380256653,]
