best-result = 35.29208779335022
warmup-time = 34.6410117149353
all-measurements = [ 35.29208779335022, 36.8684663772583, 35.52399682998657,]
