best-result = 46.062777519226074
warmup-time = 47.48902750015259
all-measurements = [ 46.572787046432495, 46.062777519226074, 46.188475131988525,]
