best-result = 105.15397310256958
warmup-time = 107.48127245903015
all-measurements = [ 109.44482707977295, 105.15397310256958, 107.39297914505005,]
