best-result = 29.429552793502808
warmup-time = 31.190287828445435
all-measurements = [ 29.429552793502808, 30.54207730293274, 32.17428517341614,]
