best-result = 36.28098678588867
warmup-time = 36.63034915924072
all-measurements = [ 37.26842522621155, 36.28098678588867, 38.6109459400177,]
