best-result = 42.057788133621216
warmup-time = 43.086164236068726
all-measurements = [ 42.483686685562134, 42.76912474632263, 42.057788133621216,]
