best-result = 44.546865940093994
warmup-time = 47.174036502838135
all-measurements = [ 44.546865940093994, 48.48935008049011, 47.39608645439148,]
