best-result = 28.49425196647644
warmup-time = 31.31847333908081
all-measurements = [ 29.861415147781372, 29.06586456298828, 28.49425196647644,]
