best-result = 735.2258996963501
warmup-time = 770.8811342716217
all-measurements = [ 740.9016184806824, 739.8977448940277, 735.2258996963501,]
