best-result = 194.62913012504578
warmup-time = 201.27261018753052
all-measurements = [ 195.69851231575012, 195.27464294433594, 194.62913012504578,]
