best-result = 47.07529616355896
warmup-time = 46.45747208595276
all-measurements = [ 47.31863570213318, 47.07529616355896, 48.839828968048096,]
