best-result = 25.884434700012207
warmup-time = 25.939311265945435
all-measurements = [ 26.191675424575806, 25.884434700012207, 25.92236351966858,]
