best-result = 35.20844793319702
warmup-time = 37.70382046699524
all-measurements = [ 37.17934012413025, 35.20844793319702, 37.56982064247131,]
