best-result = 31.964245080947876
warmup-time = 31.592220544815063
all-measurements = [ 32.13248348236084, 33.41531729698181, 31.964245080947876,]
