best-result = 264.0938549041748
warmup-time = 270.32939529418945
all-measurements = [ 264.0938549041748, 267.27674078941345, 266.2021715641022,]
