best-result = 36.524938106536865
warmup-time = 37.36792802810669
all-measurements = [ 37.16512894630432, 36.85503005981445, 36.524938106536865,]
