best-result = 41.37684345245361
warmup-time = 44.37726187705994
all-measurements = [ 41.78470492362976, 43.659717082977295, 41.37684345245361,]
