best-result = 50.62574815750122
warmup-time = 53.37832832336426
all-measurements = [ 50.634788513183594, 50.62574815750122, 51.569427728652954,]
