best-result = 35.684199810028076
warmup-time = 35.97278618812561
all-measurements = [ 36.69970989227295, 35.684199810028076, 35.92096495628357,]
