best-result = 37.66051959991455
warmup-time = 39.021889209747314
all-measurements = [ 37.66051959991455, 38.67117786407471, 38.231903314590454,]
