best-result = 61.56077742576599
warmup-time = 63.45557475090027
all-measurements = [ 65.8954131603241, 61.56077742576599, 64.10528922080994,]
