best-result = 227.55179381370544
warmup-time = 230.69280004501343
all-measurements = [ 229.08592796325684, 227.55179381370544, 231.78867363929749,]
