best-result = 525.7340149879456
warmup-time = 561.7438786029816
all-measurements = [ 528.5045199394226, 527.3596656322479, 525.7340149879456,]
