best-result = 36.656904458999634
warmup-time = 35.90719485282898
all-measurements = [ 36.80616593360901, 39.18840432167053, 36.656904458999634,]
