best-result = 63.07581067085266
warmup-time = 65.33877992630005
all-measurements = [ 63.07581067085266, 64.03192567825317, 65.0734555721283,]
