best-result = 27.654521465301514
warmup-time = 28.048368453979492
all-measurements = [ 27.654521465301514, 29.110219478607178, 28.107961177825928,]
