best-result = 33.74684762954712
warmup-time = 34.06885814666748
all-measurements = [ 36.69994592666626, 33.74684762954712, 36.83916902542114,]
