best-result = 33.52232265472412
warmup-time = 34.02902817726135
all-measurements = [ 34.30868053436279, 33.52232265472412, 33.99396562576294,]
