best-result = 43.42017364501953
warmup-time = 43.76289129257202
all-measurements = [ 44.01886510848999, 44.16625666618347, 43.42017364501953,]
