best-result = 95.92166757583618
warmup-time = 101.00676250457764
all-measurements = [ 96.37312769889832, 95.92166757583618, 96.44157600402832,]
