best-result = 27.762426614761353
warmup-time = 27.82761788368225
all-measurements = [ 28.11220693588257, 29.133446216583252, 27.762426614761353,]
