best-result = 34.406431436538696
warmup-time = 33.876038789749146
all-measurements = [ 35.0880868434906, 34.97700309753418, 34.406431436538696,]
