best-result = 88.91147446632385
warmup-time = 89.38668751716614
all-measurements = [ 88.91147446632385, 91.94557499885559, 91.49187707901001,]
