best-result = 40.626049518585205
warmup-time = 39.939093589782715
all-measurements = [ 40.626049518585205, 40.85709357261658, 40.77851676940918,]
