best-result = 45.217790603637695
warmup-time = 45.21855854988098
all-measurements = [ 46.398032665252686, 45.217790603637695, 45.74375820159912,]
