best-result = 27.86121654510498
warmup-time = 27.974859714508057
all-measurements = [ 27.86121654510498, 29.13635277748108, 29.57154107093811,]
