best-result = 680.6501207351685
warmup-time = 706.3724462985992
all-measurements = [ 682.8074893951416, 680.6501207351685, 697.5229139328003,]
