best-result = 175.40791869163513
warmup-time = 173.81954646110535
all-measurements = [ 176.45014572143555, 175.40791869163513, 176.10339331626892,]
