best-result = 42.578972578048706
warmup-time = 44.17860293388367
all-measurements = [ 42.718273401260376, 42.84026646614075, 42.578972578048706,]
