best-result = 25.800984859466553
warmup-time = 26.42990279197693
all-measurements = [ 26.289937496185303, 25.800984859466553, 26.728012800216675,]
