best-result = 36.63140344619751
warmup-time = 37.36807656288147
all-measurements = [ 36.63140344619751, 37.95109844207764, 37.76491618156433,]
