best-result = 31.783360242843628
warmup-time = 30.838077783584595
all-measurements = [ 32.451308250427246, 31.783360242843628, 32.10035586357117,]
