best-result = 254.8513159751892
warmup-time = 260.0874583721161
all-measurements = [ 256.4971053600311, 258.0765109062195, 254.8513159751892,]
