best-result = 35.83369708061218
warmup-time = 35.10617971420288
all-measurements = [ 35.83369708061218, 38.111860513687134, 36.061113119125366,]
