best-result = 112.64205121994019
warmup-time = 114.31548190116882
all-measurements = [ 112.75397229194641, 113.5860002040863, 112.64205121994019,]
