best-result = 40.22496151924133
warmup-time = 41.400819540023804
all-measurements = [ 40.46900963783264, 40.82185387611389, 40.22496151924133,]
