best-result = 46.40932631492615
warmup-time = 47.75405812263489
all-measurements = [ 47.63491988182068, 48.00367879867554, 46.40932631492615,]
