best-result = 33.733856439590454
warmup-time = 32.91538119316101
all-measurements = [ 33.93017935752869, 34.55726337432861, 33.733856439590454,]
