best-result = 36.96705365180969
warmup-time = 38.27024006843567
all-measurements = [ 37.63357853889465, 36.96705365180969, 37.09344482421875,]
