best-result = 60.91316246986389
warmup-time = 59.60266828536987
all-measurements = [ 60.91316246986389, 61.776078939437866, 64.83330726623535,]
