best-result = 223.24631714820862
warmup-time = 227.42695713043213
all-measurements = [ 223.24631714820862, 225.685138463974, 224.06541872024536,]
