best-result = 510.85568714141846
warmup-time = 516.9521844387054
all-measurements = [ 510.85568714141846, 515.3806838989258, 514.9567704200745,]
