best-result = 36.78090715408325
warmup-time = 36.264992237091064
all-measurements = [ 36.78090715408325, 37.175575971603394, 37.61858630180359,]
