best-result = 29.002257585525513
warmup-time = 29.171008825302124
all-measurements = [ 29.002257585525513, 29.00610041618347, 29.58975052833557,]
