best-result = 70.03722262382507
warmup-time = 72.29845213890076
all-measurements = [ 77.46411037445068, 74.58958077430725, 70.03722262382507,]
