best-result = 61.22870349884033
warmup-time = 62.43369507789612
all-measurements = [ 61.28667497634888, 61.22870349884033, 62.370558738708496,]
