best-result = 28.112079858779907
warmup-time = 27.76647138595581
all-measurements = [ 28.145899295806885, 28.112079858779907, 28.296948671340942,]
