best-result = 34.9735643863678
warmup-time = 35.48274326324463
all-measurements = [ 35.34997582435608, 34.9735643863678, 34.97757625579834,]
