best-result = 33.425201416015625
warmup-time = 35.18025255203247
all-measurements = [ 34.15960073471069, 34.76366186141968, 33.425201416015625,]
