best-result = 42.046969175338745
warmup-time = 42.75251650810242
all-measurements = [ 43.77327108383179, 42.046969175338745, 44.16387104988098,]
