best-result = 93.65206813812256
warmup-time = 95.33872985839844
all-measurements = [ 97.66711783409119, 93.65206813812256, 95.87596225738525,]
