best-result = 28.195979118347168
warmup-time = 29.74178647994995
all-measurements = [ 28.195979118347168, 29.47985529899597, 29.41946244239807,]
