best-result = 34.325889110565186
warmup-time = 34.67591643333435
all-measurements = [ 34.325889110565186, 34.64105272293091, 35.25295567512512,]
