best-result = 94.67030668258667
warmup-time = 100.06953310966492
all-measurements = [ 94.67030668258667, 95.56666421890259, 96.16740345954895,]
