best-result = 38.825488805770874
warmup-time = 39.40230202674866
all-measurements = [ 39.58971691131592, 38.825488805770874, 40.05017352104187,]
