best-result = 44.19179034233093
warmup-time = 45.81629419326782
all-measurements = [ 44.19179034233093, 44.421672344207764, 44.89104437828064,]
