best-result = 29.062522888183594
warmup-time = 28.868448734283447
all-measurements = [ 29.313135147094727, 29.475531339645386, 29.062522888183594,]
