best-result = 632.8073625564575
warmup-time = 680.943065404892
all-measurements = [ 647.4399328231812, 639.9427053928375, 632.8073625564575,]
