best-result = 171.37173676490784
warmup-time = 172.023761510849
all-measurements = [ 171.37173676490784, 172.76900362968445, 171.75136065483093,]
