best-result = 65.95392346382141
warmup-time = 68.69555616378784
all-measurements = [ 68.42140436172485, 69.05425477027893, 65.95392346382141,]
