best-result = 26.110016107559204
warmup-time = 26.746506452560425
all-measurements = [ 26.121290922164917, 26.544013261795044, 26.110016107559204,]
