best-result = 35.63783645629883
warmup-time = 37.38432550430298
all-measurements = [ 35.63783645629883, 36.19495749473572, 37.656172037124634,]
