best-result = 30.985095977783203
warmup-time = 30.70298743247986
all-measurements = [ 31.37742257118225, 30.985095977783203, 31.07457709312439,]
