best-result = 252.49613618850708
warmup-time = 260.940509557724
all-measurements = [ 257.2278563976288, 255.8577699661255, 252.49613618850708,]
