best-result = 35.03805589675903
warmup-time = 37.14288926124573
all-measurements = [ 36.49527454376221, 35.03805589675903, 35.19983410835266,]
