best-result = 111.691969871521
warmup-time = 113.88047313690186
all-measurements = [ 112.79013276100159, 111.691969871521, 115.62432074546814,]
