best-result = 39.684953927993774
warmup-time = 40.289734840393066
all-measurements = [ 41.92765474319458, 42.07477068901062, 39.684953927993774,]
