best-result = 47.57591199874878
warmup-time = 47.5685248374939
all-measurements = [ 48.0128378868103, 47.57591199874878, 48.315457582473755,]
