best-result = 32.16478109359741
warmup-time = 34.65451955795288
all-measurements = [ 32.16478109359741, 34.48286986351013, 33.546401262283325,]
