best-result = 36.284626960754395
warmup-time = 37.71367406845093
all-measurements = [ 36.284626960754395, 37.123517751693726, 36.56699275970459,]
