best-result = 58.76428532600403
warmup-time = 60.07977271080017
all-measurements = [ 62.26085829734802, 58.76428532600403, 60.757094621658325,]
