best-result = 222.98162937164307
warmup-time = 227.7000377178192
all-measurements = [ 224.49548363685608, 225.08135342597961, 222.98162937164307,]
