best-result = 513.4670932292938
warmup-time = 518.50679063797
all-measurements = [ 513.4670932292938, 514.0334794521332, 514.338180065155,]
