best-result = 35.931246280670166
warmup-time = 37.46718072891235
all-measurements = [ 36.09654664993286, 35.931246280670166, 37.43275237083435,]
