best-result = 28.56914496421814
warmup-time = 29.06841492652893
all-measurements = [ 28.56914496421814, 28.960395574569702, 29.407257795333862,]
