best-result = 71.5395040512085
warmup-time = 85.42081570625305
all-measurements = [ 72.70333290100098, 71.5395040512085, 77.2090711593628,]
