best-result = 60.52634143829346
warmup-time = 61.59491729736328
all-measurements = [ 61.74121451377869, 62.97827625274658, 60.52634143829346,]
