best-result = 28.03341841697693
warmup-time = 28.243635177612305
all-measurements = [ 28.234990119934082, 28.03341841697693, 28.353708744049072,]
