best-result = 35.30665397644043
warmup-time = 35.55954933166504
all-measurements = [ 35.30665397644043, 35.37228441238403, 35.450544595718384,]
