best-result = 32.79422163963318
warmup-time = 34.50111103057861
all-measurements = [ 33.878058433532715, 34.00104308128357, 32.79422163963318,]
