best-result = 41.781628370285034
warmup-time = 45.15911078453064
all-measurements = [ 42.526681423187256, 41.781628370285034, 43.46392011642456,]
