best-result = 95.76838660240173
warmup-time = 97.8962516784668
all-measurements = [ 95.88969159126282, 95.76838660240173, 95.99947023391724,]
