best-result = 28.938348054885864
warmup-time = 28.208386659622192
all-measurements = [ 28.938348054885864, 29.428293704986572, 28.952718019485474,]
