best-result = 34.04273748397827
warmup-time = 33.57033586502075
all-measurements = [ 36.31420302391052, 34.04273748397827, 34.842262983322144,]
