best-result = 90.36442017555237
warmup-time = 94.81120800971985
all-measurements = [ 90.36442017555237, 97.08996725082397, 93.42019271850586,]
