best-result = 39.360403060913086
warmup-time = 38.825281381607056
all-measurements = [ 40.75166893005371, 40.092556953430176, 39.360403060913086,]
