best-result = 44.25667667388916
warmup-time = 46.213231563568115
all-measurements = [ 44.60551691055298, 44.25667667388916, 45.264044523239136,]
