best-result = 27.924518585205078
warmup-time = 28.892749071121216
all-measurements = [ 27.924518585205078, 28.946417808532715, 29.142061710357666,]
