best-result = 628.733470916748
warmup-time = 676.0058219432831
all-measurements = [ 646.3198924064636, 641.3528649806976, 628.733470916748,]
