best-result = 171.2623164653778
warmup-time = 173.95896935462952
all-measurements = [ 174.46375226974487, 171.2623164653778, 173.58395671844482,]
