best-result = 62.55686593055725
warmup-time = 67.4124984741211
all-measurements = [ 63.77778172492981, 62.55686593055725, 65.7222363948822,]
