best-result = 25.775866270065308
warmup-time = 26.025452375411987
all-measurements = [ 25.775866270065308, 25.982864141464233, 26.765326738357544,]
