best-result = 36.1506872177124
warmup-time = 37.21847319602966
all-measurements = [ 39.455607414245605, 36.93399405479431, 36.1506872177124,]
