best-result = 31.053945779800415
warmup-time = 30.757627725601196
all-measurements = [ 31.053945779800415, 31.281457662582397, 31.89523720741272,]
