best-result = 253.42039465904236
warmup-time = 261.13758301734924
all-measurements = [ 255.46313285827637, 256.74812030792236, 253.42039465904236,]
