best-result = 35.50795316696167
warmup-time = 36.77828907966614
all-measurements = [ 35.50795316696167, 36.53794884681702, 36.512251138687134,]
