best-result = 111.78631329536438
warmup-time = 114.2857608795166
all-measurements = [ 114.73355460166931, 112.97271680831909, 111.78631329536438,]
