best-result = 34.77243947982788
warmup-time = 35.11725831031799
all-measurements = [ 36.127453565597534, 34.77243947982788, 35.61202955245972,]
