best-result = 40.56688070297241
warmup-time = 43.725342988967896
all-measurements = [ 41.92905139923096, 40.56688070297241, 41.36894154548645,]
