best-result = 47.38311839103699
warmup-time = 49.745985984802246
all-measurements = [ 49.7737193107605, 49.75864315032959, 47.38311839103699,]
