best-result = 33.19838547706604
warmup-time = 33.19274306297302
all-measurements = [ 33.19838547706604, 34.284080028533936, 33.55694603919983,]
