best-result = 35.94901990890503
warmup-time = 37.16675424575806
all-measurements = [ 35.94901990890503, 37.29663896560669, 37.143903732299805,]
