best-result = 58.997843742370605
warmup-time = 59.28219032287598
all-measurements = [ 62.60965585708618, 62.55169677734375, 58.997843742370605,]
