best-result = 222.45756435394287
warmup-time = 228.22619080543518
all-measurements = [ 222.45756435394287, 222.66131901741028, 224.59912252426147,]
