best-result = 513.4912250041962
warmup-time = 522.2929751873016
all-measurements = [ 513.4912250041962, 517.2356224060059, 515.3517889976501,]
