best-result = 35.432440757751465
warmup-time = 35.585031509399414
all-measurements = [ 35.432440757751465, 37.12935161590576, 36.52138304710388,]
