best-result = 28.38990092277527
warmup-time = 28.80142879486084
all-measurements = [ 28.38990092277527, 29.341490268707275, 28.797266244888306,]
