best-result = 73.04762864112854
warmup-time = 70.17185688018799
all-measurements = [ 76.02878761291504, 73.04762864112854, 78.92789554595947,]
