best-result = 61.880038261413574
warmup-time = 61.72810173034668
all-measurements = [ 62.60825181007385, 62.82760429382324, 61.880038261413574,]
