best-result = 27.281704425811768
warmup-time = 28.68342900276184
all-measurements = [ 28.581799030303955, 27.281704425811768, 27.944684267044067,]
