best-result = 32.75570011138916
warmup-time = 35.31006574630737
all-measurements = [ 35.641398191452026, 32.75570011138916, 35.60950684547424,]
