best-result = 32.472058057785034
warmup-time = 33.553595542907715
all-measurements = [ 32.472058057785034, 32.555254220962524, 32.58743715286255,]
