best-result = 42.40933918952942
warmup-time = 43.609365463256836
all-measurements = [ 44.20358991622925, 42.40933918952942, 43.993470430374146,]
