best-result = 94.34770226478577
warmup-time = 96.24545359611511
all-measurements = [ 94.34770226478577, 96.43837356567383, 96.54169154167175,]
