best-result = 27.736922025680542
warmup-time = 29.310375452041626
all-measurements = [ 28.455546617507935, 27.736922025680542, 28.957549333572388,]
