best-result = 33.9132239818573
warmup-time = 35.44940686225891
all-measurements = [ 33.9132239818573, 34.78471231460571, 36.90707278251648,]
