best-result = 85.95000076293945
warmup-time = 89.81000256538391
all-measurements = [ 86.97406077384949, 92.46843433380127, 85.95000076293945,]
