best-result = 38.68189311027527
warmup-time = 39.296884536743164
all-measurements = [ 39.34518241882324, 38.68189311027527, 39.25098204612732,]
