best-result = 43.35097646713257
warmup-time = 45.70191812515259
all-measurements = [ 45.25608539581299, 43.35097646713257, 44.027485847473145,]
