best-result = 48.71490979194641
warmup-time = 49.83262085914612
all-measurements = [ 49.77449941635132, 48.71490979194641, 49.97084975242615,]
