best-result = 27.635736227035522
warmup-time = 28.21826982498169
all-measurements = [ 28.88340163230896, 28.240822792053223, 27.635736227035522,]
