best-result = 635.8858752250671
warmup-time = 675.1275095939636
all-measurements = [ 644.9630889892578, 652.0527675151825, 635.8858752250671,]
