best-result = 169.37702679634094
warmup-time = 174.70801448822021
all-measurements = [ 174.17129826545715, 172.92765355110168, 169.37702679634094,]
