best-result = 56.42458176612854
warmup-time = 67.20566821098328
all-measurements = [ 65.4216411113739, 56.42458176612854, 57.08008933067322,]
