best-result = 23.77913498878479
warmup-time = 23.759109258651733
all-measurements = [ 23.835835933685303, 23.828432083129883, 23.77913498878479,]
