best-result = 47.44273138046265
warmup-time = 64.66324353218079
all-measurements = [ 47.97074580192566, 47.44273138046265, 47.96941518783569,]
