best-result = 47.16443705558777
warmup-time = 60.057615518569946
all-measurements = [ 47.16443705558777, 47.255945920944214, 47.288352966308594,]
