best-result = 906.7328689098358
warmup-time = 1064.0925526618958
all-measurements = [ 909.9826393127441, 913.8509695529938, 906.7328689098358,]
