best-result = 85.32934594154358
warmup-time = 99.93921566009521
all-measurements = [ 86.10368371009827, 85.42330884933472, 85.32934594154358,]
