best-result = 880.3181834220886
warmup-time = 904.8723962306976
all-measurements = [ 885.9680223464966, 880.3181834220886, 881.0412120819092,]
