best-result = 67.65151333808899
warmup-time = 80.66149044036865
all-measurements = [ 68.27810764312744, 67.65151333808899, 68.16397547721863,]
