best-result = 86.47002291679382
warmup-time = 108.18977952003479
all-measurements = [ 87.42193388938904, 86.80148935317993, 86.47002291679382,]
