best-result = 69.53991365432739
warmup-time = 89.28104972839355
all-measurements = [ 70.00380992889404, 69.53991365432739, 69.6617922782898,]
