best-result = 88.50177550315857
warmup-time = 100.58059310913086
all-measurements = [ 88.62794208526611, 88.50177550315857, 88.92500567436218,]
