best-result = 658.6460580825806
warmup-time = 666.4256699085236
all-measurements = [ 658.6460580825806, 682.4970288276672, 660.0479114055634,]
