best-result = 64.08183479309082
warmup-time = 78.31813859939575
all-measurements = [ 64.85321879386902, 64.44403672218323, 64.08183479309082,]
