best-result = 190.37052989006042
warmup-time = 344.15772891044617
all-measurements = [ 193.04516315460205, 190.37052989006042, 193.48159456253052,]
