best-result = 395.02725529670715
warmup-time = 829.0871450901031
all-measurements = [ 395.02725529670715, 399.2818069458008, 395.40530133247375,]
