best-result = 64.24475193023682
warmup-time = 80.6034939289093
all-measurements = [ 64.24475193023682, 64.62170839309692, 64.31893610954285,]
