best-result = 41.32969260215759
warmup-time = 49.762699127197266
all-measurements = [ 42.11628222465515, 41.64733910560608, 41.32969260215759,]
