best-result = 137.33878564834595
warmup-time = 165.02908301353455
all-measurements = [ 138.31772899627686, 138.38271188735962, 137.33878564834595,]
