best-result = 952.9276173114777
warmup-time = 985.7934262752533
all-measurements = [ 972.207193851471, 952.9276173114777, 963.7870690822601,]
