best-result = 28.581318855285645
warmup-time = 38.15944266319275
all-measurements = [ 28.581318855285645, 28.747178316116333, 28.785873651504517,]
