best-result = 60.45742201805115
warmup-time = 73.13706922531128
all-measurements = [ 61.44111776351929, 60.723103046417236, 60.45742201805115,]
