best-result = 60.28150963783264
warmup-time = 75.51142454147339
all-measurements = [ 60.28150963783264, 60.70985794067383, 60.56634306907654,]
