best-result = 110.70063924789429
warmup-time = 138.97549700737
all-measurements = [ 110.70063924789429, 111.45825695991516, 110.90986514091492,]
