best-result = 784.1300203800201
warmup-time = 850.9982707500458
all-measurements = [ 791.8087995052338, 785.3520264625549, 784.1300203800201,]
