best-result = 35.209477186203
warmup-time = 42.77273726463318
all-measurements = [ 35.653385639190674, 35.209477186203, 35.44841814041138,]
