best-result = 57.511624336242676
warmup-time = 72.7588882446289
all-measurements = [ 57.511624336242676, 58.06712555885315, 57.57394361495972,]
