best-result = 2745.3487083911896
warmup-time = 3520.7314777374268
all-measurements = [ 3096.8655376434326, 2830.305830001831, 2745.3487083911896,]
