best-result = 49.7728431224823
warmup-time = 72.58431053161621
all-measurements = [ 50.44655656814575, 50.26438617706299, 49.7728431224823,]
