best-result = 83.3797972202301
warmup-time = 100.15725445747375
all-measurements = [ 83.81921648979187, 83.3797972202301, 83.61120963096619,]
