best-result = 94.56506133079529
warmup-time = 121.6609718799591
all-measurements = [ 94.61361360549927, 95.18494439125061, 94.56506133079529,]
