best-result = 38.641146183013916
warmup-time = 48.31668400764465
all-measurements = [ 38.930277585983276, 38.641146183013916, 38.86745595932007,]
