best-result = 312.5524272918701
warmup-time = 457.46359968185425
all-measurements = [ 312.5524272918701, 313.6781098842621, 316.7219235897064,]
