best-result = 62.720540285110474
warmup-time = 62.09829330444336
all-measurements = [ 62.720540285110474, 64.24879145622253, 83.35750269889832,]
