best-result = 25.222586393356323
warmup-time = 25.6826331615448
all-measurements = [ 25.363874912261963, 25.222586393356323, 25.27375292778015,]
