best-result = 36.290979623794556
warmup-time = 37.79551291465759
all-measurements = [ 36.290979623794556, 37.067431688308716, 36.56943106651306,]
