best-result = 30.17932891845703
warmup-time = 31.668349742889404
all-measurements = [ 30.17932891845703, 30.84879231452942, 30.402401208877563,]
