best-result = 257.35153341293335
warmup-time = 259.31431555747986
all-measurements = [ 259.4811670780182, 257.35153341293335, 258.2265257835388,]
