best-result = 35.914745569229126
warmup-time = 36.600849866867065
all-measurements = [ 36.09603500366211, 36.21547055244446, 35.914745569229126,]
