best-result = 111.41351866722107
warmup-time = 116.2625961303711
all-measurements = [ 112.60657787322998, 111.41351866722107, 111.43807482719421,]
