best-result = 39.70888829231262
warmup-time = 40.252074003219604
all-measurements = [ 40.74315071105957, 39.70888829231262, 40.06388759613037,]
