best-result = 46.86548638343811
warmup-time = 48.21842956542969
all-measurements = [ 49.06335401535034, 47.75853753089905, 46.86548638343811,]
