best-result = 32.622101068496704
warmup-time = 33.7064905166626
all-measurements = [ 34.269845724105835, 32.622101068496704, 33.86154890060425,]
