best-result = 36.28153324127197
warmup-time = 36.56194829940796
all-measurements = [ 36.28153324127197, 36.591413259506226, 36.670217990875244,]
