best-result = 61.62476325035095
warmup-time = 61.91624999046326
all-measurements = [ 61.62476325035095, 61.90590214729309, 62.99444031715393,]
