best-result = 221.6239800453186
warmup-time = 227.20664405822754
all-measurements = [ 223.51824021339417, 226.53119683265686, 221.6239800453186,]
