best-result = 513.4225370883942
warmup-time = 518.3954081535339
all-measurements = [ 514.5639827251434, 513.4225370883942, 523.0003638267517,]
