best-result = 35.2335569858551
warmup-time = 37.00386691093445
all-measurements = [ 35.36587929725647, 36.670138359069824, 35.2335569858551,]
