best-result = 28.10017967224121
warmup-time = 28.155944347381592
all-measurements = [ 28.10017967224121, 28.512982845306396, 28.54100465774536,]
