best-result = 72.5191023349762
warmup-time = 67.17627215385437
all-measurements = [ 76.40211462974548, 72.5191023349762, 74.03326511383057,]
