best-result = 60.68183183670044
warmup-time = 62.29929208755493
all-measurements = [ 60.68183183670044, 61.252471923828125, 61.06440353393555,]
