best-result = 27.459747552871704
warmup-time = 27.061607122421265
all-measurements = [ 27.459747552871704, 28.497751235961914, 27.531265020370483,]
