best-result = 32.06066608428955
warmup-time = 34.301438093185425
all-measurements = [ 32.508780002593994, 32.06066608428955, 34.25427317619324,]
