best-result = 32.693424224853516
warmup-time = 32.62466263771057
all-measurements = [ 32.693424224853516, 33.873229026794434, 33.92839503288269,]
