best-result = 41.92324638366699
warmup-time = 43.239566802978516
all-measurements = [ 41.92324638366699, 42.27244591712952, 42.45735263824463,]
