best-result = 95.2773494720459
warmup-time = 94.24176573753357
all-measurements = [ 95.2773494720459, 97.00659418106079, 96.62085604667664,]
