best-result = 28.348231315612793
warmup-time = 26.97011089324951
all-measurements = [ 28.348231315612793, 28.959801197052002, 28.87784433364868,]
