best-result = 33.343982219696045
warmup-time = 33.79022765159607
all-measurements = [ 34.60508871078491, 34.267759799957275, 33.343982219696045,]
