best-result = 86.9245285987854
warmup-time = 95.6021077632904
all-measurements = [ 88.55531811714172, 96.52129745483398, 86.9245285987854,]
