best-result = 37.72687363624573
warmup-time = 37.600421667099
all-measurements = [ 39.14769220352173, 37.72687363624573, 38.766478538513184,]
