best-result = 41.91306519508362
warmup-time = 44.55518293380737
all-measurements = [ 41.91306519508362, 43.70909905433655, 44.422534227371216,]
