best-result = 28.218124628067017
warmup-time = 28.7631893157959
all-measurements = [ 28.259559869766235, 28.218124628067017, 28.798906803131104,]
