best-result = 644.5000817775726
warmup-time = 681.397928237915
all-measurements = [ 648.2698884010315, 646.7044062614441, 644.5000817775726,]
