best-result = 171.57288265228271
warmup-time = 175.30762815475464
all-measurements = [ 173.81246495246887, 171.57288265228271, 172.82336735725403,]
