best-result = 56.032628536224365
warmup-time = 64.41171717643738
all-measurements = [ 68.77979516983032, 56.032628536224365, 69.81758379936218,]
