best-result = 25.503247261047363
warmup-time = 27.65959358215332
all-measurements = [ 25.703227996826172, 25.503247261047363, 26.091942071914673,]
