best-result = 60.98971247673035
warmup-time = 66.77968096733093
all-measurements = [ 62.0215220451355, 60.98971247673035, 63.23852252960205,]
