best-result = 719.8313455581665
warmup-time = 755.0013298988342
all-measurements = [ 731.6213030815125, 735.2334361076355, 719.8313455581665,]
