best-result = 25.44627594947815
warmup-time = 25.6578369140625
all-measurements = [ 25.713212966918945, 26.28976583480835, 25.44627594947815,]
memory-traffic = 864
