best-result = 37.257970571517944
warmup-time = 39.4348361492157
all-measurements = [ 37.66275715827942, 37.257970571517944, 38.303361892700195,]
memory-traffic = 1166
