best-result = 31.710946798324585
warmup-time = 34.72852611541748
all-measurements = [ 31.710946798324585, 32.12796497344971, 32.3582923412323,]
memory-traffic = 973
