best-result = 264.1679701805115
warmup-time = 271.3624289035797
all-measurements = [ 270.4248523712158, 264.2421119213104, 264.1679701805115,]
memory-traffic = 15226
