best-result = 35.61603260040283
warmup-time = 38.21349740028381
all-measurements = [ 35.61603260040283, 36.22606015205383, 36.953920125961304,]
memory-traffic = 955
