best-result = 42.19836068153381
warmup-time = 46.120198011398315
all-measurements = [ 42.19836068153381, 42.774009466171265, 42.205917835235596,]
memory-traffic = 1487
