best-result = 49.87431001663208
warmup-time = 54.28801083564758
all-measurements = [ 49.87431001663208, 50.290385007858276, 52.2796368598938,]
memory-traffic = 2263
