best-result = 34.611652851104736
warmup-time = 34.78610420227051
all-measurements = [ 35.58607077598572, 34.611652851104736, 34.82387351989746,]
memory-traffic = 1012
