best-result = 38.19786477088928
warmup-time = 40.03562021255493
all-measurements = [ 38.19786477088928, 38.36968636512756, 38.565165281295776,]
memory-traffic = 1240
