best-result = 59.991915225982666
warmup-time = 61.19801068305969
all-measurements = [ 61.589778423309326, 59.991915225982666, 64.7771246433258,]
memory-traffic = 2477
