best-result = 226.71881699562073
warmup-time = 233.44106268882751
all-measurements = [ 226.71881699562073, 231.13422083854675, 229.4160897731781,]
memory-traffic = 11880
