best-result = 519.5311939716339
warmup-time = 529.1836612224579
all-measurements = [ 527.4737627506256, 519.5311939716339, 524.5345792770386,]
memory-traffic = 35111
