best-result = 36.17812252044678
warmup-time = 39.39941930770874
all-measurements = [ 36.842753648757935, 36.17812252044678, 37.3166766166687,]
memory-traffic = 1221
