best-result = 63.37339234352112
warmup-time = 65.79471182823181
all-measurements = [ 64.00743579864502, 64.37405109405518, 63.37339234352112,]
memory-traffic = 2940
