best-result = 27.697516679763794
warmup-time = 29.510462284088135
all-measurements = [ 27.774719953536987, 27.697516679763794, 28.44947910308838,]
memory-traffic = 587
