best-result = 36.540395736694336
warmup-time = 38.31450653076172
all-measurements = [ 36.994996786117554, 36.540395736694336, 36.583279848098755,]
memory-traffic = 862
