best-result = 33.92212963104248
warmup-time = 35.176196813583374
all-measurements = [ 34.616825103759766, 33.92212963104248, 34.429842948913574,]
memory-traffic = 1016
