best-result = 43.25675654411316
warmup-time = 46.05743622779846
all-measurements = [ 43.25675654411316, 44.25134825706482, 44.75554084777832,]
memory-traffic = 1783
