best-result = 99.08320569992065
warmup-time = 100.54253840446472
all-measurements = [ 99.16717410087585, 99.59301280975342, 99.08320569992065,]
memory-traffic = 5315
