best-result = 27.16470170021057
warmup-time = 31.264004468917847
all-measurements = [ 29.264788389205933, 27.16470170021057, 29.251500368118286,]
memory-traffic = 593
