best-result = 34.41685342788696
warmup-time = 36.66783833503723
all-measurements = [ 34.68124270439148, 35.019134759902954, 34.41685342788696,]
memory-traffic = 1019
