best-result = 89.78933715820312
warmup-time = 96.80437779426575
all-measurements = [ 89.78933715820312, 96.41435241699219, 94.32982087135315,]
memory-traffic = 6995
