best-result = 40.354506492614746
warmup-time = 41.398998975753784
all-measurements = [ 40.354506492614746, 41.96909976005554, 41.39552116394043,]
memory-traffic = 1378
