best-result = 43.5243661403656
warmup-time = 47.42589092254639
all-measurements = [ 44.114320039749146, 44.26054358482361, 43.5243661403656,]
memory-traffic = 1541
