best-result = 27.221896648406982
warmup-time = 30.36944031715393
all-measurements = [ 28.3873188495636, 28.69524121284485, 27.221896648406982,]
memory-traffic = 620
