best-result = 684.7368841171265
warmup-time = 711.5854263305664
all-measurements = [ 693.2784337997437, 684.7368841171265, 686.1098201274872,]
