best-result = 176.99337124824524
warmup-time = 177.9419288635254
all-measurements = [ 176.99337124824524, 177.7428901195526, 178.03018736839294,]
memory-traffic = 10954
