best-result = 43.87469530105591
warmup-time = 45.83638906478882
all-measurements = [ 44.82029747962952, 44.426210165023804, 43.87469530105591,]
memory-traffic = 1718
