best-result = 23.310189247131348
warmup-time = 23.405903339385986
all-measurements = [ 23.587307691574097, 23.43401026725769, 23.310189247131348,]
