best-result = 47.1896436214447
warmup-time = 63.43899607658386
all-measurements = [ 47.1896436214447, 47.2430145740509, 47.206040143966675,]
