best-result = 46.965553998947144
warmup-time = 59.36631107330322
all-measurements = [ 46.965553998947144, 47.68671917915344, 47.10381555557251,]
