best-result = 890.9862103462219
warmup-time = 1102.4741322994232
all-measurements = [ 902.2190110683441, 890.9862103462219, 896.8812077045441,]
