best-result = 86.45548963546753
warmup-time = 100.2494444847107
all-measurements = [ 86.74865221977234, 86.45548963546753, 86.73696303367615,]
