best-result = 985.9310853481293
warmup-time = 1010.5839972496033
all-measurements = [ 985.9310853481293, 987.7913682460785, 987.6228189468384,]
