best-result = 83.4076886177063
warmup-time = 105.84667682647705
all-measurements = [ 83.5116035938263, 83.4076886177063, 84.64527535438538,]
