best-result = 68.08561825752258
warmup-time = 89.84448075294495
all-measurements = [ 68.12408351898193, 68.08561825752258, 68.87582182884216,]
