best-result = 91.29528403282166
warmup-time = 104.9402973651886
all-measurements = [ 92.02595090866089, 91.79615616798401, 91.29528403282166,]
