best-result = 647.9562735557556
warmup-time = 661.7356901168823
all-measurements = [ 647.9562735557556, 648.0371451377869, 654.8667433261871,]
