best-result = 62.86086344718933
warmup-time = 78.82050061225891
all-measurements = [ 63.02825927734375, 62.97569727897644, 62.86086344718933,]
