best-result = 203.3946349620819
warmup-time = 361.72206711769104
all-measurements = [ 203.3946349620819, 204.18388867378235, 205.00433039665222,]
