best-result = 386.63663840293884
warmup-time = 824.4884979724884
all-measurements = [ 387.4249005317688, 388.9845130443573, 386.63663840293884,]
