best-result = 63.27087426185608
warmup-time = 79.52164888381958
all-measurements = [ 63.47069573402405, 63.27087426185608, 63.66037178039551,]
