best-result = 40.62814784049988
warmup-time = 48.419859170913696
all-measurements = [ 40.952972650527954, 40.62814784049988, 40.908915996551514,]
