best-result = 135.41961240768433
warmup-time = 167.70673036575317
all-measurements = [ 135.99268698692322, 135.41961240768433, 135.7738335132599,]
