best-result = 927.7217545509338
warmup-time = 961.6874077320099
all-measurements = [ 963.1652901172638, 927.7217545509338, 936.7556779384613,]
