best-result = 28.006487131118774
warmup-time = 36.112711668014526
all-measurements = [ 28.363086700439453, 28.734925270080566, 28.006487131118774,]
