best-result = 57.855568647384644
warmup-time = 70.26480650901794
all-measurements = [ 57.87996053695679, 57.94526386260986, 57.855568647384644,]
