best-result = 60.60546064376831
warmup-time = 73.35807704925537
all-measurements = [ 61.574130058288574, 60.60546064376831, 60.84793734550476,]
