best-result = 110.23319697380066
warmup-time = 141.02312779426575
all-measurements = [ 110.33251404762268, 110.23319697380066, 110.72241377830505,]
