best-result = 772.5559256076813
warmup-time = 837.7705974578857
all-measurements = [ 772.5559256076813, 775.0227439403534, 775.7290720939636,]
