best-result = 34.115238904953
warmup-time = 40.739434242248535
all-measurements = [ 34.115238904953, 34.351503133773804, 34.15166974067688,]
