best-result = 55.87409520149231
warmup-time = 71.19167399406433
all-measurements = [ 56.2742600440979, 55.87409520149231, 56.08137559890747,]
