best-result = 2102.9955456256866
warmup-time = 2697.9829728603363
all-measurements = [ 2633.0719776153564, 2715.21484875679, 2102.9955456256866,]
