best-result = 48.69641900062561
warmup-time = 68.53893375396729
all-measurements = [ 49.5301239490509, 48.69641900062561, 48.845157861709595,]
