best-result = 82.2998399734497
warmup-time = 102.70310997962952
all-measurements = [ 82.61329388618469, 82.78619480133057, 82.2998399734497,]
