best-result = 37.619954109191895
warmup-time = 46.98540472984314
all-measurements = [ 37.619954109191895, 38.779608488082886, 38.79425835609436,]
