best-result = 333.3066256046295
warmup-time = 490.77908182144165
all-measurements = [ 338.09457540512085, 333.3066256046295, 335.96684074401855,]
