best-result = 59.195427894592285
warmup-time = 60.06524443626404
all-measurements = [ 59.59517955780029, 59.195427894592285, 59.489684104919434,]
