best-result = 24.740636348724365
warmup-time = 25.02673864364624
all-measurements = [ 24.740636348724365, 24.78394865989685, 25.17109966278076,]
memory-traffic = 1378
