best-result = 34.5430212020874
warmup-time = 41.195329904556274
all-measurements = [ 35.21367621421814, 37.152833461761475, 34.5430212020874,]
memory-traffic = 1162
