best-result = 31.030961275100708
warmup-time = 33.785964488983154
all-measurements = [ 31.432560443878174, 31.030961275100708, 32.02178740501404,]
memory-traffic = 972
