best-result = 264.33147954940796
warmup-time = 268.28660893440247
all-measurements = [ 264.33147954940796, 266.12821221351624, 270.55957674980164,]
memory-traffic = 15282
