best-result = 35.15091514587402
warmup-time = 37.09277653694153
all-measurements = [ 35.322514295578, 35.94005036354065, 35.15091514587402,]
memory-traffic = 967
