best-result = 41.580596923828125
warmup-time = 42.05955457687378
all-measurements = [ 42.49229407310486, 41.580596923828125, 43.15350079536438,]
memory-traffic = 1509
