best-result = 49.80285716056824
warmup-time = 51.62392711639404
all-measurements = [ 51.147857904434204, 49.80285716056824, 50.0076687335968,]
memory-traffic = 2256
