best-result = 33.80616807937622
warmup-time = 36.780542850494385
all-measurements = [ 34.665154218673706, 33.80616807937622, 34.76635503768921,]
memory-traffic = 1010
