best-result = 37.177167892456055
warmup-time = 37.94295692443848
all-measurements = [ 37.72443437576294, 37.177167892456055, 37.82866287231445,]
memory-traffic = 1233
