best-result = 58.652323961257935
warmup-time = 64.984130859375
all-measurements = [ 58.652323961257935, 62.16076993942261, 60.985801696777344,]
memory-traffic = 2502
