best-result = 227.95851302146912
warmup-time = 230.51963090896606
all-measurements = [ 229.42814660072327, 229.86356663703918, 227.95851302146912,]
memory-traffic = 11924
