best-result = 527.2698752880096
warmup-time = 528.825159072876
all-measurements = [ 527.2698752880096, 528.320538520813, 527.3466672897339,]
memory-traffic = 34957
