best-result = 33.889729738235474
warmup-time = 37.26080298423767
all-measurements = [ 33.889729738235474, 36.48479962348938, 38.25266718864441,]
memory-traffic = 1215
