best-result = 62.54581642150879
warmup-time = 64.9156608581543
all-measurements = [ 63.224080085754395, 63.01583433151245, 62.54581642150879,]
memory-traffic = 2933
