best-result = 26.864572763442993
warmup-time = 29.1918728351593
all-measurements = [ 26.864572763442993, 28.200332164764404, 27.549933433532715,]
memory-traffic = 596
