best-result = 35.35871434211731
warmup-time = 37.70186138153076
all-measurements = [ 36.1845326423645, 35.35871434211731, 35.49397039413452,]
memory-traffic = 863
