best-result = 31.15004014968872
warmup-time = 35.748430490493774
all-measurements = [ 31.829129934310913, 31.15004014968872, 31.894336938858032,]
memory-traffic = 1024
