best-result = 43.06804847717285
warmup-time = 46.852925539016724
all-measurements = [ 43.53276348114014, 43.927226543426514, 43.06804847717285,]
memory-traffic = 1821
