best-result = 97.08546781539917
warmup-time = 100.7499692440033
all-measurements = [ 97.08546781539917, 98.31580686569214, 99.46205234527588,]
memory-traffic = 5306
