best-result = 27.137620210647583
warmup-time = 28.812598943710327
all-measurements = [ 27.137620210647583, 27.755001544952393, 27.905357599258423,]
memory-traffic = 592
