best-result = 33.4983274936676
warmup-time = 35.87052631378174
all-measurements = [ 35.12525200843811, 33.4983274936676, 34.034127712249756,]
memory-traffic = 1006
