best-result = 39.13607382774353
warmup-time = 42.291253328323364
all-measurements = [ 39.44892501831055, 39.13607382774353, 39.709015130996704,]
memory-traffic = 1390
