best-result = 41.91288638114929
warmup-time = 46.240392208099365
all-measurements = [ 44.00072979927063, 41.91288638114929, 43.28559756278992,]
memory-traffic = 1591
