best-result = 27.88664221763611
warmup-time = 29.659778594970703
all-measurements = [ 27.88664221763611, 28.35129952430725, 27.919604539871216,]
memory-traffic = 622
