best-result = 707.9120991230011
warmup-time = 714.9883000850677
all-measurements = [ 714.528965473175, 707.9120991230011, 708.9899868965149,]
