best-result = 177.48135423660278
warmup-time = 183.65013527870178
all-measurements = [ 177.48135423660278, 182.47764706611633, 177.7353663444519,]
memory-traffic = 10982
