best-result = 43.62794589996338
warmup-time = 45.239453077316284
all-measurements = [ 44.362823724746704, 44.346211433410645, 43.62794589996338,]
memory-traffic = 1710
