best-result = 22.678154706954956
warmup-time = 22.713659524917603
all-measurements = [ 22.887441873550415, 22.678154706954956, 22.766350507736206,]
