best-result = 47.94422650337219
warmup-time = 64.81891226768494
all-measurements = [ 47.94422650337219, 48.21132302284241, 48.40591859817505,]
