best-result = 47.6536431312561
warmup-time = 61.48491382598877
all-measurements = [ 48.645973443984985, 47.68741273880005, 47.6536431312561,]
