best-result = 999.0946640968323
warmup-time = 1212.8164508342743
all-measurements = [ 999.0946640968323, 1002.9371905326843, 1001.6132547855377,]
