best-result = 82.34494495391846
warmup-time = 99.77317786216736
all-measurements = [ 82.34494495391846, 84.04694271087646, 84.1322910785675,]
