best-result = 79.26124024391174
warmup-time = 102.68282914161682
all-measurements = [ 79.26124024391174, 79.3418493270874, 79.9873058795929,]
