best-result = 69.89737224578857
warmup-time = 96.15004992485046
all-measurements = [ 71.0440514087677, 69.89737224578857, 72.14559125900269,]
