best-result = 85.61263871192932
warmup-time = 102.0604784488678
all-measurements = [ 85.61263871192932, 86.83109998703003, 86.68004274368286,]
