best-result = 601.1925294399261
warmup-time = 605.5645291805267
all-measurements = [ 601.1925294399261, 605.4604117870331, 603.4514229297638,]
