best-result = 63.73767924308777
warmup-time = 82.08574295043945
all-measurements = [ 63.73767924308777, 63.92521786689758, 65.57750177383423,]
