best-result = 236.09365510940552
warmup-time = 418.18482661247253
all-measurements = [ 236.63207578659058, 236.09365510940552, 238.27937650680542,]
