best-result = 442.8463966846466
warmup-time = 952.9831912517548
all-measurements = [ 444.835928440094, 461.997123003006, 442.8463966846466,]
