best-result = 61.30355215072632
warmup-time = 78.40145182609558
all-measurements = [ 61.99841856956482, 61.30355215072632, 61.3158814907074,]
