best-result = 886.314047574997
warmup-time = 930.273065328598
all-measurements = [ 886.314047574997, 912.3927533626556, 888.7497329711914,]
