best-result = 27.902405500411987
warmup-time = 36.44874620437622
all-measurements = [ 27.954410076141357, 28.240498542785645, 27.902405500411987,]
