best-result = 59.47652196884155
warmup-time = 75.10321545600891
all-measurements = [ 59.7339141368866, 59.47652196884155, 60.66614246368408,]
