best-result = 56.222936391830444
warmup-time = 70.85166096687317
all-measurements = [ 56.222936391830444, 56.539225578308105, 56.73037028312683,]
