best-result = 110.90324902534485
warmup-time = 142.82182574272156
all-measurements = [ 112.44544672966003, 110.90324902534485, 112.33452892303467,]
