best-result = 780.7200014591217
warmup-time = 861.0905447006226
all-measurements = [ 780.7200014591217, 783.074768781662, 786.1293020248413,]
