best-result = 34.59246897697449
warmup-time = 42.36614155769348
all-measurements = [ 35.513031244277954, 34.59246897697449, 34.75934648513794,]
