best-result = 54.55586051940918
warmup-time = 70.33339357376099
all-measurements = [ 54.78841543197632, 54.55586051940918, 55.06868553161621,]
