best-result = 50.623584508895874
warmup-time = 72.69573140144348
all-measurements = [ 50.623584508895874, 50.77434730529785, 51.40940999984741,]
