best-result = 80.14362716674805
warmup-time = 99.84751319885254
all-measurements = [ 80.14362716674805, 80.3240647315979, 81.08227944374084,]
