best-result = 36.470497846603394
warmup-time = 46.03218197822571
all-measurements = [ 36.82264184951782, 36.65237021446228, 36.470497846603394,]
