best-result = 357.4473249912262
warmup-time = 515.5202553272247
all-measurements = [ 357.79348254203796, 361.5231773853302, 357.4473249912262,]
