best-result = 105.68040609359741
warmup-time = 105.48130249977112
all-measurements = [ 105.73516249656677, 105.77827191352844, 105.68040609359741,]
