best-result = 22.70282745361328
warmup-time = 22.69813561439514
all-measurements = [ 22.856050729751587, 23.67529582977295, 22.70282745361328,]
