best-result = 47.04380512237549
warmup-time = 62.209176778793335
all-measurements = [ 47.3177547454834, 47.227710485458374, 47.04380512237549,]
