best-result = 45.89323115348816
warmup-time = 59.2865264415741
all-measurements = [ 46.009976863861084, 46.12256956100464, 45.89323115348816,]
