best-result = 925.0671899318695
warmup-time = 1135.1096284389496
all-measurements = [ 937.6106173992157, 930.3372621536255, 925.0671899318695,]
