best-result = 85.26997637748718
warmup-time = 102.91158127784729
all-measurements = [ 86.05295991897583, 85.26997637748718, 86.10015916824341,]
