best-result = 81.90447688102722
warmup-time = 104.0026433467865
all-measurements = [ 81.90447688102722, 82.20440602302551, 82.94759249687195,]
