best-result = 69.87543249130249
warmup-time = 91.05561423301697
all-measurements = [ 69.87543249130249, 69.93328785896301, 69.92758917808533,]
