best-result = 91.67634654045105
warmup-time = 106.19432163238525
all-measurements = [ 91.67634654045105, 92.2616376876831, 91.79186153411865,]
