best-result = 642.0990657806396
warmup-time = 662.7916820049286
all-measurements = [ 644.8248865604401, 648.2285375595093, 642.0990657806396,]
