best-result = 63.58967709541321
warmup-time = 74.63778734207153
all-measurements = [ 63.99148344993591, 63.58967709541321, 64.18574690818787,]
