best-result = 208.64193391799927
warmup-time = 364.83376288414
all-measurements = [ 208.64193391799927, 211.4580717086792, 210.1443862915039,]
