best-result = 433.4321837425232
warmup-time = 881.8001539707184
all-measurements = [ 438.17270278930664, 433.4321837425232, 435.167667388916,]
