best-result = 62.12805938720703
warmup-time = 81.88492774963379
all-measurements = [ 62.43430995941162, 62.25257897377014, 62.12805938720703,]
