best-result = 140.46857619285583
warmup-time = 171.6396062374115
all-measurements = [ 140.46857619285583, 140.59408712387085, 141.39564847946167,]
