best-result = 885.7333383560181
warmup-time = 921.4930801391602
all-measurements = [ 885.7333383560181, 889.8033835887909, 889.072252035141,]
