best-result = 27.267712116241455
warmup-time = 37.200385332107544
all-measurements = [ 27.43947982788086, 27.267712116241455, 28.03580355644226,]
