best-result = 58.67733025550842
warmup-time = 70.36609315872192
all-measurements = [ 58.69172930717468, 58.68564033508301, 58.67733025550842,]
