best-result = 59.50542330741882
warmup-time = 74.10021877288818
all-measurements = [ 59.531351804733276, 59.50542330741882, 60.23581051826477,]
