best-result = 110.3630907535553
warmup-time = 140.7815101146698
all-measurements = [ 113.76748371124268, 110.3630907535553, 110.45056486129761,]
