best-result = 786.5730390548706
warmup-time = 889.0798606872559
all-measurements = [ 787.9312927722931, 786.5730390548706, 788.5652968883514,]
