best-result = 33.80618667602539
warmup-time = 42.31713247299194
all-measurements = [ 34.07676291465759, 34.1814489364624, 33.80618667602539,]
