best-result = 55.21784472465515
warmup-time = 72.89223456382751
all-measurements = [ 55.21784472465515, 55.379652976989746, 55.2916738986969,]
