best-result = 2653.9488654136658
warmup-time = 4439.902326345444
all-measurements = [ 2653.9488654136658, 3066.627919435501, 3099.524509191513,]
