best-result = 49.80945158004761
warmup-time = 70.59025001525879
all-measurements = [ 49.80945158004761, 50.521750926971436, 49.869426012039185,]
