best-result = 78.13601541519165
warmup-time = 97.01751065254211
all-measurements = [ 78.70179343223572, 78.27368664741516, 78.13601541519165,]
