best-result = 37.05451011657715
warmup-time = 45.948810338974
all-measurements = [ 37.05451011657715, 37.06670570373535, 37.13845872879028,]
