best-result = 342.9612054824829
warmup-time = 481.46784949302673
all-measurements = [ 342.9612054824829, 348.50553488731384, 349.74925112724304,]
