best-result = 59.34208583831787
warmup-time = 59.752920627593994
all-measurements = [ 59.40351676940918, 59.624265909194946, 59.34208583831787,]
