best-result = 25.815706729888916
warmup-time = 26.104668855667114
all-measurements = [ 25.815706729888916, 26.787976026535034, 26.05444025993347,]
