best-result = 35.61706781387329
warmup-time = 37.3285858631134
all-measurements = [ 36.94771981239319, 36.963419914245605, 35.61706781387329,]
