best-result = 30.953590631484985
warmup-time = 30.267159938812256
all-measurements = [ 31.617252349853516, 30.953590631484985, 31.196465492248535,]
