best-result = 265.4748718738556
warmup-time = 266.5815396308899
all-measurements = [ 269.4971659183502, 268.31373143196106, 265.4748718738556,]
