best-result = 35.75736713409424
warmup-time = 38.23974895477295
all-measurements = [ 36.72248959541321, 35.75736713409424, 36.86919069290161,]
