best-result = 113.84422373771667
warmup-time = 116.74060392379761
all-measurements = [ 114.41298699378967, 113.84422373771667, 114.01130819320679,]
