best-result = 40.53622484207153
warmup-time = 40.32041788101196
all-measurements = [ 40.53622484207153, 41.10843563079834, 40.75791883468628,]
