best-result = 49.052191495895386
warmup-time = 49.75806164741516
all-measurements = [ 49.730361223220825, 49.052191495895386, 49.10762357711792,]
