best-result = 33.189568758010864
warmup-time = 33.32989573478699
all-measurements = [ 33.464601278305054, 33.23783779144287, 33.189568758010864,]
