best-result = 60.2477388381958
warmup-time = 63.0650954246521
all-measurements = [ 61.82382369041443, 60.2477388381958, 60.47359871864319,]
