best-result = 227.19365310668945
warmup-time = 230.9720504283905
all-measurements = [ 227.87995719909668, 227.19365310668945, 227.4213559627533,]
