best-result = 521.2484934329987
warmup-time = 528.5086326599121
all-measurements = [ 521.2484934329987, 523.8638491630554, 524.5506167411804,]
