best-result = 35.96029543876648
warmup-time = 37.191033124923706
all-measurements = [ 36.841116428375244, 35.97927260398865, 35.96029543876648,]
