best-result = 28.919209480285645
warmup-time = 28.898019313812256
all-measurements = [ 28.919209480285645, 28.98852014541626, 29.591814517974854,]
