best-result = 74.32842302322388
warmup-time = 75.19804859161377
all-measurements = [ 78.5806655883789, 79.89286684989929, 74.32842302322388,]
