best-result = 61.60088038444519
warmup-time = 63.34903597831726
all-measurements = [ 61.735941648483276, 61.60088038444519, 63.303475856781006,]
