best-result = 27.307314157485962
warmup-time = 27.21572518348694
all-measurements = [ 27.904829502105713, 27.307314157485962, 27.689757585525513,]
