best-result = 34.72022247314453
warmup-time = 35.3597297668457
all-measurements = [ 34.72022247314453, 35.39371943473816, 35.59406042098999,]
