best-result = 33.22213172912598
warmup-time = 33.73981761932373
all-measurements = [ 33.22213172912598, 33.9921875, 33.91657376289368,]
