best-result = 42.35970759391785
warmup-time = 41.223411321640015
all-measurements = [ 43.84519076347351, 42.35970759391785, 43.55646109580994,]
