best-result = 95.00506377220154
warmup-time = 96.1076557636261
all-measurements = [ 99.11655259132385, 98.0835747718811, 95.00506377220154,]
