best-result = 27.690699815750122
warmup-time = 27.948561429977417
all-measurements = [ 29.279601335525513, 27.690699815750122, 29.05543875694275,]
