best-result = 33.85326099395752
warmup-time = 33.75975799560547
all-measurements = [ 34.62147831916809, 34.67716836929321, 33.85326099395752,]
