best-result = 86.42904567718506
warmup-time = 90.3776912689209
all-measurements = [ 91.98736429214478, 86.42904567718506, 92.2592613697052,]
