best-result = 38.99537014961243
warmup-time = 38.674452781677246
all-measurements = [ 39.01837968826294, 39.57979774475098, 38.99537014961243,]
