best-result = 43.93392848968506
warmup-time = 44.04292845726013
all-measurements = [ 44.65253686904907, 43.93392848968506, 45.374624729156494,]
