best-result = 27.49792742729187
warmup-time = 28.295884132385254
all-measurements = [ 27.720712423324585, 27.49792742729187, 28.57135796546936,]
