best-result = 695.8190162181854
warmup-time = 731.7438099384308
all-measurements = [ 695.8190162181854, 706.1718146800995, 701.4615383148193,]
