best-result = 173.6587038040161
warmup-time = 173.3985092639923
all-measurements = [ 177.1547224521637, 173.6587038040161, 175.304762840271,]
