best-result = 66.8175573348999
warmup-time = 67.3862099647522
all-measurements = [ 68.80349087715149, 68.89675450325012, 66.8175573348999,]
