best-result = 25.70951747894287
warmup-time = 26.615644454956055
all-measurements = [ 25.70951747894287, 26.17059063911438, 26.033266305923462,]
