best-result = 36.5585241317749
warmup-time = 37.1136908531189
all-measurements = [ 36.83221626281738, 36.5585241317749, 37.170575857162476,]
