best-result = 30.01401972770691
warmup-time = 30.83960270881653
all-measurements = [ 31.854374885559082, 30.23278546333313, 30.01401972770691,]
