best-result = 252.1431872844696
warmup-time = 259.4638423919678
all-measurements = [ 258.97148847579956, 254.4036636352539, 252.1431872844696,]
