best-result = 36.32686400413513
warmup-time = 35.98929405212402
all-measurements = [ 36.32686400413513, 36.99255704879761, 36.65350127220154,]
