best-result = 112.17655825614929
warmup-time = 114.57214117050171
all-measurements = [ 113.32700967788696, 112.17655825614929, 116.49632906913757,]
