best-result = 33.676274061203
warmup-time = 36.11112308502197
all-measurements = [ 33.676274061203, 35.31417155265808, 34.85386562347412,]
