best-result = 39.165932178497314
warmup-time = 42.28590488433838
all-measurements = [ 39.165932178497314, 39.68559718132019, 39.86186170578003,]
