best-result = 47.10918569564819
warmup-time = 47.622406244277954
all-measurements = [ 49.01011037826538, 47.10918569564819, 48.050381660461426,]
