best-result = 31.333134412765503
warmup-time = 32.665024518966675
all-measurements = [ 34.60738706588745, 34.322067737579346, 31.333134412765503,]
