best-result = 36.63739037513733
warmup-time = 36.55210471153259
all-measurements = [ 37.465452909469604, 37.29911518096924, 36.63739037513733,]
