best-result = 61.90009140968323
warmup-time = 60.14010190963745
all-measurements = [ 61.90009140968323, 63.4201078414917, 63.74251055717468,]
