best-result = 222.57719922065735
warmup-time = 225.87577056884766
all-measurements = [ 224.3146767616272, 222.57719922065735, 224.09272694587708,]
