best-result = 512.5493903160095
warmup-time = 517.4956901073456
all-measurements = [ 512.5493903160095, 514.1308083534241, 516.775068283081,]
