best-result = 36.62612223625183
warmup-time = 38.595773220062256
all-measurements = [ 37.02646088600159, 36.62612223625183, 37.17867040634155,]
