best-result = 28.583026885986328
warmup-time = 29.09236717224121
all-measurements = [ 29.634597063064575, 28.583026885986328, 29.420138835906982,]
