best-result = 68.26997303962708
warmup-time = 76.29184079170227
all-measurements = [ 73.52664637565613, 68.26997303962708, 74.82827115058899,]
