best-result = 60.71730422973633
warmup-time = 62.86934304237366
all-measurements = [ 61.83118510246277, 60.71730422973633, 62.53741979598999,]
