best-result = 27.336304187774658
warmup-time = 27.906636953353882
all-measurements = [ 28.247281074523926, 27.935356855392456, 27.336304187774658,]
