best-result = 35.24906373023987
warmup-time = 35.55605363845825
all-measurements = [ 35.9997661113739, 35.322322607040405, 35.24906373023987,]
