best-result = 33.07769536972046
warmup-time = 34.38875985145569
all-measurements = [ 34.037938594818115, 33.08368229866028, 33.07769536972046,]
