best-result = 42.51643896102905
warmup-time = 43.72490072250366
all-measurements = [ 42.51643896102905, 43.79793906211853, 43.558022022247314,]
