best-result = 92.45068359375
warmup-time = 96.61510467529297
all-measurements = [ 96.4472885131836, 92.45068359375, 98.63900661468506,]
