best-result = 27.429073095321655
warmup-time = 27.8583927154541
all-measurements = [ 29.24703335762024, 29.51515793800354, 27.429073095321655,]
