best-result = 34.01856446266174
warmup-time = 33.57791042327881
all-measurements = [ 34.66471767425537, 34.01856446266174, 34.31410837173462,]
