best-result = 91.95522117614746
warmup-time = 87.53114151954651
all-measurements = [ 93.90018963813782, 96.49417352676392, 91.95522117614746,]
