best-result = 39.05038094520569
warmup-time = 39.076939821243286
all-measurements = [ 39.2722282409668, 39.05038094520569, 40.57366418838501,]
