best-result = 43.8090763092041
warmup-time = 43.506924629211426
all-measurements = [ 43.8090763092041, 45.447924852371216, 44.27185106277466,]
