best-result = 49.837151527404785
warmup-time = 50.66822576522827
all-measurements = [ 50.36968755722046, 50.40177917480469, 49.837151527404785,]
