best-result = 27.43485426902771
warmup-time = 28.714406490325928
all-measurements = [ 29.44651770591736, 28.180679321289062, 27.43485426902771,]
