best-result = 641.758798122406
warmup-time = 693.2361350059509
all-measurements = [ 650.7576961517334, 644.4135620594025, 641.758798122406,]
