best-result = 169.24361896514893
warmup-time = 175.67760300636292
all-measurements = [ 169.24361896514893, 172.1406605243683, 170.64016604423523,]
