best-result = 56.731531381607056
warmup-time = 68.59429168701172
all-measurements = [ 68.73457670211792, 66.41833233833313, 56.731531381607056,]
