best-result = 25.934576749801636
warmup-time = 26.016645908355713
all-measurements = [ 25.934576749801636, 27.26599407196045, 26.0629141330719,]
