best-result = 36.883508920669556
warmup-time = 38.05227541923523
all-measurements = [ 38.88293409347534, 36.883508920669556, 37.211092710494995,]
