best-result = 32.32971978187561
warmup-time = 33.28850483894348
all-measurements = [ 32.815110206604004, 32.32971978187561, 32.933624267578125,]
