best-result = 263.6309289932251
warmup-time = 270.20218229293823
all-measurements = [ 265.5205087661743, 265.79977583885193, 263.6309289932251,]
