best-result = 36.23548984527588
warmup-time = 37.652201890945435
all-measurements = [ 37.63809585571289, 36.804511070251465, 36.23548984527588,]
