best-result = 41.327810287475586
warmup-time = 42.34135723114014
all-measurements = [ 42.57881140708923, 43.038312673568726, 41.327810287475586,]
