best-result = 49.776482582092285
warmup-time = 50.77490854263306
all-measurements = [ 51.64262056350708, 50.11641311645508, 49.776482582092285,]
