best-result = 33.47369074821472
warmup-time = 35.39184832572937
all-measurements = [ 34.25735282897949, 36.087143421173096, 33.47369074821472,]
