best-result = 38.45851254463196
warmup-time = 38.33099174499512
all-measurements = [ 39.050246477127075, 38.47453498840332, 38.45851254463196,]
