best-result = 61.530771017074585
warmup-time = 63.10274338722229
all-measurements = [ 61.530771017074585, 62.4301278591156, 62.51488971710205,]
