best-result = 227.0361123085022
warmup-time = 230.66184091567993
all-measurements = [ 227.0361123085022, 229.1458477973938, 230.58139157295227,]
