best-result = 524.8377079963684
warmup-time = 529.5322895050049
all-measurements = [ 528.6331417560577, 528.9077954292297, 524.8377079963684,]
