best-result = 36.47193169593811
warmup-time = 37.73048996925354
all-measurements = [ 36.79597806930542, 37.40703201293945, 36.47193169593811,]
