best-result = 64.00505900382996
warmup-time = 64.83641529083252
all-measurements = [ 65.23262619972229, 64.62363529205322, 64.00505900382996,]
