best-result = 27.70260715484619
warmup-time = 28.723170280456543
all-measurements = [ 27.790721654891968, 27.70260715484619, 28.070655822753906,]
