best-result = 36.29239869117737
warmup-time = 36.84576368331909
all-measurements = [ 36.66774821281433, 36.63349223136902, 36.29239869117737,]
