best-result = 33.0077428817749
warmup-time = 35.19718813896179
all-measurements = [ 33.0077428817749, 34.280479192733765, 34.6309072971344,]
