best-result = 43.95517683029175
warmup-time = 44.63176345825195
all-measurements = [ 44.534459829330444, 43.95517683029175, 44.63387322425842,]
