best-result = 97.861074924469
warmup-time = 100.87577509880066
all-measurements = [ 99.76230192184448, 97.861074924469, 98.56851959228516,]
