best-result = 27.42592716217041
warmup-time = 29.670177221298218
all-measurements = [ 29.822230577468872, 27.45851492881775, 27.42592716217041,]
