best-result = 32.704715728759766
warmup-time = 34.640328884124756
all-measurements = [ 33.3990421295166, 35.55135440826416, 32.704715728759766,]
