best-result = 87.5915355682373
warmup-time = 88.62565755844116
all-measurements = [ 96.8522424697876, 98.22581219673157, 87.5915355682373,]
