best-result = 40.39867949485779
warmup-time = 39.88921070098877
all-measurements = [ 40.51159167289734, 40.39867949485779, 40.978801012039185,]
