best-result = 42.18662476539612
warmup-time = 45.66173243522644
all-measurements = [ 42.18662476539612, 44.51251482963562, 44.49816107749939,]
