best-result = 28.82371759414673
warmup-time = 27.77448868751526
all-measurements = [ 29.095001935958862, 28.83097505569458, 28.82371759414673,]
