best-result = 683.1000990867615
warmup-time = 728.731947183609
all-measurements = [ 693.15181183815, 692.5833973884583, 683.1000990867615,]
