best-result = 176.26697945594788
warmup-time = 175.5717635154724
all-measurements = [ 179.77025651931763, 176.26697945594788, 178.00506925582886,]
