best-result = 43.57125949859619
warmup-time = 44.73182249069214
all-measurements = [ 43.57125949859619, 45.08339738845825, 44.144603967666626,]
