best-result = 21.635559797286987
warmup-time = 23.28952717781067
all-measurements = [ 21.635559797286987, 22.87746834754944, 22.15539789199829,]
