best-result = 47.33946108818054
warmup-time = 65.91447734832764
all-measurements = [ 47.72877264022827, 47.33946108818054, 47.872153997421265,]
