best-result = 47.373470306396484
warmup-time = 59.96671986579895
all-measurements = [ 47.373470306396484, 48.58140254020691, 47.58525013923645,]
