best-result = 1002.9612851142883
warmup-time = 1234.6043725013733
all-measurements = [ 1003.3804626464844, 1015.1861817836761, 1002.9612851142883,]
