best-result = 82.74957394599915
warmup-time = 96.52935647964478
all-measurements = [ 84.39748406410217, 82.74957394599915, 83.29332137107849,]
