best-result = 80.0696964263916
warmup-time = 106.50248742103577
all-measurements = [ 80.42872190475464, 80.16519498825073, 80.0696964263916,]
