best-result = 69.21318674087524
warmup-time = 93.94237852096558
all-measurements = [ 69.4647843837738, 70.04989218711853, 69.21318674087524,]
