best-result = 85.47017478942871
warmup-time = 101.56046867370605
all-measurements = [ 85.47017478942871, 86.2807457447052, 85.61243271827698,]
