best-result = 598.635247707367
warmup-time = 613.7745835781097
all-measurements = [ 600.3457977771759, 598.635247707367, 600.3394527435303,]
