best-result = 63.67923927307129
warmup-time = 80.25511193275452
all-measurements = [ 63.67923927307129, 64.17905735969543, 64.99460005760193,]
