best-result = 232.22999262809753
warmup-time = 417.17831897735596
all-measurements = [ 235.20866751670837, 232.22999262809753, 233.96601271629333,]
