best-result = 441.08330821990967
warmup-time = 957.392249584198
all-measurements = [ 443.25171160697937, 441.08330821990967, 441.17886757850647,]
