best-result = 61.682313203811646
warmup-time = 79.72607970237732
all-measurements = [ 62.54043221473694, 61.682313203811646, 61.901262521743774,]
