best-result = 883.7366676330566
warmup-time = 921.5512516498566
all-measurements = [ 883.7366676330566, 888.3719120025635, 888.2265162467957,]
