best-result = 27.59600329399109
warmup-time = 36.824082136154175
all-measurements = [ 27.830628395080566, 27.59600329399109, 28.08722996711731,]
