best-result = 56.42315435409546
warmup-time = 70.49994540214539
all-measurements = [ 56.42315435409546, 56.61092662811279, 56.6437246799469,]
