best-result = 110.67837262153625
warmup-time = 143.45509314537048
all-measurements = [ 112.24473786354065, 112.48313879966736, 110.67837262153625,]
