best-result = 776.3232970237732
warmup-time = 858.1916136741638
all-measurements = [ 786.1094582080841, 776.3232970237732, 781.9840171337128,]
