best-result = 53.79183602333069
warmup-time = 70.04598259925842
all-measurements = [ 54.08425259590149, 53.79183602333069, 54.330745697021484,]
