best-result = 50.32267904281616
warmup-time = 71.58435106277466
all-measurements = [ 50.32267904281616, 51.27257513999939, 50.75818467140198,]
