best-result = 80.64557218551636
warmup-time = 99.69068241119385
all-measurements = [ 81.34070301055908, 81.30384492874146, 80.64557218551636,]
