best-result = 35.99018430709839
warmup-time = 45.812251567840576
all-measurements = [ 36.249075174331665, 36.11755347251892, 35.99018430709839,]
