best-result = 356.4743494987488
warmup-time = 517.4091548919678
all-measurements = [ 365.01872634887695, 361.3950424194336, 356.4743494987488,]
