best-result = 104.25668454170227
warmup-time = 103.69573760032654
all-measurements = [ 105.3242540359497, 105.32566809654236, 104.25668454170227,]
