best-result = 21.144423246383667
warmup-time = 21.5631365776062
all-measurements = [ 21.315857648849487, 21.546319723129272, 21.144423246383667,]
