best-result = 46.93606948852539
warmup-time = 63.09286594390869
all-measurements = [ 47.78507852554321, 46.93606948852539, 46.95341444015503,]
