best-result = 46.3454225063324
warmup-time = 58.27693176269531
all-measurements = [ 46.446085929870605, 46.3527717590332, 46.3454225063324,]
