best-result = 975.3483192920685
warmup-time = 1205.846139907837
all-measurements = [ 975.3483192920685, 978.6605534553528, 984.4466209411621,]
