best-result = 81.50276184082031
warmup-time = 97.32647943496704
all-measurements = [ 81.70841193199158, 81.57783317565918, 81.50276184082031,]
