best-result = 77.8323175907135
warmup-time = 99.24834847450256
all-measurements = [ 78.2330470085144, 78.69747233390808, 77.8323175907135,]
