best-result = 68.11003851890564
warmup-time = 92.81245732307434
all-measurements = [ 68.58154439926147, 69.06775450706482, 68.11003851890564,]
