best-result = 83.74965500831604
warmup-time = 99.83831882476807
all-measurements = [ 83.74965500831604, 84.03307294845581, 84.03974914550781,]
