best-result = 591.9218263626099
warmup-time = 609.9439492225647
all-measurements = [ 591.9218263626099, 592.8562343120575, 593.3634941577911,]
