best-result = 61.66766905784607
warmup-time = 76.17824268341064
all-measurements = [ 61.726062536239624, 62.082528591156006, 61.66766905784607,]
