best-result = 225.56823539733887
warmup-time = 392.1783654689789
all-measurements = [ 227.49965500831604, 226.30341982841492, 225.56823539733887,]
