best-result = 440.3611559867859
warmup-time = 914.0866310596466
all-measurements = [ 440.3611559867859, 447.9695465564728, 456.5510139465332,]
