best-result = 59.740928411483765
warmup-time = 77.24944925308228
all-measurements = [ 59.740928411483765, 60.51361346244812, 61.023422718048096,]
