best-result = 858.2045910358429
warmup-time = 889.7747044563293
all-measurements = [ 860.8589963912964, 862.6102795600891, 858.2045910358429,]
