best-result = 26.70705533027649
warmup-time = 33.99846053123474
all-measurements = [ 27.26543927192688, 26.70705533027649, 26.78967308998108,]
