best-result = 57.97907519340515
warmup-time = 71.81102585792542
all-measurements = [ 57.97907519340515, 58.812257051467896, 58.22937726974487,]
