best-result = 55.25680327415466
warmup-time = 69.02936553955078
all-measurements = [ 56.26337432861328, 55.573546171188354, 55.25680327415466,]
