best-result = 108.56303596496582
warmup-time = 137.23953533172607
all-measurements = [ 109.58268165588379, 108.56303596496582, 108.78547430038452,]
