best-result = 767.2259702682495
warmup-time = 832.1902120113373
all-measurements = [ 767.2259702682495, 771.5609147548676, 767.9443678855896,]
