best-result = 33.15348792076111
warmup-time = 41.57396936416626
all-measurements = [ 33.76646852493286, 33.15348792076111, 33.80674624443054,]
