best-result = 52.41679668426514
warmup-time = 68.03696370124817
all-measurements = [ 53.11789345741272, 52.789693117141724, 52.41679668426514,]
