best-result = 49.59715795516968
warmup-time = 69.02759003639221
all-measurements = [ 49.81075835227966, 49.59715795516968, 49.8750159740448,]
