best-result = 79.32224869728088
warmup-time = 96.02129936218262
all-measurements = [ 79.45562052726746, 79.32224869728088, 79.80843615531921,]
