best-result = 35.39168977737427
warmup-time = 45.328277349472046
all-measurements = [ 35.77404832839966, 35.39168977737427, 35.46819591522217,]
