best-result = 349.15418457984924
warmup-time = 491.1395494937897
all-measurements = [ 355.5347182750702, 349.49779081344604, 349.15418457984924,]
