best-result = 102.64306902885437
warmup-time = 102.64685010910034
all-measurements = [ 103.12765860557556, 102.87364220619202, 102.64306902885437,]
