best-result = 25.927185535430908
warmup-time = 26.036754369735718
all-measurements = [ 25.92832064628601, 26.362273454666138, 25.927185535430908,]
