best-result = 35.631787061691284
warmup-time = 38.429709672927856
all-measurements = [ 36.99257779121399, 36.551891803741455, 35.631787061691284,]
