best-result = 30.83450746536255
warmup-time = 31.70483112335205
all-measurements = [ 31.705532789230347, 31.93350625038147, 30.83450746536255,]
