best-result = 254.62263798713684
warmup-time = 259.6953842639923
all-measurements = [ 254.62263798713684, 257.18772888183594, 255.19410133361816,]
