best-result = 36.00435018539429
warmup-time = 36.926634311676025
all-measurements = [ 37.510674476623535, 36.903719663619995, 36.00435018539429,]
