best-result = 112.51079559326172
warmup-time = 113.54529547691345
all-measurements = [ 112.51079559326172, 112.6494574546814, 112.81344056129456,]
