best-result = 39.69657635688782
warmup-time = 40.214675426483154
all-measurements = [ 39.69657635688782, 40.20830965042114, 41.600897550582886,]
