best-result = 47.025325536727905
warmup-time = 48.8860650062561
all-measurements = [ 47.6423614025116, 47.025325536727905, 47.51652693748474,]
