best-result = 33.981016397476196
warmup-time = 34.96658992767334
all-measurements = [ 33.981016397476196, 34.19089460372925, 33.99348282814026,]
