best-result = 35.76430797576904
warmup-time = 37.70267844200134
all-measurements = [ 37.17310953140259, 36.47434997558594, 35.76430797576904,]
