best-result = 63.12431216239929
warmup-time = 62.59694743156433
all-measurements = [ 63.46954131126404, 63.89684724807739, 63.12431216239929,]
