best-result = 222.40807509422302
warmup-time = 226.38012766838074
all-measurements = [ 222.40807509422302, 225.23592972755432, 224.48695731163025,]
