best-result = 514.1475915908813
warmup-time = 521.1048057079315
all-measurements = [ 518.4175560474396, 514.1475915908813, 516.326512336731,]
