best-result = 34.91124606132507
warmup-time = 36.982016801834106
all-measurements = [ 37.399149656295776, 34.91124606132507, 36.44819259643555,]
