best-result = 28.65763783454895
warmup-time = 29.08333921432495
all-measurements = [ 29.08129119873047, 28.65763783454895, 28.738526105880737,]
