best-result = 73.91461896896362
warmup-time = 78.64612913131714
all-measurements = [ 82.21744561195374, 77.93271780014038, 73.91461896896362,]
