best-result = 62.01364183425903
warmup-time = 62.0331175327301
all-measurements = [ 62.01364183425903, 62.657602071762085, 62.357635498046875,]
