best-result = 28.28418517112732
warmup-time = 28.70595407485962
all-measurements = [ 28.28418517112732, 28.731757879257202, 28.630024194717407,]
