best-result = 31.87712860107422
warmup-time = 35.75856304168701
all-measurements = [ 33.07502555847168, 34.762216091156006, 31.87712860107422,]
