best-result = 31.681610584259033
warmup-time = 33.95718717575073
all-measurements = [ 33.9266459941864, 31.681610584259033, 35.480217695236206,]
