best-result = 42.110692262649536
warmup-time = 41.70433330535889
all-measurements = [ 43.58161783218384, 42.110692262649536, 42.407963275909424,]
