best-result = 96.06855821609497
warmup-time = 96.159841299057
all-measurements = [ 96.06855821609497, 96.63455080986023, 96.26128196716309,]
