best-result = 27.453208208084106
warmup-time = 28.821781635284424
all-measurements = [ 27.6820809841156, 27.690298557281494, 27.453208208084106,]
