best-result = 33.98656487464905
warmup-time = 35.0731098651886
all-measurements = [ 34.480753898620605, 33.98656487464905, 34.78506875038147,]
