best-result = 88.73038125038147
warmup-time = 89.62144446372986
all-measurements = [ 88.73038125038147, 96.96635890007019, 97.31441068649292,]
