best-result = 38.096468925476074
warmup-time = 38.15733599662781
all-measurements = [ 38.30306959152222, 38.096468925476074, 39.31466269493103,]
