best-result = 44.44335889816284
warmup-time = 44.59700584411621
all-measurements = [ 44.73660659790039, 44.44335889816284, 45.19404458999634,]
