best-result = 28.719698667526245
warmup-time = 28.7331759929657
all-measurements = [ 29.022918939590454, 28.719698667526245, 29.08530330657959,]
