best-result = 629.3985080718994
warmup-time = 672.3025715351105
all-measurements = [ 629.3985080718994, 633.6552827358246, 634.8585777282715,]
