best-result = 170.8539822101593
warmup-time = 173.08132195472717
all-measurements = [ 173.90649008750916, 170.8539822101593, 172.7776620388031,]
