best-result = 67.4769389629364
warmup-time = 69.21166753768921
all-measurements = [ 67.4769389629364, 68.10116767883301, 69.52170252799988,]
