best-result = 22.79421043395996
warmup-time = 23.71871042251587
all-measurements = [ 23.120894193649292, 22.95397114753723, 22.79421043395996,]
