best-result = 46.401795625686646
warmup-time = 63.05935835838318
all-measurements = [ 46.910454988479614, 46.401795625686646, 46.864542961120605,]
