best-result = 45.79903316497803
warmup-time = 58.336254358291626
all-measurements = [ 45.79903316497803, 45.924680948257446, 46.017513275146484,]
