best-result = 898.2768239974976
warmup-time = 1109.904222726822
all-measurements = [ 901.2559032440186, 905.9134912490845, 898.2768239974976,]
