best-result = 84.9401605129242
warmup-time = 99.97635436058044
all-measurements = [ 85.14898657798767, 84.9401605129242, 85.54755806922913,]
