best-result = 980.9331085681915
warmup-time = 1005.0099370479584
all-measurements = [ 980.9331085681915, 986.2074835300446, 983.5691890716553,]
