best-result = 82.17949414253235
warmup-time = 102.32449555397034
all-measurements = [ 82.37588906288147, 82.25320219993591, 82.17949414253235,]
