best-result = 67.35716557502747
warmup-time = 86.12467503547668
all-measurements = [ 67.53005743026733, 67.40819954872131, 67.35716557502747,]
