best-result = 90.18167901039124
warmup-time = 104.49085974693298
all-measurements = [ 90.18167901039124, 90.8658537864685, 91.8835437297821,]
