best-result = 645.5913410186768
warmup-time = 663.1195487976074
all-measurements = [ 648.6865565776825, 645.5913410186768, 646.8619859218597,]
