best-result = 61.38243579864502
warmup-time = 73.93645167350769
all-measurements = [ 61.97852158546448, 61.38243579864502, 61.82967400550842,]
