best-result = 205.82502388954163
warmup-time = 359.67081093788147
all-measurements = [ 205.82502388954163, 206.7018141746521, 207.5435812473297,]
