best-result = 422.6282138824463
warmup-time = 866.2388415336609
all-measurements = [ 430.93134093284607, 422.6282138824463, 424.49540090560913,]
