best-result = 62.1562979221344
warmup-time = 78.73837471008301
all-measurements = [ 62.434685945510864, 63.013211727142334, 62.1562979221344,]
