best-result = 39.45530414581299
warmup-time = 47.99587345123291
all-measurements = [ 39.45530414581299, 39.93661332130432, 40.26133942604065,]
