best-result = 134.8169505596161
warmup-time = 157.4273955821991
all-measurements = [ 135.11466526985168, 134.8169505596161, 136.13810992240906,]
