best-result = 902.5359463691711
warmup-time = 929.1409945487976
all-measurements = [ 902.5359463691711, 904.7869138717651, 903.0762844085693,]
