best-result = 27.580500841140747
warmup-time = 36.58027362823486
all-measurements = [ 27.580500841140747, 28.087098360061646, 27.85787343978882,]
