best-result = 57.11363482475281
warmup-time = 70.29376435279846
all-measurements = [ 57.11363482475281, 57.12961959838867, 57.237897872924805,]
