best-result = 59.12542772293091
warmup-time = 74.38087320327759
all-measurements = [ 59.48661518096924, 60.18028903007507, 59.12542772293091,]
