best-result = 109.2836344242096
warmup-time = 134.93993377685547
all-measurements = [ 109.2836344242096, 110.14622783660889, 128.3709979057312,]
