best-result = 771.3090040683746
warmup-time = 850.3582186698914
all-measurements = [ 773.5962913036346, 771.3090040683746, 772.9093737602234,]
