best-result = 33.81026649475098
warmup-time = 42.69413781166077
all-measurements = [ 33.87688493728638, 33.81026649475098, 34.18947243690491,]
