best-result = 55.158053159713745
warmup-time = 70.59689950942993
all-measurements = [ 55.33463382720947, 55.158053159713745, 55.31436800956726,]
