best-result = 2380.9798753261566
warmup-time = 1852.4870040416718
all-measurements = [ 2380.9798753261566, 2924.9883151054382, 2404.5107004642487,]
