best-result = 47.87243413925171
warmup-time = 68.92490673065186
all-measurements = [ 47.87243413925171, 48.624027490615845, 48.47494316101074,]
