best-result = 77.38674855232239
warmup-time = 97.84815168380737
all-measurements = [ 77.69818186759949, 77.85931086540222, 77.38674855232239,]
