best-result = 36.6773681640625
warmup-time = 45.961631059646606
all-measurements = [ 36.83997201919556, 36.6773681640625, 37.2390501499176,]
