best-result = 332.5469377040863
warmup-time = 470.56627678871155
all-measurements = [ 338.6682503223419, 334.56676864624023, 332.5469377040863,]
