best-result = 58.60928153991699
warmup-time = 58.927359104156494
all-measurements = [ 59.20776057243347, 58.885271072387695, 58.60928153991699,]
