best-result = 21.636932611465454
warmup-time = 22.13723611831665
all-measurements = [ 21.636932611465454, 21.717581510543823, 21.902111530303955,]
