best-result = 47.079992055892944
warmup-time = 66.65346145629883
all-measurements = [ 47.274027585983276, 47.079992055892944, 47.701586961746216,]
