best-result = 46.75374627113342
warmup-time = 60.53435468673706
all-measurements = [ 46.8638870716095, 46.75374627113342, 46.75529336929321,]
