best-result = 990.4408867359161
warmup-time = 1208.5649209022522
all-measurements = [ 999.6601147651672, 991.4496624469757, 990.4408867359161,]
