best-result = 81.74249792098999
warmup-time = 96.29750442504883
all-measurements = [ 81.74249792098999, 82.51182413101196, 82.32902026176453,]
