best-result = 79.09441041946411
warmup-time = 101.3496162891388
all-measurements = [ 79.37405180931091, 79.25156664848328, 79.09441041946411,]
