best-result = 69.05612421035767
warmup-time = 94.28593969345093
all-measurements = [ 69.05612421035767, 70.52562594413757, 69.23244881629944,]
