best-result = 85.15849757194519
warmup-time = 100.9471435546875
all-measurements = [ 85.15849757194519, 85.46572089195251, 85.32962775230408,]
