best-result = 599.1743259429932
warmup-time = 617.5806946754456
all-measurements = [ 600.0182569026947, 599.1743259429932, 604.6668901443481,]
