best-result = 62.79053616523743
warmup-time = 75.49094104766846
all-measurements = [ 62.79053616523743, 63.21684765815735, 63.2332878112793,]
