best-result = 232.43433237075806
warmup-time = 441.3399715423584
all-measurements = [ 235.08845853805542, 232.43433237075806, 234.81587886810303,]
