best-result = 440.3025724887848
warmup-time = 967.9683032035828
all-measurements = [ 442.6815423965454, 442.1655807495117, 440.3025724887848,]
