best-result = 59.834177017211914
warmup-time = 79.12362313270569
all-measurements = [ 59.834177017211914, 60.48839592933655, 60.55489754676819,]
