best-result = 879.069099187851
warmup-time = 916.4123163223267
all-measurements = [ 879.069099187851, 880.6672832965851, 883.58429646492,]
