best-result = 26.997069358825684
warmup-time = 36.44742727279663
all-measurements = [ 27.211902618408203, 27.28734254837036, 26.997069358825684,]
