best-result = 59.50315570831299
warmup-time = 74.27773594856262
all-measurements = [ 59.52307081222534, 59.50315570831299, 59.630122900009155,]
