best-result = 55.6540470123291
warmup-time = 70.26117181777954
all-measurements = [ 55.83899807929993, 55.6540470123291, 56.59409499168396,]
