best-result = 110.0759105682373
warmup-time = 141.80605936050415
all-measurements = [ 110.12346410751343, 110.0759105682373, 110.1940975189209,]
