best-result = 771.6775603294373
warmup-time = 849.0949647426605
all-measurements = [ 778.6305105686188, 776.4339923858643, 771.6775603294373,]
