best-result = 33.58143591880798
warmup-time = 43.460774183273315
all-measurements = [ 33.58143591880798, 33.67058801651001, 33.67596483230591,]
