best-result = 53.0434844493866
warmup-time = 70.02233695983887
all-measurements = [ 53.35579204559326, 53.0434844493866, 53.82110619544983,]
