best-result = 49.79304552078247
warmup-time = 71.88995122909546
all-measurements = [ 50.263102293014526, 49.79304552078247, 49.93645906448364,]
