best-result = 79.5927803516388
warmup-time = 100.69215536117554
all-measurements = [ 79.99959897994995, 79.7291932106018, 79.5927803516388,]
