best-result = 35.657042026519775
warmup-time = 45.65377712249756
all-measurements = [ 35.657042026519775, 35.90280199050903, 35.80549883842468,]
