best-result = 351.4817671775818
warmup-time = 515.8063952922821
all-measurements = [ 356.23374819755554, 355.14612317085266, 351.4817671775818,]
