best-result = 103.5976791381836
warmup-time = 103.91839456558228
all-measurements = [ 103.63917708396912, 103.5976791381836, 104.03574848175049,]
