best-result = 25.81938409805298
warmup-time = 26.54630732536316
all-measurements = [ 25.916958332061768, 26.125978708267212, 25.81938409805298,]
