best-result = 35.918851375579834
warmup-time = 37.96379780769348
all-measurements = [ 37.64379000663757, 35.918851375579834, 37.38074970245361,]
