best-result = 31.661752462387085
warmup-time = 32.60624718666077
all-measurements = [ 31.661752462387085, 32.3879451751709, 32.67917799949646,]
