best-result = 262.56111764907837
warmup-time = 271.46564841270447
all-measurements = [ 262.6492660045624, 262.56111764907837, 263.9750130176544,]
