best-result = 36.197946071624756
warmup-time = 36.8537700176239
all-measurements = [ 36.62829279899597, 36.4765465259552, 36.197946071624756,]
