best-result = 42.08547019958496
warmup-time = 43.56946039199829
all-measurements = [ 42.87310767173767, 42.49548029899597, 42.08547019958496,]
