best-result = 50.84091091156006
warmup-time = 51.80437183380127
all-measurements = [ 50.858471155166626, 51.575156927108765, 50.84091091156006,]
