best-result = 34.3301157951355
warmup-time = 34.988932371139526
all-measurements = [ 34.3301157951355, 36.29815053939819, 34.77732491493225,]
