best-result = 37.69887685775757
warmup-time = 38.2880494594574
all-measurements = [ 37.69887685775757, 37.94061017036438, 38.209389209747314,]
