best-result = 66.2479453086853
warmup-time = 64.01419711112976
all-measurements = [ 66.33897757530212, 66.2479453086853, 66.29212498664856,]
