best-result = 227.19601559638977
warmup-time = 232.19564080238342
all-measurements = [ 227.19601559638977, 228.98709917068481, 228.1664159297943,]
