best-result = 523.6278579235077
warmup-time = 533.6653733253479
all-measurements = [ 524.6275866031647, 524.064112663269, 523.6278579235077,]
