best-result = 35.96750330924988
warmup-time = 36.3364953994751
all-measurements = [ 36.56838393211365, 37.92970275878906, 35.96750330924988,]
