best-result = 62.67315936088562
warmup-time = 65.15584826469421
all-measurements = [ 64.30884408950806, 65.52272534370422, 62.67315936088562,]
