best-result = 27.69449257850647
warmup-time = 29.250905513763428
all-measurements = [ 27.69449257850647, 28.365057468414307, 27.95412564277649,]
