best-result = 36.691272258758545
warmup-time = 36.75528264045715
all-measurements = [ 36.809638023376465, 37.192182302474976, 36.691272258758545,]
