best-result = 33.15263628959656
warmup-time = 34.631009578704834
all-measurements = [ 33.77202081680298, 33.9060492515564, 33.15263628959656,]
