best-result = 43.47612977027893
warmup-time = 44.89401626586914
all-measurements = [ 44.55040431022644, 43.56314253807068, 43.47612977027893,]
