best-result = 96.81290912628174
warmup-time = 97.51427459716797
all-measurements = [ 99.1235671043396, 98.28906154632568, 96.81290912628174,]
