best-result = 28.092729091644287
warmup-time = 29.810371160507202
all-measurements = [ 28.092729091644287, 28.475300073623657, 28.65658140182495,]
