best-result = 34.31176161766052
warmup-time = 35.33436036109924
all-measurements = [ 35.54679226875305, 34.455875396728516, 34.31176161766052,]
