best-result = 87.93080925941467
warmup-time = 94.5479645729065
all-measurements = [ 93.94894766807556, 90.33410930633545, 87.93080925941467,]
