best-result = 40.53977632522583
warmup-time = 40.01171827316284
all-measurements = [ 40.783302307128906, 40.53977632522583, 41.258103132247925,]
