best-result = 44.87952375411987
warmup-time = 45.20977520942688
all-measurements = [ 45.77604365348816, 44.87952375411987, 45.41120386123657,]
