best-result = 27.405451774597168
warmup-time = 28.821173667907715
all-measurements = [ 28.921130657196045, 27.405451774597168, 29.234453916549683,]
