best-result = 694.5099854469299
warmup-time = 719.7689583301544
all-measurements = [ 696.451532125473, 694.5099854469299, 695.4917025566101,]
