best-result = 177.39780616760254
warmup-time = 176.90183925628662
all-measurements = [ 177.48225331306458, 177.39780616760254, 180.9008345603943,]
