best-result = 43.60490918159485
warmup-time = 43.16206073760986
all-measurements = [ 44.95861315727234, 43.60490918159485, 46.12129235267639,]
