best-result = 21.137434244155884
warmup-time = 21.422420740127563
all-measurements = [ 21.159409523010254, 21.137434244155884, 21.92986559867859,]
