best-result = 46.49138689041138
warmup-time = 62.83438229560852
all-measurements = [ 46.71974039077759, 47.35604763031006, 46.49138689041138,]
