best-result = 45.94124627113342
warmup-time = 58.44122648239136
all-measurements = [ 46.120248794555664, 45.94124627113342, 46.50956749916077,]
