best-result = 969.3958730697632
warmup-time = 1170.332995891571
all-measurements = [ 974.9981315135956, 971.7322101593018, 969.3958730697632,]
