best-result = 81.31458067893982
warmup-time = 94.96021318435669
all-measurements = [ 81.31458067893982, 81.54941821098328, 81.72211384773254,]
