best-result = 77.76082396507263
warmup-time = 99.2823178768158
all-measurements = [ 77.76082396507263, 77.82114815711975, 78.32996988296509,]
