best-result = 68.21559119224548
warmup-time = 91.05567049980164
all-measurements = [ 68.21559119224548, 68.63468480110168, 69.55534315109253,]
