best-result = 83.33171463012695
warmup-time = 98.29047107696533
all-measurements = [ 83.64986443519592, 83.33171463012695, 84.01664972305298,]
