best-result = 586.5314028263092
warmup-time = 626.2506623268127
all-measurements = [ 591.5854642391205, 587.1071486473083, 586.5314028263092,]
