best-result = 61.40754556655884
warmup-time = 74.27914452552795
all-measurements = [ 61.86873006820679, 61.40754556655884, 62.24632239341736,]
