best-result = 226.80032324790955
warmup-time = 397.0073666572571
all-measurements = [ 227.79067206382751, 228.31284260749817, 226.80032324790955,]
