best-result = 439.4553611278534
warmup-time = 903.0008444786072
all-measurements = [ 439.83938670158386, 439.4553611278534, 445.06540513038635,]
