best-result = 59.35670471191406
warmup-time = 74.80334210395813
all-measurements = [ 59.43981909751892, 59.35670471191406, 59.38224720954895,]
