best-result = 855.4435632228851
warmup-time = 892.956661939621
all-measurements = [ 858.7020468711853, 855.6087861061096, 855.4435632228851,]
