best-result = 26.50749659538269
warmup-time = 35.17641830444336
all-measurements = [ 26.692493438720703, 26.50749659538269, 26.66775918006897,]
