best-result = 57.225263833999634
warmup-time = 70.78899812698364
all-measurements = [ 58.33873391151428, 57.225263833999634, 58.45594573020935,]
