best-result = 54.79618287086487
warmup-time = 69.14737033843994
all-measurements = [ 54.79618287086487, 55.58365869522095, 55.43299746513367,]
