best-result = 108.17440676689148
warmup-time = 138.36414122581482
all-measurements = [ 108.4579713344574, 108.17440676689148, 108.18686056137085,]
