best-result = 767.8228812217712
warmup-time = 837.694226026535
all-measurements = [ 772.8522934913635, 767.8228812217712, 769.972615480423,]
