best-result = 33.14326477050781
warmup-time = 42.343223333358765
all-measurements = [ 33.14326477050781, 33.466381311416626, 33.265286684036255,]
