best-result = 52.78630757331848
warmup-time = 67.94613003730774
all-measurements = [ 52.87938737869263, 53.18386363983154, 52.78630757331848,]
