best-result = 49.235682010650635
warmup-time = 67.12834525108337
all-measurements = [ 49.235682010650635, 49.88156199455261, 49.28633666038513,]
