best-result = 79.0517053604126
warmup-time = 95.10874462127686
all-measurements = [ 79.14450120925903, 79.55288505554199, 79.0517053604126,]
