best-result = 35.31603384017944
warmup-time = 44.18765878677368
all-measurements = [ 35.31603384017944, 35.352991819381714, 35.77195906639099,]
