best-result = 348.56202507019043
warmup-time = 488.12301802635193
all-measurements = [ 348.56202507019043, 351.0238320827484, 351.02639269828796,]
