best-result = 102.08482241630554
warmup-time = 102.56266236305237
all-measurements = [ 102.21537613868713, 102.5311188697815, 102.08482241630554,]
