best-result = 21.6431725025177
warmup-time = 21.935288190841675
all-measurements = [ 21.812455654144287, 21.860909461975098, 21.6431725025177,]
