best-result = 46.828896045684814
warmup-time = 64.3941879272461
all-measurements = [ 47.50328469276428, 47.223811626434326, 46.828896045684814,]
