best-result = 46.55191612243652
warmup-time = 61.86609673500061
all-measurements = [ 46.55191612243652, 46.912044525146484, 46.578630685806274,]
