best-result = 989.8783702850342
warmup-time = 1221.2836849689484
all-measurements = [ 992.8925445079803, 989.8783702850342, 994.1753780841827,]
