best-result = 81.8682553768158
warmup-time = 98.06194233894348
all-measurements = [ 81.8682553768158, 83.16513800621033, 82.25695586204529,]
