best-result = 78.55938005447388
warmup-time = 101.03911566734314
all-measurements = [ 78.81458950042725, 79.0382993221283, 78.55938005447388,]
