best-result = 68.69839358329773
warmup-time = 93.79628014564514
all-measurements = [ 70.18406867980957, 68.69839358329773, 70.3820447921753,]
