best-result = 84.47275018692017
warmup-time = 100.14442777633667
all-measurements = [ 84.96691751480103, 84.47275018692017, 85.0948715209961,]
