best-result = 599.9664597511292
warmup-time = 616.0459847450256
all-measurements = [ 599.9664597511292, 623.4702816009521, 602.1103684902191,]
