best-result = 62.745551109313965
warmup-time = 80.94415163993835
all-measurements = [ 63.43648409843445, 62.745551109313965, 63.38841700553894,]
