best-result = 232.19391012191772
warmup-time = 412.85562562942505
all-measurements = [ 232.47396564483643, 232.19391012191772, 233.30277514457703,]
