best-result = 441.01329708099365
warmup-time = 956.2265310287476
all-measurements = [ 446.4540042877197, 441.01329708099365, 441.1035599708557,]
