best-result = 60.13201355934143
warmup-time = 79.224112033844
all-measurements = [ 60.13201355934143, 60.83441710472107, 60.34367561340332,]
