best-result = 878.4673852920532
warmup-time = 918.8072421550751
all-measurements = [ 879.4096283912659, 881.0315909385681, 878.4673852920532,]
