best-result = 26.792460441589355
warmup-time = 36.202473163604736
all-measurements = [ 26.792460441589355, 27.96768093109131, 27.096930980682373,]
