best-result = 59.2603063583374
warmup-time = 70.47158169746399
all-measurements = [ 59.2603063583374, 59.51685047149658, 59.618366956710815,]
