best-result = 55.741979360580444
warmup-time = 71.29303431510925
all-measurements = [ 56.22571778297424, 55.741979360580444, 55.81055235862732,]
