best-result = 109.39822149276733
warmup-time = 141.381010055542
all-measurements = [ 109.75344848632812, 110.40196585655212, 109.39822149276733,]
