best-result = 775.2869944572449
warmup-time = 859.9228894710541
all-measurements = [ 775.4521009922028, 776.5022716522217, 775.2869944572449,]
