best-result = 33.763561725616455
warmup-time = 42.060060262680054
all-measurements = [ 33.890949964523315, 33.91298723220825, 33.763561725616455,]
