best-result = 53.02432465553284
warmup-time = 68.81274771690369
all-measurements = [ 53.261449098587036, 53.659653663635254, 53.02432465553284,]
