best-result = 49.64171743392944
warmup-time = 70.75014758110046
all-measurements = [ 50.277844190597534, 49.64171743392944, 49.976115703582764,]
