best-result = 78.84550285339355
warmup-time = 99.12660145759583
all-measurements = [ 79.23530149459839, 78.84550285339355, 79.12712502479553,]
