best-result = 35.783708572387695
warmup-time = 45.430946826934814
all-measurements = [ 35.783708572387695, 35.78452682495117, 36.29489326477051,]
