best-result = 355.9705982208252
warmup-time = 515.3231885433197
all-measurements = [ 355.9705982208252, 360.4017050266266, 359.32398080825806,]
