best-result = 103.29337453842163
warmup-time = 103.43293690681458
all-measurements = [ 103.65386128425598, 104.69418692588806, 103.29337453842163,]
