best-result = 22.608402967453003
warmup-time = 24.92368507385254
all-measurements = [ 24.54185175895691, 22.608402967453003, 23.366326570510864,]
