best-result = 46.18131995201111
warmup-time = 65.1359031200409
all-measurements = [ 46.18131995201111, 47.53231167793274, 46.726067543029785,]
