best-result = 45.89505124092102
warmup-time = 59.532790184020996
all-measurements = [ 46.24620461463928, 45.89505124092102, 45.98082089424133,]
