best-result = 920.5035970211029
warmup-time = 1107.5522577762604
all-measurements = [ 920.5035970211029, 941.2235848903656, 943.2481682300568,]
