best-result = 84.59068608283997
warmup-time = 99.6885199546814
all-measurements = [ 84.95096373558044, 84.95181131362915, 84.59068608283997,]
