best-result = 982.7080459594727
warmup-time = 1018.4143748283386
all-measurements = [ 985.331470489502, 982.7080459594727, 986.7080545425415,]
