best-result = 82.16454696655273
warmup-time = 103.75932168960571
all-measurements = [ 82.16454696655273, 82.28775191307068, 82.49740672111511,]
