best-result = 69.55783724784851
warmup-time = 91.50659823417664
all-measurements = [ 69.55783724784851, 70.13505554199219, 70.2324640750885,]
