best-result = 90.68743109703064
warmup-time = 105.55233001708984
all-measurements = [ 91.1564872264862, 91.86880922317505, 90.68743109703064,]
