best-result = 63.290244340896606
warmup-time = 80.06461000442505
all-measurements = [ 63.659390926361084, 63.90944266319275, 63.290244340896606,]
