best-result = 208.71665573120117
warmup-time = 366.5581774711609
all-measurements = [ 210.21955752372742, 208.71665573120117, 210.01448917388916,]
