best-result = 428.78218817710876
warmup-time = 876.667603969574
all-measurements = [ 429.0565650463104, 428.78218817710876, 429.7679970264435,]
