best-result = 61.539246797561646
warmup-time = 78.80443501472473
all-measurements = [ 62.02711534500122, 61.539246797561646, 62.27212333679199,]
