best-result = 39.09306502342224
warmup-time = 47.59608554840088
all-measurements = [ 39.09306502342224, 39.237502098083496, 40.40449333190918,]
