best-result = 139.1203260421753
warmup-time = 170.23718547821045
all-measurements = [ 139.91239190101624, 139.82599925994873, 139.1203260421753,]
