best-result = 902.2704038619995
warmup-time = 936.9622783660889
all-measurements = [ 902.2704038619995, 906.0377612113953, 905.8164510726929,]
