best-result = 27.58371615409851
warmup-time = 37.053083181381226
all-measurements = [ 27.63295578956604, 27.58371615409851, 27.611682176589966,]
