best-result = 58.30302906036377
warmup-time = 67.83014106750488
all-measurements = [ 58.569156646728516, 58.30302906036377, 58.785502910614014,]
