best-result = 58.74440312385559
warmup-time = 72.91915369033813
all-measurements = [ 58.74440312385559, 59.768168210983276, 59.293583154678345,]
