best-result = 110.14004421234131
warmup-time = 139.84393072128296
all-measurements = [ 110.94383883476257, 110.14004421234131, 110.6402018070221,]
