best-result = 781.3015382289886
warmup-time = 854.5447266101837
all-measurements = [ 786.8017857074738, 785.2662034034729, 781.3015382289886,]
