best-result = 33.33114790916443
warmup-time = 43.03494143486023
all-measurements = [ 33.86406087875366, 34.33763575553894, 33.33114790916443,]
