best-result = 55.06462025642395
warmup-time = 71.06527280807495
all-measurements = [ 55.09078073501587, 55.06462025642395, 55.23608756065369,]
