best-result = 1250.4105377197266
warmup-time = 1457.4735403060913
all-measurements = [ 1988.639272928238, 1250.4105377197266, 1853.0693473815918,]
