best-result = 49.0046329498291
warmup-time = 72.76022529602051
all-measurements = [ 49.27787232398987, 49.557053565979004, 49.0046329498291,]
