best-result = 77.73494553565979
warmup-time = 97.91157603263855
all-measurements = [ 78.64605712890625, 78.99587893486023, 77.73494553565979,]
