best-result = 36.3503782749176
warmup-time = 45.33502149581909
all-measurements = [ 36.3503782749176, 37.54090237617493, 36.83192801475525,]
