best-result = 346.92013573646545
warmup-time = 496.1207060813904
all-measurements = [ 346.92013573646545, 352.4631378650665, 353.6225748062134,]
