best-result = 59.413164138793945
warmup-time = 59.188907861709595
all-measurements = [ 59.52515625953674, 59.413164138793945, 59.53791856765747,]
