best-result = 22.50886034965515
warmup-time = 22.863626718521118
all-measurements = [ 22.50886034965515, 22.57031273841858, 22.9102566242218,]
