best-result = 46.587244510650635
warmup-time = 63.504679679870605
all-measurements = [ 47.15965414047241, 47.17163634300232, 46.587244510650635,]
