best-result = 46.04651618003845
warmup-time = 58.648027181625366
all-measurements = [ 46.04651618003845, 46.15298581123352, 46.13884663581848,]
