best-result = 918.6406805515289
warmup-time = 1132.4480020999908
all-measurements = [ 936.8778817653656, 918.6406805515289, 940.5535600185394,]
