best-result = 84.6983733177185
warmup-time = 100.21250557899475
all-measurements = [ 85.50226354598999, 84.6983733177185, 84.72572922706604,]
