best-result = 983.2086079120636
warmup-time = 1007.1985411643982
all-measurements = [ 986.7284669876099, 987.4097545146942, 983.2086079120636,]
