best-result = 81.73567008972168
warmup-time = 103.85630893707275
all-measurements = [ 82.19125890731812, 81.73567008972168, 82.75444555282593,]
