best-result = 69.52172780036926
warmup-time = 93.86334609985352
all-measurements = [ 70.16143822669983, 69.52172780036926, 69.54490852355957,]
