best-result = 90.41066431999207
warmup-time = 104.56995749473572
all-measurements = [ 90.5742118358612, 91.11211848258972, 90.41066431999207,]
