best-result = 62.7358512878418
warmup-time = 76.72882032394409
all-measurements = [ 63.79594159126282, 62.7358512878418, 64.43793439865112,]
