best-result = 206.79393792152405
warmup-time = 367.3372905254364
all-measurements = [ 206.79393792152405, 207.0123167037964, 207.35614466667175,]
