best-result = 427.29597902297974
warmup-time = 870.4588639736176
all-measurements = [ 427.29597902297974, 432.78897738456726, 431.5472800731659,]
