best-result = 61.125542879104614
warmup-time = 80.41597890853882
all-measurements = [ 62.30500245094299, 62.24753665924072, 61.125542879104614,]
