best-result = 39.35098361968994
warmup-time = 48.30001664161682
all-measurements = [ 40.21583104133606, 39.35098361968994, 40.13603496551514,]
