best-result = 139.32044076919556
warmup-time = 165.11725425720215
all-measurements = [ 139.73395538330078, 140.26824378967285, 139.32044076919556,]
