best-result = 903.0710663795471
warmup-time = 931.3222155570984
all-measurements = [ 907.3317503929138, 905.4744100570679, 903.0710663795471,]
