best-result = 27.268047094345093
warmup-time = 36.32574796676636
all-measurements = [ 27.54806089401245, 27.792944192886353, 27.268047094345093,]
