best-result = 58.9739089012146
warmup-time = 72.0645923614502
all-measurements = [ 58.9739089012146, 59.37358021736145, 59.227686643600464,]
