best-result = 59.25889277458191
warmup-time = 73.33178520202637
all-measurements = [ 59.43350052833557, 59.558858156204224, 59.25889277458191,]
