best-result = 110.54842877388
warmup-time = 137.2696897983551
all-measurements = [ 110.54842877388, 110.90904521942139, 110.76078462600708,]
