best-result = 785.2780258655548
warmup-time = 856.6029059886932
all-measurements = [ 785.2780258655548, 790.145073890686, 790.7218449115753,]
