best-result = 33.13051748275757
warmup-time = 43.105544567108154
all-measurements = [ 33.87113618850708, 33.13051748275757, 33.332274198532104,]
