best-result = 54.635629415512085
warmup-time = 70.69863963127136
all-measurements = [ 54.635629415512085, 55.30674195289612, 55.176778078079224,]
