best-result = 1398.086547613144
warmup-time = 2234.3417756557465
all-measurements = [ 1418.9742419719696, 1398.086547613144, 1443.1001632213593,]
