best-result = 49.296154260635376
warmup-time = 70.58068704605103
all-measurements = [ 49.296154260635376, 49.486146211624146, 49.65232586860657,]
