best-result = 78.20983409881592
warmup-time = 96.2264051437378
all-measurements = [ 78.66272926330566, 78.37724661827087, 78.20983409881592,]
