best-result = 37.05962085723877
warmup-time = 46.633140563964844
all-measurements = [ 37.083961486816406, 37.05962085723877, 37.328919410705566,]
