best-result = 341.59115052223206
warmup-time = 489.91866850852966
all-measurements = [ 344.4112961292267, 348.8521292209625, 341.59115052223206,]
