best-result = 58.646137952804565
warmup-time = 58.59214115142822
all-measurements = [ 58.895100831985474, 59.358691692352295, 58.646137952804565,]
