best-result = 22.673407077789307
warmup-time = 22.300469160079956
all-measurements = [ 23.44185471534729, 22.769622802734375, 22.673407077789307,]
