best-result = 46.60207271575928
warmup-time = 64.37265396118164
all-measurements = [ 46.72303247451782, 46.60207271575928, 46.74902868270874,]
