best-result = 46.17736864089966
warmup-time = 58.460537910461426
all-measurements = [ 46.25559449195862, 46.17736864089966, 46.40409851074219,]
