best-result = 928.8198039531708
warmup-time = 1143.4066615104675
all-measurements = [ 932.555052280426, 939.418746471405, 928.8198039531708,]
