best-result = 84.26836800575256
warmup-time = 99.9226086139679
all-measurements = [ 85.23149228096008, 84.26836800575256, 85.41511297225952,]
