best-result = 82.09736633300781
warmup-time = 102.6199243068695
all-measurements = [ 82.32923483848572, 82.09736633300781, 82.43446898460388,]
