best-result = 70.2124228477478
warmup-time = 92.4740571975708
all-measurements = [ 71.19928431510925, 70.41528081893921, 70.2124228477478,]
