best-result = 90.86218500137329
warmup-time = 105.63274097442627
all-measurements = [ 91.6080756187439, 90.86218500137329, 91.60590243339539,]
