best-result = 639.9831669330597
warmup-time = 656.7737338542938
all-measurements = [ 640.5749001502991, 639.9831669330597, 648.2467098236084,]
