best-result = 63.19698929786682
warmup-time = 78.54918766021729
all-measurements = [ 64.12673807144165, 63.57220196723938, 63.19698929786682,]
