best-result = 212.5205647945404
warmup-time = 362.8140995502472
all-measurements = [ 212.5205647945404, 215.2746729850769, 214.13793468475342,]
