best-result = 435.08905148506165
warmup-time = 874.3661222457886
all-measurements = [ 441.6789035797119, 435.08905148506165, 436.6228885650635,]
