best-result = 61.81928730010986
warmup-time = 79.27679634094238
all-measurements = [ 62.15877628326416, 61.81928730010986, 62.15910625457764,]
