best-result = 140.5727825164795
warmup-time = 171.45031833648682
all-measurements = [ 140.5727825164795, 141.2472050189972, 140.96938586235046,]
