best-result = 881.2559044361115
warmup-time = 928.0223693847656
all-measurements = [ 884.268143415451, 881.2559044361115, 888.0707077980042,]
