best-result = 27.28909683227539
warmup-time = 35.00398564338684
all-measurements = [ 27.61973547935486, 27.28909683227539, 27.645666360855103,]
