best-result = 58.17090678215027
warmup-time = 71.94065046310425
all-measurements = [ 58.93989109992981, 58.17090678215027, 58.50478005409241,]
