best-result = 59.832082748413086
warmup-time = 73.50980854034424
all-measurements = [ 59.832082748413086, 59.85222935676575, 74.89393830299377,]
