best-result = 109.46951794624329
warmup-time = 148.44122886657715
all-measurements = [ 111.09123945236206, 110.77743124961853, 109.46951794624329,]
