best-result = 785.9897887706757
warmup-time = 849.4649686813354
all-measurements = [ 785.9897887706757, 790.1046659946442, 786.6603775024414,]
