best-result = 33.63557291030884
warmup-time = 41.799712896347046
all-measurements = [ 33.690041303634644, 33.63557291030884, 33.77233624458313,]
