best-result = 55.20906710624695
warmup-time = 71.25593328475952
all-measurements = [ 55.277918577194214, 55.42342019081116, 55.20906710624695,]
