best-result = 2190.699235677719
warmup-time = 3650.5836029052734
all-measurements = [ 2190.699235677719, 3506.1913189888, 2657.421651363373,]
