best-result = 49.493828773498535
warmup-time = 71.2191572189331
all-measurements = [ 49.493828773498535, 49.754374980926514, 49.68806457519531,]
