best-result = 78.35970783233643
warmup-time = 98.7320761680603
all-measurements = [ 78.91835808753967, 78.35970783233643, 78.54033756256104,]
