best-result = 36.802405834198
warmup-time = 45.83073949813843
all-measurements = [ 36.87178039550781, 37.25678896903992, 36.802405834198,]
