best-result = 352.644255399704
warmup-time = 484.1110394001007
all-measurements = [ 355.1772849559784, 352.644255399704, 357.89003324508667,]
