best-result = 59.000752687454224
warmup-time = 59.490217447280884
all-measurements = [ 60.097501039505005, 59.56429886817932, 59.000752687454224,]
