best-result = 25.56279993057251
warmup-time = 25.69699239730835
all-measurements = [ 25.68639326095581, 25.571359872817993, 25.56279993057251,]
memory-traffic = 867
