best-result = 34.79480814933777
warmup-time = 35.23451328277588
all-measurements = [ 38.56008958816528, 34.79480814933777, 35.6709303855896,]
memory-traffic = 1172
