best-result = 32.16047501564026
warmup-time = 34.99038481712341
all-measurements = [ 33.81814503669739, 33.14264941215515, 32.16047501564026,]
memory-traffic = 969
