best-result = 264.6764793395996
warmup-time = 268.88670587539673
all-measurements = [ 266.62381052970886, 266.068608045578, 264.6764793395996,]
memory-traffic = 15239
