best-result = 36.776082038879395
warmup-time = 39.574519872665405
all-measurements = [ 36.92617321014404, 37.31345295906067, 36.776082038879395,]
memory-traffic = 941
