best-result = 41.56644129753113
warmup-time = 43.55049276351929
all-measurements = [ 41.78064584732056, 41.56644129753113, 42.62985134124756,]
memory-traffic = 1516
