best-result = 49.53680634498596
warmup-time = 52.857309103012085
all-measurements = [ 49.53680634498596, 51.60931420326233, 50.5008282661438,]
memory-traffic = 2264
