best-result = 34.208497047424316
warmup-time = 38.60877871513367
all-measurements = [ 35.169373750686646, 34.208497047424316, 34.58773684501648,]
memory-traffic = 1013
