best-result = 37.80363440513611
warmup-time = 40.827215909957886
all-measurements = [ 38.81241583824158, 37.80363440513611, 38.43100666999817,]
memory-traffic = 1245
