best-result = 62.70251393318176
warmup-time = 65.83028364181519
all-measurements = [ 62.70251393318176, 64.52828192710876, 65.32730603218079,]
memory-traffic = 2494
