best-result = 226.5807821750641
warmup-time = 231.75154614448547
all-measurements = [ 229.69519114494324, 227.34107279777527, 226.5807821750641,]
memory-traffic = 11842
