best-result = 522.8181736469269
warmup-time = 530.5772113800049
all-measurements = [ 529.4663753509521, 524.1574034690857, 522.8181736469269,]
memory-traffic = 35171
