best-result = 36.82308483123779
warmup-time = 39.25385808944702
all-measurements = [ 37.48590898513794, 36.82308483123779, 37.197160959243774,]
memory-traffic = 1209
