best-result = 62.283289432525635
warmup-time = 66.60456848144531
all-measurements = [ 62.896085262298584, 64.6523323059082, 62.283289432525635,]
memory-traffic = 2945
