best-result = 28.22296166419983
warmup-time = 31.03569793701172
all-measurements = [ 28.694313764572144, 28.949286222457886, 28.22296166419983,]
memory-traffic = 599
