best-result = 36.2553448677063
warmup-time = 38.38952970504761
all-measurements = [ 36.50093388557434, 36.2632372379303, 36.2553448677063,]
memory-traffic = 861
