best-result = 33.982282400131226
warmup-time = 37.26220655441284
all-measurements = [ 33.982282400131226, 34.60585308074951, 34.33839154243469,]
memory-traffic = 1031
