best-result = 44.087316036224365
warmup-time = 46.164355754852295
all-measurements = [ 44.99766182899475, 44.93140482902527, 44.087316036224365,]
memory-traffic = 1797
