best-result = 96.73434853553772
warmup-time = 100.1707067489624
all-measurements = [ 98.05487608909607, 96.73434853553772, 97.6106607913971,]
memory-traffic = 5276
