best-result = 27.292861223220825
warmup-time = 29.874908924102783
all-measurements = [ 27.95593285560608, 27.292861223220825, 29.79066753387451,]
memory-traffic = 595
