best-result = 32.80068016052246
warmup-time = 36.81607246398926
all-measurements = [ 34.2482328414917, 32.80068016052246, 33.728023290634155,]
memory-traffic = 1006
