best-result = 88.90846467018127
warmup-time = 99.77659869194031
all-measurements = [ 91.66982412338257, 89.05538654327393, 88.90846467018127,]
memory-traffic = 6984
