best-result = 39.438950061798096
warmup-time = 43.52435851097107
all-measurements = [ 40.517204999923706, 39.438950061798096, 41.17262840270996,]
memory-traffic = 1354
