best-result = 45.94104027748108
warmup-time = 46.36661887168884
all-measurements = [ 45.94104027748108, 45.957895040512085, 46.1380558013916,]
memory-traffic = 1499
