best-result = 27.765782594680786
warmup-time = 29.347050428390503
all-measurements = [ 29.282474279403687, 28.374234199523926, 27.765782594680786,]
memory-traffic = 624
