best-result = 686.9001519680023
warmup-time = 727.0171463489532
all-measurements = [ 689.864697933197, 688.7574136257172, 686.9001519680023,]
