best-result = 174.701162815094
warmup-time = 179.46777844429016
all-measurements = [ 174.701162815094, 175.66260933876038, 176.73122143745422,]
memory-traffic = 10967
