best-result = 43.3188841342926
warmup-time = 46.407633781433105
all-measurements = [ 43.94217777252197, 43.3188841342926, 43.95328211784363,]
memory-traffic = 1711
