best-result = 25.399070739746094
warmup-time = 25.595170974731445
all-measurements = [ 25.43872857093811, 25.595017433166504, 25.399070739746094,]
