best-result = 34.54274535179138
warmup-time = 37.95936918258667
all-measurements = [ 34.54274535179138, 37.87192153930664, 35.62756848335266,]
