best-result = 31.226213932037354
warmup-time = 32.00538945198059
all-measurements = [ 31.226213932037354, 32.502506732940674, 32.033923864364624,]
