best-result = 274.1043403148651
warmup-time = 276.1862518787384
all-measurements = [ 274.1043403148651, 275.62974405288696, 274.57949233055115,]
