best-result = 35.47994375228882
warmup-time = 36.46000075340271
all-measurements = [ 35.754597187042236, 36.142202854156494, 35.47994375228882,]
