best-result = 40.55589580535889
warmup-time = 41.70764398574829
all-measurements = [ 41.74750256538391, 41.07993817329407, 40.55589580535889,]
