best-result = 50.7905068397522
warmup-time = 50.932271003723145
all-measurements = [ 50.7905068397522, 51.33356285095215, 52.24226784706116,]
