best-result = 34.101802349090576
warmup-time = 34.559399127960205
all-measurements = [ 34.28013467788696, 34.26154899597168, 34.101802349090576,]
