best-result = 36.9095356464386
warmup-time = 37.53752326965332
all-measurements = [ 37.484397888183594, 36.928693532943726, 36.9095356464386,]
