best-result = 57.574944496154785
warmup-time = 63.781309366226196
all-measurements = [ 58.38872003555298, 57.574944496154785, 59.279656171798706,]
