best-result = 243.29001808166504
warmup-time = 245.2904453277588
all-measurements = [ 243.86972546577454, 243.29001808166504, 243.56275272369385,]
