best-result = 548.6492238044739
warmup-time = 551.591685295105
all-measurements = [ 548.6492238044739, 549.9236314296722, 550.2598650455475,]
