best-result = 34.833898305892944
warmup-time = 35.692962884902954
all-measurements = [ 35.262436389923096, 34.833898305892944, 35.84766745567322,]
