best-result = 64.50182509422302
warmup-time = 65.67982578277588
all-measurements = [ 64.50182509422302, 65.97603464126587, 65.31642985343933,]
