best-result = 27.194862127304077
warmup-time = 28.281890630722046
all-measurements = [ 28.61575436592102, 28.61338973045349, 27.194862127304077,]
