best-result = 36.018367767333984
warmup-time = 33.54706025123596
all-measurements = [ 36.169357776641846, 36.421122312545776, 36.018367767333984,]
