best-result = 32.353230237960815
warmup-time = 33.37317180633545
all-measurements = [ 32.71821069717407, 32.353230237960815, 33.42786145210266,]
