best-result = 43.16131949424744
warmup-time = 42.83278155326843
all-measurements = [ 43.16131949424744, 43.885690212249756, 43.77323246002197,]
