best-result = 101.50110220909119
warmup-time = 98.45159721374512
all-measurements = [ 101.50110220909119, 101.54080033302307, 101.58484101295471,]
