best-result = 26.860082149505615
warmup-time = 27.69490146636963
all-measurements = [ 26.860082149505615, 27.91480851173401, 28.500511407852173,]
