best-result = 32.74109983444214
warmup-time = 34.62126922607422
all-measurements = [ 32.74109983444214, 34.88878321647644, 33.77346920967102,]
