best-result = 38.67875337600708
warmup-time = 38.29342031478882
all-measurements = [ 38.84635829925537, 38.67875337600708, 39.9551842212677,]
