best-result = 42.53374886512756
warmup-time = 47.018476724624634
all-measurements = [ 44.62626123428345, 44.98047423362732, 42.53374886512756,]
