best-result = 26.707500457763672
warmup-time = 27.290725469589233
all-measurements = [ 28.019870281219482, 28.22465443611145, 26.707500457763672,]
