best-result = 698.0992248058319
warmup-time = 738.4768354892731
all-measurements = [ 713.0369505882263, 725.3799841403961, 698.0992248058319,]
