best-result = 180.14259481430054
warmup-time = 184.29860019683838
all-measurements = [ 182.5928566455841, 180.14259481430054, 183.3671452999115,]
