best-result = 44.14779877662659
warmup-time = 42.423184633255005
all-measurements = [ 44.912065744400024, 44.695048093795776, 44.14779877662659,]
