best-result = 21.81952953338623
warmup-time = 22.39493227005005
all-measurements = [ 21.9376802444458, 21.983893394470215, 21.81952953338623,]
