best-result = 46.843257904052734
warmup-time = 66.23086667060852
all-measurements = [ 48.09336256980896, 46.843257904052734, 47.29141426086426,]
