best-result = 46.62400984764099
warmup-time = 61.2125346660614
all-measurements = [ 47.376033544540405, 46.62400984764099, 46.957096338272095,]
