best-result = 990.9922819137573
warmup-time = 1202.9850385189056
all-measurements = [ 1013.7001264095306, 990.9922819137573, 1000.6384992599487,]
