best-result = 82.76164603233337
warmup-time = 96.58272194862366
all-measurements = [ 82.76164603233337, 83.20925736427307, 82.81186771392822,]
