best-result = 78.95277094841003
warmup-time = 102.45654201507568
all-measurements = [ 79.84671258926392, 80.70711541175842, 78.95277094841003,]
