best-result = 68.99360537528992
warmup-time = 93.93199110031128
all-measurements = [ 70.52286005020142, 68.99360537528992, 69.060063123703,]
