best-result = 84.57668590545654
warmup-time = 99.67338228225708
all-measurements = [ 85.13928866386414, 84.57668590545654, 86.48328185081482,]
