best-result = 600.422691822052
warmup-time = 618.421882390976
all-measurements = [ 601.5846993923187, 600.600861787796, 600.422691822052,]
