best-result = 62.91068625450134
warmup-time = 80.48784136772156
all-measurements = [ 62.91068625450134, 63.37752437591553, 63.38433766365051,]
