best-result = 234.62637209892273
warmup-time = 436.49665880203247
all-measurements = [ 237.41030859947205, 235.7894148826599, 234.62637209892273,]
