best-result = 444.0362718105316
warmup-time = 967.6127247810364
all-measurements = [ 446.79276180267334, 444.8632011413574, 444.0362718105316,]
