best-result = 59.97109246253967
warmup-time = 78.566725730896
all-measurements = [ 60.30229377746582, 59.97109246253967, 60.490450382232666,]
