best-result = 880.1746668815613
warmup-time = 924.1718730926514
all-measurements = [ 880.1746668815613, 880.4692595005035, 884.5911335945129,]
