best-result = 27.210526704788208
warmup-time = 36.51543164253235
all-measurements = [ 27.210526704788208, 27.520970582962036, 28.043216705322266,]
