best-result = 59.83948564529419
warmup-time = 74.52036094665527
all-measurements = [ 59.83948564529419, 59.913262367248535, 60.43188500404358,]
