best-result = 55.77577233314514
warmup-time = 71.2134792804718
all-measurements = [ 55.77577233314514, 57.16271996498108, 56.23980379104614,]
