best-result = 109.49997282028198
warmup-time = 141.73665285110474
all-measurements = [ 110.16336369514465, 112.23833918571472, 109.49997282028198,]
