best-result = 778.781730890274
warmup-time = 858.1768982410431
all-measurements = [ 778.781730890274, 781.3421218395233, 779.5738666057587,]
