best-result = 33.71217465400696
warmup-time = 42.37072467803955
all-measurements = [ 33.86990475654602, 34.323586225509644, 33.71217465400696,]
