best-result = 53.01353406906128
warmup-time = 70.80573034286499
all-measurements = [ 53.57565689086914, 53.01353406906128, 53.868672370910645,]
