best-result = 49.761250495910645
warmup-time = 71.8442645072937
all-measurements = [ 51.14334678649902, 50.50058317184448, 49.761250495910645,]
