best-result = 79.69759440422058
warmup-time = 100.34284734725952
all-measurements = [ 80.38426899909973, 79.75828075408936, 79.69759440422058,]
