best-result = 35.3768367767334
warmup-time = 46.57654547691345
all-measurements = [ 36.04041624069214, 35.841657876968384, 35.3768367767334,]
