best-result = 352.8344614505768
warmup-time = 501.3327372074127
all-measurements = [ 352.8344614505768, 367.4253695011139, 355.5035126209259,]
