best-result = 103.63556361198425
warmup-time = 105.11646485328674
all-measurements = [ 103.83528590202332, 104.59665179252625, 103.63556361198425,]
