best-result = 22.56926989555359
warmup-time = 22.86299419403076
all-measurements = [ 22.56926989555359, 22.816531658172607, 22.796319007873535,]
