best-result = 46.624961614608765
warmup-time = 64.7299256324768
all-measurements = [ 46.93975877761841, 46.624961614608765, 46.808921575546265,]
