best-result = 46.40869903564453
warmup-time = 59.148584842681885
all-measurements = [ 46.40869903564453, 46.55387830734253, 46.8986279964447,]
