best-result = 917.9849076271057
warmup-time = 1149.3665971755981
all-measurements = [ 917.9849076271057, 924.0238387584686, 924.1697466373444,]
