best-result = 85.23772978782654
warmup-time = 99.55181789398193
all-measurements = [ 85.23772978782654, 86.59676909446716, 85.60306859016418,]
