best-result = 980.685308933258
warmup-time = 1010.0144124031067
all-measurements = [ 988.6021931171417, 980.685308933258, 982.1048424243927,]
