best-result = 82.84932947158813
warmup-time = 105.08356618881226
all-measurements = [ 84.21532988548279, 83.37399220466614, 82.84932947158813,]
