best-result = 68.14060950279236
warmup-time = 88.20692849159241
all-measurements = [ 68.65180659294128, 68.14060950279236, 68.33441662788391,]
