best-result = 91.16224646568298
warmup-time = 106.0216498374939
all-measurements = [ 91.87587666511536, 91.16224646568298, 91.27037239074707,]
