best-result = 650.34712266922
warmup-time = 666.0963206291199
all-measurements = [ 650.34712266922, 656.8533792495728, 655.182977437973,]
