best-result = 63.538955211639404
warmup-time = 80.51133394241333
all-measurements = [ 63.84551692008972, 63.538955211639404, 63.67336821556091,]
