best-result = 209.64024710655212
warmup-time = 365.7891011238098
all-measurements = [ 209.64024710655212, 210.43813014030457, 212.18106627464294,]
