best-result = 429.47447872161865
warmup-time = 887.9618163108826
all-measurements = [ 429.47447872161865, 430.57747197151184, 431.8242619037628,]
