best-result = 62.2009072303772
warmup-time = 79.4787666797638
all-measurements = [ 63.040905237197876, 62.2009072303772, 62.22680687904358,]
