best-result = 39.71055364608765
warmup-time = 47.779287338256836
all-measurements = [ 40.17083787918091, 39.71055364608765, 39.75170350074768,]
