best-result = 138.5176932811737
warmup-time = 166.10322737693787
all-measurements = [ 138.76748037338257, 138.5176932811737, 138.9146146774292,]
