best-result = 912.4838104248047
warmup-time = 936.198390007019
all-measurements = [ 936.9692184925079, 915.6529290676117, 912.4838104248047,]
