best-result = 27.315410614013672
warmup-time = 36.493844747543335
all-measurements = [ 27.315410614013672, 27.659234762191772, 27.441325902938843,]
