best-result = 57.2028431892395
warmup-time = 71.98686838150024
all-measurements = [ 57.943087100982666, 57.2028431892395, 57.74448108673096,]
