best-result = 59.203349351882935
warmup-time = 74.10118269920349
all-measurements = [ 59.50845718383789, 59.203349351882935, 59.2391471862793,]
