best-result = 111.3545434474945
warmup-time = 140.48911547660828
all-measurements = [ 111.59192776679993, 111.3545434474945, 111.58823823928833,]
