best-result = 787.2047486305237
warmup-time = 859.0938103199005
all-measurements = [ 793.6698098182678, 791.3784165382385, 787.2047486305237,]
