best-result = 33.49534487724304
warmup-time = 42.794167041778564
all-measurements = [ 34.04636573791504, 33.49534487724304, 34.94952845573425,]
