best-result = 55.189982414245605
warmup-time = 71.083012342453
all-measurements = [ 55.947295904159546, 55.189982414245605, 55.652015924453735,]
