best-result = 1279.6470611095428
warmup-time = 2221.3891451358795
all-measurements = [ 1908.4368078708649, 1279.6470611095428, 1869.7037229537964,]
