best-result = 48.72304153442383
warmup-time = 69.95821762084961
all-measurements = [ 48.84857225418091, 48.966570138931274, 48.72304153442383,]
