best-result = 77.45338606834412
warmup-time = 99.02789950370789
all-measurements = [ 77.5339002609253, 77.45338606834412, 77.4796187877655,]
