best-result = 36.758840560913086
warmup-time = 46.69638991355896
all-measurements = [ 36.79040002822876, 36.758840560913086, 37.28390049934387,]
