best-result = 353.43183064460754
warmup-time = 497.30059242248535
all-measurements = [ 353.43183064460754, 357.5494782924652, 357.90673875808716,]
