best-result = 58.562511920928955
warmup-time = 58.97408151626587
all-measurements = [ 58.562511920928955, 58.737326860427856, 59.18121695518494,]
