best-result = 23.312212467193604
warmup-time = 23.812272787094116
all-measurements = [ 23.546010971069336, 23.312212467193604, 23.453373670578003,]
