best-result = 46.849689960479736
warmup-time = 66.88262128829956
all-measurements = [ 47.02055048942566, 47.945494651794434, 46.849689960479736,]
