best-result = 46.89085626602173
warmup-time = 58.96812844276428
all-measurements = [ 46.89085626602173, 47.340601682662964, 47.23650050163269,]
