best-result = 896.4685280323029
warmup-time = 1121.263043165207
all-measurements = [ 896.4685280323029, 899.2688903808594, 925.4739673137665,]
