best-result = 85.52593541145325
warmup-time = 102.1385395526886
all-measurements = [ 86.0925760269165, 85.85922503471375, 85.52593541145325,]
