best-result = 988.0391590595245
warmup-time = 1021.0719966888428
all-measurements = [ 988.5681049823761, 996.5784471035004, 988.0391590595245,]
