best-result = 83.96826696395874
warmup-time = 105.8867552280426
all-measurements = [ 83.96826696395874, 85.07489728927612, 84.57736372947693,]
