best-result = 68.41860342025757
warmup-time = 88.4686815738678
all-measurements = [ 68.41860342025757, 68.59144496917725, 68.52518153190613,]
