best-result = 92.52606344223022
warmup-time = 106.74056887626648
all-measurements = [ 92.59069395065308, 92.52606344223022, 93.34154319763184,]
