best-result = 647.7344601154327
warmup-time = 661.9441754817963
all-measurements = [ 647.7344601154327, 650.2889828681946, 647.9497838020325,]
