best-result = 62.379348278045654
warmup-time = 77.06542301177979
all-measurements = [ 62.484673738479614, 62.379348278045654, 63.07464337348938,]
