best-result = 205.51216626167297
warmup-time = 357.03663539886475
all-measurements = [ 206.8297028541565, 205.51216626167297, 205.9604926109314,]
