best-result = 387.990793466568
warmup-time = 827.2116374969482
all-measurements = [ 387.990793466568, 388.61768794059753, 388.4361689090729,]
