best-result = 62.97152590751648
warmup-time = 78.03524494171143
all-measurements = [ 62.97152590751648, 63.33535647392273, 63.283743143081665,]
