best-result = 40.253803968429565
warmup-time = 48.7858247756958
all-measurements = [ 40.90245056152344, 41.22229266166687, 40.253803968429565,]
