best-result = 134.74030470848083
warmup-time = 174.34608936309814
all-measurements = [ 158.23948216438293, 135.16175484657288, 134.74030470848083,]
