best-result = 921.6858358383179
warmup-time = 957.9428882598877
all-measurements = [ 927.2627401351929, 921.6858358383179, 923.5005860328674,]
