best-result = 28.197616815567017
warmup-time = 37.43203830718994
all-measurements = [ 28.197616815567017, 28.334171056747437, 28.391632556915283,]
