best-result = 57.499067544937134
warmup-time = 69.95389413833618
all-measurements = [ 58.38302946090698, 57.499067544937134, 58.3600754737854,]
