best-result = 61.03650689125061
warmup-time = 76.79169273376465
all-measurements = [ 61.03650689125061, 61.13178205490112, 62.11627697944641,]
