best-result = 110.28360724449158
warmup-time = 138.6816804409027
all-measurements = [ 110.32155966758728, 110.28360724449158, 110.49358677864075,]
