best-result = 775.4109125137329
warmup-time = 848.5897319316864
all-measurements = [ 847.6348073482513, 775.4109125137329, 777.2024121284485,]
