best-result = 34.00589847564697
warmup-time = 43.81792974472046
all-measurements = [ 34.00589847564697, 34.696617603302, 34.77717590332031,]
