best-result = 55.87335133552551
warmup-time = 72.44383358955383
all-measurements = [ 55.87335133552551, 55.87764120101929, 56.4703574180603,]
