best-result = 1605.5154974460602
warmup-time = 1919.6217753887177
all-measurements = [ 1989.6626634597778, 1605.5154974460602, 2191.322653770447,]
