best-result = 48.50884175300598
warmup-time = 71.14860343933105
all-measurements = [ 48.50884175300598, 48.92603898048401, 49.54708504676819,]
