best-result = 82.00957751274109
warmup-time = 99.13801550865173
all-measurements = [ 82.04496788978577, 82.20207238197327, 82.00957751274109,]
