best-result = 38.22983193397522
warmup-time = 47.481462478637695
all-measurements = [ 38.22983193397522, 38.364327907562256, 38.4579119682312,]
