best-result = 327.69184470176697
warmup-time = 474.0495386123657
all-measurements = [ 335.5842123031616, 331.27257466316223, 327.69184470176697,]
