best-result = 59.185067892074585
warmup-time = 60.47934818267822
all-measurements = [ 59.53642272949219, 59.185067892074585, 59.50282335281372,]
