best-result = 23.072224378585815
warmup-time = 22.65909194946289
all-measurements = [ 23.33242130279541, 23.0945725440979, 23.072224378585815,]
