best-result = 46.786797285079956
warmup-time = 63.54950308799744
all-measurements = [ 46.786797285079956, 47.05305075645447, 46.8717622756958,]
