best-result = 46.283668756484985
warmup-time = 58.832669734954834
all-measurements = [ 46.283668756484985, 46.48030996322632, 46.47373414039612,]
