best-result = 919.9373958110809
warmup-time = 1140.088234424591
all-measurements = [ 919.9373958110809, 933.3554399013519, 924.0828199386597,]
