best-result = 85.22897267341614
warmup-time = 100.48164510726929
all-measurements = [ 85.42953753471375, 85.970046043396, 85.22897267341614,]
