best-result = 981.5758850574493
warmup-time = 1007.3876082897186
all-measurements = [ 981.5758850574493, 987.4080448150635, 987.3941588401794,]
