best-result = 82.26890206336975
warmup-time = 104.95801115036011
all-measurements = [ 82.26890206336975, 82.78975820541382, 83.38837575912476,]
