best-result = 68.0823106765747
warmup-time = 90.13254857063293
all-measurements = [ 69.6560926437378, 68.23669075965881, 68.0823106765747,]
