best-result = 91.07980632781982
warmup-time = 105.89967179298401
all-measurements = [ 91.56747364997864, 91.07980632781982, 91.33881831169128,]
