best-result = 647.8407311439514
warmup-time = 664.9584720134735
all-measurements = [ 647.8407311439514, 652.5448486804962, 651.7524869441986,]
