best-result = 62.995037317276
warmup-time = 80.09461212158203
all-measurements = [ 63.04920244216919, 62.995037317276, 63.53134036064148,]
