best-result = 206.6216230392456
warmup-time = 363.8174810409546
all-measurements = [ 207.80218720436096, 206.6216230392456, 207.61597204208374,]
