best-result = 424.8031008243561
warmup-time = 882.6458089351654
all-measurements = [ 424.8031008243561, 427.09386348724365, 427.6430940628052,]
