best-result = 62.04031205177307
warmup-time = 76.88938355445862
all-measurements = [ 62.04031205177307, 62.74729299545288, 62.49058294296265,]
