best-result = 39.266775608062744
warmup-time = 47.69907259941101
all-measurements = [ 39.266775608062744, 40.88505434989929, 39.725664377212524,]
