best-result = 138.14109182357788
warmup-time = 172.7717785835266
all-measurements = [ 138.19404292106628, 138.14109182357788, 138.89572381973267,]
