best-result = 911.1392483711243
warmup-time = 934.5419399738312
all-measurements = [ 937.8692474365234, 912.3290085792542, 911.1392483711243,]
