best-result = 27.51740598678589
warmup-time = 35.772557497024536
all-measurements = [ 27.51740598678589, 27.60950517654419, 28.439687967300415,]
