best-result = 58.00097608566284
warmup-time = 72.18617939949036
all-measurements = [ 58.00097608566284, 58.187735080718994, 58.030383348464966,]
