best-result = 59.097535133361816
warmup-time = 74.98405814170837
all-measurements = [ 59.67068362236023, 59.31692409515381, 59.097535133361816,]
