best-result = 110.75644874572754
warmup-time = 140.8141028881073
all-measurements = [ 111.20283555984497, 110.75644874572754, 111.30250144004822,]
