best-result = 783.3146188259125
warmup-time = 858.4786393642426
all-measurements = [ 786.305112361908, 783.3146188259125, 786.755040884018,]
