best-result = 33.93839192390442
warmup-time = 41.4781494140625
all-measurements = [ 34.24166488647461, 33.93839192390442, 34.05029487609863,]
