best-result = 55.23241090774536
warmup-time = 71.18014192581177
all-measurements = [ 55.77518916130066, 55.63708281517029, 55.23241090774536,]
