best-result = 1316.668095111847
warmup-time = 1821.5836045742035
all-measurements = [ 1316.668095111847, 1506.6605017185211, 2070.4212551116943,]
