best-result = 49.107258796691895
warmup-time = 70.69489645957947
all-measurements = [ 49.107258796691895, 49.20841717720032, 49.36427044868469,]
