best-result = 78.0669801235199
warmup-time = 98.30063271522522
all-measurements = [ 78.4139552116394, 78.0669801235199, 78.40401124954224,]
