best-result = 36.58790683746338
warmup-time = 47.43861794471741
all-measurements = [ 36.58790683746338, 36.75316047668457, 37.0034761428833,]
