best-result = 350.2276692390442
warmup-time = 500.7146828174591
all-measurements = [ 350.2276692390442, 354.1821868419647, 350.7626721858978,]
