best-result = 59.046773195266724
warmup-time = 59.368791818618774
all-measurements = [ 59.046773195266724, 59.57690668106079, 59.316035985946655,]
