best-result = 26.15315055847168
warmup-time = 26.232462882995605
all-measurements = [ 26.15315055847168, 26.716612339019775, 26.17866015434265,]
