best-result = 38.94734048843384
warmup-time = 41.31954097747803
all-measurements = [ 40.00860524177551, 38.94734048843384, 39.39551115036011,]
