best-result = 33.381046533584595
warmup-time = 33.21511435508728
all-measurements = [ 33.405904054641724, 33.381046533584595, 33.45876693725586,]
