best-result = 283.96816301345825
warmup-time = 288.0623745918274
all-measurements = [ 286.4854316711426, 284.5788474082947, 283.96816301345825,]
