best-result = 36.35573697090149
warmup-time = 38.80207371711731
all-measurements = [ 36.35573697090149, 37.148805379867554, 36.39266109466553,]
