best-result = 43.79048705101013
warmup-time = 44.772595167160034
all-measurements = [ 44.89153218269348, 45.82961654663086, 43.79048705101013,]
