best-result = 52.539013147354126
warmup-time = 51.92679452896118
all-measurements = [ 52.539013147354126, 52.69180870056152, 53.04171657562256,]
