best-result = 35.21558499336243
warmup-time = 36.7528235912323
all-measurements = [ 35.60556244850159, 35.21558499336243, 35.63522982597351,]
