best-result = 40.31050658226013
warmup-time = 41.847131967544556
all-measurements = [ 40.81549429893494, 40.31050658226013, 40.95883560180664,]
