best-result = 61.46890044212341
warmup-time = 65.09099102020264
all-measurements = [ 63.50918436050415, 64.06669569015503, 61.46890044212341,]
