best-result = 254.24418950080872
warmup-time = 260.9003839492798
all-measurements = [ 257.6048352718353, 259.7524583339691, 254.24418950080872,]
