best-result = 596.300856590271
warmup-time = 598.8528580665588
all-measurements = [ 598.8889365196228, 596.300856590271, 598.8645431995392,]
