best-result = 35.10373258590698
warmup-time = 38.243014097213745
all-measurements = [ 38.95895743370056, 35.10373258590698, 36.70235252380371,]
