best-result = 68.80166268348694
warmup-time = 70.51308751106262
all-measurements = [ 69.01264929771423, 68.80166268348694, 69.39940071105957,]
