best-result = 28.40054965019226
warmup-time = 29.285422325134277
all-measurements = [ 28.66623282432556, 28.40054965019226, 29.854628086090088,]
