best-result = 36.92863392829895
warmup-time = 34.42663502693176
all-measurements = [ 37.349037170410156, 37.88536286354065, 36.92863392829895,]
