best-result = 34.02113914489746
warmup-time = 36.10572266578674
all-measurements = [ 34.05269813537598, 35.22815823554993, 34.02113914489746,]
