best-result = 43.78350234031677
warmup-time = 44.30167865753174
all-measurements = [ 43.78350234031677, 45.907500982284546, 46.373677015304565,]
