best-result = 103.35379028320312
warmup-time = 105.97395849227905
all-measurements = [ 107.45990920066833, 103.35379028320312, 105.22583317756653,]
