best-result = 29.174885272979736
warmup-time = 28.446919202804565
all-measurements = [ 30.006438732147217, 30.419918298721313, 29.174885272979736,]
