best-result = 36.36826229095459
warmup-time = 35.09433674812317
all-measurements = [ 36.71838426589966, 36.36826229095459, 36.77313280105591,]
