best-result = 41.0872004032135
warmup-time = 42.56131625175476
all-measurements = [ 41.462921142578125, 41.38493871688843, 41.0872004032135,]
