best-result = 45.43710803985596
warmup-time = 45.688862800598145
all-measurements = [ 45.43710803985596, 45.97451329231262, 46.88299751281738,]
