best-result = 29.04513120651245
warmup-time = 29.869032621383667
all-measurements = [ 29.2612624168396, 29.508008241653442, 29.04513120651245,]
