best-result = 737.674350976944
warmup-time = 744.9314610958099
all-measurements = [ 737.674350976944, 739.210773229599, 739.0636084079742,]
