best-result = 195.35247135162354
warmup-time = 201.8460533618927
all-measurements = [ 198.9775037765503, 195.35247135162354, 197.52729964256287,]
