best-result = 44.54110860824585
warmup-time = 46.51461338996887
all-measurements = [ 44.54110860824585, 47.505316972732544, 44.74975609779358,]
