best-result = 25.611544609069824
warmup-time = 25.60830593109131
all-measurements = [ 25.762863636016846, 25.611544609069824, 25.883514165878296,]
