best-result = 36.55033731460571
warmup-time = 37.82878017425537
all-measurements = [ 37.67543029785156, 38.594685077667236, 36.55033731460571,]
