best-result = 31.2409245967865
warmup-time = 32.80891680717468
all-measurements = [ 31.94083571434021, 31.2409245967865, 32.6812219619751,]
