best-result = 262.3071393966675
warmup-time = 269.2816832065582
all-measurements = [ 262.3071393966675, 263.73487186431885, 263.6008892059326,]
