best-result = 35.961597204208374
warmup-time = 37.04720640182495
all-measurements = [ 36.634976863861084, 35.961597204208374, 36.72928428649902,]
