best-result = 41.46824336051941
warmup-time = 42.370309591293335
all-measurements = [ 41.568573236465454, 41.69169044494629, 41.46824336051941,]
