best-result = 50.40420961380005
warmup-time = 51.64144539833069
all-measurements = [ 50.40420961380005, 52.33275079727173, 50.831135511398315,]
