best-result = 34.11893892288208
warmup-time = 34.92798638343811
all-measurements = [ 34.31862688064575, 34.11893892288208, 35.6453423500061,]
