best-result = 38.20691967010498
warmup-time = 39.46659278869629
all-measurements = [ 38.20691967010498, 38.46579694747925, 38.2675199508667,]
