best-result = 62.974363565444946
warmup-time = 65.18260788917542
all-measurements = [ 62.974363565444946, 64.92734336853027, 64.12958359718323,]
