best-result = 226.86726188659668
warmup-time = 228.79337430000305
all-measurements = [ 227.42365193367004, 228.86354660987854, 226.86726188659668,]
