best-result = 523.6699297428131
warmup-time = 527.6982460021973
all-measurements = [ 538.5420942306519, 523.6699297428131, 524.1489582061768,]
