best-result = 34.3594012260437
warmup-time = 38.45771074295044
all-measurements = [ 36.35027289390564, 36.38708734512329, 34.3594012260437,]
