best-result = 64.16619896888733
warmup-time = 64.48940944671631
all-measurements = [ 66.6064031124115, 65.41093301773071, 64.16619896888733,]
