best-result = 27.357959508895874
warmup-time = 28.19743251800537
all-measurements = [ 28.319110870361328, 27.357959508895874, 28.569815397262573,]
