best-result = 33.66831350326538
warmup-time = 36.45050621032715
all-measurements = [ 36.40672016143799, 33.66831350326538, 34.269546031951904,]
