best-result = 32.775386095047
warmup-time = 33.621063232421875
all-measurements = [ 32.775386095047, 33.45566177368164, 33.19515872001648,]
