best-result = 43.27027440071106
warmup-time = 44.663224935531616
all-measurements = [ 43.27027440071106, 43.37181067466736, 44.61230707168579,]
