best-result = 97.73352479934692
warmup-time = 98.89067363739014
all-measurements = [ 97.73352479934692, 100.59560203552246, 98.70541548728943,]
