best-result = 27.99699640274048
warmup-time = 29.333385467529297
all-measurements = [ 27.99699640274048, 28.542199850082397, 28.663164615631104,]
