best-result = 34.773613691329956
warmup-time = 34.11988615989685
all-measurements = [ 35.134889125823975, 34.773613691329956, 34.81143140792847,]
