best-result = 88.78972363471985
warmup-time = 95.40720415115356
all-measurements = [ 92.48182845115662, 99.7159070968628, 88.78972363471985,]
