best-result = 40.33069086074829
warmup-time = 40.254634618759155
all-measurements = [ 40.33069086074829, 40.405314207077026, 40.505001068115234,]
