best-result = 42.55300188064575
warmup-time = 45.61239314079285
all-measurements = [ 43.84854555130005, 42.55300188064575, 45.01544809341431,]
