best-result = 28.452967643737793
warmup-time = 27.339255571365356
all-measurements = [ 28.65020227432251, 28.452967643737793, 29.222268104553223,]
