best-result = 687.964010477066
warmup-time = 713.5344922542572
all-measurements = [ 687.964010477066, 688.2445919513702, 688.3889961242676,]
