best-result = 173.82262873649597
warmup-time = 177.6170597076416
all-measurements = [ 175.25275087356567, 173.82262873649597, 173.97103714942932,]
