best-result = 43.57797932624817
warmup-time = 45.428685665130615
all-measurements = [ 44.03485584259033, 43.78072810173035, 43.57797932624817,]
