best-result = 23.196940422058105
warmup-time = 23.492005109786987
all-measurements = [ 23.53205370903015, 23.196940422058105, 23.421903133392334,]
