best-result = 46.78571939468384
warmup-time = 64.05134630203247
all-measurements = [ 47.35143518447876, 46.78571939468384, 47.64103436470032,]
