best-result = 47.45968675613403
warmup-time = 57.17790150642395
all-measurements = [ 47.45968675613403, 47.61587357521057, 47.70241117477417,]
