best-result = 901.6577885150909
warmup-time = 1088.2762365341187
all-measurements = [ 901.6719326972961, 901.6577885150909, 901.7724332809448,]
