best-result = 85.44869995117188
warmup-time = 99.14341449737549
all-measurements = [ 85.44869995117188, 86.29525470733643, 86.42101287841797,]
