best-result = 989.4259974956512
warmup-time = 1015.9580366611481
all-measurements = [ 990.88511967659, 989.4259974956512, 991.7316880226135,]
