best-result = 66.75401139259338
warmup-time = 80.08365869522095
all-measurements = [ 67.0287754535675, 66.83012962341309, 66.75401139259338,]
