best-result = 84.07007622718811
warmup-time = 103.49232721328735
all-measurements = [ 84.0985517501831, 84.65664172172546, 84.07007622718811,]
