best-result = 68.46657657623291
warmup-time = 89.47353672981262
all-measurements = [ 68.46657657623291, 69.12024784088135, 68.8321897983551,]
