best-result = 90.86189222335815
warmup-time = 105.8142831325531
all-measurements = [ 90.86189222335815, 91.17987203598022, 92.02320432662964,]
