best-result = 644.2608449459076
warmup-time = 657.597562789917
all-measurements = [ 644.9863512516022, 644.2608449459076, 645.5288243293762,]
