best-result = 62.81062173843384
warmup-time = 75.9491651058197
all-measurements = [ 63.28615188598633, 63.63657879829407, 62.81062173843384,]
