best-result = 192.57909226417542
warmup-time = 345.78153824806213
all-measurements = [ 192.57909226417542, 193.080060005188, 192.88064408302307,]
