best-result = 385.3460762500763
warmup-time = 835.3146352767944
all-measurements = [ 385.3460762500763, 385.9792697429657, 391.7695107460022,]
