best-result = 62.509466886520386
warmup-time = 78.53779077529907
all-measurements = [ 62.64964580535889, 62.509466886520386, 63.17483401298523,]
