best-result = 40.76906704902649
warmup-time = 49.069739818573
all-measurements = [ 40.931612491607666, 40.76906704902649, 41.25220012664795,]
