best-result = 135.2263307571411
warmup-time = 165.4006531238556
all-measurements = [ 135.29977536201477, 135.2263307571411, 136.08008694648743,]
