best-result = 925.9724044799805
warmup-time = 947.3373777866364
all-measurements = [ 935.9277443885803, 960.583952665329, 925.9724044799805,]
