best-result = 28.178457260131836
warmup-time = 37.16304349899292
all-measurements = [ 28.406736850738525, 28.178457260131836, 28.230911016464233,]
