best-result = 59.89152240753174
warmup-time = 73.48020672798157
all-measurements = [ 59.89152240753174, 60.60893225669861, 60.20986223220825,]
