best-result = 60.92463541030884
warmup-time = 75.32681274414062
all-measurements = [ 60.97468400001526, 60.92463541030884, 61.397358894348145,]
