best-result = 109.9656674861908
warmup-time = 137.1898169517517
all-measurements = [ 110.33669590950012, 109.9656674861908, 110.63697671890259,]
