best-result = 772.5163025856018
warmup-time = 839.4920761585236
all-measurements = [ 772.5163025856018, 772.9436848163605, 800.9927146434784,]
