best-result = 34.450711488723755
warmup-time = 42.56859064102173
all-measurements = [ 35.1147620677948, 34.450711488723755, 34.73970079421997,]
