best-result = 55.580398082733154
warmup-time = 71.34074211120605
all-measurements = [ 55.580398082733154, 56.59810447692871, 55.966227531433105,]
