best-result = 2209.85830283165
warmup-time = 2170.5964658260345
all-measurements = [ 2209.85830283165, 2628.9818375110626, 2551.720769882202,]
