best-result = 49.066275119781494
warmup-time = 68.90584802627563
all-measurements = [ 49.066275119781494, 50.76577115058899, 49.71901559829712,]
