best-result = 83.82411980628967
warmup-time = 99.70153450965881
all-measurements = [ 83.82411980628967, 84.10735368728638, 84.20161652565002,]
