best-result = 93.9301106929779
warmup-time = 115.96289849281311
all-measurements = [ 94.1712589263916, 94.82442831993103, 93.9301106929779,]
