best-result = 38.03402805328369
warmup-time = 47.591604471206665
all-measurements = [ 38.294981241226196, 38.03402805328369, 38.319066524505615,]
