best-result = 312.0006103515625
warmup-time = 448.70486545562744
all-measurements = [ 312.0006103515625, 312.80808115005493, 327.7494020462036,]
