best-result = 60.687588930130005
warmup-time = 61.641937017440796
all-measurements = [ 60.687588930130005, 61.121193647384644, 61.20144963264465,]
