best-result = 23.02686381340027
warmup-time = 23.240055799484253
all-measurements = [ 23.314920902252197, 23.452277660369873, 23.02686381340027,]
