best-result = 47.231717586517334
warmup-time = 64.3951346874237
all-measurements = [ 47.231717586517334, 47.64060997962952, 47.525803565979004,]
