best-result = 46.564775705337524
warmup-time = 58.02386283874512
all-measurements = [ 47.44289803504944, 46.76992607116699, 46.564775705337524,]
