best-result = 891.3946945667267
warmup-time = 1110.388132095337
all-measurements = [ 901.0997605323792, 891.3946945667267, 912.9755172729492,]
