best-result = 86.51032900810242
warmup-time = 101.30241227149963
all-measurements = [ 87.18632531166077, 86.51785778999329, 86.51032900810242,]
