best-result = 992.3219244480133
warmup-time = 1016.5477359294891
all-measurements = [ 992.3219244480133, 994.0688064098358, 992.7741694450378,]
