best-result = 84.14890766143799
warmup-time = 104.3784077167511
all-measurements = [ 84.14890766143799, 84.76595997810364, 84.39163303375244,]
