best-result = 68.34905409812927
warmup-time = 87.9325623512268
all-measurements = [ 68.40508365631104, 68.34905409812927, 68.9486813545227,]
