best-result = 92.0299961566925
warmup-time = 105.17875027656555
all-measurements = [ 92.63612532615662, 92.35194993019104, 92.0299961566925,]
