best-result = 650.1245293617249
warmup-time = 663.0098974704742
all-measurements = [ 650.1245293617249, 654.4192724227905, 653.0514965057373,]
