best-result = 63.1226372718811
warmup-time = 76.55656242370605
all-measurements = [ 63.37267541885376, 63.88782238960266, 63.1226372718811,]
