best-result = 204.3751027584076
warmup-time = 355.42087268829346
all-measurements = [ 204.3751027584076, 204.92931032180786, 205.2216145992279,]
