best-result = 383.3559787273407
warmup-time = 828.1529235839844
all-measurements = [ 383.3559787273407, 404.4319941997528, 386.49843764305115,]
