best-result = 63.30226182937622
warmup-time = 78.73205757141113
all-measurements = [ 63.389955043792725, 63.92748808860779, 63.30226182937622,]
