best-result = 41.40652513504028
warmup-time = 48.36388945579529
all-measurements = [ 41.44779682159424, 41.60236382484436, 41.40652513504028,]
