best-result = 135.75890851020813
warmup-time = 163.75620913505554
all-measurements = [ 135.8445143699646, 135.75890851020813, 136.16452169418335,]
