best-result = 932.3907172679901
warmup-time = 968.3726632595062
all-measurements = [ 937.0584149360657, 937.5786397457123, 932.3907172679901,]
