best-result = 28.17957639694214
warmup-time = 36.358864545822144
all-measurements = [ 28.17957639694214, 28.22625494003296, 28.320192098617554,]
