best-result = 57.74546456336975
warmup-time = 71.19922876358032
all-measurements = [ 58.027841329574585, 58.21331596374512, 57.74546456336975,]
