best-result = 60.6331148147583
warmup-time = 74.85264110565186
all-measurements = [ 60.870660066604614, 60.6331148147583, 61.64047384262085,]
