best-result = 110.20087361335754
warmup-time = 139.78368520736694
all-measurements = [ 110.84524393081665, 110.94784379005432, 110.20087361335754,]
