best-result = 777.1987245082855
warmup-time = 846.5168826580048
all-measurements = [ 778.4043357372284, 777.2970821857452, 777.1987245082855,]
