best-result = 34.21271848678589
warmup-time = 42.988587379455566
all-measurements = [ 34.753551721572876, 34.732070207595825, 34.21271848678589,]
