best-result = 55.816110134124756
warmup-time = 71.80036187171936
all-measurements = [ 56.81702160835266, 56.169798612594604, 55.816110134124756,]
