best-result = 1374.206707239151
warmup-time = 1499.6022849082947
all-measurements = [ 2179.00954580307, 1374.206707239151, 1924.5499818325043,]
