best-result = 48.996856451034546
warmup-time = 69.04699206352234
all-measurements = [ 48.996856451034546, 49.21623134613037, 49.124433517456055,]
