best-result = 83.0368001461029
warmup-time = 99.50700688362122
all-measurements = [ 83.70254135131836, 83.17866611480713, 83.0368001461029,]
