best-result = 38.08231282234192
warmup-time = 46.09826922416687
all-measurements = [ 38.19486689567566, 38.08231282234192, 38.416686058044434,]
