best-result = 327.1238889694214
warmup-time = 476.2080419063568
all-measurements = [ 327.1238889694214, 332.2014191150665, 333.57355642318726,]
