best-result = 59.43620538711548
warmup-time = 60.08716011047363
all-measurements = [ 59.956387758255005, 59.43620538711548, 59.47567701339722,]
