best-result = 22.696446895599365
warmup-time = 22.664252996444702
all-measurements = [ 22.79001259803772, 22.696446895599365, 22.781495809555054,]
