best-result = 46.48442268371582
warmup-time = 64.38442754745483
all-measurements = [ 46.74881386756897, 47.34374117851257, 46.48442268371582,]
