best-result = 46.33353281021118
warmup-time = 57.00933814048767
all-measurements = [ 46.36565399169922, 46.44164228439331, 46.33353281021118,]
