best-result = 942.7889709472656
warmup-time = 1130.8248326778412
all-measurements = [ 961.0498609542847, 962.7090444564819, 942.7889709472656,]
