best-result = 84.08733916282654
warmup-time = 100.01630401611328
all-measurements = [ 84.08733916282654, 85.33950304985046, 84.49415588378906,]
