best-result = 80.6011221408844
warmup-time = 100.24057078361511
all-measurements = [ 81.0627543926239, 80.6011221408844, 81.3409993648529,]
