best-result = 70.22198390960693
warmup-time = 91.75262403488159
all-measurements = [ 70.33903574943542, 70.22198390960693, 70.2835111618042,]
