best-result = 90.94359397888184
warmup-time = 104.81748366355896
all-measurements = [ 91.68305397033691, 91.31159853935242, 90.94359397888184,]
