best-result = 639.3028445243835
warmup-time = 652.2208597660065
all-measurements = [ 640.3421580791473, 639.3028445243835, 664.1271398067474,]
