best-result = 64.94573473930359
warmup-time = 87.16054487228394
all-measurements = [ 64.95950412750244, 64.94573473930359, 65.151123046875,]
