best-result = 220.05592703819275
warmup-time = 373.0320794582367
all-measurements = [ 222.08120894432068, 221.80728936195374, 220.05592703819275,]
