best-result = 447.03982853889465
warmup-time = 880.4152796268463
all-measurements = [ 447.03982853889465, 448.1944558620453, 449.15306997299194,]
