best-result = 61.56420612335205
warmup-time = 80.16335725784302
all-measurements = [ 61.94576644897461, 62.259082317352295, 61.56420612335205,]
