best-result = 140.72909784317017
warmup-time = 171.35226035118103
all-measurements = [ 140.72909784317017, 141.67511773109436, 141.781920671463,]
