best-result = 871.6852371692657
warmup-time = 901.8245394229889
all-measurements = [ 871.6852371692657, 872.6774888038635, 878.7174708843231,]
