best-result = 27.091108083724976
warmup-time = 35.24008631706238
all-measurements = [ 27.541770458221436, 27.091108083724976, 27.31959629058838,]
