best-result = 56.82784914970398
warmup-time = 70.97279572486877
all-measurements = [ 57.13628697395325, 56.82784914970398, 57.41160821914673,]
