best-result = 59.53496813774109
warmup-time = 72.87585210800171
all-measurements = [ 67.23578023910522, 59.53496813774109, 59.69029211997986,]
