best-result = 109.24443697929382
warmup-time = 137.2313950061798
all-measurements = [ 109.76169228553772, 109.24443697929382, 109.8881049156189,]
