best-result = 781.2030510902405
warmup-time = 849.3024847507477
all-measurements = [ 783.2316753864288, 781.2030510902405, 783.4505259990692,]
