best-result = 33.47970509529114
warmup-time = 42.275959491729736
all-measurements = [ 33.47970509529114, 33.57261419296265, 33.558462381362915,]
