best-result = 53.805155515670776
warmup-time = 69.22712397575378
all-measurements = [ 53.99142003059387, 53.805155515670776, 54.26671648025513,]
