best-result = 1641.8285174369812
warmup-time = 2883.997023820877
all-measurements = [ 2026.8709971904755, 2569.529177904129, 1641.8285174369812,]
