best-result = 48.63952374458313
warmup-time = 69.78247737884521
all-measurements = [ 49.044148683547974, 48.63952374458313, 48.72615146636963,]
