best-result = 78.62604069709778
warmup-time = 97.51377964019775
all-measurements = [ 78.62604069709778, 79.22017121315002, 78.89681148529053,]
