best-result = 36.31638526916504
warmup-time = 44.9627902507782
all-measurements = [ 36.31638526916504, 36.687469720840454, 36.83086013793945,]
