best-result = 341.7287714481354
warmup-time = 483.1896028518677
all-measurements = [ 342.74687695503235, 341.7287714481354, 349.18935203552246,]
