best-result = 103.23229360580444
warmup-time = 127.97796440124512
all-measurements = [ 103.99714708328247, 103.97373914718628, 103.23229360580444,]
