best-result = 59.1261031627655
warmup-time = 58.9672532081604
all-measurements = [ 59.330613136291504, 59.34018540382385, 59.1261031627655,]
