best-result = 25.738652229309082
warmup-time = 26.498048543930054
all-measurements = [ 26.20108437538147, 25.738652229309082, 26.121567487716675,]
