best-result = 36.24580430984497
warmup-time = 37.25735068321228
all-measurements = [ 38.418012619018555, 36.24580430984497, 36.78073048591614,]
