best-result = 30.2556312084198
warmup-time = 31.95289969444275
all-measurements = [ 31.211101055145264, 32.112335443496704, 30.2556312084198,]
