best-result = 260.04267621040344
warmup-time = 264.222829580307
all-measurements = [ 260.89055275917053, 261.9140532016754, 260.04267621040344,]
