best-result = 36.45534682273865
warmup-time = 36.67520713806152
all-measurements = [ 36.93322563171387, 37.274027585983276, 36.45534682273865,]
