best-result = 110.71359014511108
warmup-time = 112.99712324142456
all-measurements = [ 113.28635239601135, 110.71359014511108, 111.7002477645874,]
