best-result = 39.33212852478027
warmup-time = 40.973493337631226
all-measurements = [ 40.69052743911743, 40.54063367843628, 39.33212852478027,]
