best-result = 47.708457231521606
warmup-time = 47.932602643966675
all-measurements = [ 47.708457231521606, 47.76199245452881, 47.87690711021423,]
