best-result = 32.77036714553833
warmup-time = 33.52772378921509
all-measurements = [ 33.65553069114685, 33.401636600494385, 32.77036714553833,]
