best-result = 35.18984293937683
warmup-time = 36.83039903640747
all-measurements = [ 37.75045895576477, 35.18984293937683, 37.86593174934387,]
