best-result = 58.87862014770508
warmup-time = 57.15291786193848
all-measurements = [ 58.87862014770508, 60.82665014266968, 64.3464903831482,]
