best-result = 223.78371119499207
warmup-time = 225.97370672225952
all-measurements = [ 224.6292655467987, 224.93654131889343, 223.78371119499207,]
