best-result = 513.5055804252625
warmup-time = 517.4916512966156
all-measurements = [ 513.5055804252625, 513.5188496112823, 514.7942476272583,]
