best-result = 35.705984115600586
warmup-time = 35.80295658111572
all-measurements = [ 39.51691699028015, 35.705984115600586, 36.44602060317993,]
