best-result = 29.0830979347229
warmup-time = 28.88644051551819
all-measurements = [ 29.174490928649902, 29.173405408859253, 29.0830979347229,]
