best-result = 70.77563643455505
warmup-time = 75.55573153495789
all-measurements = [ 70.98963809013367, 79.14471435546875, 70.77563643455505,]
