best-result = 60.700623512268066
warmup-time = 61.220462799072266
all-measurements = [ 60.700623512268066, 61.56566309928894, 61.55751371383667,]
