best-result = 27.499696731567383
warmup-time = 27.456035137176514
all-measurements = [ 27.689941883087158, 28.778308629989624, 27.499696731567383,]
