best-result = 35.27828073501587
warmup-time = 34.90167045593262
all-measurements = [ 35.27828073501587, 35.297728538513184, 35.311097860336304,]
