best-result = 33.225401163101196
warmup-time = 33.391565799713135
all-measurements = [ 33.225401163101196, 34.03735136985779, 33.242008686065674,]
