best-result = 40.99838471412659
warmup-time = 42.348840951919556
all-measurements = [ 40.99838471412659, 42.02991843223572, 42.79889750480652,]
