best-result = 95.67842555046082
warmup-time = 97.03364181518555
all-measurements = [ 95.67842555046082, 97.929927110672, 96.2830183506012,]
