best-result = 27.713513374328613
warmup-time = 29.87331247329712
all-measurements = [ 28.72355365753174, 27.713513374328613, 30.09936237335205,]
