best-result = 34.222578048706055
warmup-time = 35.29294300079346
all-measurements = [ 34.368709325790405, 35.06246519088745, 34.222578048706055,]
