best-result = 85.97819590568542
warmup-time = 98.88915514945984
all-measurements = [ 85.97819590568542, 86.72465372085571, 86.31362581253052,]
