best-result = 38.3187620639801
warmup-time = 39.65886092185974
all-measurements = [ 38.57149577140808, 38.3187620639801, 38.443443298339844,]
