best-result = 43.0240695476532
warmup-time = 44.7166473865509
all-measurements = [ 43.0240695476532, 44.670966386795044, 45.060511350631714,]
