best-result = 27.465067148208618
warmup-time = 28.991528749465942
all-measurements = [ 29.14663577079773, 27.465067148208618, 27.91820788383484,]
