best-result = 641.9421436786652
warmup-time = 672.01433634758
all-measurements = [ 641.9421436786652, 643.3436405658722, 653.422003030777,]
