best-result = 173.02021050453186
warmup-time = 174.9223518371582
all-measurements = [ 173.23567080497742, 173.02021050453186, 174.7936589717865,]
