best-result = 58.48729610443115
warmup-time = 56.70329833030701
all-measurements = [ 66.65620756149292, 58.48729610443115, 66.92540001869202,]
