best-result = 21.60658860206604
warmup-time = 21.66642141342163
all-measurements = [ 22.166760683059692, 21.781233310699463, 21.60658860206604,]
