best-result = 47.192174434661865
warmup-time = 62.522703886032104
all-measurements = [ 47.71818685531616, 47.28100228309631, 47.192174434661865,]
