best-result = 46.594095945358276
warmup-time = 59.643874168395996
all-measurements = [ 46.77877950668335, 46.594095945358276, 47.610384941101074,]
