best-result = 963.8746356964111
warmup-time = 1168.0747203826904
all-measurements = [ 971.8720359802246, 963.8746356964111, 976.1641910076141,]
