best-result = 81.79996418952942
warmup-time = 95.53917360305786
all-measurements = [ 82.87399649620056, 81.79996418952942, 82.70690059661865,]
