best-result = 78.30770587921143
warmup-time = 108.27569913864136
all-measurements = [ 79.93641591072083, 79.44594812393188, 78.30770587921143,]
