best-result = 69.26998281478882
warmup-time = 93.31524205207825
all-measurements = [ 69.26998281478882, 70.20636487007141, 69.50320076942444,]
