best-result = 84.42509365081787
warmup-time = 98.01481294631958
all-measurements = [ 84.67014145851135, 84.42509365081787, 85.29190230369568,]
