best-result = 593.3056879043579
warmup-time = 601.2279577255249
all-measurements = [ 595.2386956214905, 593.3056879043579, 595.0559742450714,]
