best-result = 61.98978543281555
warmup-time = 74.9573917388916
all-measurements = [ 62.28316378593445, 61.98978543281555, 62.059447050094604,]
