best-result = 227.10635232925415
warmup-time = 380.66404604911804
all-measurements = [ 227.71082019805908, 227.10635232925415, 229.5839240550995,]
