best-result = 439.3983917236328
warmup-time = 885.20885014534
all-measurements = [ 449.2708077430725, 439.3983917236328, 442.7987411022186,]
