best-result = 59.91398859024048
warmup-time = 75.83089089393616
all-measurements = [ 59.91398859024048, 61.458802938461304, 60.29720997810364,]
