best-result = 852.933851480484
warmup-time = 879.6018257141113
all-measurements = [ 855.4883542060852, 852.933851480484, 854.9446158409119,]
