best-result = 27.289013385772705
warmup-time = 34.65275526046753
all-measurements = [ 27.289013385772705, 27.5651113986969, 27.532764196395874,]
