best-result = 58.46665573120117
warmup-time = 72.25432062149048
all-measurements = [ 58.46665573120117, 58.877853870391846, 58.56301546096802,]
