best-result = 56.35277199745178
warmup-time = 69.63662099838257
all-measurements = [ 56.35277199745178, 56.40713143348694, 56.421340465545654,]
