best-result = 108.91305828094482
warmup-time = 136.56873893737793
all-measurements = [ 109.31139087677002, 108.91305828094482, 110.26408123970032,]
