best-result = 764.0850348472595
warmup-time = 831.2624974250793
all-measurements = [ 768.4871189594269, 764.0850348472595, 764.6691317558289,]
