best-result = 33.79859709739685
warmup-time = 40.99476981163025
all-measurements = [ 33.79859709739685, 33.99571394920349, 34.245535135269165,]
