best-result = 53.51449680328369
warmup-time = 67.57328462600708
all-measurements = [ 53.51449680328369, 53.84712481498718, 53.55312156677246,]
