best-result = 49.72257471084595
warmup-time = 67.94899010658264
all-measurements = [ 49.72257471084595, 49.767775535583496, 49.78634834289551,]
