best-result = 78.55533862113953
warmup-time = 97.77913308143616
all-measurements = [ 78.55533862113953, 79.20999765396118, 79.07650232315063,]
