best-result = 35.738343715667725
warmup-time = 43.991068840026855
all-measurements = [ 36.278592348098755, 36.00215268135071, 35.738343715667725,]
