best-result = 336.434538602829
warmup-time = 479.3057310581207
all-measurements = [ 336.434538602829, 341.17751955986023, 342.50899481773376,]
