best-result = 103.10684657096863
warmup-time = 103.27369284629822
all-measurements = [ 103.10684657096863, 103.35761547088623, 103.31341910362244,]
