best-result = 25.668859481811523
warmup-time = 25.7555890083313
all-measurements = [ 25.668859481811523, 26.82543659210205, 25.721044301986694,]
