best-result = 35.077648878097534
warmup-time = 38.49174642562866
all-measurements = [ 35.077648878097534, 35.70289969444275, 37.70672035217285,]
