best-result = 30.31159019470215
warmup-time = 31.835344791412354
all-measurements = [ 30.932838678359985, 30.31159019470215, 30.940765619277954,]
