best-result = 258.9056661128998
warmup-time = 266.5317986011505
all-measurements = [ 260.2878098487854, 260.6774230003357, 258.9056661128998,]
