best-result = 35.831297636032104
warmup-time = 37.46955490112305
all-measurements = [ 35.831297636032104, 36.13873052597046, 36.78788781166077,]
