best-result = 110.94337892532349
warmup-time = 113.78227162361145
all-measurements = [ 110.94337892532349, 112.26041436195374, 111.64083647727966,]
