best-result = 39.842851638793945
warmup-time = 41.59647750854492
all-measurements = [ 39.97655272483826, 39.842851638793945, 40.49058270454407,]
