best-result = 46.68393564224243
warmup-time = 47.582871437072754
all-measurements = [ 46.754284381866455, 46.68393564224243, 46.78622841835022,]
