best-result = 33.15461778640747
warmup-time = 33.471665382385254
all-measurements = [ 33.15461778640747, 33.78942894935608, 33.283629417419434,]
