best-result = 36.93562841415405
warmup-time = 37.05635333061218
all-measurements = [ 36.93562841415405, 36.95582962036133, 37.342586040496826,]
