best-result = 57.785149574279785
warmup-time = 61.02148413658142
all-measurements = [ 59.26320266723633, 57.785149574279785, 62.86803078651428,]
