best-result = 224.0587022304535
warmup-time = 227.44021129608154
all-measurements = [ 225.09091663360596, 224.0587022304535, 225.25461888313293,]
