best-result = 511.4835271835327
warmup-time = 515.629989862442
all-measurements = [ 511.64073967933655, 511.4835271835327, 514.6060826778412,]
