best-result = 35.67421197891235
warmup-time = 36.94998121261597
all-measurements = [ 39.221338987350464, 36.222049713134766, 35.67421197891235,]
