best-result = 27.95657205581665
warmup-time = 28.738041877746582
all-measurements = [ 27.95657205581665, 28.60714364051819, 28.610255002975464,]
