best-result = 68.34593272209167
warmup-time = 78.7376868724823
all-measurements = [ 76.11665534973145, 68.34593272209167, 77.60736179351807,]
