best-result = 60.853358030319214
warmup-time = 61.0199658870697
all-measurements = [ 63.663891077041626, 63.777297019958496, 60.853358030319214,]
