best-result = 27.906305074691772
warmup-time = 28.842246055603027
all-measurements = [ 27.906305074691772, 28.301485776901245, 35.63305592536926,]
