best-result = 32.38506269454956
warmup-time = 40.49325442314148
all-measurements = [ 39.29968452453613, 32.38506269454956, 33.437214851379395,]
