best-result = 33.6912305355072
warmup-time = 33.745697259902954
all-measurements = [ 34.59175205230713, 34.48276996612549, 33.6912305355072,]
