best-result = 42.63262319564819
warmup-time = 43.51371383666992
all-measurements = [ 43.14296054840088, 44.23639464378357, 42.63262319564819,]
