best-result = 94.87404036521912
warmup-time = 95.07746529579163
all-measurements = [ 94.87404036521912, 97.27905535697937, 97.11243414878845,]
