best-result = 27.752059936523438
warmup-time = 29.54913854598999
all-measurements = [ 27.752059936523438, 28.60552954673767, 28.059630393981934,]
