best-result = 34.27813529968262
warmup-time = 34.275811433792114
all-measurements = [ 35.265329122543335, 35.83948731422424, 34.27813529968262,]
