best-result = 87.28034353256226
warmup-time = 92.76980543136597
all-measurements = [ 88.5409345626831, 87.28034353256226, 91.37563562393188,]
