best-result = 38.73802971839905
warmup-time = 38.476056814193726
all-measurements = [ 38.73802971839905, 38.895941972732544, 39.38105034828186,]
