best-result = 44.430121183395386
warmup-time = 45.53557014465332
all-measurements = [ 44.95900321006775, 44.430121183395386, 44.5061719417572,]
