best-result = 27.40506672859192
warmup-time = 28.47581720352173
all-measurements = [ 28.557467222213745, 27.40506672859192, 27.858400583267212,]
