best-result = 632.7630639076233
warmup-time = 685.7154190540314
all-measurements = [ 639.5244584083557, 655.3398776054382, 632.7630639076233,]
