best-result = 170.71371173858643
warmup-time = 174.6314458847046
all-measurements = [ 170.71371173858643, 174.80509519577026, 173.7938575744629,]
