best-result = 60.88803744316101
warmup-time = 67.16485977172852
all-measurements = [ 61.1272075176239, 60.88803744316101, 64.29787707328796,]
