best-result = 21.20979332923889
warmup-time = 21.550661325454712
all-measurements = [ 21.582468032836914, 21.419300079345703, 21.20979332923889,]
