best-result = 46.34222674369812
warmup-time = 61.217125415802
all-measurements = [ 46.94721174240112, 46.34222674369812, 47.16470956802368,]
