best-result = 46.196616649627686
warmup-time = 58.703699350357056
all-measurements = [ 46.42850589752197, 46.196616649627686, 46.49576926231384,]
