best-result = 966.162079334259
warmup-time = 1160.8977801799774
all-measurements = [ 987.323410987854, 966.162079334259, 966.8436839580536,]
