best-result = 81.01603627204895
warmup-time = 94.48106837272644
all-measurements = [ 81.01603627204895, 81.43475985527039, 81.22927856445312,]
