best-result = 76.72988200187683
warmup-time = 99.59015560150146
all-measurements = [ 77.85624742507935, 77.630366563797, 76.72988200187683,]
