best-result = 68.00078582763672
warmup-time = 90.0903160572052
all-measurements = [ 68.491459608078, 68.07270526885986, 68.00078582763672,]
