best-result = 83.61734199523926
warmup-time = 98.94429516792297
all-measurements = [ 83.67066240310669, 83.61734199523926, 83.81414031982422,]
