best-result = 587.3627166748047
warmup-time = 606.411052942276
all-measurements = [ 588.8286008834839, 587.3627166748047, 589.6907956600189,]
