best-result = 61.3917715549469
warmup-time = 74.76640224456787
all-measurements = [ 61.3917715549469, 61.48177456855774, 62.03527498245239,]
