best-result = 229.41281867027283
warmup-time = 400.9731230735779
all-measurements = [ 229.41281867027283, 231.92144680023193, 234.86323165893555,]
