best-result = 438.1193745136261
warmup-time = 905.3920426368713
all-measurements = [ 443.7356369495392, 445.4577057361603, 438.1193745136261,]
