best-result = 58.953933000564575
warmup-time = 77.90830564498901
all-measurements = [ 59.41777515411377, 58.953933000564575, 59.18483376502991,]
