best-result = 853.5628657341003
warmup-time = 891.1780812740326
all-measurements = [ 853.5628657341003, 857.4557828903198, 857.4986627101898,]
