best-result = 26.300612926483154
warmup-time = 35.25377154350281
all-measurements = [ 26.45109987258911, 26.300612926483154, 26.731278657913208,]
