best-result = 58.24560189247131
warmup-time = 71.91326117515564
all-measurements = [ 58.24560189247131, 58.479575395584106, 58.92802810668945,]
