best-result = 55.41541838645935
warmup-time = 68.8820059299469
all-measurements = [ 55.41541838645935, 55.433703899383545, 55.69004249572754,]
