best-result = 107.33212113380432
warmup-time = 135.28136444091797
all-measurements = [ 107.8028507232666, 107.33212113380432, 107.85464096069336,]
