best-result = 768.8042359352112
warmup-time = 836.8221459388733
all-measurements = [ 769.2799561023712, 769.2739956378937, 768.8042359352112,]
