best-result = 33.40286660194397
warmup-time = 40.179012060165405
all-measurements = [ 33.40286660194397, 33.872127294540405, 33.777159214019775,]
