best-result = 52.693098068237305
warmup-time = 67.8377251625061
all-measurements = [ 52.91560649871826, 52.693098068237305, 52.96978259086609,]
