best-result = 48.805830001831055
warmup-time = 68.07627964019775
all-measurements = [ 49.55366086959839, 49.30996894836426, 48.805830001831055,]
