best-result = 78.0304536819458
warmup-time = 97.25457429885864
all-measurements = [ 78.68069958686829, 78.73566603660583, 78.0304536819458,]
