best-result = 35.28564238548279
warmup-time = 43.5014808177948
all-measurements = [ 35.28564238548279, 35.426382541656494, 35.882081270217896,]
