best-result = 346.97547674179077
warmup-time = 496.8446502685547
all-measurements = [ 346.97547674179077, 355.914977312088, 361.3120160102844,]
