best-result = 102.1083173751831
warmup-time = 101.66306066513062
all-measurements = [ 102.1083173751831, 102.5515387058258, 103.03164672851562,]
