best-result = 21.520223379135132
warmup-time = 22.597466230392456
all-measurements = [ 21.520223379135132, 21.84199857711792, 21.580118656158447,]
