best-result = 47.06715202331543
warmup-time = 61.17539858818054
all-measurements = [ 47.24482583999634, 47.551955699920654, 47.06715202331543,]
