best-result = 46.352275133132935
warmup-time = 58.484925985336304
all-measurements = [ 46.352275133132935, 46.447137117385864, 46.70020270347595,]
