best-result = 942.5345907211304
warmup-time = 1155.1109309196472
all-measurements = [ 942.5345907211304, 972.4759740829468, 947.2633781433105,]
