best-result = 82.14184641838074
warmup-time = 97.14235472679138
all-measurements = [ 82.23419785499573, 82.78169107437134, 82.14184641838074,]
