best-result = 77.9554193019867
warmup-time = 100.43293356895447
all-measurements = [ 78.52347707748413, 78.89512586593628, 77.9554193019867,]
