best-result = 69.20854473114014
warmup-time = 91.54535722732544
all-measurements = [ 69.82295680046082, 69.34433507919312, 69.20854473114014,]
