best-result = 84.03952074050903
warmup-time = 98.54197716712952
all-measurements = [ 84.32802128791809, 84.03952074050903, 84.82117414474487,]
