best-result = 594.8832542896271
warmup-time = 604.3352766036987
all-measurements = [ 594.8832542896271, 596.9031181335449, 596.1009964942932,]
