best-result = 61.99583959579468
warmup-time = 76.83177304267883
all-measurements = [ 62.063663721084595, 62.48859167098999, 61.99583959579468,]
