best-result = 222.65476036071777
warmup-time = 382.0172598361969
all-measurements = [ 222.65476036071777, 223.32570934295654, 224.15405440330505,]
