best-result = 437.87861227989197
warmup-time = 886.3323504924774
all-measurements = [ 442.32331585884094, 437.97693037986755, 437.87861227989197,]
