best-result = 59.92100930213928
warmup-time = 77.1446442604065
all-measurements = [ 59.92100930213928, 60.146625995635986, 60.88195276260376,]
