best-result = 847.1382818222046
warmup-time = 878.5015544891357
all-measurements = [ 851.0285360813141, 851.0319683551788, 847.1382818222046,]
