best-result = 26.895511388778687
warmup-time = 35.615156412124634
all-measurements = [ 27.324076890945435, 27.346774101257324, 26.895511388778687,]
