best-result = 57.381120920181274
warmup-time = 71.448086977005
all-measurements = [ 57.81049132347107, 57.381120920181274, 57.60946035385132,]
