best-result = 56.11824297904968
warmup-time = 69.24541091918945
all-measurements = [ 56.548553705215454, 56.14228272438049, 56.11824297904968,]
