best-result = 108.59012985229492
warmup-time = 136.61050820350647
all-measurements = [ 109.44556665420532, 108.63803887367249, 108.59012985229492,]
