best-result = 757.6235711574554
warmup-time = 826.7219498157501
all-measurements = [ 760.2123668193817, 757.6235711574554, 765.6138634681702,]
