best-result = 33.904035568237305
warmup-time = 41.75172162055969
all-measurements = [ 33.904035568237305, 34.274502754211426, 33.94215536117554,]
