best-result = 53.23240518569946
warmup-time = 67.56972885131836
all-measurements = [ 53.251466512680054, 53.28868293762207, 53.23240518569946,]
