best-result = 49.118407011032104
warmup-time = 67.74800562858582
all-measurements = [ 49.118407011032104, 49.52484965324402, 49.28085207939148,]
