best-result = 79.84212756156921
warmup-time = 96.7153160572052
all-measurements = [ 79.91964364051819, 80.00353741645813, 79.84212756156921,]
