best-result = 35.52917456626892
warmup-time = 45.4708354473114
all-measurements = [ 35.52917456626892, 35.683109760284424, 35.88414025306702,]
