best-result = 332.4120442867279
warmup-time = 467.0863845348358
all-measurements = [ 334.78026151657104, 334.1447157859802, 332.4120442867279,]
