best-result = 102.29621028900146
warmup-time = 102.42151093482971
all-measurements = [ 102.29621028900146, 102.42253494262695, 102.92901635169983,]
