best-result = 22.759538412094116
warmup-time = 22.663511276245117
all-measurements = [ 22.764521598815918, 22.759538412094116, 22.911113739013672,]
