best-result = 46.50431180000305
warmup-time = 62.6490421295166
all-measurements = [ 47.551331996917725, 46.50431180000305, 47.513837814331055,]
