best-result = 46.05884575843811
warmup-time = 58.79241371154785
all-measurements = [ 47.113128423690796, 46.05884575843811, 46.49168086051941,]
