best-result = 962.8414566516876
warmup-time = 1169.6459543704987
all-measurements = [ 964.0819892883301, 973.1797189712524, 962.8414566516876,]
