best-result = 84.42964339256287
warmup-time = 99.82916021347046
all-measurements = [ 86.13358879089355, 84.42964339256287, 85.36509799957275,]
