best-result = 80.56075263023376
warmup-time = 101.65904259681702
all-measurements = [ 80.93103075027466, 80.56075263023376, 80.97410750389099,]
