best-result = 70.15404748916626
warmup-time = 93.13887357711792
all-measurements = [ 70.47289443016052, 70.15404748916626, 70.48209857940674,]
