best-result = 90.3773603439331
warmup-time = 106.0155119895935
all-measurements = [ 92.04844641685486, 90.3773603439331, 91.16500234603882,]
