best-result = 622.6840062141418
warmup-time = 640.5464029312134
all-measurements = [ 624.9941370487213, 622.6840062141418, 625.3986310958862,]
