best-result = 64.18781065940857
warmup-time = 80.8396315574646
all-measurements = [ 64.32232141494751, 64.18781065940857, 65.96904802322388,]
