best-result = 221.4023039340973
warmup-time = 377.82488441467285
all-measurements = [ 226.04180097579956, 221.4023039340973, 224.02146434783936,]
