best-result = 439.27125906944275
warmup-time = 890.7322340011597
all-measurements = [ 439.51770663261414, 459.07988357543945, 439.27125906944275,]
