best-result = 61.05882143974304
warmup-time = 77.74537658691406
all-measurements = [ 61.63047695159912, 61.928388833999634, 61.05882143974304,]
