best-result = 143.5034694671631
warmup-time = 173.23692870140076
all-measurements = [ 143.5252537727356, 143.5034694671631, 143.9265284538269,]
