best-result = 873.0433065891266
warmup-time = 902.2291352748871
all-measurements = [ 877.2693932056427, 873.0433065891266, 873.3199439048767,]
