best-result = 27.54353618621826
warmup-time = 36.102795124053955
all-measurements = [ 27.832000255584717, 27.617957592010498, 27.54353618621826,]
