best-result = 57.73181653022766
warmup-time = 68.61943459510803
all-measurements = [ 59.027745485305786, 58.17348623275757, 57.73181653022766,]
