best-result = 58.477622747421265
warmup-time = 70.21833229064941
all-measurements = [ 59.09886908531189, 58.477622747421265, 58.84961128234863,]
