best-result = 109.59564924240112
warmup-time = 139.40980339050293
all-measurements = [ 110.79764533042908, 109.59564924240112, 109.92429399490356,]
