best-result = 783.319354057312
warmup-time = 852.5844802856445
all-measurements = [ 783.5796372890472, 784.9285395145416, 783.319354057312,]
