best-result = 34.08717131614685
warmup-time = 41.83817458152771
all-measurements = [ 34.08717131614685, 34.109198808670044, 34.289273500442505,]
