best-result = 53.740403175354004
warmup-time = 68.04577946662903
all-measurements = [ 54.44394516944885, 54.202293157577515, 53.740403175354004,]
