best-result = 2258.6062519550323
warmup-time = 1935.7061989307404
all-measurements = [ 2484.655226945877, 2415.757585287094, 2258.6062519550323,]
