best-result = 49.53005290031433
warmup-time = 72.8597936630249
all-measurements = [ 50.18724966049194, 49.53005290031433, 49.96314334869385,]
