best-result = 78.47460532188416
warmup-time = 99.5349555015564
all-measurements = [ 78.84280800819397, 79.00890469551086, 78.47460532188416,]
