best-result = 36.58034944534302
warmup-time = 45.72258472442627
all-measurements = [ 37.02043056488037, 36.58034944534302, 36.72576665878296,]
