best-result = 342.5764789581299
warmup-time = 481.50087428092957
all-measurements = [ 351.5010259151459, 354.6390233039856, 342.5764789581299,]
