best-result = 103.5068154335022
warmup-time = 128.3468039035797
all-measurements = [ 105.10937190055847, 104.58278489112854, 103.5068154335022,]
