best-result = 58.47647452354431
warmup-time = 58.78068137168884
all-measurements = [ 59.223193883895874, 59.18452477455139, 58.47647452354431,]
