best-result = 23.103606939315796
warmup-time = 23.53283190727234
all-measurements = [ 23.5202579498291, 23.103606939315796, 23.333987712860107,]
