best-result = 47.337011098861694
warmup-time = 63.81740689277649
all-measurements = [ 47.50032997131348, 47.337011098861694, 47.7385687828064,]
