best-result = 46.627524614334106
warmup-time = 57.81818413734436
all-measurements = [ 46.627524614334106, 46.88154053688049, 47.373931884765625,]
