best-result = 895.7005677223206
warmup-time = 1109.4068269729614
all-measurements = [ 895.7005677223206, 896.2529294490814, 900.4369466304779,]
