best-result = 86.65075302124023
warmup-time = 100.3095498085022
all-measurements = [ 87.69340896606445, 86.9052963256836, 86.65075302124023,]
