best-result = 988.5929589271545
warmup-time = 1013.8133323192596
all-measurements = [ 988.5929589271545, 990.6466567516327, 994.0144748687744,]
