best-result = 84.61630892753601
warmup-time = 105.10611867904663
all-measurements = [ 84.61630892753601, 84.62147307395935, 85.26811695098877,]
