best-result = 68.62404775619507
warmup-time = 87.67076063156128
all-measurements = [ 68.74927926063538, 68.72751808166504, 68.62404775619507,]
