best-result = 91.96267485618591
warmup-time = 105.06514096260071
all-measurements = [ 93.53422474861145, 91.96267485618591, 93.03862047195435,]
