best-result = 650.9819769859314
warmup-time = 666.854912519455
all-measurements = [ 652.7275366783142, 650.9819769859314, 651.6795027256012,]
