best-result = 62.484004735946655
warmup-time = 75.15771555900574
all-measurements = [ 63.87571120262146, 62.90062642097473, 62.484004735946655,]
