best-result = 205.2253851890564
warmup-time = 351.8271977901459
all-measurements = [ 205.2253851890564, 206.02706122398376, 206.73867225646973,]
