best-result = 386.19184374809265
warmup-time = 820.5249607563019
all-measurements = [ 386.40899085998535, 391.17454409599304, 386.19184374809265,]
