best-result = 64.53392457962036
warmup-time = 78.63063645362854
all-measurements = [ 73.70751786231995, 72.19518566131592, 64.53392457962036,]
