best-result = 40.5247585773468
warmup-time = 48.773239612579346
all-measurements = [ 40.90770077705383, 40.783183336257935, 40.5247585773468,]
