best-result = 135.69722771644592
warmup-time = 162.8445188999176
all-measurements = [ 135.89301896095276, 135.69722771644592, 135.87195110321045,]
