best-result = 929.6775329113007
warmup-time = 962.4342865943909
all-measurements = [ 936.5679898262024, 941.0796144008636, 929.6775329113007,]
