best-result = 28.210594177246094
warmup-time = 36.87722134590149
all-measurements = [ 28.5986225605011, 28.210594177246094, 28.377506256103516,]
