best-result = 57.72109889984131
warmup-time = 70.04518723487854
all-measurements = [ 57.72109889984131, 58.0007164478302, 58.22218132019043,]
