best-result = 60.675079345703125
warmup-time = 74.47379302978516
all-measurements = [ 60.72114562988281, 61.28537845611572, 60.675079345703125,]
