best-result = 110.82630896568298
warmup-time = 138.6398229598999
all-measurements = [ 111.07983326911926, 111.32682514190674, 110.82630896568298,]
