best-result = 776.2588429450989
warmup-time = 845.1005351543427
all-measurements = [ 778.5873048305511, 776.4575734138489, 776.2588429450989,]
