best-result = 34.33559775352478
warmup-time = 42.61926746368408
all-measurements = [ 34.5722770690918, 34.366873264312744, 34.33559775352478,]
