best-result = 56.23271369934082
warmup-time = 70.56590104103088
all-measurements = [ 56.40774989128113, 56.23271369934082, 56.820435523986816,]
