best-result = 1532.2771692276
warmup-time = 1506.7314732074738
all-measurements = [ 1869.3486206531525, 1758.3295154571533, 1532.2771692276,]
