best-result = 48.934945821762085
warmup-time = 69.55130863189697
all-measurements = [ 49.18363046646118, 48.934945821762085, 49.07822227478027,]
