best-result = 83.14130330085754
warmup-time = 101.49279832839966
all-measurements = [ 83.86399221420288, 83.48820614814758, 83.14130330085754,]
