best-result = 37.86365532875061
warmup-time = 46.77336025238037
all-measurements = [ 37.86365532875061, 38.292126417160034, 39.238250732421875,]
