best-result = 328.5178153514862
warmup-time = 474.0650260448456
all-measurements = [ 330.89771366119385, 330.23576760292053, 328.5178153514862,]
