best-result = 59.455594301223755
warmup-time = 60.72118902206421
all-measurements = [ 61.003586530685425, 59.63445711135864, 59.455594301223755,]
