best-result = 25.906291484832764
warmup-time = 26.60419225692749
all-measurements = [ 26.16717767715454, 25.906291484832764, 26.372588872909546,]
