best-result = 35.112600803375244
warmup-time = 37.73298215866089
all-measurements = [ 37.17920899391174, 35.112600803375244, 36.47501301765442,]
