best-result = 30.099493741989136
warmup-time = 31.541563272476196
all-measurements = [ 32.06144690513611, 30.099493741989136, 31.31181812286377,]
