best-result = 258.020277261734
warmup-time = 265.1574363708496
all-measurements = [ 258.020277261734, 260.87366127967834, 260.13889145851135,]
