best-result = 36.89035987854004
warmup-time = 37.85427522659302
all-measurements = [ 37.066179275512695, 36.89035987854004, 37.141132831573486,]
