best-result = 113.5190200805664
warmup-time = 114.45183658599854
all-measurements = [ 114.3106575012207, 114.84251689910889, 113.5190200805664,]
