best-result = 34.419437408447266
warmup-time = 35.279693603515625
all-measurements = [ 35.36442589759827, 34.419437408447266, 35.66106700897217,]
