best-result = 38.85633611679077
warmup-time = 40.90915775299072
all-measurements = [ 40.530335903167725, 39.81704807281494, 38.85633611679077,]
