best-result = 47.2608585357666
warmup-time = 48.08094358444214
all-measurements = [ 47.774728298187256, 47.2608585357666, 48.37025475502014,]
