best-result = 32.63603353500366
warmup-time = 33.98968315124512
all-measurements = [ 33.76764726638794, 33.20901679992676, 32.63603353500366,]
