best-result = 37.53807830810547
warmup-time = 37.58627939224243
all-measurements = [ 37.53807830810547, 37.592756032943726, 37.663679122924805,]
