best-result = 59.67494177818298
warmup-time = 58.177356481552124
all-measurements = [ 61.594093322753906, 62.80588173866272, 59.67494177818298,]
