best-result = 221.07713866233826
warmup-time = 225.35303258895874
all-measurements = [ 222.2788007259369, 223.68651580810547, 221.07713866233826,]
