best-result = 515.6483910083771
warmup-time = 516.1130316257477
all-measurements = [ 516.800488948822, 515.6483910083771, 516.2824840545654,]
