best-result = 35.071380853652954
warmup-time = 36.82313919067383
all-measurements = [ 38.797242879867554, 35.071380853652954, 36.22151064872742,]
