best-result = 28.559526920318604
warmup-time = 29.760089635849
all-measurements = [ 28.559526920318604, 28.91081976890564, 29.40059781074524,]
