best-result = 67.68332624435425
warmup-time = 78.84673714637756
all-measurements = [ 81.9933454990387, 67.68332624435425, 71.293452501297,]
