best-result = 62.09014654159546
warmup-time = 61.53650093078613
all-measurements = [ 62.09014654159546, 63.32366466522217, 62.458322048187256,]
