best-result = 27.57939600944519
warmup-time = 29.193520069122314
all-measurements = [ 28.460195064544678, 27.57939600944519, 27.91366958618164,]
