best-result = 35.190021991729736
warmup-time = 32.883671283721924
all-measurements = [ 35.421884536743164, 35.30501699447632, 35.190021991729736,]
