best-result = 32.59291100502014
warmup-time = 32.400320053100586
all-measurements = [ 32.59291100502014, 33.91901183128357, 34.336660385131836,]
