best-result = 45.7873101234436
warmup-time = 42.314231872558594
all-measurements = [ 45.7873101234436, 51.19296860694885, 49.094170331954956,]
