best-result = 96.06245255470276
warmup-time = 97.85840702056885
all-measurements = [ 97.36443328857422, 96.06245255470276, 96.89025640487671,]
