best-result = 28.01971125602722
warmup-time = 30.29384469985962
all-measurements = [ 29.517687797546387, 28.01971125602722, 28.022817373275757,]
