best-result = 34.03907227516174
warmup-time = 34.05206847190857
all-measurements = [ 34.2218222618103, 34.03907227516174, 35.10647916793823,]
