best-result = 87.00722408294678
warmup-time = 97.37666296958923
all-measurements = [ 95.79849767684937, 87.00722408294678, 89.20864772796631,]
