best-result = 38.116353273391724
warmup-time = 38.628763914108276
all-measurements = [ 39.940804958343506, 38.59798240661621, 38.116353273391724,]
