best-result = 43.6051881313324
warmup-time = 45.438546895980835
all-measurements = [ 46.02165460586548, 43.779157638549805, 43.6051881313324,]
