best-result = 49.93174362182617
warmup-time = 50.68517327308655
all-measurements = [ 50.80069351196289, 49.93174362182617, 51.07591462135315,]
