best-result = 28.69837498664856
warmup-time = 28.360644817352295
all-measurements = [ 29.314069271087646, 28.69837498664856, 28.857313632965088,]
