best-result = 646.3355443477631
warmup-time = 710.2431225776672
all-measurements = [ 660.7216560840607, 646.3355443477631, 650.6030716896057,]
