best-result = 167.49975752830505
warmup-time = 169.20662260055542
all-measurements = [ 171.401535987854, 167.49975752830505, 168.084046125412,]
