best-result = 63.414499282836914
warmup-time = 64.67941069602966
all-measurements = [ 63.86211633682251, 66.20043206214905, 63.414499282836914,]
