best-result = 22.58102059364319
warmup-time = 22.596922874450684
all-measurements = [ 22.706316232681274, 22.58102059364319, 22.87545609474182,]
