best-result = 46.7090106010437
warmup-time = 65.61719751358032
all-measurements = [ 46.7090106010437, 46.760388135910034, 47.39764761924744,]
