best-result = 46.28492474555969
warmup-time = 58.76081204414368
all-measurements = [ 46.84771203994751, 46.66270661354065, 46.28492474555969,]
