best-result = 924.1093604564667
warmup-time = 1148.8839507102966
all-measurements = [ 924.580677986145, 924.3294405937195, 924.1093604564667,]
