best-result = 85.45620226860046
warmup-time = 100.4957365989685
all-measurements = [ 85.45620226860046, 85.55919241905212, 86.42146229743958,]
