best-result = 997.5851645469666
warmup-time = 1023.8050661087036
all-measurements = [ 997.5851645469666, 997.9169437885284, 1000.6707050800323,]
