best-result = 82.36386847496033
warmup-time = 102.37862610816956
all-measurements = [ 83.1374979019165, 83.17374587059021, 82.36386847496033,]
