best-result = 68.50781965255737
warmup-time = 89.76884078979492
all-measurements = [ 68.77891445159912, 68.50781965255737, 68.63858199119568,]
