best-result = 91.81554174423218
warmup-time = 106.00046396255493
all-measurements = [ 91.81554174423218, 93.4646565914154, 92.6062433719635,]
