best-result = 651.0195767879486
warmup-time = 662.5452671051025
all-measurements = [ 658.9026527404785, 651.0195767879486, 653.4326531887054,]
