best-result = 63.81950283050537
warmup-time = 82.08383083343506
all-measurements = [ 63.81950283050537, 64.3672604560852, 64.26831603050232,]
