best-result = 206.68139696121216
warmup-time = 369.9576952457428
all-measurements = [ 208.79103708267212, 206.68139696121216, 207.44329285621643,]
