best-result = 430.3391201496124
warmup-time = 883.0277242660522
all-measurements = [ 430.98832726478577, 434.1810607910156, 430.3391201496124,]
