best-result = 62.297845125198364
warmup-time = 80.67093133926392
all-measurements = [ 63.360039710998535, 62.401222467422485, 62.297845125198364,]
