best-result = 39.520540952682495
warmup-time = 48.672236919403076
all-measurements = [ 39.520540952682495, 39.52790403366089, 40.42010545730591,]
