best-result = 137.8381667137146
warmup-time = 164.67361903190613
all-measurements = [ 137.8381667137146, 139.11523461341858, 138.48855209350586,]
