best-result = 906.1559107303619
warmup-time = 965.7985017299652
all-measurements = [ 909.8781626224518, 913.9387292861938, 906.1559107303619,]
