best-result = 27.544002294540405
warmup-time = 36.307674169540405
all-measurements = [ 27.544002294540405, 28.192909717559814, 27.674684286117554,]
