best-result = 57.95804238319397
warmup-time = 71.88683676719666
all-measurements = [ 57.95804238319397, 59.16763257980347, 58.036168575286865,]
