best-result = 59.763036251068115
warmup-time = 74.98845553398132
all-measurements = [ 60.56354022026062, 60.47405171394348, 59.763036251068115,]
