best-result = 111.39215159416199
warmup-time = 140.5493676662445
all-measurements = [ 111.54539728164673, 111.82134127616882, 111.39215159416199,]
