best-result = 789.8209578990936
warmup-time = 858.5237061977386
all-measurements = [ 793.0877242088318, 791.1975548267365, 789.8209578990936,]
