best-result = 33.8363778591156
warmup-time = 42.90946817398071
all-measurements = [ 34.174224853515625, 33.8363778591156, 34.0091278553009,]
