best-result = 55.42959761619568
warmup-time = 71.33035016059875
all-measurements = [ 55.47732758522034, 55.733824491500854, 55.42959761619568,]
