best-result = 1453.5439581871033
warmup-time = 1415.5406625270844
all-measurements = [ 1453.5439581871033, 2033.7462317943573, 2289.048989534378,]
