best-result = 48.66701292991638
warmup-time = 69.43263936042786
all-measurements = [ 48.66701292991638, 49.0848228931427, 48.80320644378662,]
