best-result = 78.60028100013733
warmup-time = 97.35582137107849
all-measurements = [ 79.38122701644897, 78.75408506393433, 78.60028100013733,]
