best-result = 36.972747802734375
warmup-time = 45.772083044052124
all-measurements = [ 37.38746690750122, 36.972747802734375, 37.12772560119629,]
