best-result = 342.71426272392273
warmup-time = 492.150518655777
all-measurements = [ 342.71426272392273, 351.4717242717743, 351.77712965011597,]
