best-result = 58.712197065353394
warmup-time = 60.29556727409363
all-measurements = [ 58.958162784576416, 58.712197065353394, 59.278841495513916,]
