best-result = 25.454074144363403
warmup-time = 26.366422414779663
all-measurements = [ 25.966875076293945, 26.001078844070435, 25.454074144363403,]
