best-result = 36.892685890197754
warmup-time = 37.83168935775757
all-measurements = [ 37.730913162231445, 36.892685890197754, 38.03605341911316,]
