best-result = 31.04447627067566
warmup-time = 32.10887408256531
all-measurements = [ 31.04447627067566, 31.754345178604126, 32.15202832221985,]
