best-result = 262.83418250083923
warmup-time = 268.39245796203613
all-measurements = [ 266.93526458740234, 262.83418250083923, 265.75878524780273,]
