best-result = 37.21989464759827
warmup-time = 36.75161409378052
all-measurements = [ 37.2509880065918, 37.21989464759827, 37.58244848251343,]
