best-result = 40.15337157249451
warmup-time = 42.09147500991821
all-measurements = [ 41.446290254592896, 40.15337157249451, 40.96223306655884,]
