best-result = 49.031458377838135
warmup-time = 50.488529920578
all-measurements = [ 49.031458377838135, 49.855226278305054, 49.998313188552856,]
