best-result = 33.51085376739502
warmup-time = 33.8381290435791
all-measurements = [ 33.51085376739502, 34.19426441192627, 33.71491765975952,]
