best-result = 37.412376403808594
warmup-time = 38.30720663070679
all-measurements = [ 37.842238664627075, 37.412376403808594, 37.84810471534729,]
