best-result = 63.39275646209717
warmup-time = 65.68135118484497
all-measurements = [ 66.71757411956787, 63.39275646209717, 65.83865547180176,]
