best-result = 226.05081605911255
warmup-time = 232.51059913635254
all-measurements = [ 227.07894325256348, 226.05081605911255, 228.01935505867004,]
