best-result = 522.3408677577972
warmup-time = 523.4797842502594
all-measurements = [ 522.3408677577972, 524.7379755973816, 526.8833341598511,]
