best-result = 36.86512279510498
warmup-time = 37.64622259140015
all-measurements = [ 37.9503960609436, 36.86512279510498, 38.01644229888916,]
