best-result = 74.33715534210205
warmup-time = 83.6705973148346
all-measurements = [ 81.37220025062561, 84.38115072250366, 74.33715534210205,]
