best-result = 61.487380027770996
warmup-time = 61.98267960548401
all-measurements = [ 63.35273480415344, 61.487380027770996, 62.30422282218933,]
