best-result = 28.01072883605957
warmup-time = 28.428414344787598
all-measurements = [ 29.358411073684692, 28.26290273666382, 28.01072883605957,]
