best-result = 35.08555555343628
warmup-time = 35.26241898536682
all-measurements = [ 35.74764347076416, 35.16652226448059, 35.08555555343628,]
