best-result = 33.00347113609314
warmup-time = 34.101242542266846
all-measurements = [ 34.492544651031494, 33.94345307350159, 33.00347113609314,]
