best-result = 42.36229968070984
warmup-time = 42.39272952079773
all-measurements = [ 42.73713564872742, 42.36229968070984, 42.85720729827881,]
