best-result = 97.45510387420654
warmup-time = 98.75393176078796
all-measurements = [ 98.95565533638, 97.45510387420654, 97.85181188583374,]
