best-result = 27.614371061325073
warmup-time = 28.799893617630005
all-measurements = [ 27.69800567626953, 27.614371061325073, 28.963584899902344,]
