best-result = 34.91553092002869
warmup-time = 35.03780007362366
all-measurements = [ 34.91553092002869, 35.14634871482849, 35.01841902732849,]
