best-result = 87.10773181915283
warmup-time = 97.22399044036865
all-measurements = [ 90.23237538337708, 87.10773181915283, 99.06956124305725,]
