best-result = 38.86240315437317
warmup-time = 39.42492389678955
all-measurements = [ 39.45689034461975, 38.86240315437317, 39.02460193634033,]
