best-result = 44.66261386871338
warmup-time = 44.95370149612427
all-measurements = [ 44.66261386871338, 45.913801431655884, 45.33030986785889,]
