best-result = 28.766454219818115
warmup-time = 28.970314741134644
all-measurements = [ 29.404648303985596, 28.898438692092896, 28.766454219818115,]
