best-result = 690.6058325767517
warmup-time = 734.6576211452484
all-measurements = [ 707.5921576023102, 700.4252998828888, 690.6058325767517,]
