best-result = 172.5966546535492
warmup-time = 179.3666877746582
all-measurements = [ 174.19299864768982, 172.5966546535492, 176.81979084014893,]
