best-result = 57.5907256603241
warmup-time = 66.79998135566711
all-measurements = [ 69.21772575378418, 66.47640895843506, 57.5907256603241,]
