best-result = 25.657748460769653
warmup-time = 25.736421585083008
all-measurements = [ 25.657748460769653, 25.70274043083191, 25.769086360931396,]
