best-result = 36.61626601219177
warmup-time = 37.84490776062012
all-measurements = [ 37.79311466217041, 36.61626601219177, 37.31091380119324,]
