best-result = 31.025516033172607
warmup-time = 33.164645195007324
all-measurements = [ 31.193033456802368, 31.160829544067383, 31.025516033172607,]
