best-result = 261.5806815624237
warmup-time = 267.9649283885956
all-measurements = [ 264.33444118499756, 261.5806815624237, 261.72947549819946,]
