best-result = 36.32357740402222
warmup-time = 37.23370552062988
all-measurements = [ 36.798455476760864, 37.03982448577881, 36.32357740402222,]
