best-result = 40.497748136520386
warmup-time = 40.74539661407471
all-measurements = [ 41.29654264450073, 41.01670551300049, 40.497748136520386,]
