best-result = 49.34490180015564
warmup-time = 49.42430567741394
all-measurements = [ 50.03841471672058, 49.64474821090698, 49.34490180015564,]
