best-result = 33.05747985839844
warmup-time = 34.78194618225098
all-measurements = [ 33.21706986427307, 33.05747985839844, 33.508803367614746,]
