best-result = 36.848288774490356
warmup-time = 37.27297496795654
all-measurements = [ 37.078001976013184, 36.848288774490356, 37.023279428482056,]
