best-result = 60.564894676208496
warmup-time = 62.49342203140259
all-measurements = [ 64.56364178657532, 60.564894676208496, 62.01188659667969,]
