best-result = 224.6665918827057
warmup-time = 228.21310091018677
all-measurements = [ 225.30625081062317, 225.59342741966248, 224.6665918827057,]
