best-result = 521.2422747612
warmup-time = 524.5153214931488
all-measurements = [ 523.0624725818634, 521.2422747612, 521.871978521347,]
