best-result = 35.82467174530029
warmup-time = 38.08381748199463
all-measurements = [ 36.68400740623474, 37.339672803878784, 35.82467174530029,]
