best-result = 74.85042572021484
warmup-time = 77.66455626487732
all-measurements = [ 74.85042572021484, 76.6741623878479, 86.42902159690857,]
