best-result = 62.37161922454834
warmup-time = 62.18089056015015
all-measurements = [ 62.430843114852905, 62.37161922454834, 75.35807967185974,]
