best-result = 27.37110948562622
warmup-time = 32.85745573043823
all-measurements = [ 30.497561931610107, 27.462220668792725, 27.37110948562622,]
