best-result = 35.073442697525024
warmup-time = 35.39775633811951
all-measurements = [ 35.073442697525024, 35.274797439575195, 35.302237033843994,]
