best-result = 32.34783577919006
warmup-time = 34.564767599105835
all-measurements = [ 34.020527362823486, 32.34783577919006, 33.65847826004028,]
