best-result = 42.271615743637085
warmup-time = 42.23738074302673
all-measurements = [ 42.54555797576904, 42.271615743637085, 42.39080739021301,]
