best-result = 95.68500828742981
warmup-time = 98.93985271453857
all-measurements = [ 95.99982905387878, 95.68500828742981, 97.44431805610657,]
