best-result = 27.05414366722107
warmup-time = 27.916987657546997
all-measurements = [ 27.05414366722107, 29.24666118621826, 28.097735166549683,]
