best-result = 34.23255634307861
warmup-time = 34.95094060897827
all-measurements = [ 34.40774488449097, 34.26040720939636, 34.23255634307861,]
