best-result = 86.10897874832153
warmup-time = 94.50463461875916
all-measurements = [ 89.11686038970947, 88.59185266494751, 86.10897874832153,]
