best-result = 38.931490898132324
warmup-time = 39.41692566871643
all-measurements = [ 39.10949969291687, 38.931490898132324, 39.59487342834473,]
