best-result = 44.466402530670166
warmup-time = 45.258169651031494
all-measurements = [ 46.03191328048706, 46.351635456085205, 44.466402530670166,]
