best-result = 28.17532753944397
warmup-time = 28.381526947021484
all-measurements = [ 28.650548696517944, 28.731555700302124, 28.17532753944397,]
