best-result = 700.728509426117
warmup-time = 738.156421661377
all-measurements = [ 700.728509426117, 719.4085659980774, 722.9560561180115,]
