best-result = 172.60930585861206
warmup-time = 177.96882820129395
all-measurements = [ 172.60930585861206, 172.92363834381104, 175.64996027946472,]
