best-result = 68.13666868209839
warmup-time = 67.37674450874329
all-measurements = [ 69.33948707580566, 68.13666868209839, 68.25877809524536,]
