best-result = 27.07839822769165
warmup-time = 26.95183229446411
all-measurements = [ 27.994286060333252, 27.181628942489624, 27.07839822769165,]
