best-result = 39.61086630821228
warmup-time = 38.75502681732178
all-measurements = [ 40.75830435752869, 40.57637667655945, 39.61086630821228,]
