best-result = 34.20402646064758
warmup-time = 34.51269173622131
all-measurements = [ 34.20402646064758, 34.264750957489014, 35.30945873260498,]
