best-result = 285.0665292739868
warmup-time = 293.68932485580444
all-measurements = [ 289.13396644592285, 285.0665292739868, 287.4694809913635,]
