best-result = 37.412373304367065
warmup-time = 38.23223900794983
all-measurements = [ 38.26858401298523, 39.03139877319336, 37.412373304367065,]
