best-result = 44.79548788070679
warmup-time = 46.24551558494568
all-measurements = [ 44.79548788070679, 46.03646206855774, 45.384878635406494,]
