best-result = 54.04800486564636
warmup-time = 53.65441417694092
all-measurements = [ 55.29868531227112, 54.04800486564636, 54.90677618980408,]
