best-result = 37.1013708114624
warmup-time = 36.62110900878906
all-measurements = [ 37.35182213783264, 38.71244239807129, 37.1013708114624,]
