best-result = 41.27383852005005
warmup-time = 41.5192391872406
all-measurements = [ 42.98188233375549, 41.27383852005005, 41.708172082901,]
