best-result = 62.399847984313965
warmup-time = 64.69307541847229
all-measurements = [ 62.399847984313965, 64.69129967689514, 64.56582045555115,]
