best-result = 256.36852192878723
warmup-time = 258.5861532688141
all-measurements = [ 258.86486291885376, 256.36852192878723, 258.2184672355652,]
