best-result = 597.274689912796
warmup-time = 598.6462471485138
all-measurements = [ 600.545930147171, 599.8479413986206, 597.274689912796,]
