best-result = 36.33871674537659
warmup-time = 38.28022742271423
all-measurements = [ 37.21360230445862, 37.893335819244385, 36.33871674537659,]
