best-result = 68.54650354385376
warmup-time = 71.42398977279663
all-measurements = [ 68.64906001091003, 68.54650354385376, 70.2225615978241,]
