best-result = 28.718154668807983
warmup-time = 28.812661170959473
all-measurements = [ 29.486933708190918, 28.718154668807983, 30.854313611984253,]
