best-result = 35.9807026386261
warmup-time = 38.9137647151947
all-measurements = [ 38.73815202713013, 35.9807026386261, 38.94332551956177,]
