best-result = 33.746439933776855
warmup-time = 36.38619661331177
all-measurements = [ 33.746439933776855, 36.97430205345154, 35.2603485584259,]
