best-result = 46.80327105522156
warmup-time = 47.228485345840454
all-measurements = [ 46.80327105522156, 47.938992500305176, 49.17099475860596,]
