best-result = 108.37722325325012
warmup-time = 107.09474611282349
all-measurements = [ 108.37722325325012, 109.21525883674622, 109.8571469783783,]
