best-result = 29.43630623817444
warmup-time = 30.021066427230835
all-measurements = [ 30.24420166015625, 30.537211418151855, 29.43630623817444,]
