best-result = 37.185327768325806
warmup-time = 38.212133169174194
all-measurements = [ 37.82868432998657, 37.185327768325806, 37.43483567237854,]
