best-result = 42.66842031478882
warmup-time = 44.37655591964722
all-measurements = [ 43.39065957069397, 43.975844621658325, 42.66842031478882,]
