best-result = 45.888840675354004
warmup-time = 48.770694732666016
all-measurements = [ 48.30292582511902, 47.33494448661804, 45.888840675354004,]
