best-result = 30.357788801193237
warmup-time = 29.29714059829712
all-measurements = [ 31.615718603134155, 30.357788801193237, 30.449814796447754,]
