best-result = 737.2638187408447
warmup-time = 746.3701589107513
all-measurements = [ 761.9656271934509, 746.7570354938507, 737.2638187408447,]
