best-result = 197.88674449920654
warmup-time = 202.5734667778015
all-measurements = [ 197.90625762939453, 197.88674449920654, 197.99318838119507,]
