best-result = 45.896899700164795
warmup-time = 47.77612018585205
all-measurements = [ 45.896899700164795, 50.57070326805115, 46.55289125442505,]
