best-result = 23.497323513031006
warmup-time = 24.229312896728516
all-measurements = [ 23.497323513031006, 23.532034873962402, 23.793827772140503,]
