best-result = 47.47937774658203
warmup-time = 63.936304569244385
all-measurements = [ 47.47937774658203, 48.09526753425598, 47.537029504776,]
