best-result = 47.48152995109558
warmup-time = 59.78889727592468
all-measurements = [ 47.48152995109558, 47.63903260231018, 48.08614420890808,]
