best-result = 901.6069357395172
warmup-time = 1074.7090921401978
all-measurements = [ 923.7786672115326, 903.5773138999939, 901.6069357395172,]
