best-result = 84.84697604179382
warmup-time = 100.62556767463684
all-measurements = [ 85.7397928237915, 84.84697604179382, 84.87717342376709,]
