best-result = 877.5349383354187
warmup-time = 918.0157372951508
all-measurements = [ 885.6745126247406, 877.5349383354187, 880.2844579219818,]
