best-result = 67.08442759513855
warmup-time = 81.35759544372559
all-measurements = [ 68.28276062011719, 68.63018298149109, 67.08442759513855,]
