best-result = 85.79160356521606
warmup-time = 106.5913918018341
all-measurements = [ 85.98354530334473, 86.10054731369019, 85.79160356521606,]
