best-result = 69.66519713401794
warmup-time = 88.66956782341003
all-measurements = [ 69.93768167495728, 69.66519713401794, 74.02451491355896,]
