best-result = 88.475266456604
warmup-time = 109.41493320465088
all-measurements = [ 88.54714059829712, 88.475266456604, 88.88441586494446,]
