best-result = 654.1693730354309
warmup-time = 670.0510971546173
all-measurements = [ 656.5078039169312, 657.1609725952148, 654.1693730354309,]
