best-result = 64.47745871543884
warmup-time = 80.50968074798584
all-measurements = [ 64.90780544281006, 64.86217045783997, 64.47745871543884,]
