best-result = 192.9014494419098
warmup-time = 346.3321907520294
all-measurements = [ 193.4390218257904, 195.46980714797974, 192.9014494419098,]
