best-result = 390.61094975471497
warmup-time = 824.1385505199432
all-measurements = [ 393.1491754055023, 392.5202429294586, 390.61094975471497,]
