best-result = 63.884591579437256
warmup-time = 79.75615978240967
all-measurements = [ 64.19850063323975, 64.59652948379517, 63.884591579437256,]
