best-result = 41.14233136177063
warmup-time = 49.90011644363403
all-measurements = [ 41.46928691864014, 41.14233136177063, 41.8199942111969,]
