best-result = 137.2527208328247
warmup-time = 161.9358048439026
all-measurements = [ 137.2527208328247, 138.34938836097717, 137.39672422409058,]
