best-result = 955.8037030696869
warmup-time = 978.8763403892517
all-measurements = [ 961.1410520076752, 958.9231653213501, 955.8037030696869,]
