best-result = 28.71055793762207
warmup-time = 36.468045711517334
all-measurements = [ 28.71055793762207, 29.21284246444702, 28.85533595085144,]
