best-result = 60.54851841926575
warmup-time = 70.77223634719849
all-measurements = [ 60.68499970436096, 60.636362075805664, 60.54851841926575,]
