best-result = 60.65244770050049
warmup-time = 73.61727976799011
all-measurements = [ 60.65244770050049, 61.5976243019104, 61.84198498725891,]
