best-result = 110.17071604728699
warmup-time = 137.8545436859131
all-measurements = [ 111.25430607795715, 110.17071604728699, 111.78260827064514,]
