best-result = 784.2924120426178
warmup-time = 848.3322081565857
all-measurements = [ 784.3087735176086, 785.0222704410553, 784.2924120426178,]
