best-result = 35.05347180366516
warmup-time = 43.77241516113281
all-measurements = [ 35.13138270378113, 35.05347180366516, 35.44892716407776,]
