best-result = 56.58405327796936
warmup-time = 72.08806157112122
all-measurements = [ 57.224191188812256, 57.45184826850891, 56.58405327796936,]
