best-result = 2597.515285730362
warmup-time = 3482.338962316513
all-measurements = [ 2597.515285730362, 3334.3022730350494, 2601.0489733219147,]
