best-result = 50.13729166984558
warmup-time = 71.49064993858337
all-measurements = [ 50.201091289520264, 50.13729166984558, 50.685187101364136,]
