best-result = 83.07663202285767
warmup-time = 102.8750228881836
all-measurements = [ 84.5959939956665, 83.07663202285767, 83.81057548522949,]
