best-result = 94.2309341430664
warmup-time = 116.82714247703552
all-measurements = [ 94.28033542633057, 94.2309341430664, 99.73726201057434,]
