best-result = 38.73446464538574
warmup-time = 50.27817916870117
all-measurements = [ 39.36496686935425, 38.73446464538574, 38.86647272109985,]
