best-result = 317.64318561553955
warmup-time = 457.79089283943176
all-measurements = [ 334.78596568107605, 317.64318561553955, 321.85404348373413,]
