best-result = 61.78557848930359
warmup-time = 62.69437098503113
all-measurements = [ 61.78557848930359, 61.79798436164856, 62.00417685508728,]
