best-result = 26.331375122070312
warmup-time = 26.74207854270935
all-measurements = [ 26.813485622406006, 26.428173303604126, 26.331375122070312,]
