best-result = 37.29853010177612
warmup-time = 38.58083701133728
all-measurements = [ 37.846779108047485, 37.56678128242493, 37.29853010177612,]
