best-result = 30.999436378479004
warmup-time = 31.411028385162354
all-measurements = [ 31.674277782440186, 30.999436378479004, 31.13481330871582,]
