best-result = 230.60069251060486
warmup-time = 235.01475596427917
all-measurements = [ 231.90226936340332, 231.73650479316711, 230.60069251060486,]
