best-result = 36.34608817100525
warmup-time = 35.639997243881226
all-measurements = [ 38.696311950683594, 36.34608817100525, 36.704195499420166,]
