best-result = 111.81342506408691
warmup-time = 114.40504384040833
all-measurements = [ 113.42188239097595, 114.27805089950562, 111.81342506408691,]
