best-result = 35.66702651977539
warmup-time = 35.81326150894165
all-measurements = [ 36.222570180892944, 36.27902579307556, 35.66702651977539,]
