best-result = 40.531420946121216
warmup-time = 42.847893714904785
all-measurements = [ 42.586573362350464, 40.531420946121216, 41.623637437820435,]
