best-result = 47.892805099487305
warmup-time = 50.48292684555054
all-measurements = [ 50.110493421554565, 47.892805099487305, 48.098047494888306,]
