best-result = 32.29958415031433
warmup-time = 32.64707016944885
all-measurements = [ 33.893726110458374, 33.27484679222107, 32.29958415031433,]
