best-result = 35.93666315078735
warmup-time = 38.15877652168274
all-measurements = [ 37.657925844192505, 35.93666315078735, 36.95567464828491,]
