best-result = 60.78757190704346
warmup-time = 58.50677728652954
all-measurements = [ 61.1443293094635, 60.78757190704346, 64.58497977256775,]
