best-result = 221.04671621322632
warmup-time = 221.8050103187561
all-measurements = [ 221.04671621322632, 222.80625820159912, 221.21867203712463,]
