best-result = 501.09183716773987
warmup-time = 504.8733880519867
all-measurements = [ 504.6907711029053, 501.4873516559601, 501.09183716773987,]
