best-result = 34.77662920951843
warmup-time = 37.84683847427368
all-measurements = [ 34.77662920951843, 36.651286363601685, 35.7900755405426,]
