best-result = 29.152188777923584
warmup-time = 29.44507384300232
all-measurements = [ 29.152188777923584, 29.50674080848694, 29.24394130706787,]
