best-result = 73.52070379257202
warmup-time = 78.04145622253418
all-measurements = [ 81.51266956329346, 73.52070379257202, 81.26022243499756,]
