best-result = 62.225529193878174
warmup-time = 60.911540269851685
all-measurements = [ 62.225529193878174, 63.95759654045105, 62.84180951118469,]
