best-result = 27.89653468132019
warmup-time = 28.609803915023804
all-measurements = [ 27.89653468132019, 28.558825254440308, 28.27175760269165,]
