best-result = 35.4354522228241
warmup-time = 35.67320942878723
all-measurements = [ 35.4354522228241, 35.64161014556885, 35.50680208206177,]
