best-result = 33.31256937980652
warmup-time = 33.775981426239014
all-measurements = [ 34.0464985370636, 34.39648985862732, 33.31256937980652,]
