best-result = 43.01344704627991
warmup-time = 42.44433546066284
all-measurements = [ 44.86275863647461, 45.20305871963501, 43.01344704627991,]
