best-result = 95.69909882545471
warmup-time = 97.60197401046753
all-measurements = [ 96.4111852645874, 96.0491087436676, 95.69909882545471,]
