best-result = 28.783199548721313
warmup-time = 29.125051736831665
all-measurements = [ 29.320691108703613, 30.020594596862793, 28.783199548721313,]
