best-result = 34.00421118736267
warmup-time = 35.32883620262146
all-measurements = [ 34.93844223022461, 34.00421118736267, 35.08361101150513,]
