best-result = 86.79401087760925
warmup-time = 92.30491042137146
all-measurements = [ 91.88362145423889, 86.79401087760925, 95.543137550354,]
