best-result = 37.9840087890625
warmup-time = 39.58814191818237
all-measurements = [ 38.85583710670471, 37.9840087890625, 40.355005979537964,]
