best-result = 43.530049324035645
warmup-time = 43.67677712440491
all-measurements = [ 44.30960202217102, 43.530049324035645, 45.00886344909668,]
