best-result = 50.55378770828247
warmup-time = 51.391101121902466
all-measurements = [ 51.051987409591675, 51.092121839523315, 50.55378770828247,]
