best-result = 28.01632022857666
warmup-time = 29.14896011352539
all-measurements = [ 28.31382465362549, 28.01632022857666, 29.59885859489441,]
