best-result = 651.6259436607361
warmup-time = 719.6943681240082
all-measurements = [ 651.6259436607361, 670.6070258617401, 672.5497386455536,]
