best-result = 164.63020205497742
warmup-time = 167.90683722496033
all-measurements = [ 166.93048763275146, 164.63020205497742, 171.19294261932373,]
