best-result = 63.21660375595093
warmup-time = 69.61493182182312
all-measurements = [ 63.21660375595093, 70.84995627403259, 67.36813712120056,]
