best-result = 25.355395078659058
warmup-time = 25.855792999267578
all-measurements = [ 25.355395078659058, 25.954620361328125, 26.02645468711853,]
