best-result = 35.25904393196106
warmup-time = 36.58941054344177
all-measurements = [ 36.14474296569824, 36.293288707733154, 35.25904393196106,]
