best-result = 29.6915066242218
warmup-time = 31.07693576812744
all-measurements = [ 31.19885563850403, 30.376038551330566, 29.6915066242218,]
