best-result = 254.9508147239685
warmup-time = 260.0766384601593
all-measurements = [ 254.9508147239685, 264.0370156764984, 256.3270719051361,]
