best-result = 35.17959785461426
warmup-time = 36.519387006759644
all-measurements = [ 35.2598991394043, 35.17959785461426, 36.49108171463013,]
