best-result = 110.68283748626709
warmup-time = 114.53858089447021
all-measurements = [ 110.68283748626709, 112.01180863380432, 111.67086672782898,]
