best-result = 40.229673624038696
warmup-time = 40.966548919677734
all-measurements = [ 41.435468673706055, 40.229673624038696, 40.3343768119812,]
