best-result = 47.29133200645447
warmup-time = 47.88355755805969
all-measurements = [ 47.29461073875427, 49.27059888839722, 47.29133200645447,]
