best-result = 32.90941262245178
warmup-time = 33.30209803581238
all-measurements = [ 33.76753282546997, 33.326565742492676, 32.90941262245178,]
