best-result = 35.51972246170044
warmup-time = 37.33425498008728
all-measurements = [ 37.07642960548401, 35.51972246170044, 36.94308257102966,]
