best-result = 60.43513298034668
warmup-time = 63.76708674430847
all-measurements = [ 61.539872884750366, 60.43513298034668, 62.69184184074402,]
