best-result = 224.51571416854858
warmup-time = 224.55337357521057
all-measurements = [ 224.51571416854858, 225.80450701713562, 235.41293907165527,]
