best-result = 514.351847410202
warmup-time = 518.6666588783264
all-measurements = [ 516.2981750965118, 514.351847410202, 516.9754927158356,]
