best-result = 35.92473030090332
warmup-time = 36.14853644371033
all-measurements = [ 35.92473030090332, 36.11985659599304, 36.12215995788574,]
