best-result = 28.126509189605713
warmup-time = 29.047935009002686
all-measurements = [ 28.126509189605713, 28.420934677124023, 28.49553918838501,]
