best-result = 75.45636820793152
warmup-time = 74.26223087310791
all-measurements = [ 77.82249999046326, 80.62891936302185, 75.45636820793152,]
