best-result = 59.958245515823364
warmup-time = 61.14587712287903
all-measurements = [ 59.958245515823364, 61.082334756851196, 61.0786509513855,]
