best-result = 27.883235692977905
warmup-time = 28.763972759246826
all-measurements = [ 28.11558437347412, 27.883235692977905, 28.022871255874634,]
