best-result = 34.57505965232849
warmup-time = 32.23191809654236
all-measurements = [ 34.89968776702881, 34.68915343284607, 34.57505965232849,]
