best-result = 33.048662185668945
warmup-time = 32.780824184417725
all-measurements = [ 33.048662185668945, 33.59322786331177, 33.4752779006958,]
