best-result = 42.08583641052246
warmup-time = 43.83681893348694
all-measurements = [ 42.08583641052246, 44.275395154953, 43.82911682128906,]
