best-result = 93.72434186935425
warmup-time = 95.74956965446472
all-measurements = [ 97.15703272819519, 93.72434186935425, 94.77384972572327,]
