best-result = 28.297300100326538
warmup-time = 28.75216770172119
all-measurements = [ 28.845372438430786, 28.93696641921997, 28.297300100326538,]
