best-result = 34.35901927947998
warmup-time = 35.41717720031738
all-measurements = [ 35.55065202713013, 34.35901927947998, 35.10279083251953,]
