best-result = 86.73533749580383
warmup-time = 89.89624977111816
all-measurements = [ 86.73533749580383, 90.11895418167114, 90.87444543838501,]
