best-result = 37.565913915634155
warmup-time = 39.099894285202026
all-measurements = [ 37.88143873214722, 37.565913915634155, 39.57624888420105,]
