best-result = 41.80302381515503
warmup-time = 45.05976486206055
all-measurements = [ 41.80302381515503, 43.35380697250366, 43.20650792121887,]
