best-result = 27.992888689041138
warmup-time = 28.492741346359253
all-measurements = [ 28.406287908554077, 27.992888689041138, 28.002471208572388,]
