best-result = 639.5560057163239
warmup-time = 686.5486772060394
all-measurements = [ 640.9222247600555, 653.9829058647156, 639.5560057163239,]
