best-result = 172.2495436668396
warmup-time = 175.68664145469666
all-measurements = [ 174.85328269004822, 172.2495436668396, 176.96339678764343,]
