best-result = 64.9163830280304
warmup-time = 65.99118256568909
all-measurements = [ 64.9163830280304, 66.98444318771362, 65.45368766784668,]
