best-result = 21.60363268852234
warmup-time = 21.669774532318115
all-measurements = [ 21.60363268852234, 22.02368187904358, 21.711427688598633,]
