best-result = 46.91653919219971
warmup-time = 64.857008934021
all-measurements = [ 46.91653919219971, 47.2416787147522, 47.53198027610779,]
