best-result = 46.520405769348145
warmup-time = 59.801875829696655
all-measurements = [ 47.05001449584961, 47.244962215423584, 46.520405769348145,]
