best-result = 993.226548910141
warmup-time = 1209.3304650783539
all-measurements = [ 1011.7914054393768, 994.1030826568604, 993.226548910141,]
