best-result = 81.54952192306519
warmup-time = 96.93769526481628
all-measurements = [ 81.54952192306519, 82.52014183998108, 82.16806387901306,]
