best-result = 78.43328475952148
warmup-time = 103.68903636932373
all-measurements = [ 78.56670784950256, 78.91638803482056, 78.43328475952148,]
