best-result = 69.01401376724243
warmup-time = 93.19626832008362
all-measurements = [ 69.2069399356842, 69.01401376724243, 69.4709620475769,]
