best-result = 84.39037489891052
warmup-time = 100.89309930801392
all-measurements = [ 85.121169090271, 84.39037489891052, 85.33094000816345,]
