best-result = 599.7736256122589
warmup-time = 614.0124568939209
all-measurements = [ 599.7736256122589, 600.8809885978699, 603.3362884521484,]
