best-result = 63.169926404953
warmup-time = 75.05193829536438
all-measurements = [ 63.526997566223145, 63.169926404953, 63.73937773704529,]
