best-result = 233.37672090530396
warmup-time = 437.44246912002563
all-measurements = [ 233.82575941085815, 234.37748456001282, 233.37672090530396,]
