best-result = 444.1486315727234
warmup-time = 961.5777115821838
all-measurements = [ 446.64234733581543, 444.1486315727234, 445.70489740371704,]
