best-result = 60.03566789627075
warmup-time = 78.72784066200256
all-measurements = [ 60.54908514022827, 60.03566789627075, 60.05683159828186,]
