best-result = 877.8942923545837
warmup-time = 913.2982974052429
all-measurements = [ 883.3915853500366, 877.8942923545837, 878.7992272377014,]
