best-result = 26.806023120880127
warmup-time = 35.512234926223755
all-measurements = [ 27.22955870628357, 26.83797812461853, 26.806023120880127,]
