best-result = 59.15462779998779
warmup-time = 74.2698438167572
all-measurements = [ 59.15462779998779, 60.4137818813324, 59.652090072631836,]
