best-result = 55.87370252609253
warmup-time = 69.91344475746155
all-measurements = [ 56.27813458442688, 56.214274644851685, 55.87370252609253,]
