best-result = 109.13742876052856
warmup-time = 142.18753457069397
all-measurements = [ 109.13742876052856, 109.98497772216797, 109.9679262638092,]
