best-result = 776.5705275535583
warmup-time = 854.1764574050903
all-measurements = [ 784.9665551185608, 776.5705275535583, 777.1492929458618,]
