best-result = 33.64393949508667
warmup-time = 42.46223497390747
all-measurements = [ 33.64393949508667, 33.660643577575684, 34.03873610496521,]
