best-result = 53.46413469314575
warmup-time = 69.10210371017456
all-measurements = [ 54.30366039276123, 53.52590584754944, 53.46413469314575,]
