best-result = 49.81395483016968
warmup-time = 70.45756077766418
all-measurements = [ 49.987791538238525, 49.81395483016968, 50.30890703201294,]
