best-result = 80.45198106765747
warmup-time = 98.98513913154602
all-measurements = [ 81.43949818611145, 80.45198106765747, 80.86034941673279,]
