best-result = 35.37683057785034
warmup-time = 44.960076332092285
all-measurements = [ 35.51435828208923, 35.81311392784119, 35.37683057785034,]
