best-result = 350.784353017807
warmup-time = 519.4349069595337
all-measurements = [ 350.784353017807, 359.5691623687744, 367.6745295524597,]
