best-result = 103.63752484321594
warmup-time = 104.16774988174438
all-measurements = [ 103.63752484321594, 104.18118619918823, 104.43922448158264,]
