best-result = 21.49707007408142
warmup-time = 21.835001945495605
all-measurements = [ 21.49707007408142, 21.582254886627197, 21.637768983840942,]
