best-result = 46.58157563209534
warmup-time = 62.97207689285278
all-measurements = [ 47.12698197364807, 46.58157563209534, 46.58213925361633,]
