best-result = 46.37327337265015
warmup-time = 60.58830261230469
all-measurements = [ 46.683430910110474, 46.778751850128174, 46.37327337265015,]
