best-result = 974.0513100624084
warmup-time = 1176.4990723133087
all-measurements = [ 974.0513100624084, 980.7097868919373, 975.7152369022369,]
