best-result = 81.1977219581604
warmup-time = 93.08996653556824
all-measurements = [ 81.68688035011292, 81.1977219581604, 81.70525860786438,]
