best-result = 77.61460494995117
warmup-time = 99.11914300918579
all-measurements = [ 78.45590853691101, 77.67637658119202, 77.61460494995117,]
