best-result = 68.09311723709106
warmup-time = 93.01644015312195
all-measurements = [ 69.38815474510193, 68.09311723709106, 68.8556547164917,]
