best-result = 83.67878484725952
warmup-time = 97.38677263259888
all-measurements = [ 83.78472661972046, 83.67878484725952, 84.54864621162415,]
