best-result = 591.8992447853088
warmup-time = 608.4843692779541
all-measurements = [ 593.9619443416595, 592.7400724887848, 591.8992447853088,]
