best-result = 61.900867223739624
warmup-time = 78.17621564865112
all-measurements = [ 61.99557328224182, 62.08354640007019, 61.900867223739624,]
