best-result = 229.49452686309814
warmup-time = 395.805787563324
all-measurements = [ 231.88384914398193, 229.49452686309814, 233.56731295585632,]
