best-result = 438.6936671733856
warmup-time = 904.0664372444153
all-measurements = [ 438.6936671733856, 440.516161441803, 439.31577706336975,]
