best-result = 59.68884778022766
warmup-time = 75.64930415153503
all-measurements = [ 60.006941080093384, 59.71648287773132, 59.68884778022766,]
