best-result = 854.8170094490051
warmup-time = 891.3413000106812
all-measurements = [ 858.0252964496613, 857.4511947631836, 854.8170094490051,]
