best-result = 26.698047399520874
warmup-time = 36.43230843544006
all-measurements = [ 26.698047399520874, 26.864096641540527, 27.05241370201111,]
