best-result = 58.14961814880371
warmup-time = 71.67129015922546
all-measurements = [ 58.14961814880371, 58.29807472229004, 58.22335720062256,]
