best-result = 55.66994380950928
warmup-time = 68.39164757728577
all-measurements = [ 55.66994380950928, 56.206687688827515, 55.96918702125549,]
