best-result = 108.90775179862976
warmup-time = 137.89359140396118
all-measurements = [ 108.90775179862976, 109.65160942077637, 109.3281557559967,]
