best-result = 764.8124070167542
warmup-time = 835.5857281684875
all-measurements = [ 765.993480682373, 770.532880783081, 764.8124070167542,]
