best-result = 33.28970146179199
warmup-time = 40.81016564369202
all-measurements = [ 33.62406635284424, 33.28970146179199, 33.55475640296936,]
