best-result = 52.88823938369751
warmup-time = 67.68581986427307
all-measurements = [ 53.46641993522644, 52.88823938369751, 52.93994760513306,]
