best-result = 48.822173833847046
warmup-time = 67.09460425376892
all-measurements = [ 49.825413942337036, 49.66730761528015, 48.822173833847046,]
