best-result = 78.20929050445557
warmup-time = 96.45551466941833
all-measurements = [ 78.20929050445557, 78.73145961761475, 78.81768250465393,]
