best-result = 35.51115441322327
warmup-time = 44.414371728897095
all-measurements = [ 35.51115441322327, 35.92116069793701, 35.748724937438965,]
