best-result = 346.89218401908875
warmup-time = 487.343492269516
all-measurements = [ 349.96700716018677, 376.24505639076233, 346.89218401908875,]
