best-result = 102.69747352600098
warmup-time = 102.70447564125061
all-measurements = [ 102.79385113716125, 102.69747352600098, 103.32630467414856,]
