best-result = 22.530328512191772
warmup-time = 22.55854845046997
all-measurements = [ 22.845316648483276, 22.530328512191772, 22.721985578536987,]
