best-result = 46.36739635467529
warmup-time = 61.59900641441345
all-measurements = [ 46.36739635467529, 47.279014348983765, 46.810840368270874,]
