best-result = 46.34690308570862
warmup-time = 58.05342411994934
all-measurements = [ 47.244566202163696, 46.34690308570862, 46.49569606781006,]
