best-result = 930.629323720932
warmup-time = 1127.5591773986816
all-measurements = [ 930.629323720932, 948.6383335590363, 936.4194028377533,]
