best-result = 85.00633549690247
warmup-time = 99.23941802978516
all-measurements = [ 85.6925802230835, 85.08813810348511, 85.00633549690247,]
