best-result = 81.98646068572998
warmup-time = 104.32344341278076
all-measurements = [ 82.52804946899414, 81.98646068572998, 82.2109956741333,]
