best-result = 70.04889273643494
warmup-time = 92.32799959182739
all-measurements = [ 70.04889273643494, 70.99129343032837, 70.63076043128967,]
