best-result = 91.07269811630249
warmup-time = 104.64408493041992
all-measurements = [ 91.07269811630249, 91.71029663085938, 91.7697274684906,]
