best-result = 635.9378082752228
warmup-time = 656.1065502166748
all-measurements = [ 639.7472116947174, 635.9378082752228, 638.1319034099579,]
