best-result = 64.27367377281189
warmup-time = 81.66711187362671
all-measurements = [ 64.88537955284119, 64.27367377281189, 65.03863453865051,]
