best-result = 221.00830078125
warmup-time = 371.01901268959045
all-measurements = [ 222.54772067070007, 222.85067486763, 221.00830078125,]
