best-result = 438.28740763664246
warmup-time = 874.7930281162262
all-measurements = [ 438.28740763664246, 443.2270667552948, 441.5156104564667,]
