best-result = 61.34722852706909
warmup-time = 78.0175769329071
all-measurements = [ 61.84871983528137, 61.34722852706909, 61.91988134384155,]
