best-result = 142.05129599571228
warmup-time = 171.34518957138062
all-measurements = [ 142.69441843032837, 144.1215250492096, 142.05129599571228,]
