best-result = 888.4125435352325
warmup-time = 917.0937452316284
all-measurements = [ 891.502142906189, 888.4125435352325, 889.9741320610046,]
