best-result = 27.280420541763306
warmup-time = 36.246713399887085
all-measurements = [ 27.280420541763306, 27.650116205215454, 27.334251880645752,]
