best-result = 58.25222969055176
warmup-time = 72.33912348747253
all-measurements = [ 58.25222969055176, 58.39291739463806, 59.37156391143799,]
