best-result = 58.92913246154785
warmup-time = 71.86292815208435
all-measurements = [ 59.125240325927734, 58.92913246154785, 59.04186296463013,]
