best-result = 110.90456914901733
warmup-time = 139.71481776237488
all-measurements = [ 111.21894860267639, 110.90456914901733, 111.0874490737915,]
