best-result = 789.7158362865448
warmup-time = 856.191995382309
all-measurements = [ 814.4024214744568, 789.7158362865448, 790.0953586101532,]
