best-result = 33.349971771240234
warmup-time = 41.91634440422058
all-measurements = [ 33.349971771240234, 33.80959463119507, 33.81233310699463,]
