best-result = 54.76662349700928
warmup-time = 70.82534193992615
all-measurements = [ 55.30264639854431, 55.175782680511475, 54.76662349700928,]
