best-result = 2246.1869575977325
warmup-time = 4033.17235994339
all-measurements = [ 2246.1869575977325, 3598.2781772613525, 3123.3725855350494,]
