best-result = 49.22078323364258
warmup-time = 71.75543737411499
all-measurements = [ 49.34183621406555, 49.22078323364258, 49.35377240180969,]
