best-result = 78.13134098052979
warmup-time = 97.55567026138306
all-measurements = [ 78.7386372089386, 78.13134098052979, 78.70158624649048,]
