best-result = 36.530975103378296
warmup-time = 45.220850706100464
all-measurements = [ 36.530975103378296, 36.864444732666016, 37.469003677368164,]
