best-result = 351.0010085105896
warmup-time = 492.8047320842743
all-measurements = [ 356.19863724708557, 357.29843831062317, 351.0010085105896,]
