best-result = 58.76083946228027
warmup-time = 60.05579090118408
all-measurements = [ 59.43870806694031, 58.76083946228027, 59.34191417694092,]
