best-result = 25.69205927848816
warmup-time = 26.109906911849976
all-measurements = [ 26.048434734344482, 26.60920786857605, 25.69205927848816,]
