best-result = 38.52133369445801
warmup-time = 39.551809549331665
all-measurements = [ 38.52133369445801, 39.619274616241455, 38.756670236587524,]
