best-result = 30.197614669799805
warmup-time = 31.200641632080078
all-measurements = [ 30.197614669799805, 30.753660917282104, 30.604254007339478,]
