best-result = 258.05534982681274
warmup-time = 266.44018507003784
all-measurements = [ 258.46300315856934, 258.76452827453613, 258.05534982681274,]
