best-result = 36.339874505996704
warmup-time = 36.87270975112915
all-measurements = [ 36.339874505996704, 37.07855772972107, 36.36632561683655,]
