best-result = 118.1831123828888
warmup-time = 120.18991279602051
all-measurements = [ 118.1831123828888, 119.0174515247345, 121.76091170310974,]
