best-result = 40.34676694869995
warmup-time = 40.37427854537964
all-measurements = [ 40.84070038795471, 40.95003533363342, 40.34676694869995,]
