best-result = 48.62367272377014
warmup-time = 48.82858371734619
all-measurements = [ 50.27440094947815, 49.85111045837402, 48.62367272377014,]
