best-result = 33.34262776374817
warmup-time = 33.40557408332825
all-measurements = [ 34.72976803779602, 33.34262776374817, 33.793968200683594,]
