best-result = 37.16941809654236
warmup-time = 38.098581075668335
all-measurements = [ 38.02802538871765, 37.473726987838745, 37.16941809654236,]
