best-result = 59.9223108291626
warmup-time = 57.92871403694153
all-measurements = [ 62.00365233421326, 60.877073764801025, 59.9223108291626,]
