best-result = 227.07250118255615
warmup-time = 231.39953637123108
all-measurements = [ 229.1746699810028, 231.4337878227234, 227.07250118255615,]
