best-result = 517.0824790000916
warmup-time = 523.9720919132233
all-measurements = [ 539.7431979179382, 519.231262922287, 517.0824790000916,]
