best-result = 36.00482988357544
warmup-time = 36.31930994987488
all-measurements = [ 36.78671860694885, 36.00482988357544, 36.86444640159607,]
