best-result = 28.96209454536438
warmup-time = 29.153578281402588
all-measurements = [ 28.96209454536438, 29.28152084350586, 29.631387948989868,]
