best-result = 69.55766105651855
warmup-time = 77.20151567459106
all-measurements = [ 69.55766105651855, 79.54089617729187, 74.03653478622437,]
