best-result = 61.342758655548096
warmup-time = 63.66283917427063
all-measurements = [ 62.123082399368286, 61.45078253746033, 61.342758655548096,]
