best-result = 29.40505361557007
warmup-time = 29.257229804992676
all-measurements = [ 29.82332754135132, 29.40505361557007, 30.174022912979126,]
