best-result = 32.815903186798096
warmup-time = 35.18985462188721
all-measurements = [ 32.815903186798096, 35.36139726638794, 35.543558835983276,]
