best-result = 34.3238000869751
warmup-time = 36.71590566635132
all-measurements = [ 35.69330430030823, 34.3238000869751, 36.24395179748535,]
