best-result = 42.400657653808594
warmup-time = 44.017141342163086
all-measurements = [ 44.381108045578, 43.11585307121277, 42.400657653808594,]
