best-result = 96.61227536201477
warmup-time = 97.73325729370117
all-measurements = [ 99.09304141998291, 97.48457622528076, 96.61227536201477,]
