best-result = 29.03972601890564
warmup-time = 30.287081003189087
all-measurements = [ 29.03972601890564, 29.465319871902466, 29.422916650772095,]
