best-result = 34.1699378490448
warmup-time = 35.68164873123169
all-measurements = [ 35.52764558792114, 34.1699378490448, 35.390429973602295,]
