best-result = 93.42044854164124
warmup-time = 89.30490374565125
all-measurements = [ 96.06732559204102, 96.97341966629028, 93.42044854164124,]
