best-result = 38.96307587623596
warmup-time = 39.122944593429565
all-measurements = [ 38.96307587623596, 39.40313267707825, 39.81220197677612,]
