best-result = 42.81198000907898
warmup-time = 44.016425371170044
all-measurements = [ 46.54508066177368, 43.71038818359375, 42.81198000907898,]
