best-result = 27.344372987747192
warmup-time = 27.588109254837036
all-measurements = [ 28.73654580116272, 29.13993263244629, 27.344372987747192,]
