best-result = 651.3381235599518
warmup-time = 704.3994190692902
all-measurements = [ 657.3290164470673, 655.2488729953766, 651.3381235599518,]
