best-result = 172.41514587402344
warmup-time = 176.00432634353638
all-measurements = [ 173.38053584098816, 172.41514587402344, 173.95883512496948,]
