best-result = 67.37990498542786
warmup-time = 64.5297462940216
all-measurements = [ 71.19892740249634, 70.06257224082947, 67.37990498542786,]
