best-result = 25.82845449447632
warmup-time = 26.296607732772827
all-measurements = [ 26.15623450279236, 25.82845449447632, 26.05739164352417,]
