best-result = 38.97274971008301
warmup-time = 38.54562997817993
all-measurements = [ 39.145642042160034, 39.21755313873291, 38.97274971008301,]
