best-result = 30.52797293663025
warmup-time = 30.771841764450073
all-measurements = [ 30.641830921173096, 30.52797293663025, 31.04936408996582,]
