best-result = 254.14859628677368
warmup-time = 263.9543755054474
all-measurements = [ 254.14859628677368, 259.4635055065155, 255.21151638031006,]
