best-result = 35.4775071144104
warmup-time = 37.08223056793213
all-measurements = [ 36.09146690368652, 35.4775071144104, 36.41312217712402,]
