best-result = 119.18338060379028
warmup-time = 121.70411157608032
all-measurements = [ 119.18338060379028, 119.28810429573059, 120.19156670570374,]
