best-result = 40.33343720436096
warmup-time = 40.91146183013916
all-measurements = [ 41.28216075897217, 40.86575770378113, 40.33343720436096,]
