best-result = 48.47698712348938
warmup-time = 49.0810112953186
all-measurements = [ 49.494839906692505, 49.154454946517944, 48.47698712348938,]
