best-result = 33.645559310913086
warmup-time = 33.75174379348755
all-measurements = [ 33.680359840393066, 34.54624319076538, 33.645559310913086,]
