best-result = 37.593265533447266
warmup-time = 37.21129894256592
all-measurements = [ 37.70595908164978, 37.593265533447266, 37.75159287452698,]
