best-result = 59.235267877578735
warmup-time = 61.39732003211975
all-measurements = [ 60.448718786239624, 59.235267877578735, 62.64180588722229,]
