best-result = 226.54314136505127
warmup-time = 227.08774375915527
all-measurements = [ 226.54314136505127, 228.27604913711548, 226.82515454292297,]
