best-result = 514.2479655742645
warmup-time = 518.9826717376709
all-measurements = [ 514.2479655742645, 537.6924014091492, 516.7323534488678,]
