best-result = 34.87572932243347
warmup-time = 36.662877559661865
all-measurements = [ 35.30762028694153, 34.87572932243347, 36.97237968444824,]
