best-result = 28.996259689331055
warmup-time = 29.47603988647461
all-measurements = [ 28.996259689331055, 29.468539476394653, 29.91731309890747,]
