best-result = 79.01551795005798
warmup-time = 72.40519595146179
all-measurements = [ 80.25275993347168, 79.01551795005798, 81.17230272293091,]
