best-result = 61.432899713516235
warmup-time = 62.32374310493469
all-measurements = [ 61.744871616363525, 61.432899713516235, 61.78634548187256,]
