best-result = 28.784841537475586
warmup-time = 30.101722717285156
all-measurements = [ 29.060606718063354, 28.784841537475586, 29.42836833000183,]
