best-result = 35.26807951927185
warmup-time = 35.20368695259094
all-measurements = [ 35.26807951927185, 35.50130319595337, 36.02525067329407,]
