best-result = 35.34568691253662
warmup-time = 36.50388026237488
all-measurements = [ 35.696396827697754, 35.34568691253662, 35.6235933303833,]
