best-result = 42.49168634414673
warmup-time = 44.24410820007324
all-measurements = [ 43.87473177909851, 45.53341794013977, 42.49168634414673,]
