best-result = 94.20115661621094
warmup-time = 102.53012728691101
all-measurements = [ 94.20115661621094, 96.6611680984497, 98.51372861862183,]
