best-result = 27.612072944641113
warmup-time = 29.454588651657104
all-measurements = [ 30.238812923431396, 28.80805540084839, 27.612072944641113,]
