best-result = 34.605104207992554
warmup-time = 35.14106011390686
all-measurements = [ 35.62436604499817, 34.605104207992554, 35.49182200431824,]
