best-result = 93.54124188423157
warmup-time = 92.3801007270813
all-measurements = [ 97.13095879554749, 93.54124188423157, 96.18014144897461,]
