best-result = 39.84176206588745
warmup-time = 40.82059931755066
all-measurements = [ 39.919193744659424, 41.05564785003662, 39.84176206588745,]
