best-result = 43.97377133369446
warmup-time = 43.98381495475769
all-measurements = [ 43.97377133369446, 44.10258769989014, 45.31601905822754,]
