best-result = 28.77075695991516
warmup-time = 29.365628719329834
all-measurements = [ 28.77075695991516, 29.118241786956787, 28.812474489212036,]
