best-result = 648.3290419578552
warmup-time = 703.6651637554169
all-measurements = [ 648.3290419578552, 650.7450065612793, 666.6760568618774,]
