best-result = 170.16245818138123
warmup-time = 173.4625062942505
all-measurements = [ 174.94844150543213, 171.75200986862183, 170.16245818138123,]
