best-result = 57.15264272689819
warmup-time = 65.68061852455139
all-measurements = [ 65.04716300964355, 66.69213104248047, 57.15264272689819,]
