best-result = 21.32747197151184
warmup-time = 22.55515432357788
all-measurements = [ 21.446852684020996, 21.72459125518799, 21.32747197151184,]
