best-result = 47.022095918655396
warmup-time = 62.3551607131958
all-measurements = [ 47.12086081504822, 47.022095918655396, 47.387046098709106,]
