best-result = 46.534712076187134
warmup-time = 60.56225895881653
all-measurements = [ 46.70237326622009, 46.534712076187134, 47.536271810531616,]
