best-result = 992.4980454444885
warmup-time = 1220.6188452243805
all-measurements = [ 992.4980454444885, 998.5600910186768, 1006.4775705337524,]
