best-result = 81.21532130241394
warmup-time = 95.59263396263123
all-measurements = [ 81.21532130241394, 81.59972405433655, 82.10488152503967,]
