best-result = 78.48182415962219
warmup-time = 101.66659045219421
all-measurements = [ 78.48182415962219, 78.63169622421265, 79.31098365783691,]
