best-result = 68.52389693260193
warmup-time = 92.84585523605347
all-measurements = [ 70.44331955909729, 70.53616499900818, 68.52389693260193,]
