best-result = 84.26058983802795
warmup-time = 99.75774765014648
all-measurements = [ 84.41731524467468, 85.75250029563904, 84.26058983802795,]
