best-result = 593.9007630348206
warmup-time = 612.1489627361298
all-measurements = [ 602.778950214386, 598.4203271865845, 593.9007630348206,]
