best-result = 62.966601848602295
warmup-time = 76.63675689697266
all-measurements = [ 64.046560049057, 62.966601848602295, 64.11091685295105,]
