best-result = 233.371084690094
warmup-time = 409.28823232650757
all-measurements = [ 233.85214138031006, 233.371084690094, 236.209965467453,]
