best-result = 438.31064200401306
warmup-time = 965.4562494754791
all-measurements = [ 438.31064200401306, 439.7318139076233, 439.8727276325226,]
