best-result = 59.50508379936218
warmup-time = 77.75993585586548
all-measurements = [ 59.50508379936218, 61.04230093955994, 59.908745765686035,]
