best-result = 861.548122882843
warmup-time = 909.7618162631989
all-measurements = [ 870.5583307743073, 868.089456319809, 861.548122882843,]
