best-result = 26.704933643341064
warmup-time = 35.059072732925415
all-measurements = [ 26.889962434768677, 26.704933643341064, 32.321688175201416,]
