best-result = 58.54033136367798
warmup-time = 86.4850525856018
all-measurements = [ 60.45256185531616, 59.63671684265137, 58.54033136367798,]
