best-result = 55.72344446182251
warmup-time = 69.92234015464783
all-measurements = [ 55.72344446182251, 55.75317907333374, 56.10134983062744,]
