best-result = 108.61895942687988
warmup-time = 140.26748609542847
all-measurements = [ 109.69360160827637, 109.34389066696167, 108.61895942687988,]
