best-result = 773.4831049442291
warmup-time = 845.681732416153
all-measurements = [ 780.0418374538422, 776.3878381252289, 773.4831049442291,]
