best-result = 33.32830834388733
warmup-time = 41.23010468482971
all-measurements = [ 33.76809287071228, 34.5239691734314, 33.32830834388733,]
