best-result = 52.79192042350769
warmup-time = 69.04250049591064
all-measurements = [ 53.06554698944092, 52.924784898757935, 52.79192042350769,]
