best-result = 50.1341757774353
warmup-time = 70.03631353378296
all-measurements = [ 51.36580848693848, 50.1341757774353, 50.71073269844055,]
