best-result = 80.06540560722351
warmup-time = 97.71130132675171
all-measurements = [ 80.06540560722351, 81.513845205307, 81.13188815116882,]
