best-result = 35.63758873939514
warmup-time = 45.352083921432495
all-measurements = [ 36.54269742965698, 35.72088122367859, 35.63758873939514,]
