best-result = 352.6678993701935
warmup-time = 509.1206500530243
all-measurements = [ 359.71274399757385, 357.6962423324585, 352.6678993701935,]
