best-result = 103.05836510658264
warmup-time = 102.52666425704956
all-measurements = [ 103.05836510658264, 103.28613328933716, 103.87976002693176,]
