best-result = 26.990445613861084
warmup-time = 26.96605396270752
all-measurements = [ 28.646964073181152, 26.990445613861084, 27.36951231956482,]
