best-result = 39.58422660827637
warmup-time = 42.15950584411621
all-measurements = [ 41.283971548080444, 39.58422660827637, 40.07953715324402,]
