best-result = 33.484264612197876
warmup-time = 34.085984230041504
all-measurements = [ 34.02564024925232, 35.327351331710815, 33.484264612197876,]
