best-result = 286.09193110466003
warmup-time = 285.8993248939514
all-measurements = [ 288.65993571281433, 286.09193110466003, 288.0464942455292,]
