best-result = 38.0439088344574
warmup-time = 38.88559603691101
all-measurements = [ 38.74256944656372, 38.0439088344574, 39.14133071899414,]
