best-result = 44.817609548568726
warmup-time = 44.48964881896973
all-measurements = [ 46.21509885787964, 44.817609548568726, 45.29870414733887,]
