best-result = 53.07465982437134
warmup-time = 54.17031693458557
all-measurements = [ 53.398354291915894, 54.365570068359375, 53.07465982437134,]
