best-result = 36.74421453475952
warmup-time = 36.76750564575195
all-measurements = [ 36.94875478744507, 36.965158224105835, 36.74421453475952,]
