best-result = 39.768218994140625
warmup-time = 42.25689244270325
all-measurements = [ 39.768218994140625, 40.88741707801819, 42.43683457374573,]
