best-result = 62.98981785774231
warmup-time = 63.13319492340088
all-measurements = [ 65.545725107193, 62.98981785774231, 66.91863560676575,]
