best-result = 255.6336326599121
warmup-time = 259.1128783226013
all-measurements = [ 256.5069797039032, 258.44291853904724, 255.6336326599121,]
