best-result = 597.5963134765625
warmup-time = 595.2846677303314
all-measurements = [ 597.5963134765625, 598.9021413326263, 598.4712569713593,]
