best-result = 36.919976472854614
warmup-time = 38.46496653556824
all-measurements = [ 39.17944622039795, 38.955578565597534, 36.919976472854614,]
