best-result = 68.19150447845459
warmup-time = 68.45083045959473
all-measurements = [ 68.19150447845459, 68.3886411190033, 70.6132960319519,]
