best-result = 28.91992163658142
warmup-time = 28.936872243881226
all-measurements = [ 29.664494276046753, 29.489516258239746, 28.91992163658142,]
