best-result = 37.99367547035217
warmup-time = 38.26547193527222
all-measurements = [ 38.59374785423279, 39.308950901031494, 37.99367547035217,]
