best-result = 35.52740693092346
warmup-time = 36.003212451934814
all-measurements = [ 36.62740898132324, 36.1033251285553, 35.52740693092346,]
