best-result = 45.058854818344116
warmup-time = 47.51201558113098
all-measurements = [ 45.058854818344116, 47.0677764415741, 45.79011559486389,]
