best-result = 106.82714366912842
warmup-time = 109.15142154693604
all-measurements = [ 106.82714366912842, 108.62877035140991, 108.94869256019592,]
