best-result = 28.766040325164795
warmup-time = 29.55664873123169
all-measurements = [ 31.262535095214844, 28.766040325164795, 31.13317060470581,]
