best-result = 36.56702256202698
warmup-time = 38.39321804046631
all-measurements = [ 36.56702256202698, 38.223138093948364, 37.50591993331909,]
