best-result = 42.6123149394989
warmup-time = 42.70994329452515
all-measurements = [ 42.6123149394989, 42.92597937583923, 43.71978998184204,]
