best-result = 46.3858847618103
warmup-time = 49.18826413154602
all-measurements = [ 48.33761644363403, 49.369327783584595, 46.3858847618103,]
