best-result = 29.336434841156006
warmup-time = 29.805140733718872
all-measurements = [ 29.336434841156006, 30.835458755493164, 30.745662450790405,]
