best-result = 735.5870926380157
warmup-time = 746.0758965015411
all-measurements = [ 763.1681530475616, 751.5428357124329, 735.5870926380157,]
