best-result = 198.75111865997314
warmup-time = 196.14352416992188
all-measurements = [ 199.6635558605194, 198.75111865997314, 200.80665826797485,]
