best-result = 46.81931209564209
warmup-time = 48.92173624038696
all-measurements = [ 47.56922626495361, 49.280200719833374, 46.81931209564209,]
