best-result = 21.454899072647095
warmup-time = 22.19955539703369
all-measurements = [ 22.109465837478638, 21.454899072647095, 22.63001799583435,]
