best-result = 46.893088817596436
warmup-time = 63.45591115951538
all-measurements = [ 46.893088817596436, 47.226861238479614, 47.40535354614258,]
