best-result = 46.60638952255249
warmup-time = 58.57349395751953
all-measurements = [ 46.73686361312866, 46.885523319244385, 46.60638952255249,]
