best-result = 975.6358914375305
warmup-time = 1184.0956342220306
all-measurements = [ 991.6342325210571, 975.6358914375305, 985.8767137527466,]
