best-result = 81.72058415412903
warmup-time = 96.87047219276428
all-measurements = [ 81.72058415412903, 82.58689737319946, 82.41100764274597,]
