best-result = 78.79053711891174
warmup-time = 99.62780380249023
all-measurements = [ 78.79053711891174, 79.10691714286804, 78.9190890789032,]
