best-result = 68.69472622871399
warmup-time = 91.74692034721375
all-measurements = [ 70.22660970687866, 68.7620165348053, 68.69472622871399,]
