best-result = 83.61119651794434
warmup-time = 97.90325284004211
all-measurements = [ 84.19971561431885, 84.32204794883728, 83.61119651794434,]
