best-result = 593.0530319213867
warmup-time = 609.1592972278595
all-measurements = [ 593.2603318691254, 593.1434791088104, 593.0530319213867,]
