best-result = 61.95915865898132
warmup-time = 78.42349624633789
all-measurements = [ 61.95915865898132, 62.595858097076416, 62.34747815132141,]
