best-result = 229.17682909965515
warmup-time = 395.48312640190125
all-measurements = [ 229.17682909965515, 229.2511487007141, 230.29065799713135,]
