best-result = 441.2925214767456
warmup-time = 912.1705045700073
all-measurements = [ 446.03778290748596, 441.2925214767456, 445.029931306839,]
