best-result = 60.04379415512085
warmup-time = 77.70132327079773
all-measurements = [ 60.04379415512085, 60.076905965805054, 60.14299654960632,]
