best-result = 859.1178658008575
warmup-time = 891.8854372501373
all-measurements = [ 880.646803855896, 861.0552177429199, 859.1178658008575,]
