best-result = 27.02590560913086
warmup-time = 34.46851301193237
all-measurements = [ 27.02590560913086, 27.04035258293152, 27.154708862304688,]
