best-result = 58.21244716644287
warmup-time = 70.1998302936554
all-measurements = [ 58.21244716644287, 58.27170395851135, 59.14350509643555,]
