best-result = 55.771095514297485
warmup-time = 68.36395621299744
all-measurements = [ 56.094093799591064, 55.771095514297485, 56.14705181121826,]
