best-result = 108.48844289779663
warmup-time = 138.97349905967712
all-measurements = [ 109.5049500465393, 108.89800262451172, 108.48844289779663,]
