best-result = 771.0539336204529
warmup-time = 838.894837141037
all-measurements = [ 773.0364809036255, 771.0539336204529, 775.1445646286011,]
