best-result = 33.67361831665039
warmup-time = 41.61464166641235
all-measurements = [ 34.091293811798096, 33.67361831665039, 33.735615491867065,]
