best-result = 53.1353816986084
warmup-time = 68.63069820404053
all-measurements = [ 53.1353816986084, 53.46112418174744, 54.08639311790466,]
