best-result = 49.91649508476257
warmup-time = 69.69186496734619
all-measurements = [ 50.476977586746216, 49.91649508476257, 50.20939087867737,]
