best-result = 78.28845858573914
warmup-time = 98.94587707519531
all-measurements = [ 78.28845858573914, 78.66911911964417, 79.01937079429626,]
