best-result = 35.740288496017456
warmup-time = 45.14892864227295
all-measurements = [ 36.222639322280884, 35.81510400772095, 35.740288496017456,]
