best-result = 344.54322504997253
warmup-time = 486.11061573028564
all-measurements = [ 344.54322504997253, 346.84153008461, 347.5130515098572,]
