best-result = 103.06092500686646
warmup-time = 103.00881624221802
all-measurements = [ 103.78388738632202, 103.81505465507507, 103.06092500686646,]
