best-result = 25.54963445663452
warmup-time = 26.398118257522583
all-measurements = [ 25.579822540283203, 25.746798515319824, 25.54963445663452,]
