best-result = 34.42575001716614
warmup-time = 37.32142114639282
all-measurements = [ 38.857863903045654, 34.42575001716614, 36.82475662231445,]
