best-result = 30.821990728378296
warmup-time = 31.638107776641846
all-measurements = [ 31.202784776687622, 31.66931915283203, 30.821990728378296,]
