best-result = 281.15504693984985
warmup-time = 285.59219622612
all-measurements = [ 281.8690903186798, 281.15504693984985, 284.55815529823303,]
