best-result = 35.74433636665344
warmup-time = 37.7914674282074
all-measurements = [ 35.74433636665344, 36.8729043006897, 36.04319190979004,]
