best-result = 113.57166862487793
warmup-time = 117.7973325252533
all-measurements = [ 116.70896196365356, 115.4842209815979, 113.57166862487793,]
