best-result = 40.64517951011658
warmup-time = 41.92206072807312
all-measurements = [ 42.296645402908325, 41.26394987106323, 40.64517951011658,]
