best-result = 48.58299136161804
warmup-time = 50.855440616607666
all-measurements = [ 48.58299136161804, 49.78995895385742, 49.024654150009155,]
