best-result = 33.403098583221436
warmup-time = 33.360090255737305
all-measurements = [ 33.403098583221436, 33.86272144317627, 33.64633822441101,]
