best-result = 60.75039768218994
warmup-time = 62.73055720329285
all-measurements = [ 65.02016019821167, 60.75039768218994, 65.77727818489075,]
