best-result = 239.93292474746704
warmup-time = 245.94806337356567
all-measurements = [ 239.93292474746704, 241.08963704109192, 241.75520372390747,]
