best-result = 544.3150391578674
warmup-time = 545.2818083763123
all-measurements = [ 546.1256754398346, 544.3150391578674, 544.9840567111969,]
