best-result = 36.13164472579956
warmup-time = 37.10066270828247
all-measurements = [ 36.90140914916992, 36.13164472579956, 36.756200551986694,]
