best-result = 28.698904514312744
warmup-time = 29.393518209457397
all-measurements = [ 28.756959915161133, 28.963009357452393, 28.698904514312744,]
