best-result = 78.16121220588684
warmup-time = 75.9917197227478
all-measurements = [ 80.30730414390564, 79.62782382965088, 78.16121220588684,]
