best-result = 61.8471257686615
warmup-time = 64.58281803131104
all-measurements = [ 64.29036855697632, 62.57023882865906, 61.8471257686615,]
