best-result = 26.87761878967285
warmup-time = 29.326711177825928
all-measurements = [ 27.413559913635254, 27.53297519683838, 26.87761878967285,]
