best-result = 35.000492334365845
warmup-time = 35.739511489868164
all-measurements = [ 35.399786949157715, 35.000492334365845, 35.495439767837524,]
