best-result = 33.382944107055664
warmup-time = 35.15089297294617
all-measurements = [ 33.382944107055664, 33.41151809692383, 34.322421073913574,]
