best-result = 41.97270154953003
warmup-time = 44.65363788604736
all-measurements = [ 44.12496256828308, 41.97270154953003, 42.987682819366455,]
