best-result = 98.0046489238739
warmup-time = 102.79943084716797
all-measurements = [ 98.0046489238739, 99.38090777397156, 99.22478771209717,]
