best-result = 27.025797605514526
warmup-time = 29.670846700668335
all-measurements = [ 28.14265489578247, 27.050926446914673, 27.025797605514526,]
