best-result = 33.74697399139404
warmup-time = 34.651859760284424
all-measurements = [ 34.417609214782715, 33.74697399139404, 35.62676477432251,]
