best-result = 89.82175302505493
warmup-time = 91.2829282283783
all-measurements = [ 91.76566243171692, 100.08463263511658, 89.82175302505493,]
