best-result = 39.43656897544861
warmup-time = 39.290393352508545
all-measurements = [ 39.531386375427246, 39.90149188041687, 39.43656897544861,]
