best-result = 44.76469659805298
warmup-time = 43.307228088378906
all-measurements = [ 45.06341862678528, 44.76469659805298, 47.410898208618164,]
