best-result = 28.51736545562744
warmup-time = 29.305778741836548
all-measurements = [ 28.56344985961914, 29.120755195617676, 28.51736545562744,]
