best-result = 724.2104375362396
warmup-time = 755.2017557621002
all-measurements = [ 732.4740781784058, 724.2104375362396, 726.1464869976044,]
