best-result = 181.3199028968811
warmup-time = 182.835116147995
all-measurements = [ 181.3199028968811, 184.33810472488403, 184.66730785369873,]
