best-result = 54.9018714427948
warmup-time = 67.83013796806335
all-measurements = [ 54.9018714427948, 67.95039176940918, 66.8547203540802,]
