best-result = 22.62281823158264
warmup-time = 22.64724040031433
all-measurements = [ 23.128502368927002, 22.62281823158264, 22.930386781692505,]
