best-result = 47.104127645492554
warmup-time = 61.390920639038086
all-measurements = [ 47.41869378089905, 47.104127645492554, 47.504767417907715,]
