best-result = 46.731870889663696
warmup-time = 58.654009103775024
all-measurements = [ 46.731870889663696, 47.06419825553894, 46.80174279212952,]
