best-result = 943.27858710289
warmup-time = 1138.9821817874908
all-measurements = [ 948.5961766242981, 968.5245189666748, 943.27858710289,]
