best-result = 84.57938933372498
warmup-time = 99.55714869499207
all-measurements = [ 84.57938933372498, 85.40357899665833, 84.92191100120544,]
