best-result = 79.74290490150452
warmup-time = 101.19334101676941
all-measurements = [ 79.74290490150452, 80.66878294944763, 81.10182785987854,]
