best-result = 70.13400936126709
warmup-time = 92.76518893241882
all-measurements = [ 70.13400936126709, 70.53148365020752, 70.66038036346436,]
