best-result = 89.7843132019043
warmup-time = 103.47963500022888
all-measurements = [ 89.7843132019043, 90.32299375534058, 91.32139587402344,]
