best-result = 614.2712244987488
warmup-time = 631.9047117233276
all-measurements = [ 614.2712244987488, 619.6839439868927, 616.9326138496399,]
