best-result = 63.932979345321655
warmup-time = 79.76328301429749
all-measurements = [ 64.17430663108826, 63.932979345321655, 64.3949944972992,]
