best-result = 219.23038601875305
warmup-time = 373.74033522605896
all-measurements = [ 219.23038601875305, 220.80529594421387, 224.29973077774048,]
