best-result = 439.7476942539215
warmup-time = 884.2560920715332
all-measurements = [ 445.2677798271179, 439.7476942539215, 440.9334318637848,]
