best-result = 61.664510011672974
warmup-time = 76.21404719352722
all-measurements = [ 62.22389459609985, 61.664510011672974, 62.113704681396484,]
