best-result = 858.0472707748413
warmup-time = 890.9409837722778
all-measurements = [ 858.0472707748413, 859.4312281608582, 861.7948729991913,]
