best-result = 27.525423765182495
warmup-time = 35.57663059234619
all-measurements = [ 27.525423765182495, 27.628597736358643, 28.524070024490356,]
