best-result = 57.409554958343506
warmup-time = 71.73240303993225
all-measurements = [ 58.29267120361328, 57.409554958343506, 57.79412531852722,]
