best-result = 58.452675104141235
warmup-time = 71.90908813476562
all-measurements = [ 59.31288170814514, 58.52147722244263, 58.452675104141235,]
