best-result = 110.59052395820618
warmup-time = 138.43669962882996
all-measurements = [ 132.11810874938965, 115.03068232536316, 110.59052395820618,]
