best-result = 776.2325763702393
warmup-time = 843.9096901416779
all-measurements = [ 776.2325763702393, 779.4139134883881, 780.4880466461182,]
