best-result = 34.079586029052734
warmup-time = 40.61287975311279
all-measurements = [ 34.079586029052734, 34.22376227378845, 34.90906000137329,]
