best-result = 53.2678587436676
warmup-time = 68.58233904838562
all-measurements = [ 53.2678587436676, 53.66292071342468, 53.91477179527283,]
