best-result = 2208.005964040756
warmup-time = 1996.224115371704
all-measurements = [ 2208.005964040756, 2468.1750960350037, 2214.713405609131,]
