best-result = 49.6274094581604
warmup-time = 71.75852918624878
all-measurements = [ 49.6274094581604, 49.71187353134155, 49.84299683570862,]
