best-result = 81.42013478279114
warmup-time = 99.24411296844482
all-measurements = [ 82.5440034866333, 82.73937392234802, 81.42013478279114,]
