best-result = 36.273032665252686
warmup-time = 45.641162157058716
all-measurements = [ 36.30872583389282, 36.5571391582489, 36.273032665252686,]
