best-result = 339.5922780036926
warmup-time = 477.2886073589325
all-measurements = [ 355.5087642669678, 339.5922780036926, 346.37146043777466,]
