best-result = 103.96398305892944
warmup-time = 104.42703294754028
all-measurements = [ 104.58694958686829, 104.6900007724762, 103.96398305892944,]
