best-result = 22.56221032142639
warmup-time = 22.902377367019653
all-measurements = [ 22.731281757354736, 22.56221032142639, 22.72453808784485,]
