best-result = 47.2272744178772
warmup-time = 65.35496258735657
all-measurements = [ 47.57535982131958, 47.46575570106506, 47.2272744178772,]
