best-result = 46.66614627838135
warmup-time = 59.78321719169617
all-measurements = [ 46.72143054008484, 47.37351202964783, 46.66614627838135,]
