best-result = 951.0898690223694
warmup-time = 1156.4861509799957
all-measurements = [ 972.617616891861, 973.7295441627502, 951.0898690223694,]
