best-result = 84.98408937454224
warmup-time = 101.20862102508545
all-measurements = [ 85.2344663143158, 85.72829985618591, 84.98408937454224,]
