best-result = 80.31545829772949
warmup-time = 101.26309847831726
all-measurements = [ 80.79188752174377, 80.31545829772949, 80.86491250991821,]
