best-result = 69.28404188156128
warmup-time = 91.13052129745483
all-measurements = [ 69.70039510726929, 70.24674940109253, 69.28404188156128,]
