best-result = 91.00913858413696
warmup-time = 104.78715467453003
all-measurements = [ 91.00913858413696, 91.63053941726685, 91.03252577781677,]
