best-result = 618.3881306648254
warmup-time = 633.6960990428925
all-measurements = [ 622.4192335605621, 618.3881306648254, 618.852297782898,]
