best-result = 65.07596683502197
warmup-time = 79.74917912483215
all-measurements = [ 65.56342720985413, 65.49962306022644, 65.07596683502197,]
