best-result = 220.39326333999634
warmup-time = 370.28615832328796
all-measurements = [ 221.3087513446808, 222.52805852890015, 220.39326333999634,]
