best-result = 443.9681692123413
warmup-time = 893.3468279838562
all-measurements = [ 445.599072933197, 445.2777578830719, 443.9681692123413,]
