best-result = 61.44080352783203
warmup-time = 79.9792013168335
all-measurements = [ 61.44080352783203, 62.052475452423096, 62.358449935913086,]
