best-result = 863.4459035396576
warmup-time = 890.0448513031006
all-measurements = [ 867.454318523407, 867.9753189086914, 863.4459035396576,]
