best-result = 27.494630813598633
warmup-time = 35.623753786087036
all-measurements = [ 27.494630813598633, 27.499675750732422, 28.221792221069336,]
