best-result = 57.709004640579224
warmup-time = 71.8760175704956
all-measurements = [ 57.709004640579224, 58.158299684524536, 57.89729404449463,]
