best-result = 58.731133699417114
warmup-time = 72.78445744514465
all-measurements = [ 58.731133699417114, 59.214163303375244, 58.964401960372925,]
