best-result = 109.84194684028625
warmup-time = 137.33090257644653
all-measurements = [ 109.84194684028625, 110.33487462997437, 110.37772130966187,]
