best-result = 778.4909954071045
warmup-time = 840.7427151203156
all-measurements = [ 780.5842432975769, 778.4909954071045, 792.0995273590088,]
