best-result = 34.25509738922119
warmup-time = 46.81191277503967
all-measurements = [ 35.92769122123718, 34.25509738922119, 34.61954092979431,]
