best-result = 53.73686480522156
warmup-time = 69.72085070610046
all-measurements = [ 53.73686480522156, 53.9656925201416, 54.161256074905396,]
