best-result = 1547.619112253189
warmup-time = 2828.08039355278
all-measurements = [ 1547.619112253189, 2314.6605820655823, 2096.4254491329193,]
