best-result = 49.577906131744385
warmup-time = 71.65433549880981
all-measurements = [ 49.577906131744385, 49.906354904174805, 50.483421325683594,]
