best-result = 80.73205661773682
warmup-time = 100.67180514335632
all-measurements = [ 80.73205661773682, 81.29810309410095, 82.65217804908752,]
