best-result = 36.34199857711792
warmup-time = 46.04971218109131
all-measurements = [ 36.48697471618652, 36.50231742858887, 36.34199857711792,]
