best-result = 341.1181082725525
warmup-time = 485.3257567882538
all-measurements = [ 343.7794494628906, 349.8285503387451, 341.1181082725525,]
