best-result = 104.27844476699829
warmup-time = 104.72908616065979
all-measurements = [ 106.04404950141907, 104.27844476699829, 104.6637442111969,]
