best-result = 24.820377588272095
warmup-time = 25.20633053779602
all-measurements = [ 25.009172916412354, 25.102592945098877, 24.820377588272095,]
