best-result = 35.720285177230835
warmup-time = 37.43562579154968
all-measurements = [ 37.325188875198364, 36.51566958427429, 35.720285177230835,]
