best-result = 31.38107967376709
warmup-time = 32.07353925704956
all-measurements = [ 32.03279113769531, 31.38107967376709, 32.519917726516724,]
