best-result = 276.61636328697205
warmup-time = 279.22723364830017
all-measurements = [ 279.57033348083496, 276.61636328697205, 289.2257945537567,]
