best-result = 35.46466588973999
warmup-time = 37.06337904930115
all-measurements = [ 35.47359085083008, 35.46466588973999, 36.787314653396606,]
