best-result = 38.92866897583008
warmup-time = 41.328320264816284
all-measurements = [ 38.92866897583008, 41.70166087150574, 42.924495220184326,]
