best-result = 49.87265372276306
warmup-time = 51.12347435951233
all-measurements = [ 51.04125094413757, 49.87265372276306, 51.038230419158936,]
