best-result = 34.192249059677124
warmup-time = 34.43129801750183
all-measurements = [ 35.12191438674927, 34.192249059677124, 34.51290726661682,]
