best-result = 37.1695556640625
warmup-time = 38.1351523399353
all-measurements = [ 37.77108931541443, 37.1695556640625, 38.159796953201294,]
