best-result = 60.495880365371704
warmup-time = 59.6143479347229
all-measurements = [ 60.495880365371704, 62.1781120300293, 61.73471117019653,]
