best-result = 242.13901257514954
warmup-time = 243.14996361732483
all-measurements = [ 242.96893429756165, 245.63828706741333, 242.13901257514954,]
