best-result = 547.7682564258575
warmup-time = 549.6542072296143
all-measurements = [ 549.6112735271454, 548.6326825618744, 547.7682564258575,]
