best-result = 35.55333876609802
warmup-time = 36.85404896736145
all-measurements = [ 37.27360153198242, 35.55333876609802, 35.578204870224,]
