best-result = 65.19777417182922
warmup-time = 67.54622530937195
all-measurements = [ 67.0358452796936, 65.19777417182922, 65.38091492652893,]
