best-result = 27.46579074859619
warmup-time = 27.224592208862305
all-measurements = [ 27.861510038375854, 27.46579074859619, 27.51763367652893,]
