best-result = 33.60940504074097
warmup-time = 33.88083791732788
all-measurements = [ 36.07904076576233, 33.60940504074097, 35.91416525840759,]
