best-result = 31.239306688308716
warmup-time = 33.83859038352966
all-measurements = [ 31.239306688308716, 32.998201847076416, 32.30698847770691,]
