best-result = 43.587159872055054
warmup-time = 43.9301118850708
all-measurements = [ 44.28479838371277, 43.587159872055054, 43.931952238082886,]
