best-result = 98.6334171295166
warmup-time = 98.67724108695984
all-measurements = [ 99.20676708221436, 98.6334171295166, 99.28864860534668,]
