best-result = 26.6595401763916
warmup-time = 28.273858547210693
all-measurements = [ 27.295368432998657, 26.6595401763916, 27.321542501449585,]
