best-result = 33.600674629211426
warmup-time = 33.57858371734619
all-measurements = [ 33.95550870895386, 33.600674629211426, 34.50303411483765,]
