best-result = 38.56898212432861
warmup-time = 38.77255439758301
all-measurements = [ 39.81494355201721, 39.78524684906006, 38.56898212432861,]
