best-result = 42.47642374038696
warmup-time = 44.649391651153564
all-measurements = [ 42.47642374038696, 43.56657528877258, 44.11460995674133,]
