best-result = 27.854549169540405
warmup-time = 27.259944200515747
all-measurements = [ 27.854549169540405, 28.044562101364136, 28.451749801635742,]
