best-result = 696.6925375461578
warmup-time = 717.1383168697357
all-measurements = [ 701.9355299472809, 696.6925375461578, 709.8619968891144,]
