best-result = 179.67013359069824
warmup-time = 184.66037893295288
all-measurements = [ 179.67013359069824, 183.4664764404297, 182.72824811935425,]
