best-result = 42.85147428512573
warmup-time = 44.13911509513855
all-measurements = [ 44.86486268043518, 43.90934705734253, 42.85147428512573,]
