best-result = 23.452264547348022
warmup-time = 23.697401762008667
all-measurements = [ 23.452264547348022, 23.608247995376587, 24.412907123565674,]
