best-result = 47.51715064048767
warmup-time = 65.14197373390198
all-measurements = [ 47.51715064048767, 47.598905086517334, 47.79831528663635,]
