best-result = 47.35762095451355
warmup-time = 59.06962871551514
all-measurements = [ 47.60219597816467, 47.67172288894653, 47.35762095451355,]
