best-result = 910.9731194972992
warmup-time = 1065.5496273040771
all-measurements = [ 922.9380125999451, 913.0181624889374, 910.9731194972992,]
