best-result = 85.6110589504242
warmup-time = 98.83804702758789
all-measurements = [ 85.9773383140564, 85.6110589504242, 85.76108860969543,]
