best-result = 877.9309759140015
warmup-time = 906.9818699359894
all-measurements = [ 877.9309759140015, 883.3285121917725, 878.1026856899261,]
