best-result = 67.13635158538818
warmup-time = 80.41995692253113
all-measurements = [ 67.59920406341553, 67.13635158538818, 67.99881744384766,]
