best-result = 85.15230250358582
warmup-time = 108.91848492622375
all-measurements = [ 85.15230250358582, 86.02585101127625, 85.25007820129395,]
