best-result = 69.53712224960327
warmup-time = 88.02152442932129
all-measurements = [ 69.5689811706543, 69.86635756492615, 69.53712224960327,]
