best-result = 88.16484475135803
warmup-time = 102.03208994865417
all-measurements = [ 88.97485303878784, 89.05618500709534, 88.16484475135803,]
