best-result = 654.6219205856323
warmup-time = 672.8957374095917
all-measurements = [ 657.1160297393799, 684.6495988368988, 654.6219205856323,]
