best-result = 64.08152174949646
warmup-time = 81.15991878509521
all-measurements = [ 64.08152174949646, 64.25532174110413, 64.6642427444458,]
