best-result = 191.92724800109863
warmup-time = 343.28035163879395
all-measurements = [ 194.004243850708, 191.92724800109863, 193.89974069595337,]
