best-result = 393.0273985862732
warmup-time = 827.4054491519928
all-measurements = [ 393.2114338874817, 393.0273985862732, 397.76694774627686,]
