best-result = 63.728017807006836
warmup-time = 79.88421106338501
all-measurements = [ 64.03964686393738, 63.94906544685364, 63.728017807006836,]
