best-result = 41.30243968963623
warmup-time = 49.73701024055481
all-measurements = [ 41.6381151676178, 41.30243968963623, 41.60377550125122,]
