best-result = 137.5942165851593
warmup-time = 170.9360694885254
all-measurements = [ 137.5942165851593, 138.22700953483582, 138.0512113571167,]
