best-result = 952.6855471134186
warmup-time = 991.3141508102417
all-measurements = [ 952.6855471134186, 959.5376765727997, 954.2467112541199,]
