best-result = 28.345035791397095
warmup-time = 37.44442892074585
all-measurements = [ 28.37831449508667, 28.518526554107666, 28.345035791397095,]
