best-result = 60.84891700744629
warmup-time = 73.4918224811554
all-measurements = [ 60.84891700744629, 60.90953040122986, 61.10858416557312,]
