best-result = 60.37657594680786
warmup-time = 74.48358130455017
all-measurements = [ 60.37657594680786, 61.365840911865234, 61.37114930152893,]
