best-result = 110.66168665885925
warmup-time = 137.84127378463745
all-measurements = [ 110.66168665885925, 111.47344756126404, 111.06478548049927,]
