best-result = 782.4809930324554
warmup-time = 842.7803888320923
all-measurements = [ 785.2229464054108, 782.4809930324554, 784.9248414039612,]
