best-result = 34.761749267578125
warmup-time = 41.504722118377686
all-measurements = [ 35.8533501625061, 34.761749267578125, 35.660977602005005,]
