best-result = 56.85165786743164
warmup-time = 72.63156318664551
all-measurements = [ 56.85165786743164, 56.899287700653076, 57.39195799827576,]
