best-result = 2856.788613319397
warmup-time = 2467.957385778427
all-measurements = [ 3017.333956003189, 2856.788613319397, 3551.4000449180603,]
