best-result = 49.723557472229004
warmup-time = 71.17747473716736
all-measurements = [ 50.274134397506714, 50.64084315299988, 49.723557472229004,]
