best-result = 83.05547785758972
warmup-time = 102.19539189338684
all-measurements = [ 83.48748397827148, 83.05547785758972, 83.48783206939697,]
