best-result = 93.66389107704163
warmup-time = 115.64977312088013
all-measurements = [ 93.88892006874084, 94.18915057182312, 93.66389107704163,]
