best-result = 38.23948431015015
warmup-time = 48.12549185752869
all-measurements = [ 38.847129344940186, 38.817684173583984, 38.23948431015015,]
