best-result = 316.6606113910675
warmup-time = 445.54749369621277
all-measurements = [ 327.7898120880127, 316.6606113910675, 319.8889093399048,]
