best-result = 61.364158391952515
warmup-time = 62.07402515411377
all-measurements = [ 62.07762026786804, 61.97622752189636, 61.364158391952515,]
