best-result = 22.400728464126587
warmup-time = 22.550288915634155
all-measurements = [ 22.798978567123413, 22.400728464126587, 23.670268535614014,]
