best-result = 46.115580558776855
warmup-time = 64.00808763504028
all-measurements = [ 46.30268478393555, 46.19616484642029, 46.115580558776855,]
