best-result = 46.17121958732605
warmup-time = 58.13790512084961
all-measurements = [ 46.17121958732605, 46.43483352661133, 46.64523792266846,]
