best-result = 931.8157801628113
warmup-time = 1124.8389840126038
all-measurements = [ 959.3362948894501, 931.8157801628113, 938.6483016014099,]
