best-result = 84.47020411491394
warmup-time = 99.53438997268677
all-measurements = [ 85.15355849266052, 85.20636940002441, 84.47020411491394,]
