best-result = 80.70622992515564
warmup-time = 100.15290331840515
all-measurements = [ 81.08579540252686, 80.70622992515564, 81.10210967063904,]
