best-result = 69.6572515964508
warmup-time = 92.94236207008362
all-measurements = [ 69.77614641189575, 69.6572515964508, 69.91026639938354,]
