best-result = 90.3378221988678
warmup-time = 104.29434823989868
all-measurements = [ 91.94063138961792, 90.3378221988678, 92.8837149143219,]
