best-result = 634.276216506958
warmup-time = 658.7326853275299
all-measurements = [ 640.9069933891296, 634.276216506958, 636.8306257724762,]
