best-result = 64.76473546028137
warmup-time = 81.68003678321838
all-measurements = [ 64.77394723892212, 64.76473546028137, 65.17067837715149,]
