best-result = 216.96662402153015
warmup-time = 365.0494387149811
all-measurements = [ 219.10598397254944, 216.96662402153015, 218.55962800979614,]
