best-result = 449.23797941207886
warmup-time = 889.6397120952606
all-measurements = [ 450.0869526863098, 449.23797941207886, 449.50518107414246,]
