best-result = 61.10270810127258
warmup-time = 77.38552641868591
all-measurements = [ 61.319557905197144, 61.10270810127258, 61.714125871658325,]
