best-result = 140.8476529121399
warmup-time = 173.83328676223755
all-measurements = [ 141.43184232711792, 141.337464094162, 140.8476529121399,]
