best-result = 873.9228103160858
warmup-time = 901.2444598674774
all-measurements = [ 878.5374524593353, 898.4544732570648, 873.9228103160858,]
