best-result = 27.40249729156494
warmup-time = 35.39989876747131
all-measurements = [ 27.511702060699463, 27.40249729156494, 27.414222955703735,]
