best-result = 56.85427904129028
warmup-time = 70.68616151809692
all-measurements = [ 57.04308533668518, 56.85427904129028, 57.42977476119995,]
