best-result = 58.781989097595215
warmup-time = 73.13504934310913
all-measurements = [ 59.08635354042053, 59.529810190200806, 58.781989097595215,]
