best-result = 108.31869626045227
warmup-time = 136.7656261920929
all-measurements = [ 110.1993727684021, 108.94574451446533, 108.31869626045227,]
