best-result = 783.658035993576
warmup-time = 849.3685607910156
all-measurements = [ 783.8193001747131, 785.3509788513184, 783.658035993576,]
