best-result = 33.42486786842346
warmup-time = 40.06225824356079
all-measurements = [ 33.5589919090271, 33.42486786842346, 33.46707558631897,]
