best-result = 53.62998175621033
warmup-time = 70.09439826011658
all-measurements = [ 53.97329044342041, 53.90440821647644, 53.62998175621033,]
