best-result = 2047.2748062610626
warmup-time = 2364.202630996704
all-measurements = [ 2491.2229204177856, 2047.2748062610626, 2065.7210264205933,]
