best-result = 48.80017304420471
warmup-time = 70.44693732261658
all-measurements = [ 49.02221989631653, 48.80017304420471, 49.06662201881409,]
