best-result = 77.54886054992676
warmup-time = 98.98344039916992
all-measurements = [ 77.76692509651184, 77.97426176071167, 77.54886054992676,]
