best-result = 36.3940110206604
warmup-time = 46.35239219665527
all-measurements = [ 36.59652853012085, 36.57506990432739, 36.3940110206604,]
