best-result = 340.448956489563
warmup-time = 481.35912680625916
all-measurements = [ 340.448956489563, 344.3079619407654, 342.015905380249,]
