best-result = 104.21585845947266
warmup-time = 125.46649694442749
all-measurements = [ 104.55025029182434, 105.90269255638123, 104.21585845947266,]
