best-result = 58.5493586063385
warmup-time = 59.85849595069885
all-measurements = [ 59.19418931007385, 59.84656381607056, 58.5493586063385,]
