best-result = 23.438457489013672
warmup-time = 24.293609380722046
all-measurements = [ 23.78390860557556, 23.438457489013672, 23.519975900650024,]
