best-result = 47.347352743148804
warmup-time = 65.55536222457886
all-measurements = [ 47.970606565475464, 47.347352743148804, 47.49911141395569,]
