best-result = 47.16236853599548
warmup-time = 58.49600577354431
all-measurements = [ 47.34489440917969, 47.258033752441406, 47.16236853599548,]
