best-result = 903.4128098487854
warmup-time = 1065.7214493751526
all-measurements = [ 907.1362934112549, 904.2161202430725, 903.4128098487854,]
