best-result = 85.09803104400635
warmup-time = 98.79035258293152
all-measurements = [ 85.67585444450378, 85.09803104400635, 85.29466557502747,]
