best-result = 872.2556672096252
warmup-time = 902.4226078987122
all-measurements = [ 877.9825069904327, 872.2556672096252, 875.9984238147736,]
