best-result = 67.35113525390625
warmup-time = 83.10705184936523
all-measurements = [ 67.9038519859314, 67.35113525390625, 68.26730489730835,]
