best-result = 84.32052397727966
warmup-time = 105.07974004745483
all-measurements = [ 84.32052397727966, 84.76529097557068, 85.13310146331787,]
