best-result = 69.2581295967102
warmup-time = 88.94256234169006
all-measurements = [ 69.2581295967102, 69.62448191642761, 69.84402394294739,]
