best-result = 87.63818550109863
warmup-time = 101.3071186542511
all-measurements = [ 88.03174352645874, 87.63818550109863, 88.04924488067627,]
