best-result = 654.0132155418396
warmup-time = 663.1108300685883
all-measurements = [ 658.2486937046051, 661.2802255153656, 654.0132155418396,]
