best-result = 63.522242307662964
warmup-time = 77.08479380607605
all-measurements = [ 63.522242307662964, 64.86288833618164, 64.72724485397339,]
