best-result = 193.2284128665924
warmup-time = 348.1720154285431
all-measurements = [ 194.67983508110046, 193.2284128665924, 194.51276516914368,]
