best-result = 391.1775767803192
warmup-time = 826.3358597755432
all-measurements = [ 391.1775767803192, 391.8628544807434, 392.9727065563202,]
