best-result = 63.269721269607544
warmup-time = 83.38673973083496
all-measurements = [ 63.89998769760132, 63.56281280517578, 63.269721269607544,]
