best-result = 41.212361574172974
warmup-time = 49.094635009765625
all-measurements = [ 42.47325801849365, 41.36213946342468, 41.212361574172974,]
