best-result = 136.7325427532196
warmup-time = 162.4853904247284
all-measurements = [ 136.9262022972107, 136.7325427532196, 137.58728694915771,]
