best-result = 931.7368822097778
warmup-time = 959.2611725330353
all-measurements = [ 935.0135052204132, 931.7368822097778, 933.0013740062714,]
