best-result = 28.18644905090332
warmup-time = 36.64149522781372
all-measurements = [ 28.551762580871582, 28.18644905090332, 28.463135719299316,]
