best-result = 59.96112585067749
warmup-time = 73.36076068878174
all-measurements = [ 60.23291254043579, 60.53632092475891, 59.96112585067749,]
