best-result = 59.99423837661743
warmup-time = 74.77615141868591
all-measurements = [ 59.99423837661743, 61.04810070991516, 61.129377603530884,]
