best-result = 110.12552213668823
warmup-time = 139.79172730445862
all-measurements = [ 110.81155228614807, 110.12552213668823, 111.1373565196991,]
