best-result = 778.7493188381195
warmup-time = 843.9744336605072
all-measurements = [ 785.3979773521423, 778.7493188381195, 780.9938983917236,]
