best-result = 35.020994663238525
warmup-time = 43.70600509643555
all-measurements = [ 35.32915377616882, 35.190573930740356, 35.020994663238525,]
