best-result = 56.521294832229614
warmup-time = 73.02559089660645
all-measurements = [ 57.30672788619995, 56.521294832229614, 56.955907583236694,]
