best-result = 2667.59525513649
warmup-time = 3608.135715484619
all-measurements = [ 2667.59525513649, 2862.6391501426697, 2867.7860815525055,]
