best-result = 49.728280782699585
warmup-time = 70.70965123176575
all-measurements = [ 50.128090143203735, 49.728280782699585, 49.9808509349823,]
