best-result = 83.1467695236206
warmup-time = 102.18515706062317
all-measurements = [ 83.5585618019104, 83.79513740539551, 83.1467695236206,]
