best-result = 93.8469078540802
warmup-time = 116.69866847991943
all-measurements = [ 93.8469078540802, 94.46548771858215, 93.95885109901428,]
