best-result = 38.47260594367981
warmup-time = 47.6672842502594
all-measurements = [ 38.766350984573364, 38.47260594367981, 39.10386776924133,]
