best-result = 316.02520203590393
warmup-time = 464.7922270298004
all-measurements = [ 318.3401663303375, 323.3805809020996, 316.02520203590393,]
