best-result = 61.91324782371521
warmup-time = 62.16777968406677
all-measurements = [ 62.61550211906433, 61.91324782371521, 62.04533839225769,]
