best-result = 26.14899444580078
warmup-time = 26.679608821868896
all-measurements = [ 26.442209243774414, 26.32680916786194, 26.14899444580078,]
