best-result = 38.064045906066895
warmup-time = 38.306297063827515
all-measurements = [ 38.62785196304321, 39.23857307434082, 38.064045906066895,]
