best-result = 30.221845149993896
warmup-time = 30.337924003601074
all-measurements = [ 31.303947687149048, 30.221845149993896, 31.764172554016113,]
