best-result = 256.4343087673187
warmup-time = 259.9521117210388
all-measurements = [ 256.4343087673187, 257.98916244506836, 258.33024501800537,]
