best-result = 35.70616316795349
warmup-time = 37.13837170600891
all-measurements = [ 36.80293822288513, 35.91153120994568, 35.70616316795349,]
