best-result = 111.0136046409607
warmup-time = 115.57296061515808
all-measurements = [ 111.72537612915039, 111.22049832344055, 111.0136046409607,]
