best-result = 39.80853462219238
warmup-time = 39.469871282577515
all-measurements = [ 39.80853462219238, 40.68083739280701, 42.11754751205444,]
