best-result = 47.288761138916016
warmup-time = 47.09640860557556
all-measurements = [ 47.4297149181366, 47.288761138916016, 48.78165912628174,]
