best-result = 34.13193941116333
warmup-time = 35.44133973121643
all-measurements = [ 34.13193941116333, 34.16398501396179, 34.632532596588135,]
