best-result = 36.823322772979736
warmup-time = 38.18348693847656
all-measurements = [ 36.823322772979736, 37.07266902923584, 37.89225673675537,]
