best-result = 61.08810901641846
warmup-time = 61.61648178100586
all-measurements = [ 63.6817102432251, 61.08810901641846, 64.25184869766235,]
