best-result = 222.9327356815338
warmup-time = 223.81142854690552
all-measurements = [ 222.9327356815338, 223.6223337650299, 226.2456066608429,]
