best-result = 514.2616121768951
warmup-time = 514.3575992584229
all-measurements = [ 514.5709376335144, 514.2616121768951, 514.8889486789703,]
