best-result = 36.468464374542236
warmup-time = 37.84110879898071
all-measurements = [ 36.667298555374146, 36.468464374542236, 37.856571435928345,]
