best-result = 28.667468547821045
warmup-time = 29.011582136154175
all-measurements = [ 28.867076635360718, 28.95375418663025, 28.667468547821045,]
