best-result = 75.5940215587616
warmup-time = 76.79339456558228
all-measurements = [ 79.64838457107544, 75.5940215587616, 77.79900026321411,]
