best-result = 59.904094219207764
warmup-time = 64.3633017539978
all-measurements = [ 59.904094219207764, 61.439324617385864, 61.46394205093384,]
