best-result = 28.058414220809937
warmup-time = 28.626787185668945
all-measurements = [ 28.058414220809937, 28.068562984466553, 28.1917142868042,]
