best-result = 35.55797481536865
warmup-time = 35.58768916130066
all-measurements = [ 35.55797481536865, 40.288440227508545, 42.552040576934814,]
