best-result = 34.06751084327698
warmup-time = 38.94887733459473
all-measurements = [ 34.561660051345825, 34.06751084327698, 35.41919207572937,]
