best-result = 41.80442833900452
warmup-time = 44.37395167350769
all-measurements = [ 42.75511932373047, 42.11374282836914, 41.80442833900452,]
