best-result = 96.14630651473999
warmup-time = 96.77269315719604
all-measurements = [ 97.05222034454346, 96.14630651473999, 96.26086378097534,]
