best-result = 27.277003288269043
warmup-time = 29.354320287704468
all-measurements = [ 29.560716152191162, 27.277003288269043, 28.02060580253601,]
