best-result = 34.127705574035645
warmup-time = 35.41181254386902
all-measurements = [ 34.127705574035645, 34.57806944847107, 34.221107482910156,]
