best-result = 87.32406306266785
warmup-time = 88.78655886650085
all-measurements = [ 91.59257006645203, 87.32406306266785, 88.12299633026123,]
