best-result = 38.18064999580383
warmup-time = 38.24377083778381
all-measurements = [ 39.13666868209839, 38.18064999580383, 38.90054249763489,]
