best-result = 44.0037944316864
warmup-time = 45.60718059539795
all-measurements = [ 44.0037944316864, 44.569721937179565, 45.97873282432556,]
