best-result = 28.046075582504272
warmup-time = 29.775211572647095
all-measurements = [ 28.48341393470764, 28.169377326965332, 28.046075582504272,]
