best-result = 637.4175660610199
warmup-time = 678.6456201076508
all-measurements = [ 640.7466325759888, 646.5333316326141, 637.4175660610199,]
