best-result = 174.25676655769348
warmup-time = 174.31889843940735
all-measurements = [ 174.7894356250763, 174.25676655769348, 174.33505511283875,]
