best-result = 65.0282974243164
warmup-time = 66.51211667060852
all-measurements = [ 69.5681700706482, 65.0282974243164, 67.47885227203369,]
