best-result = 21.18800973892212
warmup-time = 21.333888053894043
all-measurements = [ 21.461771488189697, 21.309261560440063, 21.18800973892212,]
