best-result = 46.53485441207886
warmup-time = 62.343873023986816
all-measurements = [ 46.612611293792725, 46.53485441207886, 46.98601293563843,]
