best-result = 46.323458433151245
warmup-time = 58.54929161071777
all-measurements = [ 46.323458433151245, 46.560214042663574, 46.74194622039795,]
