best-result = 977.1491281986237
warmup-time = 1173.0740585327148
all-measurements = [ 985.2006719112396, 977.1491281986237, 992.5420124530792,]
