best-result = 81.79059553146362
warmup-time = 95.01378965377808
all-measurements = [ 82.16128325462341, 81.90324449539185, 81.79059553146362,]
