best-result = 77.69580554962158
warmup-time = 99.90939116477966
all-measurements = [ 77.75788640975952, 77.81460952758789, 77.69580554962158,]
