best-result = 67.92514753341675
warmup-time = 90.8341314792633
all-measurements = [ 68.44020295143127, 69.21550679206848, 67.92514753341675,]
