best-result = 83.92408013343811
warmup-time = 99.0751781463623
all-measurements = [ 83.92408013343811, 85.36192631721497, 84.25596880912781,]
