best-result = 591.4992339611053
warmup-time = 629.2730736732483
all-measurements = [ 591.4992339611053, 591.7723200321198, 595.4408123493195,]
