best-result = 61.648072957992554
warmup-time = 76.9390971660614
all-measurements = [ 61.648072957992554, 62.90677785873413, 61.91407656669617,]
