best-result = 230.8618347644806
warmup-time = 398.84903383255005
all-measurements = [ 230.8618347644806, 233.46292924880981, 232.0208477973938,]
