best-result = 440.30267667770386
warmup-time = 911.4717698097229
all-measurements = [ 440.30267667770386, 442.7188239097595, 442.52515411376953,]
