best-result = 59.09863090515137
warmup-time = 75.21408605575562
all-measurements = [ 59.09863090515137, 59.113730907440186, 59.84888529777527,]
