best-result = 857.7321107387543
warmup-time = 893.2280077934265
all-measurements = [ 857.7321107387543, 864.6583452224731, 861.1037023067474,]
