best-result = 26.773683547973633
warmup-time = 35.19776487350464
all-measurements = [ 27.049695014953613, 26.773683547973633, 27.595385551452637,]
