best-result = 57.33080506324768
warmup-time = 71.96474242210388
all-measurements = [ 58.71494007110596, 57.33080506324768, 58.01490068435669,]
