best-result = 55.55103898048401
warmup-time = 68.29236459732056
all-measurements = [ 55.92084813117981, 55.89728283882141, 55.55103898048401,]
