best-result = 108.26167631149292
warmup-time = 137.59034419059753
all-measurements = [ 109.7819573879242, 109.07472062110901, 108.26167631149292,]
