best-result = 770.2814028263092
warmup-time = 839.8574438095093
all-measurements = [ 778.7047264575958, 770.2814028263092, 774.5949399471283,]
