best-result = 33.3801748752594
warmup-time = 40.19362497329712
all-measurements = [ 33.3801748752594, 33.395052433013916, 33.595969438552856,]
