best-result = 52.7800030708313
warmup-time = 68.28779458999634
all-measurements = [ 53.527944803237915, 53.006179094314575, 52.7800030708313,]
