best-result = 49.02704620361328
warmup-time = 67.81603860855103
all-measurements = [ 49.31124019622803, 49.02704620361328, 49.82026982307434,]
