best-result = 78.81969046592712
warmup-time = 98.09672999382019
all-measurements = [ 79.27733063697815, 78.81969046592712, 80.52586650848389,]
