best-result = 35.4257390499115
warmup-time = 45.18435621261597
all-measurements = [ 35.46743559837341, 35.4257390499115, 35.869452238082886,]
