best-result = 350.78781247138977
warmup-time = 489.43216466903687
all-measurements = [ 353.8178451061249, 350.78781247138977, 358.41422033309937,]
