best-result = 103.24301886558533
warmup-time = 102.71383690834045
all-measurements = [ 103.4139461517334, 103.24301886558533, 103.27362370491028,]
