best-result = 23.263195514678955
warmup-time = 23.598387956619263
all-measurements = [ 23.85886001586914, 23.37003183364868, 23.263195514678955,]
