best-result = 46.972928047180176
warmup-time = 63.9396698474884
all-measurements = [ 46.97926640510559, 46.972928047180176, 47.68289041519165,]
