best-result = 46.751896142959595
warmup-time = 59.13209509849548
all-measurements = [ 46.94711136817932, 47.00043535232544, 46.751896142959595,]
