best-result = 880.4239015579224
warmup-time = 1058.1633968353271
all-measurements = [ 880.4239015579224, 898.8776013851166, 883.8600535392761,]
