best-result = 86.02464413642883
warmup-time = 99.7722578048706
all-measurements = [ 86.02464413642883, 86.11937069892883, 86.37238073348999,]
