best-result = 984.2584388256073
warmup-time = 1012.6436381340027
all-measurements = [ 989.0819845199585, 984.2584388256073, 988.8273212909698,]
