best-result = 65.82770991325378
warmup-time = 80.62679839134216
all-measurements = [ 66.85353016853333, 67.00819182395935, 65.82770991325378,]
