best-result = 84.42554068565369
warmup-time = 104.07108283042908
all-measurements = [ 85.87370896339417, 84.42554068565369, 84.84585666656494,]
