best-result = 68.34961438179016
warmup-time = 88.48043656349182
all-measurements = [ 69.1716058254242, 68.92974281311035, 68.34961438179016,]
