best-result = 91.11633944511414
warmup-time = 104.1660635471344
all-measurements = [ 91.11633944511414, 91.32199621200562, 92.15159702301025,]
