best-result = 641.7749335765839
warmup-time = 657.5562076568604
all-measurements = [ 643.3637707233429, 645.8906126022339, 641.7749335765839,]
