best-result = 62.60386109352112
warmup-time = 79.6133861541748
all-measurements = [ 62.60386109352112, 63.026161432266235, 63.139506101608276,]
