best-result = 188.8781452178955
warmup-time = 336.5261490345001
all-measurements = [ 189.2509229183197, 188.8781452178955, 190.7493977546692,]
