best-result = 381.73870754241943
warmup-time = 824.0938487052917
all-measurements = [ 383.5781786441803, 381.73870754241943, 385.66669511795044,]
