best-result = 62.8263213634491
warmup-time = 78.30428433418274
all-measurements = [ 63.25311255455017, 64.05687189102173, 62.8263213634491,]
