best-result = 40.94307327270508
warmup-time = 49.00023317337036
all-measurements = [ 41.10879993438721, 41.22567892074585, 40.94307327270508,]
