best-result = 135.3202509880066
warmup-time = 165.46367931365967
all-measurements = [ 135.5476632118225, 135.62962555885315, 135.3202509880066,]
