best-result = 932.0610737800598
warmup-time = 953.6982476711273
all-measurements = [ 932.0610737800598, 944.8153369426727, 936.1806676387787,]
