best-result = 28.557914972305298
warmup-time = 37.22811937332153
all-measurements = [ 28.557914972305298, 28.615114212036133, 28.90323281288147,]
