best-result = 59.8094961643219
warmup-time = 72.28200721740723
all-measurements = [ 59.8094961643219, 60.10280632972717, 59.90658497810364,]
