best-result = 59.879971742630005
warmup-time = 72.67718696594238
all-measurements = [ 60.95515298843384, 59.879971742630005, 60.62079167366028,]
