best-result = 110.20248699188232
warmup-time = 138.38592076301575
all-measurements = [ 110.20248699188232, 110.7178680896759, 110.64329671859741,]
