best-result = 770.5103816986084
warmup-time = 835.4851629734039
all-measurements = [ 770.778913974762, 772.2267346382141, 770.5103816986084,]
