best-result = 34.561772108078
warmup-time = 43.52180814743042
all-measurements = [ 35.14702320098877, 34.587671995162964, 34.561772108078,]
