best-result = 55.75973987579346
warmup-time = 71.12598729133606
all-measurements = [ 56.5663685798645, 56.254831314086914, 55.75973987579346,]
