best-result = 1562.3534054756165
warmup-time = 2608.2831342220306
all-measurements = [ 2226.786241531372, 1562.3534054756165, 2589.3815927505493,]
