best-result = 49.72659659385681
warmup-time = 70.82431650161743
all-measurements = [ 49.72659659385681, 50.04469347000122, 50.07695770263672,]
