best-result = 82.34644675254822
warmup-time = 102.64562034606934
all-measurements = [ 82.82664775848389, 82.56244564056396, 82.34644675254822,]
