best-result = 93.80298280715942
warmup-time = 117.39862108230591
all-measurements = [ 93.80298280715942, 94.7495470046997, 94.39678168296814,]
