best-result = 38.23891520500183
warmup-time = 46.85355997085571
all-measurements = [ 38.27100872993469, 38.23891520500183, 38.815171003341675,]
