best-result = 312.11364340782166
warmup-time = 447.15599370002747
all-measurements = [ 313.6089360713959, 312.96699810028076, 312.11364340782166,]
