best-result = 60.973931550979614
warmup-time = 60.778154611587524
all-measurements = [ 60.973931550979614, 61.22824287414551, 61.29561376571655,]
