best-result = 25.469997882843018
warmup-time = 25.729525089263916
all-measurements = [ 25.780110836029053, 25.59192991256714, 25.469997882843018,]
