best-result = 38.04049611091614
warmup-time = 38.42364692687988
all-measurements = [ 38.04049611091614, 38.7434287071228, 38.61767625808716,]
