best-result = 32.236079692840576
warmup-time = 32.3675377368927
all-measurements = [ 32.236079692840576, 32.316301107406616, 33.25473475456238,]
