best-result = 261.664936542511
warmup-time = 269.8027048110962
all-measurements = [ 261.664936542511, 262.72731471061707, 267.29754877090454,]
