best-result = 36.08812093734741
warmup-time = 37.05010652542114
all-measurements = [ 36.08812093734741, 36.637611627578735, 36.82602524757385,]
