best-result = 42.31109142303467
warmup-time = 41.91319561004639
all-measurements = [ 42.31109142303467, 42.94133424758911, 42.39917778968811,]
