best-result = 50.35462737083435
warmup-time = 51.83174729347229
all-measurements = [ 50.35462737083435, 50.91673254966736, 50.730541467666626,]
