best-result = 34.2876877784729
warmup-time = 34.44212555885315
all-measurements = [ 34.2876877784729, 34.70159029960632, 35.10077953338623,]
