best-result = 36.928790807724
warmup-time = 37.63201904296875
all-measurements = [ 37.51241064071655, 36.928790807724, 38.28543710708618,]
