best-result = 62.48358154296875
warmup-time = 64.73338985443115
all-measurements = [ 64.95651173591614, 63.1133189201355, 62.48358154296875,]
