best-result = 227.0487585067749
warmup-time = 231.0140962600708
all-measurements = [ 227.0487585067749, 227.7088942527771, 230.6777937412262,]
