best-result = 523.5600409507751
warmup-time = 528.8049335479736
all-measurements = [ 523.5600409507751, 525.9621188640594, 529.2471027374268,]
