best-result = 35.93133187294006
warmup-time = 37.59099531173706
all-measurements = [ 37.50768995285034, 35.93133187294006, 36.55765199661255,]
