best-result = 77.02221703529358
warmup-time = 80.30878520011902
all-measurements = [ 80.31623864173889, 77.96004700660706, 77.02221703529358,]
