best-result = 63.17407011985779
warmup-time = 66.12865328788757
all-measurements = [ 63.17407011985779, 64.57973027229309, 64.80922627449036,]
