best-result = 27.807032823562622
warmup-time = 29.155383825302124
all-measurements = [ 27.84679865837097, 28.04442572593689, 27.807032823562622,]
