best-result = 33.94814491271973
warmup-time = 33.8458137512207
all-measurements = [ 36.35659646987915, 33.94814491271973, 34.051406145095825,]
