best-result = 33.454265832901
warmup-time = 34.17147970199585
all-measurements = [ 33.57626557350159, 33.454265832901, 33.51105833053589,]
