best-result = 42.9889760017395
warmup-time = 43.83567810058594
all-measurements = [ 44.623077392578125, 42.9889760017395, 44.827961683273315,]
