best-result = 97.51528787612915
warmup-time = 100.30979084968567
all-measurements = [ 97.51528787612915, 98.08133292198181, 99.2092707157135,]
