best-result = 28.83087396621704
warmup-time = 29.736976623535156
all-measurements = [ 29.584187984466553, 28.83087396621704, 29.214019060134888,]
