best-result = 33.727009534835815
warmup-time = 34.340012550354004
all-measurements = [ 35.773133277893066, 35.15666460990906, 33.727009534835815,]
