best-result = 88.37939262390137
warmup-time = 96.60627818107605
all-measurements = [ 88.37939262390137, 97.71892142295837, 99.71594381332397,]
