best-result = 40.89035439491272
warmup-time = 40.556400775909424
all-measurements = [ 40.89035439491272, 40.969040632247925, 41.05111813545227,]
