best-result = 43.09112071990967
warmup-time = 46.00608038902283
all-measurements = [ 45.81556701660156, 47.98720645904541, 43.09112071990967,]
