best-result = 27.342981815338135
warmup-time = 28.967287302017212
all-measurements = [ 27.342981815338135, 27.750790119171143, 28.4307062625885,]
