best-result = 175.25645804405212
warmup-time = 177.5589518547058
all-measurements = [ 179.5602252483368, 178.0070185661316, 175.25645804405212,]
