best-result = 42.294849157333374
warmup-time = 44.231459856033325
all-measurements = [ 44.59899306297302, 42.294849157333374, 44.351815938949585,]
