best-result = 68.41586351394653
warmup-time = 64.4635374546051
all-measurements = [ 69.10057663917542, 68.41586351394653, 69.82575511932373,]
