best-result = 21.962311029434204
warmup-time = 23.11601996421814
all-measurements = [ 22.205186367034912, 21.962311029434204, 23.314783096313477,]
