best-result = 47.34851932525635
warmup-time = 64.38483595848083
all-measurements = [ 47.86566519737244, 47.34851932525635, 47.83204364776611,]
