best-result = 47.47533345222473
warmup-time = 60.04443621635437
all-measurements = [ 47.56823134422302, 47.47533345222473, 48.43233680725098,]
