best-result = 1007.0430426597595
warmup-time = 1221.9084646701813
all-measurements = [ 1007.5209183692932, 1017.2766122817993, 1007.0430426597595,]
