best-result = 82.29716658592224
warmup-time = 97.39366507530212
all-measurements = [ 82.62754774093628, 83.3571937084198, 82.29716658592224,]
