best-result = 79.39622139930725
warmup-time = 107.2546055316925
all-measurements = [ 80.36742615699768, 80.27218103408813, 79.39622139930725,]
