best-result = 69.686363697052
warmup-time = 92.66212153434753
all-measurements = [ 69.74744772911072, 69.686363697052, 71.38616728782654,]
