best-result = 85.17551255226135
warmup-time = 102.10027742385864
all-measurements = [ 85.6166455745697, 85.17551255226135, 85.9152135848999,]
