best-result = 598.6321494579315
warmup-time = 615.9114365577698
all-measurements = [ 600.2254886627197, 598.6321494579315, 600.8302185535431,]
