best-result = 63.34262037277222
warmup-time = 78.2753369808197
all-measurements = [ 63.34262037277222, 64.51285219192505, 63.49614119529724,]
