best-result = 234.80365777015686
warmup-time = 412.04735112190247
all-measurements = [ 237.1282606124878, 234.80365777015686, 235.4005744457245,]
