best-result = 438.38728952407837
warmup-time = 955.5111510753632
all-measurements = [ 440.0274419784546, 438.38728952407837, 440.1163947582245,]
