best-result = 61.648531436920166
warmup-time = 81.85248494148254
all-measurements = [ 61.648531436920166, 61.73674297332764, 62.51453351974487,]
