best-result = 879.6345107555389
warmup-time = 924.1174986362457
all-measurements = [ 879.6345107555389, 890.7463536262512, 888.3552355766296,]
