best-result = 27.28960680961609
warmup-time = 35.54051470756531
all-measurements = [ 27.365681648254395, 27.382834911346436, 27.28960680961609,]
