best-result = 55.93019366264343
warmup-time = 73.2411561012268
all-measurements = [ 56.82720947265625, 55.93019366264343, 56.84223031997681,]
