best-result = 111.32835960388184
warmup-time = 141.71166729927063
all-measurements = [ 115.11111783981323, 112.08324909210205, 111.32835960388184,]
