best-result = 776.309406042099
warmup-time = 856.7503516674042
all-measurements = [ 776.309406042099, 779.9107785224915, 780.8704218864441,]
