best-result = 53.42206883430481
warmup-time = 69.87275433540344
all-measurements = [ 54.041136741638184, 53.42206883430481, 53.595762729644775,]
