best-result = 50.31435513496399
warmup-time = 72.45667457580566
all-measurements = [ 50.31435513496399, 50.78173327445984, 50.98620867729187,]
