best-result = 79.69066309928894
warmup-time = 98.72107982635498
all-measurements = [ 80.185870885849, 82.06435942649841, 79.69066309928894,]
