best-result = 36.42733860015869
warmup-time = 45.670119762420654
all-measurements = [ 37.15019607543945, 36.42733860015869, 36.63887143135071,]
