best-result = 360.3361482620239
warmup-time = 514.3029165267944
all-measurements = [ 365.76150012016296, 361.72088623046875, 360.3361482620239,]
