best-result = 104.82187247276306
warmup-time = 104.85278511047363
all-measurements = [ 104.82187247276306, 106.02429294586182, 105.39494752883911,]
