best-result = 25.618798971176147
warmup-time = 25.97150683403015
all-measurements = [ 26.32955813407898, 25.618798971176147, 25.895299434661865,]
