best-result = 35.73626351356506
warmup-time = 38.149887561798096
all-measurements = [ 36.62138891220093, 37.467419385910034, 35.73626351356506,]
