best-result = 31.103469133377075
warmup-time = 31.826168060302734
all-measurements = [ 32.194655895233154, 31.613598346710205, 31.103469133377075,]
