best-result = 277.1775360107422
warmup-time = 283.9479310512543
all-measurements = [ 280.4717581272125, 279.5489454269409, 277.1775360107422,]
