best-result = 35.74606466293335
warmup-time = 37.79429292678833
all-measurements = [ 35.74606466293335, 36.11577272415161, 36.19860863685608,]
