best-result = 113.88264751434326
warmup-time = 117.274831533432
all-measurements = [ 113.88264751434326, 114.32581615447998, 114.46886587142944,]
