best-result = 41.134843826293945
warmup-time = 42.65027165412903
all-measurements = [ 41.626447677612305, 41.36355638504028, 41.134843826293945,]
