best-result = 49.296170711517334
warmup-time = 50.890684604644775
all-measurements = [ 49.296170711517334, 51.369383811950684, 49.997862577438354,]
