best-result = 33.06508469581604
warmup-time = 33.57154846191406
all-measurements = [ 33.06508469581604, 33.93761396408081, 34.26677966117859,]
