best-result = 59.224395990371704
warmup-time = 60.5536744594574
all-measurements = [ 61.19335579872131, 60.34850311279297, 59.224395990371704,]
