best-result = 239.60339999198914
warmup-time = 245.28706312179565
all-measurements = [ 240.59726357460022, 241.25646138191223, 239.60339999198914,]
