best-result = 542.0967490673065
warmup-time = 544.0605597496033
all-measurements = [ 542.1667430400848, 542.0967490673065, 546.8528029918671,]
