best-result = 35.55697846412659
warmup-time = 36.025705337524414
all-measurements = [ 35.55697846412659, 37.392865896224976, 35.85682487487793,]
