best-result = 28.904762029647827
warmup-time = 28.462150812149048
all-measurements = [ 28.904762029647827, 29.198501586914062, 29.013187170028687,]
