best-result = 74.22513365745544
warmup-time = 80.36924266815186
all-measurements = [ 76.675696849823, 74.22513365745544, 80.25418949127197,]
