best-result = 61.941195249557495
warmup-time = 67.14664363861084
all-measurements = [ 63.553791522979736, 61.941195249557495, 63.72853374481201,]
