best-result = 27.27586317062378
warmup-time = 27.4705491065979
all-measurements = [ 29.059765100479126, 27.34588623046875, 27.27586317062378,]
