best-result = 32.25812888145447
warmup-time = 32.09394359588623
all-measurements = [ 35.66615295410156, 36.0219247341156, 32.25812888145447,]
