best-result = 32.01533269882202
warmup-time = 34.341315507888794
all-measurements = [ 34.07918953895569, 34.15312218666077, 32.01533269882202,]
