best-result = 42.26093101501465
warmup-time = 43.42701172828674
all-measurements = [ 42.26093101501465, 43.07805395126343, 42.34921932220459,]
