best-result = 97.80551481246948
warmup-time = 100.29440689086914
all-measurements = [ 100.56858325004578, 101.72536206245422, 97.80551481246948,]
