best-result = 28.42559051513672
warmup-time = 27.764057397842407
all-measurements = [ 29.38136863708496, 29.175048351287842, 28.42559051513672,]
