best-result = 34.28476881980896
warmup-time = 35.68635582923889
all-measurements = [ 35.36805510520935, 34.79792881011963, 34.28476881980896,]
