best-result = 88.54907751083374
warmup-time = 97.71603083610535
all-measurements = [ 88.54907751083374, 99.97542524337769, 98.34245038032532,]
