best-result = 39.02435612678528
warmup-time = 39.72713303565979
all-measurements = [ 39.453415393829346, 39.02435612678528, 40.07597255706787,]
