best-result = 45.043879985809326
warmup-time = 45.78652787208557
all-measurements = [ 46.34218788146973, 45.90398669242859, 45.043879985809326,]
