best-result = 27.63009023666382
warmup-time = 28.657927989959717
all-measurements = [ 28.91085386276245, 27.63009023666382, 28.49244475364685,]
