best-result = 717.4119975566864
warmup-time = 753.5529386997223
all-measurements = [ 717.4119975566864, 723.334645986557, 718.6503591537476,]
