best-result = 182.8984625339508
warmup-time = 182.37328100204468
all-measurements = [ 186.05177092552185, 184.06104707717896, 182.8984625339508,]
