best-result = 58.158687114715576
warmup-time = 59.33803367614746
all-measurements = [ 58.158687114715576, 65.99992251396179, 71.00760650634766,]
