best-result = 25.70313000679016
warmup-time = 26.228899240493774
all-measurements = [ 25.70313000679016, 25.887961864471436, 26.17010998725891,]
