best-result = 36.845975160598755
warmup-time = 37.35703945159912
all-measurements = [ 36.845975160598755, 38.018433570861816, 38.01711654663086,]
