best-result = 30.579378128051758
warmup-time = 31.685595512390137
all-measurements = [ 31.752761363983154, 30.579378128051758, 32.21911978721619,]
