best-result = 262.36032795906067
warmup-time = 268.6376519203186
all-measurements = [ 262.36032795906067, 270.23818945884705, 267.29672479629517,]
