best-result = 36.56623101234436
warmup-time = 38.573325872421265
all-measurements = [ 37.09955406188965, 37.58058428764343, 36.56623101234436,]
