best-result = 111.44539999961853
warmup-time = 114.29014348983765
all-measurements = [ 115.11713123321533, 113.78618860244751, 111.44539999961853,]
