best-result = 39.357431411743164
warmup-time = 39.52105450630188
all-measurements = [ 41.48348307609558, 42.500293016433716, 39.357431411743164,]
