best-result = 47.43648409843445
warmup-time = 50.106656074523926
all-measurements = [ 48.234877586364746, 47.43648409843445, 48.247403621673584,]
