best-result = 32.77479076385498
warmup-time = 32.99996471405029
all-measurements = [ 34.11834931373596, 34.055835485458374, 32.77479076385498,]
