best-result = 37.306854009628296
warmup-time = 36.92668604850769
all-measurements = [ 37.74226260185242, 37.517014503479004, 37.306854009628296,]
