best-result = 62.185718297958374
warmup-time = 64.4785327911377
all-measurements = [ 64.46948528289795, 65.31691098213196, 62.185718297958374,]
