best-result = 226.816162109375
warmup-time = 233.10935378074646
all-measurements = [ 227.62313055992126, 230.47709560394287, 226.816162109375,]
