best-result = 522.1523654460907
warmup-time = 528.7539644241333
all-measurements = [ 525.3444817066193, 523.7016384601593, 522.1523654460907,]
