best-result = 36.88882756233215
warmup-time = 38.4990439414978
all-measurements = [ 39.61858630180359, 36.9308500289917, 36.88882756233215,]
