best-result = 28.803834915161133
warmup-time = 29.459107637405396
all-measurements = [ 29.010089874267578, 29.322381496429443, 28.803834915161133,]
