best-result = 81.12523674964905
warmup-time = 82.60032510757446
all-measurements = [ 81.12523674964905, 82.56413531303406, 81.37179017066956,]
