best-result = 62.07010340690613
warmup-time = 62.9626727104187
all-measurements = [ 63.69314479827881, 62.07010340690613, 63.28624653816223,]
