best-result = 26.956318616867065
warmup-time = 28.220834016799927
all-measurements = [ 28.417012453079224, 28.09581708908081, 26.956318616867065,]
