best-result = 32.58151149749756
warmup-time = 35.62055993080139
all-measurements = [ 35.10153794288635, 32.58151149749756, 35.50606369972229,]
