best-result = 33.33597278594971
warmup-time = 34.42639660835266
all-measurements = [ 34.61788845062256, 33.33597278594971, 34.450971364974976,]
