best-result = 42.58764362335205
warmup-time = 45.224364280700684
all-measurements = [ 43.26923370361328, 42.58764362335205, 44.20550799369812,]
