best-result = 96.1195456981659
warmup-time = 96.92441534996033
all-measurements = [ 97.55851888656616, 99.22624254226685, 96.1195456981659,]
