best-result = 28.274323225021362
warmup-time = 27.354935884475708
all-measurements = [ 29.501403093338013, 29.470218896865845, 28.274323225021362,]
