best-result = 34.01008582115173
warmup-time = 36.298874855041504
all-measurements = [ 34.01008582115173, 34.504807472229004, 35.55433011054993,]
