best-result = 87.10806822776794
warmup-time = 94.1354501247406
all-measurements = [ 89.2902820110321, 88.7319347858429, 87.10806822776794,]
