best-result = 39.25886154174805
warmup-time = 39.957430839538574
all-measurements = [ 39.25886154174805, 40.08764100074768, 40.08639311790466,]
