best-result = 43.77076029777527
warmup-time = 45.67402768135071
all-measurements = [ 45.35341000556946, 45.970595598220825, 43.77076029777527,]
