best-result = 28.565008878707886
warmup-time = 28.829120635986328
all-measurements = [ 28.930172204971313, 29.25140380859375, 28.565008878707886,]
