best-result = 692.399076461792
warmup-time = 728.6694040298462
all-measurements = [ 700.7861337661743, 692.8152897357941, 692.399076461792,]
