best-result = 174.00408291816711
warmup-time = 178.0079083442688
all-measurements = [ 180.04900360107422, 174.00408291816711, 177.69019651412964,]
