best-result = 58.487672090530396
warmup-time = 56.56508541107178
all-measurements = [ 62.97656226158142, 66.82203793525696, 58.487672090530396,]
