best-result = 25.546261072158813
warmup-time = 25.911099672317505
all-measurements = [ 25.604177713394165, 25.791930675506592, 25.546261072158813,]
