best-result = 36.432451486587524
warmup-time = 39.82875657081604
all-measurements = [ 37.42127704620361, 36.432451486587524, 37.62696313858032,]
