best-result = 31.64631199836731
warmup-time = 32.17088341712952
all-measurements = [ 32.47117757797241, 32.33422088623047, 31.64631199836731,]
