best-result = 273.4787075519562
warmup-time = 282.00320076942444
all-measurements = [ 274.803719997406, 274.93701457977295, 273.4787075519562,]
