best-result = 35.98233771324158
warmup-time = 35.42424130439758
all-measurements = [ 36.432406187057495, 36.84744477272034, 35.98233771324158,]
