best-result = 41.03451442718506
warmup-time = 42.05924320220947
all-measurements = [ 41.03451442718506, 42.3457989692688, 41.170201778411865,]
