best-result = 50.77481126785278
warmup-time = 50.94115686416626
all-measurements = [ 50.77481126785278, 52.083110332489014, 52.24813437461853,]
