best-result = 33.978776693344116
warmup-time = 34.14489674568176
all-measurements = [ 33.978776693344116, 34.89895176887512, 35.995516777038574,]
