best-result = 37.642489194869995
warmup-time = 37.487855672836304
all-measurements = [ 37.89940404891968, 38.29303956031799, 37.642489194869995,]
