best-result = 57.78235149383545
warmup-time = 61.67777991294861
all-measurements = [ 62.822418212890625, 59.7699031829834, 57.78235149383545,]
