best-result = 241.33363819122314
warmup-time = 243.8777298927307
all-measurements = [ 247.3488597869873, 241.33363819122314, 244.46384358406067,]
