best-result = 546.3622050285339
warmup-time = 551.6330735683441
all-measurements = [ 548.6725277900696, 551.2159168720245, 546.3622050285339,]
