best-result = 35.80599856376648
warmup-time = 35.87883019447327
all-measurements = [ 35.935253858566284, 35.80599856376648, 36.031795263290405,]
