best-result = 66.10878086090088
warmup-time = 64.58637571334839
all-measurements = [ 66.10878086090088, 67.61664819717407, 67.5051052570343,]
