best-result = 27.386415243148804
warmup-time = 27.53486466407776
all-measurements = [ 27.386415243148804, 27.88793182373047, 28.36073398590088,]
