best-result = 36.32268309593201
warmup-time = 33.46209979057312
all-measurements = [ 36.49949645996094, 36.32268309593201, 36.49649429321289,]
