best-result = 31.122506380081177
warmup-time = 32.33553457260132
all-measurements = [ 31.65300416946411, 33.06572484970093, 31.122506380081177,]
