best-result = 41.699265003204346
warmup-time = 43.71972036361694
all-measurements = [ 44.400267601013184, 41.699265003204346, 42.17440152168274,]
