best-result = 98.12892436981201
warmup-time = 101.4196035861969
all-measurements = [ 100.44339680671692, 98.12892436981201, 99.36853361129761,]
