best-result = 27.49506974220276
warmup-time = 27.148531913757324
all-measurements = [ 27.49506974220276, 29.41559100151062, 29.056614637374878,]
