best-result = 33.879300594329834
warmup-time = 35.24909496307373
all-measurements = [ 33.879300594329834, 34.686240673065186, 34.18215036392212,]
