best-result = 39.14028859138489
warmup-time = 40.69836926460266
all-measurements = [ 39.14028859138489, 41.089447021484375, 40.2289514541626,]
