best-result = 42.16109609603882
warmup-time = 43.64253830909729
all-measurements = [ 44.61924147605896, 42.16109609603882, 46.49128723144531,]
