best-result = 28.4729323387146
warmup-time = 28.184386014938354
all-measurements = [ 28.533198833465576, 28.4729323387146, 28.56340193748474,]
