best-result = 702.1881287097931
warmup-time = 738.1201727390289
all-measurements = [ 713.7792594432831, 704.5674996376038, 702.1881287097931,]
