best-result = 182.73702883720398
warmup-time = 183.47664594650269
all-measurements = [ 185.67568349838257, 185.03738617897034, 182.73702883720398,]
