best-result = 43.70509314537048
warmup-time = 43.812581300735474
all-measurements = [ 43.70509314537048, 44.83807730674744, 44.71630334854126,]
