best-result = 22.68279767036438
warmup-time = 22.70519471168518
all-measurements = [ 23.17280149459839, 22.68279767036438, 22.717424154281616,]
