best-result = 46.113210678100586
warmup-time = 63.247259855270386
all-measurements = [ 46.549623250961304, 46.113210678100586, 46.81023097038269,]
