best-result = 46.14695763587952
warmup-time = 57.897461891174316
all-measurements = [ 46.71017503738403, 46.1610791683197, 46.14695763587952,]
