best-result = 889.6926290988922
warmup-time = 1107.704164981842
all-measurements = [ 890.3368468284607, 889.6926290988922, 894.7797877788544,]
