best-result = 84.64255881309509
warmup-time = 99.80687165260315
all-measurements = [ 84.93127012252808, 84.64255881309509, 84.64727425575256,]
