best-result = 978.8935470581055
warmup-time = 1011.8711433410645
all-measurements = [ 981.3810813426971, 978.8935470581055, 982.2363579273224,]
