best-result = 81.2424795627594
warmup-time = 102.73432469367981
all-measurements = [ 82.10990953445435, 81.2424795627594, 81.71771574020386,]
