best-result = 67.19415521621704
warmup-time = 87.71843099594116
all-measurements = [ 67.21078419685364, 67.19415521621704, 67.49383354187012,]
