best-result = 90.5715103149414
warmup-time = 105.1313898563385
all-measurements = [ 91.54971432685852, 90.5715103149414, 91.85563468933105,]
