best-result = 641.6086111068726
warmup-time = 660.7607591152191
all-measurements = [ 644.9262700080872, 641.6086111068726, 643.5926194190979,]
