best-result = 61.15911793708801
warmup-time = 74.10646367073059
all-measurements = [ 61.35812306404114, 61.22901892662048, 61.15911793708801,]
