best-result = 204.816721200943
warmup-time = 363.37233304977417
all-measurements = [ 204.816721200943, 208.465980052948, 206.49966955184937,]
