best-result = 422.1995334625244
warmup-time = 886.7910175323486
all-measurements = [ 424.5211591720581, 422.1995334625244, 427.0056166648865,]
