best-result = 62.03458333015442
warmup-time = 78.11476540565491
all-measurements = [ 62.85206341743469, 62.26571702957153, 62.03458333015442,]
