best-result = 39.80316877365112
warmup-time = 47.68235731124878
all-measurements = [ 40.19110441207886, 40.03734755516052, 39.80316877365112,]
