best-result = 133.16271924972534
warmup-time = 154.3457636833191
all-measurements = [ 133.3688361644745, 133.6021327972412, 133.16271924972534,]
