best-result = 900.2029423713684
warmup-time = 930.5743296146393
all-measurements = [ 900.2029423713684, 900.8639712333679, 906.0913481712341,]
