best-result = 27.36103129386902
warmup-time = 35.76972556114197
all-measurements = [ 27.8535795211792, 27.36103129386902, 27.604156017303467,]
