best-result = 56.891907930374146
warmup-time = 70.21227765083313
all-measurements = [ 56.891907930374146, 57.484726428985596, 57.199177503585815,]
