best-result = 59.19122838973999
warmup-time = 73.64198589324951
all-measurements = [ 59.19122838973999, 59.380115032196045, 59.91704845428467,]
