best-result = 109.8067901134491
warmup-time = 135.33373093605042
all-measurements = [ 109.8067901134491, 110.47652220726013, 110.46555829048157,]
