best-result = 772.5162408351898
warmup-time = 835.7398188114166
all-measurements = [ 773.526843547821, 772.5162408351898, 772.6961688995361,]
