best-result = 33.666642904281616
warmup-time = 41.22220587730408
all-measurements = [ 33.876999616622925, 33.666642904281616, 34.00809693336487,]
