best-result = 55.0365252494812
warmup-time = 68.97613430023193
all-measurements = [ 55.15674591064453, 55.213702917099, 55.0365252494812,]
