best-result = 1316.714955329895
warmup-time = 1920.9069559574127
all-measurements = [ 1615.1838591098785, 1316.714955329895, 2075.2045962810516,]
