best-result = 48.24474787712097
warmup-time = 68.74444341659546
all-measurements = [ 48.312958002090454, 48.24474787712097, 48.738807678222656,]
