best-result = 78.07067012786865
warmup-time = 95.54736185073853
all-measurements = [ 78.07067012786865, 78.2756495475769, 78.32487964630127,]
