best-result = 36.88688111305237
warmup-time = 46.12907838821411
all-measurements = [ 37.10017013549805, 37.31628394126892, 36.88688111305237,]
