best-result = 332.9893002510071
warmup-time = 480.35483956336975
all-measurements = [ 332.9893002510071, 336.2079041004181, 338.6687681674957,]
