best-result = 58.66544556617737
warmup-time = 59.77026844024658
all-measurements = [ 59.17333698272705, 58.66544556617737, 59.34033131599426,]
