best-result = 25.471748113632202
warmup-time = 25.83706521987915
all-measurements = [ 25.63530397415161, 26.007466793060303, 25.471748113632202,]
