best-result = 35.97760343551636
warmup-time = 38.12876749038696
all-measurements = [ 36.40726852416992, 35.97760343551636, 36.63177251815796,]
