best-result = 31.09240460395813
warmup-time = 31.02734875679016
all-measurements = [ 31.71295976638794, 31.45421552658081, 31.09240460395813,]
