best-result = 261.9402871131897
warmup-time = 270.3928620815277
all-measurements = [ 265.86486983299255, 265.11832666397095, 261.9402871131897,]
