best-result = 36.23146367073059
warmup-time = 36.5028235912323
all-measurements = [ 36.23146367073059, 36.70775365829468, 37.16751956939697,]
