best-result = 39.8924446105957
warmup-time = 41.03150773048401
all-measurements = [ 42.18891739845276, 39.8924446105957, 40.26733350753784,]
