best-result = 47.6949622631073
warmup-time = 49.6851601600647
all-measurements = [ 48.64418649673462, 48.47726821899414, 47.6949622631073,]
