best-result = 32.083386182785034
warmup-time = 33.08506727218628
all-measurements = [ 32.47951674461365, 32.083386182785034, 33.2800018787384,]
