best-result = 35.98717641830444
warmup-time = 36.98378133773804
all-measurements = [ 36.73966193199158, 35.98717641830444, 36.749332666397095,]
