best-result = 59.247748136520386
warmup-time = 61.58988547325134
all-measurements = [ 61.184205293655396, 64.31172299385071, 59.247748136520386,]
