best-result = 225.87283372879028
warmup-time = 228.74514079093933
all-measurements = [ 226.7173991203308, 228.61194396018982, 225.87283372879028,]
