best-result = 517.919665813446
warmup-time = 527.0129177570343
all-measurements = [ 517.919665813446, 521.0926132202148, 522.3350849151611,]
