best-result = 34.71097135543823
warmup-time = 37.59051442146301
all-measurements = [ 34.80766010284424, 36.429774045944214, 34.71097135543823,]
