best-result = 28.176677465438843
warmup-time = 28.15745234489441
all-measurements = [ 28.495636224746704, 28.176677465438843, 28.862338542938232,]
