best-result = 71.80991053581238
warmup-time = 70.16083550453186
all-measurements = [ 77.14184713363647, 71.80991053581238, 82.02766299247742,]
