best-result = 61.278051137924194
warmup-time = 62.92590928077698
all-measurements = [ 62.77734446525574, 62.01250076293945, 61.278051137924194,]
