best-result = 27.602964639663696
warmup-time = 27.83015727996826
all-measurements = [ 28.051949739456177, 27.602964639663696, 27.874430418014526,]
