best-result = 32.27451848983765
warmup-time = 35.12051272392273
all-measurements = [ 35.52295541763306, 35.80948877334595, 32.27451848983765,]
