best-result = 33.24686026573181
warmup-time = 32.40431070327759
all-measurements = [ 33.60780692100525, 33.24686026573181, 33.47398328781128,]
