best-result = 42.5079505443573
warmup-time = 43.118178367614746
all-measurements = [ 42.5079505443573, 42.918418169021606, 43.78060221672058,]
