best-result = 95.85561609268188
warmup-time = 97.22891402244568
all-measurements = [ 97.09063243865967, 97.41276955604553, 95.85561609268188,]
