best-result = 27.75687265396118
warmup-time = 27.507311820983887
all-measurements = [ 27.75687265396118, 28.587358713150024, 29.27025055885315,]
