best-result = 32.65865349769592
warmup-time = 34.181538820266724
all-measurements = [ 34.23318290710449, 35.3239643573761, 32.65865349769592,]
