best-result = 87.43017649650574
warmup-time = 91.40702223777771
all-measurements = [ 95.92246317863464, 87.74022006988525, 87.43017649650574,]
