best-result = 37.88479733467102
warmup-time = 39.131733655929565
all-measurements = [ 40.16836905479431, 38.95000743865967, 37.88479733467102,]
