best-result = 43.144004344940186
warmup-time = 45.58803939819336
all-measurements = [ 43.625802755355835, 43.144004344940186, 45.078591108322144,]
