best-result = 27.375635147094727
warmup-time = 28.100693941116333
all-measurements = [ 27.375635147094727, 28.793184995651245, 28.455673456192017,]
