best-result = 695.2487366199493
warmup-time = 721.0746314525604
all-measurements = [ 695.2487366199493, 697.8672468662262, 695.4246201515198,]
