best-result = 171.34311079978943
warmup-time = 175.4925446510315
all-measurements = [ 175.89144492149353, 173.89568519592285, 171.34311079978943,]
