best-result = 58.603328704833984
warmup-time = 64.40697813034058
all-measurements = [ 70.03863072395325, 58.603328704833984, 66.73633003234863,]
