best-result = 25.616637229919434
warmup-time = 26.69013524055481
all-measurements = [ 25.783840894699097, 25.6405348777771, 25.616637229919434,]
