best-result = 37.279515504837036
warmup-time = 37.39532732963562
all-measurements = [ 38.21820831298828, 37.279515504837036, 37.96651029586792,]
