best-result = 30.723982572555542
warmup-time = 31.768126487731934
all-measurements = [ 31.522886514663696, 30.723982572555542, 31.32797622680664,]
