best-result = 263.2824580669403
warmup-time = 266.1792531013489
all-measurements = [ 263.4091753959656, 263.9018533229828, 263.2824580669403,]
