best-result = 36.541011810302734
warmup-time = 36.87872505187988
all-measurements = [ 36.541011810302734, 36.56088137626648, 36.77092528343201,]
