best-result = 40.97436332702637
warmup-time = 41.022077560424805
all-measurements = [ 41.42077922821045, 40.97436332702637, 41.11080288887024,]
