best-result = 48.404736042022705
warmup-time = 49.04084587097168
all-measurements = [ 48.404736042022705, 48.77730894088745, 49.51915121078491,]
