best-result = 33.20441555976868
warmup-time = 33.1827073097229
all-measurements = [ 34.17474126815796, 34.53435969352722, 33.20441555976868,]
