best-result = 36.48072671890259
warmup-time = 37.402125120162964
all-measurements = [ 36.76397466659546, 36.48072671890259, 37.06720972061157,]
