best-result = 63.99792504310608
warmup-time = 62.285136699676514
all-measurements = [ 64.6154727935791, 66.70420932769775, 63.99792504310608,]
