best-result = 225.01296162605286
warmup-time = 230.7724413871765
all-measurements = [ 227.4144208431244, 226.55194067955017, 225.01296162605286,]
