best-result = 520.4975392818451
warmup-time = 523.4031612873077
all-measurements = [ 521.5875699520111, 520.4975392818451, 523.2506082057953,]
