best-result = 36.41416096687317
warmup-time = 39.23321270942688
all-measurements = [ 36.41416096687317, 36.79415512084961, 37.14908266067505,]
