best-result = 74.22427821159363
warmup-time = 85.14408874511719
all-measurements = [ 81.91177487373352, 77.69623517990112, 74.22427821159363,]
