best-result = 61.302088499069214
warmup-time = 63.907066106796265
all-measurements = [ 64.47093272209167, 61.302088499069214, 62.828152656555176,]
