best-result = 27.591706037521362
warmup-time = 28.758805513381958
all-measurements = [ 27.591706037521362, 27.848807334899902, 27.965981245040894,]
