best-result = 35.330976486206055
warmup-time = 35.87691903114319
all-measurements = [ 35.330976486206055, 35.366031885147095, 35.496851205825806,]
