best-result = 32.405627965927124
warmup-time = 33.32003974914551
all-measurements = [ 32.405627965927124, 34.788193225860596, 32.74356722831726,]
