best-result = 42.5738730430603
warmup-time = 41.50832748413086
all-measurements = [ 42.5738730430603, 43.51190447807312, 44.77496576309204,]
