best-result = 95.96069002151489
warmup-time = 98.30754470825195
all-measurements = [ 95.96069002151489, 98.77217292785645, 97.15886855125427,]
