best-result = 27.466765642166138
warmup-time = 28.379435062408447
all-measurements = [ 29.410015106201172, 27.466765642166138, 28.435518741607666,]
