best-result = 34.47354078292847
warmup-time = 34.324140787124634
all-measurements = [ 34.611220359802246, 35.133873462677, 34.47354078292847,]
