best-result = 89.49159002304077
warmup-time = 88.53629994392395
all-measurements = [ 91.5150625705719, 89.49159002304077, 94.08314299583435,]
