best-result = 38.7295777797699
warmup-time = 39.3643844127655
all-measurements = [ 39.072285413742065, 38.7295777797699, 39.86187124252319,]
