best-result = 43.5599205493927
warmup-time = 45.20562505722046
all-measurements = [ 43.5599205493927, 45.1522319316864, 46.0314621925354,]
