best-result = 27.50676727294922
warmup-time = 29.04098916053772
all-measurements = [ 27.964996576309204, 27.50676727294922, 28.6903817653656,]
