best-result = 697.1967785358429
warmup-time = 735.7367680072784
all-measurements = [ 701.6943089962006, 697.1967785358429, 700.9568588733673,]
