best-result = 172.85141491889954
warmup-time = 179.20801496505737
all-measurements = [ 173.57657670974731, 174.32875871658325, 172.85141491889954,]
