best-result = 64.99861693382263
warmup-time = 68.47688913345337
all-measurements = [ 64.99861693382263, 67.06840801239014, 66.70502591133118,]
