best-result = 23.074835538864136
warmup-time = 23.031473398208618
all-measurements = [ 23.74711775779724, 23.217299699783325, 23.074835538864136,]
