best-result = 46.34409046173096
warmup-time = 60.514933586120605
all-measurements = [ 46.34409046173096, 46.36235284805298, 46.62257766723633,]
