best-result = 46.1510009765625
warmup-time = 57.95873808860779
all-measurements = [ 46.1510009765625, 46.269343852996826, 46.40290021896362,]
