best-result = 897.5525448322296
warmup-time = 1113.8195593357086
all-measurements = [ 897.5525448322296, 899.69797539711, 898.9856462478638,]
