best-result = 84.80320429801941
warmup-time = 98.68199300765991
all-measurements = [ 85.10133934020996, 84.80320429801941, 85.05783939361572,]
