best-result = 979.9243967533112
warmup-time = 1010.1084153652191
all-measurements = [ 984.6015040874481, 979.9243967533112, 988.004020690918,]
