best-result = 81.80596947669983
warmup-time = 101.61300873756409
all-measurements = [ 81.91696000099182, 82.80586814880371, 81.80596947669983,]
