best-result = 67.33807468414307
warmup-time = 86.19677400588989
all-measurements = [ 67.33807468414307, 68.07041907310486, 67.53426909446716,]
