best-result = 90.29312229156494
warmup-time = 104.76455664634705
all-measurements = [ 90.29312229156494, 91.60103845596313, 91.60427212715149,]
