best-result = 645.7050728797913
warmup-time = 656.3454854488373
all-measurements = [ 647.1301605701447, 646.7014865875244, 645.7050728797913,]
