best-result = 61.49388360977173
warmup-time = 72.21203708648682
all-measurements = [ 61.49388360977173, 61.582886934280396, 62.216179609298706,]
