best-result = 207.23136639595032
warmup-time = 359.26354026794434
all-measurements = [ 207.40762376785278, 208.31001472473145, 207.23136639595032,]
