best-result = 424.2926049232483
warmup-time = 859.9607300758362
all-measurements = [ 424.2926049232483, 425.7237067222595, 424.2945873737335,]
