best-result = 61.780022621154785
warmup-time = 80.44957661628723
all-measurements = [ 61.780022621154785, 62.43873333930969, 62.099915504455566,]
