best-result = 39.49699950218201
warmup-time = 47.805384397506714
all-measurements = [ 39.49699950218201, 40.912946701049805, 39.67167615890503,]
