best-result = 135.26844334602356
warmup-time = 163.77126216888428
all-measurements = [ 151.92506194114685, 143.55469822883606, 135.26844334602356,]
