best-result = 896.2444314956665
warmup-time = 921.4731254577637
all-measurements = [ 902.7588160037994, 899.3198187351227, 896.2444314956665,]
