best-result = 27.389975547790527
warmup-time = 36.74412441253662
all-measurements = [ 27.389975547790527, 27.863155126571655, 27.899518728256226,]
