best-result = 57.05534768104553
warmup-time = 70.24972128868103
all-measurements = [ 57.33110237121582, 57.05534768104553, 57.320667028427124,]
