best-result = 59.39310383796692
warmup-time = 72.36119055747986
all-measurements = [ 59.39310383796692, 59.52010440826416, 59.427810192108154,]
