best-result = 109.31733965873718
warmup-time = 134.20050859451294
all-measurements = [ 109.41539454460144, 109.48590087890625, 109.31733965873718,]
