best-result = 770.6175994873047
warmup-time = 846.3572804927826
all-measurements = [ 770.6175994873047, 776.1846218109131, 772.7465724945068,]
