best-result = 33.64392709732056
warmup-time = 42.49731516838074
all-measurements = [ 34.32703399658203, 34.206385135650635, 33.64392709732056,]
