best-result = 55.22245979309082
warmup-time = 71.5041139125824
all-measurements = [ 55.22245979309082, 55.234761476516724, 55.31507158279419,]
