best-result = 1627.3105545043945
warmup-time = 1960.8835201263428
all-measurements = [ 2386.61901307106, 1627.3105545043945, 1932.950837135315,]
