best-result = 47.89602327346802
warmup-time = 69.15717506408691
all-measurements = [ 47.89602327346802, 48.54894161224365, 48.52851414680481,]
