best-result = 78.3570704460144
warmup-time = 97.29394698143005
all-measurements = [ 78.97773718833923, 78.3570704460144, 78.62029361724854,]
