best-result = 36.62914848327637
warmup-time = 47.28952169418335
all-measurements = [ 36.62914848327637, 36.88241767883301, 36.95914959907532,]
