best-result = 334.6326034069061
warmup-time = 473.3925361633301
all-measurements = [ 334.6326034069061, 337.5145854949951, 336.26771330833435,]
