best-result = 58.66822099685669
warmup-time = 59.47934031486511
all-measurements = [ 58.69597840309143, 58.66822099685669, 58.77008104324341,]
