best-result = 22.917214155197144
warmup-time = 23.574325799942017
all-measurements = [ 22.917214155197144, 23.254597663879395, 22.963725566864014,]
