best-result = 46.25125980377197
warmup-time = 64.9656023979187
all-measurements = [ 46.25125980377197, 46.806153774261475, 46.884456634521484,]
