best-result = 45.74284744262695
warmup-time = 58.57764720916748
all-measurements = [ 45.74284744262695, 45.889819860458374, 46.49073767662048,]
