best-result = 895.5447528362274
warmup-time = 1091.6573240756989
all-measurements = [ 908.1995828151703, 895.5447528362274, 920.739364862442,]
