best-result = 84.80269432067871
warmup-time = 99.63079810142517
all-measurements = [ 84.99851608276367, 84.80269432067871, 85.32314348220825,]
