best-result = 978.6193242073059
warmup-time = 1008.9123592376709
all-measurements = [ 980.3528139591217, 978.6193242073059, 981.5242486000061,]
