best-result = 81.95304322242737
warmup-time = 101.98197197914124
all-measurements = [ 82.51946473121643, 81.95304322242737, 82.23217678070068,]
