best-result = 67.02274537086487
warmup-time = 86.52044796943665
all-measurements = [ 67.02274537086487, 67.51980185508728, 67.70854187011719,]
