best-result = 91.10476541519165
warmup-time = 104.5607430934906
all-measurements = [ 92.40216064453125, 91.10476541519165, 91.21520113945007,]
