best-result = 642.3351883888245
warmup-time = 657.9430046081543
all-measurements = [ 642.3351883888245, 644.068585395813, 642.517746925354,]
