best-result = 61.37703824043274
warmup-time = 74.9190742969513
all-measurements = [ 61.999961853027344, 61.37703824043274, 62.370131492614746,]
