best-result = 204.9948263168335
warmup-time = 363.28025937080383
all-measurements = [ 205.7488672733307, 204.9948263168335, 208.62127375602722,]
