best-result = 425.12032675743103
warmup-time = 862.1140718460083
all-measurements = [ 429.5439729690552, 425.12032675743103, 428.85764622688293,]
