best-result = 61.66814875602722
warmup-time = 81.97734642028809
all-measurements = [ 61.66814875602722, 62.64942121505737, 62.1601665019989,]
