best-result = 39.804699182510376
warmup-time = 48.213517904281616
all-measurements = [ 40.21727752685547, 39.804699182510376, 39.9862380027771,]
