best-result = 134.2401053905487
warmup-time = 156.57242822647095
all-measurements = [ 134.40263557434082, 134.2401053905487, 134.71258425712585,]
