best-result = 899.2792420387268
warmup-time = 933.0441529750824
all-measurements = [ 899.2792420387268, 926.328232049942, 906.651088476181,]
