best-result = 27.787656784057617
warmup-time = 35.73677468299866
all-measurements = [ 27.865081787109375, 27.954591751098633, 27.787656784057617,]
