best-result = 56.87720704078674
warmup-time = 70.5859625339508
all-measurements = [ 56.957927227020264, 57.47915840148926, 56.87720704078674,]
