best-result = 59.00480794906616
warmup-time = 73.38864278793335
all-measurements = [ 59.00480794906616, 59.257630586624146, 59.29920935630798,]
