best-result = 109.43043231964111
warmup-time = 137.68671298027039
all-measurements = [ 109.81430983543396, 109.43043231964111, 109.70872521400452,]
