best-result = 773.6625070571899
warmup-time = 845.8820486068726
all-measurements = [ 773.6625070571899, 776.6095094680786, 774.5809652805328,]
