best-result = 33.69556498527527
warmup-time = 41.43467307090759
all-measurements = [ 33.94377517700195, 34.42302131652832, 33.69556498527527,]
