best-result = 54.89851450920105
warmup-time = 71.75801992416382
all-measurements = [ 54.89851450920105, 55.18245315551758, 55.48760485649109,]
