best-result = 1635.1908774375916
warmup-time = 1710.7984380722046
all-measurements = [ 1635.1908774375916, 1808.0247175693512, 1862.9297542572021,]
