best-result = 48.183791160583496
warmup-time = 69.4789092540741
all-measurements = [ 48.183791160583496, 48.8671817779541, 48.3270149230957,]
