best-result = 77.58062267303467
warmup-time = 98.62099432945251
all-measurements = [ 77.97348690032959, 77.58062267303467, 77.70053386688232,]
