best-result = 37.049410343170166
warmup-time = 46.47465419769287
all-measurements = [ 37.05182409286499, 37.049410343170166, 37.42365264892578,]
