best-result = 335.8490719795227
warmup-time = 470.72162652015686
all-measurements = [ 339.59350180625916, 337.8866398334503, 335.8490719795227,]
