best-result = 58.38704824447632
warmup-time = 59.14459681510925
all-measurements = [ 58.730732440948486, 58.803738594055176, 58.38704824447632,]
