best-result = 21.566154956817627
warmup-time = 21.299232959747314
all-measurements = [ 21.680440425872803, 21.590365409851074, 21.566154956817627,]
