best-result = 46.998661279678345
warmup-time = 61.04686903953552
all-measurements = [ 47.1822144985199, 47.05758190155029, 46.998661279678345,]
