best-result = 46.53093600273132
warmup-time = 59.03727602958679
all-measurements = [ 47.23666000366211, 46.844624042510986, 46.53093600273132,]
