best-result = 976.4683260917664
warmup-time = 1193.3552808761597
all-measurements = [ 979.4600603580475, 986.8996348381042, 976.4683260917664,]
