best-result = 81.60068225860596
warmup-time = 96.42429208755493
all-measurements = [ 81.90524911880493, 82.1063220500946, 81.60068225860596,]
