best-result = 77.7100157737732
warmup-time = 101.09813213348389
all-measurements = [ 78.81882190704346, 77.7100157737732, 78.4384355545044,]
