best-result = 68.21056532859802
warmup-time = 93.36251640319824
all-measurements = [ 69.59528851509094, 68.51623892784119, 68.21056532859802,]
