best-result = 83.98328161239624
warmup-time = 99.7175841331482
all-measurements = [ 84.24142336845398, 83.98328161239624, 85.03803730010986,]
