best-result = 596.9107649326324
warmup-time = 614.0871498584747
all-measurements = [ 596.9107649326324, 597.1656770706177, 599.5798761844635,]
