best-result = 62.03446388244629
warmup-time = 79.2665708065033
all-measurements = [ 62.03446388244629, 62.38689589500427, 62.43407917022705,]
