best-result = 231.97394180297852
warmup-time = 407.42617440223694
all-measurements = [ 232.48562049865723, 231.97394180297852, 233.2822024822235,]
