best-result = 441.3301568031311
warmup-time = 946.5328962802887
all-measurements = [ 441.5792443752289, 441.3301568031311, 441.37665915489197,]
