best-result = 59.76007270812988
warmup-time = 75.91855502128601
all-measurements = [ 60.117931604385376, 60.07789611816406, 59.76007270812988,]
