best-result = 862.2067654132843
warmup-time = 896.0639445781708
all-measurements = [ 865.5733301639557, 862.2067654132843, 865.4128606319427,]
