best-result = 26.9616482257843
warmup-time = 35.62695550918579
all-measurements = [ 26.9616482257843, 27.1786470413208, 27.105194091796875,]
