best-result = 57.826780796051025
warmup-time = 73.47528433799744
all-measurements = [ 57.826780796051025, 58.456366777420044, 58.11754083633423,]
