best-result = 55.44230318069458
warmup-time = 69.34385204315186
all-measurements = [ 55.846766233444214, 55.44230318069458, 56.199398040771484,]
