best-result = 109.01338720321655
warmup-time = 138.25820016860962
all-measurements = [ 109.01338720321655, 109.28189873695374, 109.10834336280823,]
