best-result = 770.3327572345734
warmup-time = 837.4436986446381
all-measurements = [ 770.3665163516998, 770.761162519455, 770.3327572345734,]
