best-result = 33.376983404159546
warmup-time = 42.19299626350403
all-measurements = [ 33.76232028007507, 33.376983404159546, 33.80215120315552,]
