best-result = 52.945778369903564
warmup-time = 68.01451969146729
all-measurements = [ 53.16905760765076, 52.945778369903564, 53.16394662857056,]
