best-result = 49.48677897453308
warmup-time = 68.11559343338013
all-measurements = [ 49.48677897453308, 49.81977105140686, 50.14698028564453,]
