best-result = 78.29334330558777
warmup-time = 97.52131247520447
all-measurements = [ 78.29334330558777, 78.5252776145935, 78.82762432098389,]
