best-result = 35.45700526237488
warmup-time = 45.225199699401855
all-measurements = [ 35.78609347343445, 35.45700526237488, 35.55940651893616,]
