best-result = 346.62862634658813
warmup-time = 508.06435084342957
all-measurements = [ 367.05167865753174, 346.62862634658813, 351.9585039615631,]
