best-result = 102.70937085151672
warmup-time = 102.34224271774292
all-measurements = [ 102.70937085151672, 102.89980721473694, 103.11215114593506,]
