best-result = 25.370515823364258
warmup-time = 26.446677446365356
all-measurements = [ 25.846614360809326, 26.300540447235107, 25.370515823364258,]
