best-result = 35.96060109138489
warmup-time = 37.53682613372803
all-measurements = [ 35.96060109138489, 38.06542611122131, 36.407962799072266,]
