best-result = 31.163389205932617
warmup-time = 31.126962661743164
all-measurements = [ 31.163389205932617, 31.690535068511963, 31.780359745025635,]
