best-result = 265.37209606170654
warmup-time = 275.5592460632324
all-measurements = [ 271.3768472671509, 268.57199788093567, 265.37209606170654,]
