best-result = 36.180108070373535
warmup-time = 37.15114974975586
all-measurements = [ 36.180108070373535, 37.17131590843201, 36.855541706085205,]
