best-result = 41.091540575027466
warmup-time = 41.74339008331299
all-measurements = [ 41.091540575027466, 41.85216498374939, 41.35457634925842,]
