best-result = 50.00836682319641
warmup-time = 49.78790831565857
all-measurements = [ 50.00836682319641, 50.02601170539856, 50.216105937957764,]
