best-result = 33.88846683502197
warmup-time = 33.927942514419556
all-measurements = [ 35.047627449035645, 33.88846683502197, 34.95185351371765,]
