best-result = 35.178874254226685
warmup-time = 37.62509226799011
all-measurements = [ 37.52695608139038, 37.265746116638184, 35.178874254226685,]
