best-result = 61.607553482055664
warmup-time = 59.99600148200989
all-measurements = [ 66.50132417678833, 61.607553482055664, 66.20464944839478,]
