best-result = 225.8537299633026
warmup-time = 229.4444136619568
all-measurements = [ 228.15196633338928, 227.1900064945221, 225.8537299633026,]
