best-result = 519.9018275737762
warmup-time = 529.202253818512
all-measurements = [ 523.6903839111328, 527.0322406291962, 519.9018275737762,]
