best-result = 36.802226543426514
warmup-time = 37.29096055030823
all-measurements = [ 38.46210241317749, 36.802226543426514, 38.58808493614197,]
