best-result = 78.22026920318604
warmup-time = 79.16623425483704
all-measurements = [ 80.63761639595032, 78.22026920318604, 83.44081163406372,]
