best-result = 61.04934597015381
warmup-time = 62.64004969596863
all-measurements = [ 63.57757520675659, 61.04934597015381, 62.01792025566101,]
