best-result = 28.365894317626953
warmup-time = 28.08846616744995
all-measurements = [ 28.4010009765625, 28.365894317626953, 28.585739612579346,]
