best-result = 35.33658242225647
warmup-time = 35.51206922531128
all-measurements = [ 35.74122643470764, 35.33658242225647, 35.90014314651489,]
