best-result = 32.61622452735901
warmup-time = 32.01530885696411
all-measurements = [ 32.61622452735901, 35.122206926345825, 32.74286222457886,]
