best-result = 42.468888998031616
warmup-time = 42.87754201889038
all-measurements = [ 43.0242223739624, 42.468888998031616, 43.34337592124939,]
