best-result = 96.59335970878601
warmup-time = 99.76162219047546
all-measurements = [ 98.86749124526978, 96.59335970878601, 97.40961933135986,]
