best-result = 27.54440665245056
warmup-time = 29.457947254180908
all-measurements = [ 30.03502631187439, 27.594786167144775, 27.54440665245056,]
