best-result = 35.17552447319031
warmup-time = 35.448116064071655
all-measurements = [ 35.17552447319031, 35.78673243522644, 35.57952570915222,]
