best-result = 88.69841575622559
warmup-time = 88.63408899307251
all-measurements = [ 88.69841575622559, 89.66125011444092, 89.6039047241211,]
