best-result = 38.47420048713684
warmup-time = 40.25924563407898
all-measurements = [ 38.47420048713684, 39.4029107093811, 40.53389000892639,]
