best-result = 42.32692337036133
warmup-time = 45.081276178359985
all-measurements = [ 44.59745764732361, 42.32692337036133, 43.9574556350708,]
