best-result = 27.561129093170166
warmup-time = 29.736734628677368
all-measurements = [ 28.736360788345337, 28.814250946044922, 27.561129093170166,]
