best-result = 710.121217250824
warmup-time = 738.2635495662689
all-measurements = [ 710.121217250824, 716.2042498588562, 716.9759275913239,]
