best-result = 174.33208537101746
warmup-time = 176.15319299697876
all-measurements = [ 176.06966543197632, 174.33208537101746, 177.7225320339203,]
