best-result = 66.29700517654419
warmup-time = 66.50101399421692
all-measurements = [ 70.88353753089905, 66.29700517654419, 69.6985251903534,]
