best-result = 23.438315868377686
warmup-time = 23.481070041656494
all-measurements = [ 23.973431825637817, 23.438315868377686, 23.48525881767273,]
