best-result = 47.2490348815918
warmup-time = 64.39489364624023
all-measurements = [ 47.2490348815918, 47.34878754615784, 47.726383209228516,]
