best-result = 47.09744715690613
warmup-time = 57.79548263549805
all-measurements = [ 47.43176078796387, 47.09744715690613, 47.1826856136322,]
