best-result = 897.075706243515
warmup-time = 1116.61594247818
all-measurements = [ 901.4145662784576, 916.7427217960358, 897.075706243515,]
