best-result = 86.45422911643982
warmup-time = 100.09722065925598
all-measurements = [ 86.45422911643982, 87.81056427955627, 86.88834977149963,]
