best-result = 981.8141922950745
warmup-time = 1020.2109475135803
all-measurements = [ 990.1465344429016, 990.7545294761658, 981.8141922950745,]
