best-result = 84.22535347938538
warmup-time = 104.9054799079895
all-measurements = [ 84.22535347938538, 84.51506757736206, 84.78182864189148,]
