best-result = 68.90383458137512
warmup-time = 88.78964567184448
all-measurements = [ 68.97100329399109, 68.90383458137512, 69.85802721977234,]
