best-result = 91.9957811832428
warmup-time = 106.11661624908447
all-measurements = [ 91.9957811832428, 92.81816554069519, 92.82658576965332,]
