best-result = 651.3075284957886
warmup-time = 663.8553583621979
all-measurements = [ 651.3075284957886, 653.3533117771149, 655.6135737895966,]
