best-result = 63.250187397003174
warmup-time = 77.09656882286072
all-measurements = [ 63.43034482002258, 63.250187397003174, 63.555442094802856,]
