best-result = 203.69192934036255
warmup-time = 357.1841948032379
all-measurements = [ 203.69192934036255, 205.52617716789246, 204.17734146118164,]
