best-result = 386.9294888973236
warmup-time = 832.9689927101135
all-measurements = [ 387.35284209251404, 387.2050528526306, 386.9294888973236,]
