best-result = 64.07726955413818
warmup-time = 79.01079607009888
all-measurements = [ 64.07726955413818, 75.95185446739197, 73.91450071334839,]
