best-result = 40.49161672592163
warmup-time = 49.1191349029541
all-measurements = [ 41.47645044326782, 41.106154680252075, 40.49161672592163,]
