best-result = 135.81120204925537
warmup-time = 163.12553596496582
all-measurements = [ 136.2620165348053, 136.22397780418396, 135.81120204925537,]
