best-result = 929.3193221092224
warmup-time = 961.2060940265656
all-measurements = [ 936.4983406066895, 929.3193221092224, 932.5318927764893,]
