best-result = 28.385413885116577
warmup-time = 37.69846248626709
all-measurements = [ 28.52340817451477, 28.62099027633667, 28.385413885116577,]
