best-result = 57.705106258392334
warmup-time = 69.64225602149963
all-measurements = [ 58.023709535598755, 58.328591108322144, 57.705106258392334,]
