best-result = 60.75820708274841
warmup-time = 74.79954290390015
all-measurements = [ 60.84129619598389, 61.28974723815918, 60.75820708274841,]
