best-result = 110.73599290847778
warmup-time = 138.03832077980042
all-measurements = [ 111.16429114341736, 110.95451736450195, 110.73599290847778,]
