best-result = 774.9753768444061
warmup-time = 846.9710311889648
all-measurements = [ 774.9753768444061, 776.985445022583, 778.7260086536407,]
