best-result = 34.32463455200195
warmup-time = 41.08029866218567
all-measurements = [ 34.32463455200195, 34.626460552215576, 34.47082209587097,]
