best-result = 56.089808225631714
warmup-time = 70.65855932235718
all-measurements = [ 56.32855844497681, 56.089808225631714, 56.81729507446289,]
