best-result = 1354.5214066505432
warmup-time = 2175.4957270622253
all-measurements = [ 2102.3015265464783, 1667.3627700805664, 1354.5214066505432,]
