best-result = 49.32118773460388
warmup-time = 68.75989270210266
all-measurements = [ 49.36375021934509, 49.32118773460388, 49.64663910865784,]
