best-result = 83.17706346511841
warmup-time = 101.96978998184204
all-measurements = [ 83.4662573337555, 83.17706346511841, 83.94253754615784,]
