best-result = 38.1526563167572
warmup-time = 47.49986386299133
all-measurements = [ 38.758952617645264, 38.3038387298584, 38.1526563167572,]
