best-result = 329.26007604599
warmup-time = 474.93983793258667
all-measurements = [ 329.26007604599, 329.65679240226746, 334.8272886276245,]
