best-result = 59.38588833808899
warmup-time = 60.091317892074585
all-measurements = [ 60.78089928627014, 59.610907316207886, 59.38588833808899,]
