best-result = 25.483552932739258
warmup-time = 26.324384927749634
all-measurements = [ 26.026832818984985, 26.045666694641113, 25.483552932739258,]
