best-result = 35.84723520278931
warmup-time = 36.54383730888367
all-measurements = [ 38.02811121940613, 35.84723520278931, 37.94474387168884,]
