best-result = 30.858121871948242
warmup-time = 31.81820583343506
all-measurements = [ 30.858121871948242, 31.04202175140381, 30.9055278301239,]
