best-result = 263.9020833969116
warmup-time = 271.970011472702
all-measurements = [ 265.80431032180786, 267.6005518436432, 263.9020833969116,]
