best-result = 36.14975714683533
warmup-time = 37.50041174888611
all-measurements = [ 38.05833578109741, 37.47263193130493, 36.14975714683533,]
