best-result = 40.32817721366882
warmup-time = 41.09853172302246
all-measurements = [ 40.88284373283386, 40.49902319908142, 40.32817721366882,]
