best-result = 49.16900634765625
warmup-time = 50.33368754386902
all-measurements = [ 49.75712537765503, 49.16900634765625, 50.105860471725464,]
