best-result = 32.3202178478241
warmup-time = 34.130136251449585
all-measurements = [ 34.6739182472229, 33.12092471122742, 32.3202178478241,]
