best-result = 37.48285508155823
warmup-time = 37.72126579284668
all-measurements = [ 37.93302392959595, 37.56778860092163, 37.48285508155823,]
