best-result = 59.835472106933594
warmup-time = 59.36545515060425
all-measurements = [ 59.835472106933594, 64.14313316345215, 62.92501449584961,]
