best-result = 226.1444742679596
warmup-time = 229.25811862945557
all-measurements = [ 228.01918387413025, 226.37922048568726, 226.1444742679596,]
