best-result = 520.873594045639
warmup-time = 527.4007308483124
all-measurements = [ 522.0131759643555, 520.873594045639, 522.3543994426727,]
