best-result = 36.40862989425659
warmup-time = 39.37264561653137
all-measurements = [ 36.67353415489197, 36.40862989425659, 36.42378067970276,]
