best-result = 70.02886033058167
warmup-time = 80.92479705810547
all-measurements = [ 70.02886033058167, 74.43453550338745, 81.95525097846985,]
