best-result = 61.15379309654236
warmup-time = 63.308711528778076
all-measurements = [ 64.29408955574036, 63.9813015460968, 61.15379309654236,]
