best-result = 27.793615102767944
warmup-time = 28.546367168426514
all-measurements = [ 28.20519495010376, 28.469089031219482, 27.793615102767944,]
