best-result = 35.16425657272339
warmup-time = 35.34571027755737
all-measurements = [ 36.018685817718506, 35.83213782310486, 35.16425657272339,]
