best-result = 32.73980498313904
warmup-time = 34.3557026386261
all-measurements = [ 32.73980498313904, 33.97856950759888, 32.77643156051636,]
