best-result = 42.690526485443115
warmup-time = 43.26172494888306
all-measurements = [ 44.856669425964355, 42.690526485443115, 43.1914336681366,]
