best-result = 95.64378070831299
warmup-time = 98.7526261806488
all-measurements = [ 97.65822052955627, 95.64378070831299, 96.96506547927856,]
