best-result = 27.12333393096924
warmup-time = 29.437992334365845
all-measurements = [ 27.748751878738403, 29.467041730880737, 27.12333393096924,]
