best-result = 34.070212841033936
warmup-time = 34.46218681335449
all-measurements = [ 34.070212841033936, 34.786884784698486, 34.70631003379822,]
