best-result = 88.98690509796143
warmup-time = 92.95665121078491
all-measurements = [ 91.93135976791382, 92.24565148353577, 88.98690509796143,]
