best-result = 38.48404622077942
warmup-time = 40.34931993484497
all-measurements = [ 39.1700119972229, 40.06189966201782, 38.48404622077942,]
