best-result = 44.92077589035034
warmup-time = 46.803521394729614
all-measurements = [ 44.92077589035034, 45.545963764190674, 44.92681431770325,]
