best-result = 27.5567843914032
warmup-time = 30.239750862121582
all-measurements = [ 29.72845149040222, 29.234481811523438, 27.5567843914032,]
