best-result = 698.9571313858032
warmup-time = 731.535961151123
all-measurements = [ 699.7408373355865, 698.9571313858032, 700.0560669898987,]
