best-result = 174.43386316299438
warmup-time = 177.63063311576843
all-measurements = [ 177.64996194839478, 174.43386316299438, 177.46165823936462,]
