best-result = 59.41594219207764
warmup-time = 66.55292701721191
all-measurements = [ 71.35769486427307, 70.41031527519226, 59.41594219207764,]
