best-result = 23.593925714492798
warmup-time = 23.490868091583252
all-measurements = [ 23.611456155776978, 23.99482750892639, 23.593925714492798,]
