best-result = 47.52375316619873
warmup-time = 64.31627607345581
all-measurements = [ 47.86676287651062, 47.52375316619873, 47.69770884513855,]
