best-result = 47.302027225494385
warmup-time = 58.37060070037842
all-measurements = [ 47.80950736999512, 47.34408903121948, 47.302027225494385,]
