best-result = 927.9810893535614
warmup-time = 1087.0849533081055
all-measurements = [ 932.1431901454926, 927.9810893535614, 948.9176003932953,]
