best-result = 88.0793685913086
warmup-time = 102.3925609588623
all-measurements = [ 88.0793685913086, 88.28321051597595, 88.50399875640869,]
