best-result = 1054.4708790779114
warmup-time = 1068.56240940094
all-measurements = [ 1054.7502825260162, 1059.1177897453308, 1054.4708790779114,]
