best-result = 67.02345848083496
warmup-time = 81.6308753490448
all-measurements = [ 67.8600857257843, 67.02345848083496, 68.1967704296112,]
