best-result = 84.95545864105225
warmup-time = 108.3415949344635
all-measurements = [ 86.72173643112183, 85.58485317230225, 84.95545864105225,]
