best-result = 69.61605882644653
warmup-time = 90.51990675926208
all-measurements = [ 69.83742094039917, 69.61605882644653, 69.78972864151001,]
