best-result = 94.59645128250122
warmup-time = 106.91123723983765
all-measurements = [ 95.51978373527527, 94.59645128250122, 95.12472105026245,]
