best-result = 661.5162093639374
warmup-time = 677.4563052654266
all-measurements = [ 689.519344329834, 661.5162093639374, 664.8263213634491,]
