best-result = 63.54205846786499
warmup-time = 79.4640564918518
all-measurements = [ 63.87848472595215, 63.76922345161438, 63.54205846786499,]
