best-result = 195.36306071281433
warmup-time = 353.57580041885376
all-measurements = [ 196.34717321395874, 195.50628066062927, 195.36306071281433,]
