best-result = 395.0596561431885
warmup-time = 840.9926705360413
all-measurements = [ 397.02710032463074, 397.16772198677063, 395.0596561431885,]
