best-result = 63.994940757751465
warmup-time = 79.69127941131592
all-measurements = [ 64.05615830421448, 64.06962513923645, 63.994940757751465,]
