best-result = 41.138667583465576
warmup-time = 49.525869846343994
all-measurements = [ 41.22821807861328, 41.48325490951538, 41.138667583465576,]
