best-result = 137.07186722755432
warmup-time = 163.60629057884216
all-measurements = [ 138.0543577671051, 137.07186722755432, 137.648499250412,]
