best-result = 965.6105964183807
warmup-time = 999.8391971588135
all-measurements = [ 965.781076669693, 965.6105964183807, 967.4221601486206,]
