best-result = 28.69072198867798
warmup-time = 36.95639371871948
all-measurements = [ 28.69072198867798, 28.942500591278076, 28.713903427124023,]
