best-result = 59.674044370651245
warmup-time = 72.8377742767334
all-measurements = [ 60.60295343399048, 60.10240817070007, 59.674044370651245,]
