best-result = 62.14196228981018
warmup-time = 75.18108916282654
all-measurements = [ 62.14196228981018, 62.19842457771301, 62.394962310791016,]
