best-result = 111.06554651260376
warmup-time = 140.3297574520111
all-measurements = [ 112.86811065673828, 111.37299609184265, 111.06554651260376,]
