best-result = 785.9681622982025
warmup-time = 856.4801940917969
all-measurements = [ 785.9681622982025, 792.5532445907593, 790.66748213768,]
