best-result = 35.029269218444824
warmup-time = 42.09239983558655
all-measurements = [ 35.152119636535645, 35.237244606018066, 35.029269218444824,]
