best-result = 56.560596227645874
warmup-time = 73.06845998764038
all-measurements = [ 56.560596227645874, 56.67857527732849, 57.04954266548157,]
