best-result = 1690.1363790035248
warmup-time = 1914.2087728977203
all-measurements = [ 1908.2375700473785, 2378.595547914505, 1690.1363790035248,]
