best-result = 49.602524757385254
warmup-time = 70.90111422538757
all-measurements = [ 50.344659090042114, 49.602524757385254, 49.91347360610962,]
