best-result = 86.03102207183838
warmup-time = 109.75867486000061
all-measurements = [ 86.03102207183838, 86.20884728431702, 86.47448325157166,]
