best-result = 95.83533501625061
warmup-time = 117.74895977973938
all-measurements = [ 96.35157060623169, 95.83533501625061, 95.8489830493927,]
