best-result = 38.35140681266785
warmup-time = 46.816884994506836
all-measurements = [ 38.677448987960815, 38.35140681266785, 39.00718569755554,]
