best-result = 322.08606457710266
warmup-time = 459.8443431854248
all-measurements = [ 324.1937561035156, 327.68541955947876, 322.08606457710266,]
