best-result = 60.97322750091553
warmup-time = 62.01426124572754
all-measurements = [ 62.0246160030365, 60.97322750091553, 60.985312938690186,]
