best-result = 26.007667541503906
warmup-time = 26.45661473274231
all-measurements = [ 26.465593814849854, 26.007667541503906, 26.25822687149048,]
