best-result = 35.33600640296936
warmup-time = 35.58072209358215
all-measurements = [ 36.70158004760742, 35.33600640296936, 36.815823554992676,]
