best-result = 31.176513195037842
warmup-time = 30.923230171203613
all-measurements = [ 31.176513195037842, 31.292963981628418, 31.223953008651733,]
