best-result = 249.80585265159607
warmup-time = 259.34455609321594
all-measurements = [ 254.01853346824646, 249.80585265159607, 251.92678427696228,]
