best-result = 35.98937654495239
warmup-time = 36.23259902000427
all-measurements = [ 37.0554723739624, 35.98937654495239, 36.01766037940979,]
