best-result = 112.28532242774963
warmup-time = 114.2254638671875
all-measurements = [ 112.28532242774963, 113.24468326568604, 114.70404171943665,]
