best-result = 34.926995515823364
warmup-time = 36.94887328147888
all-measurements = [ 35.22522592544556, 34.926995515823364, 35.35726976394653,]
