best-result = 40.401811599731445
warmup-time = 42.43942189216614
all-measurements = [ 41.49452018737793, 40.401811599731445, 41.620150327682495,]
