best-result = 47.61004281044006
warmup-time = 48.242403745651245
all-measurements = [ 48.323437213897705, 47.61004281044006, 48.51712608337402,]
