best-result = 33.188873052597046
warmup-time = 33.60401225090027
all-measurements = [ 34.44241547584534, 33.188873052597046, 33.907140493392944,]
