best-result = 36.39355707168579
warmup-time = 37.617213010787964
all-measurements = [ 38.29106378555298, 37.72408580780029, 36.39355707168579,]
