best-result = 60.877254009246826
warmup-time = 62.94375777244568
all-measurements = [ 61.45510721206665, 61.39548110961914, 60.877254009246826,]
