best-result = 218.23238253593445
warmup-time = 223.19830656051636
all-measurements = [ 218.23238253593445, 219.19976258277893, 218.83372497558594,]
