best-result = 508.1596710681915
warmup-time = 515.6750175952911
all-measurements = [ 508.59693598747253, 510.4002492427826, 508.1596710681915,]
