best-result = 36.20029091835022
warmup-time = 35.81279730796814
all-measurements = [ 36.20029091835022, 37.27718758583069, 37.729005336761475,]
