best-result = 28.95655632019043
warmup-time = 29.18437933921814
all-measurements = [ 28.95655632019043, 29.593910694122314, 29.085142850875854,]
