best-result = 73.88976788520813
warmup-time = 77.89030027389526
all-measurements = [ 76.2611231803894, 73.88976788520813, 83.55389380455017,]
