best-result = 61.305625438690186
warmup-time = 61.883814334869385
all-measurements = [ 61.305625438690186, 62.59333562850952, 62.051735162734985,]
