best-result = 28.622214317321777
warmup-time = 29.352420568466187
all-measurements = [ 29.08058261871338, 28.622214317321777, 28.927949905395508,]
