best-result = 32.937047243118286
warmup-time = 32.9012176990509
all-measurements = [ 35.78984022140503, 32.937047243118286, 35.346031188964844,]
