best-result = 33.5292284488678
warmup-time = 35.245137453079224
all-measurements = [ 33.980825662612915, 33.5292284488678, 34.42405104637146,]
