best-result = 42.55702567100525
warmup-time = 42.35979676246643
all-measurements = [ 42.55702567100525, 44.020187854766846, 43.18658900260925,]
