best-result = 94.1836142539978
warmup-time = 100.05107021331787
all-measurements = [ 94.1836142539978, 111.47167253494263, 98.78876519203186,]
