best-result = 28.06114172935486
warmup-time = 29.859291076660156
all-measurements = [ 29.057626008987427, 29.453033685684204, 28.06114172935486,]
