best-result = 34.738271713256836
warmup-time = 33.28953433036804
all-measurements = [ 34.738271713256836, 35.38800239562988, 34.74990391731262,]
