best-result = 87.82482886314392
warmup-time = 86.04022812843323
all-measurements = [ 87.82482886314392, 87.86290526390076, 89.36113715171814,]
