best-result = 38.8214807510376
warmup-time = 39.87681174278259
all-measurements = [ 39.566136598587036, 39.84128952026367, 38.8214807510376,]
