best-result = 44.55628061294556
warmup-time = 43.937828063964844
all-measurements = [ 44.61711096763611, 46.66172456741333, 44.55628061294556,]
