best-result = 49.96765661239624
warmup-time = 51.125648736953735
all-measurements = [ 49.96765661239624, 50.207300662994385, 50.804178953170776,]
