best-result = 28.52675437927246
warmup-time = 28.83112597465515
all-measurements = [ 28.52675437927246, 29.660740852355957, 28.796522855758667,]
