best-result = 635.9630167484283
warmup-time = 691.7500684261322
all-measurements = [ 640.6600370407104, 635.9630167484283, 636.273800611496,]
