best-result = 166.71919417381287
warmup-time = 168.97995615005493
all-measurements = [ 166.71919417381287, 169.7631905078888, 167.95247435569763,]
