best-result = 58.566789388656616
warmup-time = 67.05027151107788
all-measurements = [ 65.44896006584167, 58.566789388656616, 66.55036091804504,]
