best-result = 25.936880111694336
warmup-time = 26.42853283882141
all-measurements = [ 26.780607223510742, 25.936880111694336, 26.148412942886353,]
