best-result = 35.20740604400635
warmup-time = 38.048770904541016
all-measurements = [ 37.27079153060913, 35.20740604400635, 37.93437457084656,]
