best-result = 30.770475149154663
warmup-time = 31.18470597267151
all-measurements = [ 31.19034194946289, 30.917455911636353, 30.770475149154663,]
