best-result = 256.62042808532715
warmup-time = 261.2290894985199
all-measurements = [ 256.80839681625366, 260.3281669616699, 256.62042808532715,]
