best-result = 35.61900877952576
warmup-time = 35.59097361564636
all-measurements = [ 36.3030686378479, 35.9074273109436, 35.61900877952576,]
