best-result = 112.4603111743927
warmup-time = 113.40458250045776
all-measurements = [ 113.14064908027649, 112.4603111743927, 113.42638087272644,]
