best-result = 40.29349946975708
warmup-time = 41.61316442489624
all-measurements = [ 40.902849197387695, 41.55031061172485, 40.29349946975708,]
