best-result = 47.408101081848145
warmup-time = 47.928778648376465
all-measurements = [ 47.56948184967041, 47.408101081848145, 48.36438703536987,]
