best-result = 33.4008584022522
warmup-time = 33.458698749542236
all-measurements = [ 33.4008584022522, 33.554025173187256, 34.003387689590454,]
