best-result = 36.81121373176575
warmup-time = 37.57133984565735
all-measurements = [ 37.31319856643677, 36.81121373176575, 37.64180898666382,]
