best-result = 58.94123196601868
warmup-time = 66.89450693130493
all-measurements = [ 60.52952837944031, 58.94123196601868, 63.50955080986023,]
