best-result = 223.0013942718506
warmup-time = 225.30404615402222
all-measurements = [ 223.36688566207886, 225.9117522239685, 223.0013942718506,]
