best-result = 512.2303595542908
warmup-time = 516.3480417728424
all-measurements = [ 512.2303595542908, 515.3594739437103, 516.2278389930725,]
