best-result = 35.75533890724182
warmup-time = 35.94487524032593
all-measurements = [ 35.75533890724182, 38.091323137283325, 36.44034719467163,]
