best-result = 28.779172658920288
warmup-time = 29.282814502716064
all-measurements = [ 28.881946325302124, 28.779172658920288, 29.200273752212524,]
