best-result = 73.55670714378357
warmup-time = 75.94109773635864
all-measurements = [ 73.55670714378357, 74.78427648544312, 74.5827465057373,]
