best-result = 62.70838141441345
warmup-time = 61.93622660636902
all-measurements = [ 62.70838141441345, 64.8063611984253, 63.811805963516235,]
