best-result = 27.522539138793945
warmup-time = 28.39149022102356
all-measurements = [ 28.818416118621826, 27.522539138793945, 28.140203714370728,]
