best-result = 35.063138484954834
warmup-time = 35.3301146030426
all-measurements = [ 35.65803122520447, 35.063138484954834, 35.23490500450134,]
