best-result = 32.789809226989746
warmup-time = 33.46004867553711
all-measurements = [ 32.789809226989746, 33.38588786125183, 33.76109790802002,]
