best-result = 42.59010291099548
warmup-time = 43.57996416091919
all-measurements = [ 42.59010291099548, 42.742878437042236, 43.23223304748535,]
