best-result = 94.04588103294373
warmup-time = 98.3951985836029
all-measurements = [ 94.64417862892151, 97.41956901550293, 94.04588103294373,]
