best-result = 27.93275213241577
warmup-time = 29.442566871643066
all-measurements = [ 29.212726831436157, 27.93275213241577, 28.077693700790405,]
