best-result = 34.08630585670471
warmup-time = 35.95417308807373
all-measurements = [ 34.63687062263489, 34.08630585670471, 34.75137114524841,]
