best-result = 88.16989326477051
warmup-time = 89.83062100410461
all-measurements = [ 88.35339736938477, 88.5608012676239, 88.16989326477051,]
