best-result = 38.155295848846436
warmup-time = 39.64306712150574
all-measurements = [ 38.17798447608948, 39.04639911651611, 38.155295848846436,]
