best-result = 43.838351011276245
warmup-time = 45.34740853309631
all-measurements = [ 44.56233096122742, 45.647098541259766, 43.838351011276245,]
