best-result = 28.776429653167725
warmup-time = 27.280383586883545
all-measurements = [ 28.776429653167725, 28.95021152496338, 29.51553988456726,]
