best-result = 628.7882356643677
warmup-time = 671.6718826293945
all-measurements = [ 630.1044275760651, 628.7882356643677, 632.1886229515076,]
