best-result = 173.02260541915894
warmup-time = 174.01273822784424
all-measurements = [ 173.02260541915894, 174.6266028881073, 176.72456312179565,]
