best-result = 64.23943424224854
warmup-time = 68.48653984069824
all-measurements = [ 69.6596314907074, 67.55135726928711, 64.23943424224854,]
