best-result = 21.80418348312378
warmup-time = 22.236093521118164
all-measurements = [ 22.063611268997192, 21.80418348312378, 22.28266978263855,]
