best-result = 46.19787645339966
warmup-time = 60.77426743507385
all-measurements = [ 46.61402368545532, 46.286869049072266, 46.19787645339966,]
