best-result = 46.297377824783325
warmup-time = 58.15428400039673
all-measurements = [ 46.31756663322449, 46.297377824783325, 46.34269165992737,]
