best-result = 945.3951044082642
warmup-time = 1133.402764081955
all-measurements = [ 958.1618883609772, 962.8415246009827, 945.3951044082642,]
