best-result = 81.63677716255188
warmup-time = 95.58207392692566
all-measurements = [ 81.66156244277954, 82.1370780467987, 81.63677716255188,]
