best-result = 77.66635966300964
warmup-time = 99.95583271980286
all-measurements = [ 77.66635966300964, 77.94056844711304, 78.66418766975403,]
