best-result = 68.2374746799469
warmup-time = 90.48147821426392
all-measurements = [ 68.2374746799469, 68.65516781806946, 68.50959825515747,]
