best-result = 83.77224159240723
warmup-time = 97.95919418334961
all-measurements = [ 84.1970465183258, 84.81908059120178, 83.77224159240723,]
