best-result = 591.2775082588196
warmup-time = 607.0542328357697
all-measurements = [ 591.2775082588196, 593.6083519458771, 595.406111240387,]
