best-result = 61.389089584350586
warmup-time = 77.28961777687073
all-measurements = [ 61.6035897731781, 61.62969136238098, 61.389089584350586,]
