best-result = 220.7010087966919
warmup-time = 370.2151927947998
all-measurements = [ 221.85304617881775, 221.58131909370422, 220.7010087966919,]
