best-result = 437.99263215065
warmup-time = 892.2580926418304
all-measurements = [ 442.4120862483978, 437.99263215065, 438.1591556072235,]
