best-result = 59.79227876663208
warmup-time = 75.34335112571716
all-measurements = [ 59.960700035095215, 59.79227876663208, 60.739337682724,]
