best-result = 845.97989320755
warmup-time = 875.5731377601624
all-measurements = [ 850.0815074443817, 845.97989320755, 848.5506970882416,]
