best-result = 26.80804181098938
warmup-time = 34.21300387382507
all-measurements = [ 26.80804181098938, 27.523202657699585, 27.15082049369812,]
