best-result = 57.10306429862976
warmup-time = 70.25614643096924
all-measurements = [ 57.10306429862976, 57.34902262687683, 57.41976284980774,]
