best-result = 55.39829778671265
warmup-time = 68.70081090927124
all-measurements = [ 57.035510540008545, 55.39829778671265, 56.2524049282074,]
