best-result = 106.5617835521698
warmup-time = 135.13417744636536
all-measurements = [ 107.55202198028564, 106.5617835521698, 107.67343354225159,]
