best-result = 758.6912376880646
warmup-time = 853.7938542366028
all-measurements = [ 762.139007806778, 759.3387384414673, 758.6912376880646,]
