best-result = 33.55664563179016
warmup-time = 39.83407163619995
all-measurements = [ 33.55664563179016, 34.26379680633545, 34.126994132995605,]
