best-result = 52.62054491043091
warmup-time = 68.21007466316223
all-measurements = [ 52.99330997467041, 52.62054491043091, 52.730889558792114,]
