best-result = 1425.3458790779114
warmup-time = 1875.1967086791992
all-measurements = [ 1551.4495391845703, 1425.3458790779114, 1870.6041085720062,]
