best-result = 48.36121487617493
warmup-time = 69.72659516334534
all-measurements = [ 48.36121487617493, 48.964897871017456, 48.41071319580078,]
