best-result = 78.68407917022705
warmup-time = 100.30071091651917
all-measurements = [ 78.68407917022705, 79.32083773612976, 78.73284840583801,]
