best-result = 35.71020150184631
warmup-time = 44.68446969985962
all-measurements = [ 35.80138921737671, 35.71020150184631, 35.86078476905823,]
