best-result = 326.8321924209595
warmup-time = 469.3109085559845
all-measurements = [ 331.56896328926086, 326.8321924209595, 328.0518445968628,]
