best-result = 101.31928539276123
warmup-time = 101.44941210746765
all-measurements = [ 101.43600940704346, 101.55883455276489, 101.31928539276123,]
