best-result = 23.04289221763611
warmup-time = 22.940757274627686
all-measurements = [ 24.048896074295044, 23.04289221763611, 23.057465314865112,]
