best-result = 46.4415066242218
warmup-time = 64.23141145706177
all-measurements = [ 46.918516874313354, 47.68343949317932, 46.4415066242218,]
