best-result = 46.54996061325073
warmup-time = 58.07493352890015
all-measurements = [ 46.66160202026367, 46.54996061325073, 46.62263488769531,]
