best-result = 936.2836637496948
warmup-time = 1142.3079595565796
all-measurements = [ 936.2836637496948, 940.6078109741211, 951.5798416137695,]
