best-result = 85.58873248100281
warmup-time = 100.83336758613586
all-measurements = [ 85.89246463775635, 85.58873248100281, 85.86033391952515,]
