best-result = 81.48660254478455
warmup-time = 103.49123859405518
all-measurements = [ 81.48660254478455, 82.4597864151001, 82.84128785133362,]
