best-result = 70.82433700561523
warmup-time = 91.50189781188965
all-measurements = [ 70.82433700561523, 71.3858573436737, 71.08729982376099,]
