best-result = 91.66222548484802
warmup-time = 105.11317014694214
all-measurements = [ 91.86772060394287, 91.738285779953, 91.66222548484802,]
