best-result = 633.6488537788391
warmup-time = 652.9464445114136
all-measurements = [ 636.8817081451416, 633.6488537788391, 635.0772542953491,]
