best-result = 65.22597026824951
warmup-time = 77.80129027366638
all-measurements = [ 65.22597026824951, 65.33612012863159, 66.18308091163635,]
