best-result = 220.0117244720459
warmup-time = 368.8881800174713
all-measurements = [ 224.4263048171997, 223.21735835075378, 220.0117244720459,]
