best-result = 438.1729609966278
warmup-time = 885.5019972324371
all-measurements = [ 457.60339069366455, 445.10122418403625, 438.1729609966278,]
