best-result = 62.432342767715454
warmup-time = 78.17573976516724
all-measurements = [ 62.7154815196991, 62.432342767715454, 62.53836417198181,]
