best-result = 144.06525564193726
warmup-time = 170.57484817504883
all-measurements = [ 144.4570484161377, 144.26263284683228, 144.06525564193726,]
