best-result = 885.2505080699921
warmup-time = 915.4508059024811
all-measurements = [ 885.4448266029358, 885.2505080699921, 886.7291321754456,]
