best-result = 27.507373332977295
warmup-time = 35.548707246780396
all-measurements = [ 27.69233727455139, 27.507373332977295, 27.612001657485962,]
