best-result = 58.85998010635376
warmup-time = 68.99203419685364
all-measurements = [ 58.85998010635376, 59.53189945220947, 59.044004917144775,]
