best-result = 59.63022041320801
warmup-time = 74.06228566169739
all-measurements = [ 59.85507249832153, 59.66325616836548, 59.63022041320801,]
