best-result = 110.60527515411377
warmup-time = 137.72832655906677
all-measurements = [ 111.43818211555481, 112.31467628479004, 110.60527515411377,]
