best-result = 789.0655417442322
warmup-time = 862.5764820575714
all-measurements = [ 814.7759113311768, 789.0655417442322, 789.7036983966827,]
