best-result = 33.52340531349182
warmup-time = 42.400718212127686
all-measurements = [ 34.03337216377258, 33.61431884765625, 33.52340531349182,]
