best-result = 55.01758170127869
warmup-time = 70.04897713661194
all-measurements = [ 55.94558644294739, 55.658488750457764, 55.01758170127869,]
