best-result = 2592.332628250122
warmup-time = 2923.6290225982666
all-measurements = [ 2592.332628250122, 2771.5129125118256, 4055.2135944366455,]
