best-result = 49.34460735321045
warmup-time = 71.33638501167297
all-measurements = [ 49.34460735321045, 50.224549770355225, 49.95955157279968,]
