best-result = 78.82606840133667
warmup-time = 98.02825665473938
all-measurements = [ 79.42653012275696, 79.28710007667542, 78.82606840133667,]
