best-result = 36.73094391822815
warmup-time = 46.39074730873108
all-measurements = [ 36.73094391822815, 37.1053524017334, 37.17031288146973,]
