best-result = 357.6232690811157
warmup-time = 504.4209599494934
all-measurements = [ 357.6232690811157, 357.6364061832428, 360.51154613494873,]
