best-result = 59.32445955276489
warmup-time = 60.05382537841797
all-measurements = [ 59.803723096847534, 59.80328440666199, 59.32445955276489,]
