best-result = 22.72648310661316
warmup-time = 22.745914220809937
all-measurements = [ 22.72648310661316, 22.74839735031128, 23.06070637702942,]
