best-result = 46.83153319358826
warmup-time = 64.01452898979187
all-measurements = [ 46.83153319358826, 46.88658165931702, 46.921239376068115,]
