best-result = 46.28376841545105
warmup-time = 57.81975078582764
all-measurements = [ 46.483333349227905, 46.40937805175781, 46.28376841545105,]
