best-result = 921.3515717983246
warmup-time = 1143.9686307907104
all-measurements = [ 921.3515717983246, 927.7600800991058, 934.1501972675323,]
