best-result = 85.00088477134705
warmup-time = 100.205406665802
all-measurements = [ 86.21607971191406, 85.77442836761475, 85.00088477134705,]
