best-result = 986.8390679359436
warmup-time = 1011.5031552314758
all-measurements = [ 991.2535555362701, 991.2037899494171, 986.8390679359436,]
