best-result = 81.88041996955872
warmup-time = 103.53689956665039
all-measurements = [ 82.6217782497406, 82.48477721214294, 81.88041996955872,]
