best-result = 68.46018743515015
warmup-time = 89.13455009460449
all-measurements = [ 68.64834260940552, 68.46018743515015, 68.57096481323242,]
