best-result = 91.48371028900146
warmup-time = 105.28726315498352
all-measurements = [ 91.48371028900146, 91.58996725082397, 91.65961194038391,]
