best-result = 648.5810816287994
warmup-time = 664.6861069202423
all-measurements = [ 655.2569169998169, 651.6576263904572, 648.5810816287994,]
