best-result = 63.816813230514526
warmup-time = 82.01455545425415
all-measurements = [ 64.04011631011963, 63.910337686538696, 63.816813230514526,]
