best-result = 210.9565646648407
warmup-time = 366.96501421928406
all-measurements = [ 210.9565646648407, 212.0061957836151, 210.99314332008362,]
