best-result = 427.55246925354004
warmup-time = 877.6096911430359
all-measurements = [ 427.86785435676575, 428.22549653053284, 427.55246925354004,]
