best-result = 62.45075988769531
warmup-time = 78.43939876556396
all-measurements = [ 62.66320323944092, 62.45075988769531, 62.547985315322876,]
