best-result = 39.388405561447144
warmup-time = 48.166701793670654
all-measurements = [ 40.01305341720581, 39.78297305107117, 39.388405561447144,]
