best-result = 138.27382564544678
warmup-time = 170.26738214492798
all-measurements = [ 138.37989592552185, 138.88511300086975, 138.27382564544678,]
