best-result = 908.1399059295654
warmup-time = 942.4310622215271
all-measurements = [ 914.3637404441833, 908.1399059295654, 918.1520891189575,]
