best-result = 27.42910099029541
warmup-time = 37.19170665740967
all-measurements = [ 27.47469162940979, 28.052220106124878, 27.42910099029541,]
