best-result = 57.430314779281616
warmup-time = 71.54803371429443
all-measurements = [ 58.36379623413086, 57.430314779281616, 57.52292776107788,]
