best-result = 59.60871744155884
warmup-time = 85.90159177780151
all-measurements = [ 66.72504234313965, 59.60871744155884, 60.02168011665344,]
