best-result = 111.42266893386841
warmup-time = 139.95276927947998
all-measurements = [ 112.3277177810669, 111.78361654281616, 111.42266893386841,]
