best-result = 785.1029937267303
warmup-time = 857.8339278697968
all-measurements = [ 791.2097015380859, 789.7217171192169, 785.1029937267303,]
