best-result = 33.5982985496521
warmup-time = 43.0649516582489
all-measurements = [ 33.9620578289032, 33.5982985496521, 33.743911027908325,]
