best-result = 55.504043102264404
warmup-time = 71.40941429138184
all-measurements = [ 55.66402626037598, 55.504043102264404, 55.699151039123535,]
