best-result = 1450.1059386730194
warmup-time = 1367.947348833084
all-measurements = [ 1946.4296712875366, 1923.1283929347992, 1450.1059386730194,]
