best-result = 48.319395303726196
warmup-time = 70.38274097442627
all-measurements = [ 48.42764759063721, 48.319395303726196, 49.12318563461304,]
