best-result = 78.11616063117981
warmup-time = 97.21702527999878
all-measurements = [ 78.11616063117981, 79.11637258529663, 78.83771061897278,]
