best-result = 36.996878147125244
warmup-time = 46.820446729660034
all-measurements = [ 36.996878147125244, 37.14731693267822, 37.370126485824585,]
