best-result = 355.4523174762726
warmup-time = 497.3175048828125
all-measurements = [ 358.6784725189209, 355.97037625312805, 355.4523174762726,]
