best-result = 58.92138600349426
warmup-time = 59.18904948234558
all-measurements = [ 58.92138600349426, 59.372790575027466, 59.11540985107422,]
