best-result = 23.215163707733154
warmup-time = 25.26465368270874
all-measurements = [ 23.30013680458069, 23.370612144470215, 23.215163707733154,]
memory-traffic = 274
