best-result = 47.06005024909973
warmup-time = 65.83916139602661
all-measurements = [ 47.39172005653381, 47.06005024909973, 47.89958333969116,]
memory-traffic = 3717
