best-result = 46.745553970336914
warmup-time = 60.65109968185425
all-measurements = [ 46.745553970336914, 46.97324776649475, 47.275777101516724,]
memory-traffic = 3354
