best-result = 941.9841508865356
warmup-time = 1134.0985131263733
all-measurements = [ 941.9841508865356, 969.7924890518188, 962.9818487167358,]
