best-result = 84.02289342880249
warmup-time = 98.59006667137146
all-measurements = [ 84.77008605003357, 84.02289342880249, 85.5746910572052,]
memory-traffic = 7568
