best-result = 80.33508825302124
warmup-time = 105.32366371154785
all-measurements = [ 81.02232956886292, 80.33508825302124, 81.03021597862244,]
memory-traffic = 6236
