best-result = 70.7351438999176
warmup-time = 94.16085886955261
all-measurements = [ 70.7351438999176, 70.90895533561707, 71.22600531578064,]
memory-traffic = 6073
