best-result = 90.23208951950073
warmup-time = 107.20363259315491
all-measurements = [ 90.23208951950073, 90.35052442550659, 90.3351526260376,]
memory-traffic = 8158
