best-result = 617.0092444419861
warmup-time = 652.433367729187
all-measurements = [ 619.9137234687805, 619.4325573444366, 617.0092444419861,]
memory-traffic = 56683
