best-result = 63.081114292144775
warmup-time = 82.60468983650208
all-measurements = [ 64.1752359867096, 64.05629897117615, 63.081114292144775,]
memory-traffic = 3637
