best-result = 221.20824241638184
warmup-time = 378.0068061351776
all-measurements = [ 221.20824241638184, 224.61893892288208, 222.79660868644714,]
memory-traffic = 17546
