best-result = 439.32976508140564
warmup-time = 880.6290357112885
all-measurements = [ 439.49623227119446, 439.32976508140564, 444.7790632247925,]
memory-traffic = 26368
