best-result = 61.81587290763855
warmup-time = 79.83304524421692
all-measurements = [ 62.58036017417908, 62.01410698890686, 61.81587290763855,]
memory-traffic = 3719
