best-result = 856.7336828708649
warmup-time = 892.6890695095062
all-measurements = [ 860.1070392131805, 861.1968991756439, 856.7336828708649,]
memory-traffic = 101400
