best-result = 27.293318510055542
warmup-time = 37.69381380081177
all-measurements = [ 27.338452100753784, 27.318854331970215, 27.293318510055542,]
memory-traffic = 802
