best-result = 57.80184364318848
warmup-time = 72.97446608543396
all-measurements = [ 58.676047563552856, 57.80184364318848, 58.11784267425537,]
memory-traffic = 3996
