best-result = 58.55000638961792
warmup-time = 74.31495642662048
all-measurements = [ 58.775235652923584, 59.639347076416016, 58.55000638961792,]
memory-traffic = 3352
