best-result = 109.59227752685547
warmup-time = 141.7211844921112
all-measurements = [ 109.59227752685547, 109.83611392974854, 111.24791812896729,]
memory-traffic = 10511
