best-result = 777.1060495376587
warmup-time = 846.4414505958557
all-measurements = [ 777.1060495376587, 778.1932282447815, 778.4378597736359,]
memory-traffic = 69214
