best-result = 33.70450472831726
warmup-time = 45.71200489997864
all-measurements = [ 34.26833391189575, 33.70450472831726, 33.944262981414795,]
memory-traffic = 1320
