best-result = 53.786561489105225
warmup-time = 69.88483572006226
all-measurements = [ 54.33748269081116, 53.96390223503113, 53.786561489105225,]
memory-traffic = 3769
