best-result = 1635.2952439785004
warmup-time = 1596.8688888549805
all-measurements = [ 1635.2952439785004, 1752.9933128356934, 1940.7366752624512,]
