best-result = 49.27332401275635
warmup-time = 71.8732795715332
all-measurements = [ 49.27332401275635, 49.70997953414917, 49.926567792892456,]
memory-traffic = 3736
