best-result = 81.23341274261475
warmup-time = 103.24742197990417
all-measurements = [ 81.77362275123596, 81.57632851600647, 81.23341274261475,]
memory-traffic = 6732
