best-result = 36.169729471206665
warmup-time = 47.411309242248535
all-measurements = [ 36.40698599815369, 36.169729471206665, 36.45129084587097,]
memory-traffic = 1775
