best-result = 345.5801293849945
warmup-time = 489.05535888671875
all-measurements = [ 345.5801293849945, 350.5662455558777, 365.70147585868835,]
memory-traffic = 34412
