best-result = 124.37789249420166
warmup-time = 127.79631495475769
all-measurements = [ 125.00999522209167, 125.60625863075256, 124.37789249420166,]
memory-traffic = 9181
