best-result = 24.923624992370605
warmup-time = 24.996215343475342
all-measurements = [ 25.148010730743408, 24.923624992370605, 24.97584366798401,]
