best-result = 35.62245464324951
warmup-time = 39.154990911483765
all-measurements = [ 35.62245464324951, 37.05638241767883, 37.66032552719116,]
