best-result = 31.1078097820282
warmup-time = 32.118807554244995
all-measurements = [ 31.569174766540527, 31.1078097820282, 31.256225109100342,]
