best-result = 272.7254922389984
warmup-time = 281.50229477882385
all-measurements = [ 275.2000296115875, 274.14185523986816, 272.7254922389984,]
