best-result = 35.040202617645264
warmup-time = 36.34545660018921
all-measurements = [ 35.77482986450195, 36.503957748413086, 35.040202617645264,]
