best-result = 40.01706600189209
warmup-time = 41.253345251083374
all-measurements = [ 40.01706600189209, 41.73099136352539, 41.37618112564087,]
