best-result = 49.29237365722656
warmup-time = 49.86926484107971
all-measurements = [ 49.878005504608154, 49.29237365722656, 50.906068563461304,]
