best-result = 33.36158847808838
warmup-time = 35.426711559295654
all-measurements = [ 34.33588528633118, 33.36158847808838, 35.51849293708801,]
