best-result = 37.82788133621216
warmup-time = 37.73710536956787
all-measurements = [ 37.875550985336304, 37.82788133621216, 37.89509677886963,]
