best-result = 58.602025747299194
warmup-time = 61.540175437927246
all-measurements = [ 62.639381647109985, 58.602025747299194, 59.54961085319519,]
