best-result = 240.86007928848267
warmup-time = 244.53195643424988
all-measurements = [ 243.93510341644287, 240.86007928848267, 241.993656873703,]
