best-result = 545.6680433750153
warmup-time = 546.7603311538696
all-measurements = [ 546.9781503677368, 545.6680433750153, 546.0950376987457,]
