best-result = 35.67074704170227
warmup-time = 38.637749433517456
all-measurements = [ 36.47916221618652, 36.8558623790741, 35.67074704170227,]
