best-result = 64.84559988975525
warmup-time = 65.16203451156616
all-measurements = [ 64.84559988975525, 66.30734419822693, 67.96609568595886,]
