best-result = 26.680967807769775
warmup-time = 27.13358187675476
all-measurements = [ 26.680967807769775, 27.1350040435791, 26.77099370956421,]
