best-result = 32.99413228034973
warmup-time = 35.97721266746521
all-measurements = [ 32.99413228034973, 36.18934750556946, 37.000306606292725,]
