best-result = 33.07491135597229
warmup-time = 33.91168999671936
all-measurements = [ 33.5192711353302, 33.07491135597229, 33.10770845413208,]
