best-result = 43.06779193878174
warmup-time = 44.42937874794006
all-measurements = [ 43.17804551124573, 43.93247866630554, 43.06779193878174,]
