best-result = 99.14106297492981
warmup-time = 100.75429034233093
all-measurements = [ 99.14106297492981, 99.28246784210205, 99.32634019851685,]
