best-result = 26.470969676971436
warmup-time = 28.726129055023193
all-measurements = [ 26.470969676971436, 28.372733116149902, 32.57262921333313,]
