best-result = 32.65294361114502
warmup-time = 39.97640109062195
all-measurements = [ 38.29213762283325, 34.184905767440796, 32.65294361114502,]
