best-result = 38.73992705345154
warmup-time = 39.62951946258545
all-measurements = [ 38.73992705345154, 39.55250668525696, 39.5170419216156,]
