best-result = 42.86228013038635
warmup-time = 46.17251801490784
all-measurements = [ 44.66439437866211, 42.86228013038635, 44.36283826828003,]
