best-result = 27.572244882583618
warmup-time = 27.018184423446655
all-measurements = [ 28.132423877716064, 27.572244882583618, 28.03231143951416,]
