best-result = 698.3009135723114
warmup-time = 699.250328540802
all-measurements = [ 704.6651825904846, 698.3009135723114, 700.2062449455261,]
