best-result = 180.1310682296753
warmup-time = 182.8678867816925
all-measurements = [ 180.1310682296753, 181.87001490592957, 182.22948050498962,]
