best-result = 43.10418224334717
warmup-time = 43.54153108596802
all-measurements = [ 43.10418224334717, 44.357150077819824, 43.46572947502136,]
