best-result = 27.13006901741028
warmup-time = 27.063669443130493
all-measurements = [ 27.98140859603882, 27.13006901741028, 27.150563955307007,]
