best-result = 39.02237868309021
warmup-time = 42.069894313812256
all-measurements = [ 39.179986000061035, 39.971397161483765, 39.02237868309021,]
