best-result = 34.34199833869934
warmup-time = 35.54433035850525
all-measurements = [ 34.34199833869934, 35.693164587020874, 34.887707471847534,]
