best-result = 290.65781116485596
warmup-time = 289.0568518638611
all-measurements = [ 290.81382966041565, 292.15927243232727, 290.65781116485596,]
