best-result = 36.97824430465698
warmup-time = 38.03799629211426
all-measurements = [ 36.97824430465698, 37.183802366256714, 38.11774253845215,]
