best-result = 44.22024607658386
warmup-time = 45.1725115776062
all-measurements = [ 44.22024607658386, 46.23408222198486, 44.70825147628784,]
