best-result = 53.2399468421936
warmup-time = 56.53164744377136
all-measurements = [ 53.95316958427429, 53.2399468421936, 53.91063380241394,]
