best-result = 36.82527017593384
warmup-time = 37.58021378517151
all-measurements = [ 37.94515109062195, 37.572187423706055, 36.82527017593384,]
