best-result = 41.07144355773926
warmup-time = 42.4797158241272
all-measurements = [ 42.85810375213623, 42.274192810058594, 41.07144355773926,]
