best-result = 62.97667169570923
warmup-time = 63.31426739692688
all-measurements = [ 62.97667169570923, 66.63373327255249, 63.56716966629028,]
