best-result = 257.33497881889343
warmup-time = 259.5979690551758
all-measurements = [ 257.33497881889343, 258.08860325813293, 257.35906410217285,]
