best-result = 595.1940386295319
warmup-time = 599.1005284786224
all-measurements = [ 598.5704612731934, 596.7796018123627, 595.1940386295319,]
