best-result = 38.41140079498291
warmup-time = 40.81795358657837
all-measurements = [ 38.41140079498291, 38.46203827857971, 39.168277978897095,]
