best-result = 68.51401329040527
warmup-time = 69.38006281852722
all-measurements = [ 70.39401412010193, 68.51401329040527, 70.11319327354431,]
