best-result = 29.431594848632812
warmup-time = 29.58636713027954
all-measurements = [ 30.2452495098114, 31.27449345588684, 29.431594848632812,]
