best-result = 38.44736576080322
warmup-time = 38.8636577129364
all-measurements = [ 39.47940111160278, 38.57561111450195, 38.44736576080322,]
