best-result = 34.655306339263916
warmup-time = 35.61413645744324
all-measurements = [ 36.11428785324097, 34.655306339263916, 36.291770935058594,]
