best-result = 46.830464601516724
warmup-time = 46.252625465393066
all-measurements = [ 48.4715142250061, 47.026819705963135, 46.830464601516724,]
