best-result = 106.19936084747314
warmup-time = 107.13535237312317
all-measurements = [ 109.5941276550293, 107.92850017547607, 106.19936084747314,]
