best-result = 29.652387142181396
warmup-time = 30.534428596496582
all-measurements = [ 31.29254961013794, 29.652387142181396, 31.316627025604248,]
