best-result = 35.873624324798584
warmup-time = 36.42612600326538
all-measurements = [ 38.01520824432373, 36.41815376281738, 35.873624324798584,]
