best-result = 42.091878175735474
warmup-time = 42.703289270401
all-measurements = [ 42.986148834228516, 42.091878175735474, 42.49969458580017,]
