best-result = 47.886897802352905
warmup-time = 49.12822365760803
all-measurements = [ 47.886897802352905, 48.297250270843506, 48.15636157989502,]
