best-result = 29.15173625946045
warmup-time = 30.338345289230347
all-measurements = [ 29.57441544532776, 31.56480884552002, 29.15173625946045,]
