best-result = 737.376561164856
warmup-time = 742.5003004074097
all-measurements = [ 752.3027999401093, 737.376561164856, 738.4890651702881,]
