best-result = 194.5048086643219
warmup-time = 197.92036247253418
all-measurements = [ 194.5048086643219, 199.6565980911255, 196.85737538337708,]
