best-result = 46.15111994743347
warmup-time = 48.1099636554718
all-measurements = [ 48.250266790390015, 46.15111994743347, 47.55242133140564,]
