best-result = 25.194287538528442
warmup-time = 26.242568492889404
all-measurements = [ 25.194287538528442, 25.45357346534729, 25.998764276504517,]
