best-result = 33.847132205963135
warmup-time = 36.60581183433533
all-measurements = [ 37.99359083175659, 33.847132205963135, 36.86049771308899,]
