best-result = 30.84488034248352
warmup-time = 31.553275108337402
all-measurements = [ 32.090848445892334, 30.876124143600464, 30.84488034248352,]
