best-result = 260.06440138816833
warmup-time = 269.2451479434967
all-measurements = [ 262.3208110332489, 261.8516254425049, 260.06440138816833,]
