best-result = 35.92949819564819
warmup-time = 37.372856855392456
all-measurements = [ 35.92949819564819, 36.76293921470642, 36.85607361793518,]
