best-result = 39.97537398338318
warmup-time = 41.15056228637695
all-measurements = [ 42.04570651054382, 41.249587297439575, 39.97537398338318,]
