best-result = 48.98196220397949
warmup-time = 49.022037744522095
all-measurements = [ 50.14171814918518, 50.08205056190491, 48.98196220397949,]
