best-result = 30.319902658462524
warmup-time = 34.36213731765747
all-measurements = [ 33.132325172424316, 30.319902658462524, 34.48995876312256,]
