best-result = 36.78867435455322
warmup-time = 36.69682836532593
all-measurements = [ 37.14335823059082, 36.81581234931946, 36.78867435455322,]
