best-result = 61.77402949333191
warmup-time = 63.04319405555725
all-measurements = [ 64.49713277816772, 61.77402949333191, 64.2713406085968,]
