best-result = 224.398188829422
warmup-time = 228.10719966888428
all-measurements = [ 224.398188829422, 226.1254734992981, 228.67784357070923,]
