best-result = 518.8448648452759
warmup-time = 519.3370819091797
all-measurements = [ 518.8448648452759, 521.1448974609375, 520.216317653656,]
