best-result = 36.25728678703308
warmup-time = 36.61461567878723
all-measurements = [ 36.34654974937439, 37.75566363334656, 36.25728678703308,]
