best-result = 78.77574038505554
warmup-time = 74.83765912055969
all-measurements = [ 85.26807713508606, 78.77574038505554, 82.1507658958435,]
