best-result = 62.08905506134033
warmup-time = 62.52564597129822
all-measurements = [ 62.290947914123535, 62.08905506134033, 62.63536262512207,]
