best-result = 27.22994875907898
warmup-time = 28.437222242355347
all-measurements = [ 27.266746520996094, 27.22994875907898, 27.314438343048096,]
