best-result = 35.15270137786865
warmup-time = 35.839534282684326
all-measurements = [ 35.713775873184204, 35.66990113258362, 35.15270137786865,]
