best-result = 32.76549029350281
warmup-time = 34.26809763908386
all-measurements = [ 33.16927409172058, 33.319376707077026, 32.76549029350281,]
