best-result = 41.560046434402466
warmup-time = 42.985374450683594
all-measurements = [ 41.560046434402466, 42.61695170402527, 42.13812565803528,]
