best-result = 94.96469736099243
warmup-time = 95.60493278503418
all-measurements = [ 94.96469736099243, 97.43725538253784, 95.53438758850098,]
