best-result = 28.020612955093384
warmup-time = 28.90903925895691
all-measurements = [ 29.445327520370483, 28.020612955093384, 28.92221426963806,]
