best-result = 34.09947872161865
warmup-time = 33.64384841918945
all-measurements = [ 34.09947872161865, 34.93728590011597, 34.47086715698242,]
