best-result = 88.52264904975891
warmup-time = 89.0003912448883
all-measurements = [ 88.52264904975891, 96.4252564907074, 96.78230881690979,]
