best-result = 39.050777196884155
warmup-time = 39.34345269203186
all-measurements = [ 39.120941162109375, 39.050777196884155, 39.88465142250061,]
