best-result = 44.01442909240723
warmup-time = 43.80603528022766
all-measurements = [ 44.01442909240723, 44.8858528137207, 46.799480676651,]
