best-result = 27.22418522834778
warmup-time = 28.297715187072754
all-measurements = [ 28.719807624816895, 27.22418522834778, 28.600156545639038,]
