best-result = 693.1495351791382
warmup-time = 719.8149290084839
all-measurements = [ 696.7793037891388, 693.1495351791382, 695.7543966770172,]
