best-result = 172.3573145866394
warmup-time = 178.78703784942627
all-measurements = [ 174.22578239440918, 174.6610767841339, 172.3573145866394,]
