best-result = 58.020344734191895
warmup-time = 57.16086554527283
all-measurements = [ 69.8246521949768, 67.79335641860962, 58.020344734191895,]
