best-result = 23.22940754890442
warmup-time = 23.1470365524292
all-measurements = [ 23.63280749320984, 23.22940754890442, 23.28480291366577,]
