best-result = 46.17670702934265
warmup-time = 60.21224522590637
all-measurements = [ 47.170021772384644, 46.17670702934265, 46.93420672416687,]
