best-result = 46.78616142272949
warmup-time = 58.33258652687073
all-measurements = [ 47.081427574157715, 46.78616142272949, 46.833372592926025,]
