best-result = 880.2940700054169
warmup-time = 1056.3205251693726
all-measurements = [ 880.2940700054169, 887.4675061702728, 898.4856970310211,]
