best-result = 85.06804919242859
warmup-time = 96.43146514892578
all-measurements = [ 85.70817518234253, 85.25326228141785, 85.06804919242859,]
