best-result = 977.0547049045563
warmup-time = 1003.8931760787964
all-measurements = [ 977.4178793430328, 977.0547049045563, 982.8419325351715,]
