best-result = 65.29526281356812
warmup-time = 80.45692253112793
all-measurements = [ 66.03289604187012, 65.29526281356812, 66.21422266960144,]
