best-result = 82.84401893615723
warmup-time = 102.52242517471313
all-measurements = [ 82.84401893615723, 83.40600299835205, 84.55240225791931,]
