best-result = 67.7200436592102
warmup-time = 88.1238763332367
all-measurements = [ 67.7200436592102, 69.07626724243164, 68.00119996070862,]
