best-result = 89.66139841079712
warmup-time = 104.3494610786438
all-measurements = [ 89.66139841079712, 90.21976518630981, 91.59506916999817,]
