best-result = 629.2248513698578
warmup-time = 651.1799871921539
all-measurements = [ 634.750785112381, 634.030267238617, 629.2248513698578,]
