best-result = 62.10811233520508
warmup-time = 77.31179547309875
all-measurements = [ 62.57648062705994, 62.10811233520508, 62.614774227142334,]
