best-result = 189.40326499938965
warmup-time = 350.9291229248047
all-measurements = [ 190.50804996490479, 189.40326499938965, 191.54185390472412,]
