best-result = 388.9453024864197
warmup-time = 818.9373993873596
all-measurements = [ 388.9453024864197, 397.8925590515137, 390.57739424705505,]
