best-result = 62.228938579559326
warmup-time = 79.73354434967041
all-measurements = [ 62.26011562347412, 62.228938579559326, 62.442553758621216,]
