best-result = 40.34726667404175
warmup-time = 48.14364433288574
all-measurements = [ 40.4387845993042, 40.63479948043823, 40.34726667404175,]
