best-result = 132.12644934654236
warmup-time = 162.13065767288208
all-measurements = [ 132.12644934654236, 134.82709336280823, 133.1395344734192,]
