best-result = 912.206326007843
warmup-time = 933.2771553993225
all-measurements = [ 932.8035395145416, 918.8954758644104, 912.206326007843,]
