best-result = 28.3118679523468
warmup-time = 37.83859872817993
all-measurements = [ 28.3118679523468, 28.353718042373657, 28.642708778381348,]
