best-result = 58.68722677230835
warmup-time = 69.7522828578949
all-measurements = [ 59.57629156112671, 58.68722677230835, 59.60163497924805,]
