best-result = 58.94964337348938
warmup-time = 73.06958341598511
all-measurements = [ 60.220057010650635, 60.42698526382446, 58.94964337348938,]
