best-result = 109.2973484992981
warmup-time = 137.50038027763367
all-measurements = [ 110.29745030403137, 109.2973484992981, 109.93953251838684,]
