best-result = 763.2213449478149
warmup-time = 828.9411075115204
all-measurements = [ 764.1015615463257, 763.2213449478149, 765.7421472072601,]
