best-result = 34.22637224197388
warmup-time = 42.79336333274841
all-measurements = [ 34.31251072883606, 34.22637224197388, 34.57474446296692,]
