best-result = 55.59668827056885
warmup-time = 71.51648879051208
all-measurements = [ 55.69381403923035, 55.59668827056885, 55.62638878822327,]
