best-result = 1821.0915558338165
warmup-time = 1839.0431416034698
all-measurements = [ 2016.8963537216187, 2249.3802769184113, 1821.0915558338165,]
