best-result = 49.34503746032715
warmup-time = 69.48040890693665
all-measurements = [ 49.34503746032715, 50.02218723297119, 49.85840368270874,]
