best-result = 81.91095042228699
warmup-time = 101.17535758018494
all-measurements = [ 81.91095042228699, 82.88036370277405, 82.42583513259888,]
