best-result = 92.43073654174805
warmup-time = 114.4263072013855
all-measurements = [ 92.78003859519958, 92.43073654174805, 92.52582716941833,]
