best-result = 37.27579641342163
warmup-time = 46.56107687950134
all-measurements = [ 37.27579641342163, 37.49931287765503, 37.42624807357788,]
