best-result = 306.67015957832336
warmup-time = 446.14080691337585
all-measurements = [ 339.8782801628113, 309.5934889316559, 306.67015957832336,]
