best-result = 59.94027900695801
warmup-time = 60.63291811943054
all-measurements = [ 59.94027900695801, 61.11916971206665, 60.35602927207947,]
