best-result = 22.72387933731079
warmup-time = 22.932141542434692
all-measurements = [ 22.72387933731079, 22.811469793319702, 22.764644622802734,]
