best-result = 46.26799559593201
warmup-time = 62.13678598403931
all-measurements = [ 46.26799559593201, 46.72506308555603, 46.510326862335205,]
