best-result = 46.20091772079468
warmup-time = 57.1640202999115
all-measurements = [ 46.20091772079468, 46.513609886169434, 46.22175884246826,]
