best-result = 894.6179978847504
warmup-time = 1115.4770333766937
all-measurements = [ 894.6179978847504, 899.8498573303223, 906.187301158905,]
