best-result = 84.22697353363037
warmup-time = 99.94518518447876
all-measurements = [ 84.22697353363037, 85.26511716842651, 84.42061567306519,]
