best-result = 981.4068875312805
warmup-time = 1005.0610404014587
all-measurements = [ 982.0154757499695, 985.3541584014893, 981.4068875312805,]
