best-result = 81.60169625282288
warmup-time = 103.00347924232483
all-measurements = [ 82.17935609817505, 81.60169625282288, 81.86781406402588,]
