best-result = 67.36791324615479
warmup-time = 86.53058886528015
all-measurements = [ 67.36791324615479, 67.84891486167908, 67.46767687797546,]
