best-result = 90.13642048835754
warmup-time = 105.0140609741211
all-measurements = [ 90.51377058029175, 90.13642048835754, 91.45039367675781,]
