best-result = 645.0218360424042
warmup-time = 662.2684597969055
all-measurements = [ 645.0218360424042, 645.5371615886688, 645.8693923950195,]
