best-result = 60.87146830558777
warmup-time = 77.13480544090271
all-measurements = [ 60.87146830558777, 61.99351787567139, 61.57439184188843,]
