best-result = 204.9356129169464
warmup-time = 362.7572157382965
all-measurements = [ 204.9356129169464, 206.8925817012787, 206.3406686782837,]
