best-result = 423.1988105773926
warmup-time = 861.5428233146667
all-measurements = [ 423.1988105773926, 443.208701133728, 424.3037462234497,]
