best-result = 62.22618293762207
warmup-time = 79.72360157966614
all-measurements = [ 62.22618293762207, 62.89591026306152, 62.60731911659241,]
