best-result = 39.719472885131836
warmup-time = 47.99081110954285
all-measurements = [ 39.74304127693176, 40.30222725868225, 39.719472885131836,]
