best-result = 133.11013555526733
warmup-time = 165.72703170776367
all-measurements = [ 133.24425983428955, 133.39792895317078, 133.11013555526733,]
