best-result = 897.3974189758301
warmup-time = 939.3273506164551
all-measurements = [ 897.3974189758301, 898.317765712738, 897.6738498210907,]
