best-result = 27.372060537338257
warmup-time = 37.100788831710815
all-measurements = [ 27.372060537338257, 27.486933708190918, 28.270628929138184,]
