best-result = 56.70381426811218
warmup-time = 69.81343173980713
all-measurements = [ 56.70381426811218, 57.01350998878479, 56.928441286087036,]
