best-result = 59.34514665603638
warmup-time = 73.4799575805664
all-measurements = [ 59.34514665603638, 59.877378702163696, 60.02691912651062,]
