best-result = 108.14113450050354
warmup-time = 136.6310112476349
all-measurements = [ 109.60122585296631, 109.30802202224731, 108.14113450050354,]
