best-result = 777.2039089202881
warmup-time = 842.344456911087
all-measurements = [ 777.2039089202881, 778.5144698619843, 778.9851806163788,]
