best-result = 33.609803676605225
warmup-time = 40.916582345962524
all-measurements = [ 33.609803676605225, 33.833516120910645, 34.611109495162964,]
