best-result = 54.833674907684326
warmup-time = 71.48848819732666
all-measurements = [ 54.833674907684326, 55.33873724937439, 55.09310436248779,]
