best-result = 1608.546184539795
warmup-time = 1443.0503532886505
all-measurements = [ 1608.546184539795, 2126.0253851413727, 2052.1544904708862,]
