best-result = 48.263752460479736
warmup-time = 68.57339906692505
all-measurements = [ 48.263752460479736, 48.32990217208862, 48.28281784057617,]
