best-result = 77.62894940376282
warmup-time = 99.45514559745789
all-measurements = [ 77.62894940376282, 77.73715662956238, 77.87631464004517,]
