best-result = 36.518194913864136
warmup-time = 45.34587478637695
all-measurements = [ 36.518194913864136, 36.82234025001526, 37.18330359458923,]
