best-result = 334.63796973228455
warmup-time = 487.07362627983093
all-measurements = [ 334.9028124809265, 340.2309658527374, 334.63796973228455,]
