best-result = 58.20023012161255
warmup-time = 58.898048639297485
all-measurements = [ 58.553433895111084, 58.20023012161255, 58.21774244308472,]
