best-result = 25.417603969573975
warmup-time = 25.233670473098755
all-measurements = [ 25.428650856018066, 25.453539848327637, 25.417603969573975,]
