best-result = 35.744208574295044
warmup-time = 40.07435941696167
all-measurements = [ 35.744208574295044, 37.31324338912964, 36.612427711486816,]
