best-result = 32.12633514404297
warmup-time = 32.33662533760071
all-measurements = [ 32.12633514404297, 32.289409160614014, 32.223267555236816,]
