best-result = 274.80295181274414
warmup-time = 277.898423910141
all-measurements = [ 275.4857404232025, 277.90598368644714, 274.80295181274414,]
