best-result = 35.85677766799927
warmup-time = 36.411893367767334
all-measurements = [ 36.269137382507324, 35.85677766799927, 36.002607107162476,]
