best-result = 41.802658796310425
warmup-time = 42.90761923789978
all-measurements = [ 43.205052852630615, 41.802658796310425, 42.17249417304993,]
