best-result = 49.86235570907593
warmup-time = 52.2731397151947
all-measurements = [ 49.86235570907593, 50.350095987319946, 52.06931948661804,]
