best-result = 33.966206550598145
warmup-time = 34.33481764793396
all-measurements = [ 34.33970499038696, 34.500489473342896, 33.966206550598145,]
