best-result = 37.54921102523804
warmup-time = 38.10085701942444
all-measurements = [ 37.752198219299316, 37.919793128967285, 37.54921102523804,]
