best-result = 58.83867573738098
warmup-time = 60.3902747631073
all-measurements = [ 58.83867573738098, 59.31208825111389, 59.1286506652832,]
