best-result = 245.67740154266357
warmup-time = 249.91559076309204
all-measurements = [ 249.30066633224487, 245.67740154266357, 247.73977184295654,]
