best-result = 574.0166108608246
warmup-time = 576.4213976860046
all-measurements = [ 574.0166108608246, 574.8303425312042, 575.0811944007874,]
