best-result = 35.081640005111694
warmup-time = 36.491674184799194
all-measurements = [ 35.632792472839355, 35.081640005111694, 36.94777750968933,]
