best-result = 66.90806913375854
warmup-time = 65.93485999107361
all-measurements = [ 66.90806913375854, 67.11129784584045, 69.040611743927,]
