best-result = 28.135475158691406
warmup-time = 27.433987379074097
all-measurements = [ 28.176477193832397, 28.135475158691406, 28.140923023223877,]
