best-result = 35.931636571884155
warmup-time = 36.36939072608948
all-measurements = [ 35.931636571884155, 36.76344060897827, 37.08431100845337,]
