best-result = 32.1382200717926
warmup-time = 33.63441491127014
all-measurements = [ 32.4600567817688, 32.1382200717926, 32.701557874679565,]
