best-result = 43.51199722290039
warmup-time = 44.37856578826904
all-measurements = [ 43.61805844306946, 43.51199722290039, 43.67185115814209,]
