best-result = 99.23083209991455
warmup-time = 99.39522171020508
all-measurements = [ 99.23083209991455, 102.0205066204071, 101.22865509986877,]
