best-result = 27.313698768615723
warmup-time = 28.293004751205444
all-measurements = [ 27.313698768615723, 27.362859964370728, 29.26418662071228,]
