best-result = 33.81274628639221
warmup-time = 34.687297105789185
all-measurements = [ 33.924453258514404, 33.92139768600464, 33.81274628639221,]
