best-result = 39.588984966278076
warmup-time = 39.46381855010986
all-measurements = [ 40.325106143951416, 40.103575706481934, 39.588984966278076,]
