best-result = 43.08060932159424
warmup-time = 46.01009654998779
all-measurements = [ 44.619991302490234, 43.08060932159424, 45.96413588523865,]
