best-result = 27.106292009353638
warmup-time = 28.173278093338013
all-measurements = [ 28.646247625350952, 27.106292009353638, 27.849165201187134,]
