best-result = 719.090015411377
warmup-time = 722.8089497089386
all-measurements = [ 722.9968302249908, 727.1953887939453, 719.090015411377,]
