best-result = 189.1520185470581
warmup-time = 192.7610902786255
all-measurements = [ 192.2754521369934, 193.13193202018738, 189.1520185470581,]
