best-result = 41.85790419578552
warmup-time = 41.99365305900574
all-measurements = [ 41.85790419578552, 44.266910791397095, 43.25433707237244,]
