best-result = 23.238142728805542
warmup-time = 23.169151306152344
all-measurements = [ 23.466867446899414, 23.29186177253723, 23.238142728805542,]
