best-result = 46.45624375343323
warmup-time = 63.17369818687439
all-measurements = [ 46.748231172561646, 47.29154968261719, 46.45624375343323,]
