best-result = 46.96117806434631
warmup-time = 57.03937578201294
all-measurements = [ 47.49161648750305, 47.058106899261475, 46.96117806434631,]
