best-result = 876.8811538219452
warmup-time = 1058.7031638622284
all-measurements = [ 889.3794596195221, 876.8811538219452, 906.2684528827667,]
