best-result = 85.34865498542786
warmup-time = 97.78021240234375
all-measurements = [ 85.34865498542786, 85.68441677093506, 85.67072200775146,]
