best-result = 978.4617519378662
warmup-time = 1005.0166339874268
all-measurements = [ 979.1143412590027, 983.1038224697113, 978.4617519378662,]
