best-result = 65.23199963569641
warmup-time = 82.02311325073242
all-measurements = [ 65.9166100025177, 65.23199963569641, 65.69489645957947,]
