best-result = 83.4258348941803
warmup-time = 104.1051766872406
all-measurements = [ 83.54404354095459, 83.4258348941803, 83.84013319015503,]
