best-result = 68.24036622047424
warmup-time = 89.10135865211487
all-measurements = [ 68.68115282058716, 68.24036622047424, 68.32736563682556,]
