best-result = 91.10765504837036
warmup-time = 104.24034643173218
all-measurements = [ 91.53601241111755, 91.24558138847351, 91.10765504837036,]
