best-result = 635.5778918266296
warmup-time = 653.9559118747711
all-measurements = [ 644.5012121200562, 644.1312282085419, 635.5778918266296,]
