best-result = 62.60874581336975
warmup-time = 78.79555749893188
all-measurements = [ 62.713603019714355, 62.60874581336975, 63.00469636917114,]
