best-result = 193.86786437034607
warmup-time = 340.8540825843811
all-measurements = [ 194.45483922958374, 193.95784401893616, 193.86786437034607,]
