best-result = 385.6433207988739
warmup-time = 830.3954741954803
all-measurements = [ 385.6433207988739, 387.42733001708984, 388.18095874786377,]
