best-result = 62.209524154663086
warmup-time = 78.0823540687561
all-measurements = [ 62.46398401260376, 62.798245906829834, 62.209524154663086,]
