best-result = 40.26817536354065
warmup-time = 49.159178256988525
all-measurements = [ 40.26817536354065, 40.985294342041016, 40.81237435340881,]
