best-result = 133.81841707229614
warmup-time = 160.61397123336792
all-measurements = [ 133.81841707229614, 133.98608303070068, 134.3881115913391,]
