best-result = 912.5120940208435
warmup-time = 937.4547684192657
all-measurements = [ 916.4532942771912, 915.5383427143097, 912.5120940208435,]
