best-result = 28.194862842559814
warmup-time = 36.35273766517639
all-measurements = [ 28.194862842559814, 28.845118284225464, 28.861912965774536,]
