best-result = 59.23669075965881
warmup-time = 72.50395727157593
all-measurements = [ 59.51988911628723, 59.23669075965881, 60.313650131225586,]
