best-result = 60.18893337249756
warmup-time = 72.9151918888092
all-measurements = [ 60.474947690963745, 60.18893337249756, 60.79749941825867,]
