best-result = 110.06873035430908
warmup-time = 136.95924925804138
all-measurements = [ 110.06873035430908, 120.90433859825134, 116.20750212669373,]
