best-result = 759.3363556861877
warmup-time = 839.4673047065735
all-measurements = [ 765.1856615543365, 759.3363556861877, 765.9816238880157,]
