best-result = 34.55746030807495
warmup-time = 42.415223121643066
all-measurements = [ 34.82300305366516, 34.55746030807495, 34.60399556159973,]
