best-result = 55.94639706611633
warmup-time = 69.4653627872467
all-measurements = [ 56.364092111587524, 55.94639706611633, 55.975125551223755,]
