best-result = 1849.6507153511047
warmup-time = 1792.030192375183
all-measurements = [ 1849.6507153511047, 2004.5670289993286, 3362.0619616508484,]
