best-result = 49.29451036453247
warmup-time = 69.9363944530487
all-measurements = [ 49.29451036453247, 49.43257021903992, 50.24904727935791,]
