best-result = 82.52717590332031
warmup-time = 98.61579442024231
all-measurements = [ 82.52717590332031, 83.33704829216003, 82.8117995262146,]
