best-result = 92.84103202819824
warmup-time = 114.4736123085022
all-measurements = [ 93.76134610176086, 92.84103202819824, 93.47870564460754,]
