best-result = 37.57772088050842
warmup-time = 46.5362811088562
all-measurements = [ 38.078588247299194, 37.57772088050842, 38.18796110153198,]
