best-result = 309.41520977020264
warmup-time = 451.3222463130951
all-measurements = [ 315.6539480686188, 309.41520977020264, 321.2201428413391,]
