best-result = 59.99867820739746
warmup-time = 60.18571710586548
all-measurements = [ 60.99691987037659, 59.99867820739746, 61.06134366989136,]
