best-result = 25.78375244140625
warmup-time = 26.438642263412476
all-measurements = [ 26.116059064865112, 26.252228021621704, 25.78375244140625,]
