best-result = 38.009960412979126
warmup-time = 36.42236685752869
all-measurements = [ 39.594741106033325, 38.163875341415405, 38.009960412979126,]
