best-result = 32.21766257286072
warmup-time = 32.39230394363403
all-measurements = [ 32.21766257286072, 32.44654607772827, 32.43029975891113,]
