best-result = 264.67791986465454
warmup-time = 270.38382482528687
all-measurements = [ 267.44465947151184, 264.67791986465454, 265.51040863990784,]
