best-result = 36.44215631484985
warmup-time = 37.560505628585815
all-measurements = [ 36.44215631484985, 36.958396434783936, 36.86054587364197,]
