best-result = 41.08833622932434
warmup-time = 41.84009623527527
all-measurements = [ 42.04444456100464, 42.80963182449341, 41.08833622932434,]
