best-result = 49.61100769042969
warmup-time = 52.25239157676697
all-measurements = [ 49.61100769042969, 51.03918099403381, 52.268298387527466,]
