best-result = 33.96077513694763
warmup-time = 34.743433713912964
all-measurements = [ 35.1384813785553, 33.96077513694763, 35.335363149642944,]
