best-result = 38.29764103889465
warmup-time = 38.08659553527832
all-measurements = [ 38.79318165779114, 38.29764103889465, 38.48825550079346,]
