best-result = 61.604063749313354
warmup-time = 60.057913303375244
all-measurements = [ 61.604063749313354, 63.43213105201721, 65.75843095779419,]
