best-result = 227.32383799552917
warmup-time = 231.42347121238708
all-measurements = [ 228.46991181373596, 227.79662418365479, 227.32383799552917,]
