best-result = 525.7149465084076
warmup-time = 530.7309057712555
all-measurements = [ 525.7149465084076, 527.7045228481293, 526.3565664291382,]
