best-result = 35.78764343261719
warmup-time = 39.10263228416443
all-measurements = [ 37.544973850250244, 38.63435220718384, 35.78764343261719,]
