best-result = 62.76077127456665
warmup-time = 65.90992641448975
all-measurements = [ 64.33850765228271, 64.03682279586792, 62.76077127456665,]
