best-result = 26.988844394683838
warmup-time = 27.901129961013794
all-measurements = [ 28.04293990135193, 26.988844394683838, 27.787014961242676,]
