best-result = 36.330875635147095
warmup-time = 36.497085094451904
all-measurements = [ 36.49021887779236, 36.52907633781433, 36.330875635147095,]
