best-result = 33.211116552352905
warmup-time = 32.99761748313904
all-measurements = [ 34.150803565979004, 33.211116552352905, 33.67166066169739,]
