best-result = 44.22968626022339
warmup-time = 45.71957230567932
all-measurements = [ 44.22968626022339, 45.347469091415405, 44.654170751571655,]
