best-result = 96.01960444450378
warmup-time = 99.08579182624817
all-measurements = [ 97.38381242752075, 96.01960444450378, 97.46083498001099,]
