best-result = 27.677940368652344
warmup-time = 28.02191400527954
all-measurements = [ 28.237176179885864, 27.677940368652344, 29.351710081100464,]
