best-result = 34.677966356277466
warmup-time = 34.38889503479004
all-measurements = [ 35.181164264678955, 34.677966356277466, 35.059239625930786,]
