best-result = 86.50981402397156
warmup-time = 99.47106742858887
all-measurements = [ 86.50981402397156, 91.44156694412231, 90.2055492401123,]
