best-result = 39.01654887199402
warmup-time = 42.30655026435852
all-measurements = [ 39.62057161331177, 39.849796295166016, 39.01654887199402,]
