best-result = 44.046072006225586
warmup-time = 44.345996618270874
all-measurements = [ 44.046072006225586, 44.189605712890625, 44.16398572921753,]
