best-result = 28.50741744041443
warmup-time = 29.483367443084717
all-measurements = [ 28.63619613647461, 29.25775122642517, 28.50741744041443,]
