best-result = 687.4533996582031
warmup-time = 724.5807702541351
all-measurements = [ 695.3408184051514, 687.4533996582031, 689.3448121547699,]
