best-result = 176.19650673866272
warmup-time = 178.9725580215454
all-measurements = [ 178.09837245941162, 176.19650673866272, 177.8212308883667,]
