best-result = 42.324549436569214
warmup-time = 45.38424873352051
all-measurements = [ 42.324549436569214, 46.00842094421387, 50.58483147621155,]
