best-result = 22.591849088668823
warmup-time = 23.167580604553223
all-measurements = [ 22.77842879295349, 22.591849088668823, 23.08537244796753,]
