best-result = 47.01102352142334
warmup-time = 65.8321042060852
all-measurements = [ 47.16408562660217, 47.01102352142334, 47.062812089920044,]
