best-result = 46.588600873947144
warmup-time = 58.91095185279846
all-measurements = [ 46.588600873947144, 46.94310164451599, 47.08831167221069,]
