best-result = 956.2175335884094
warmup-time = 1146.3737528324127
all-measurements = [ 972.4633233547211, 956.2175335884094, 960.7564926147461,]
