best-result = 85.54356622695923
warmup-time = 98.72963905334473
all-measurements = [ 85.54356622695923, 85.63701796531677, 85.72877097129822,]
