best-result = 80.85150289535522
warmup-time = 102.75285506248474
all-measurements = [ 81.38031673431396, 81.29825091362, 80.85150289535522,]
