best-result = 69.79310202598572
warmup-time = 92.23615217208862
all-measurements = [ 70.16885018348694, 71.45615673065186, 69.79310202598572,]
