best-result = 90.07017111778259
warmup-time = 104.44965314865112
all-measurements = [ 91.52042651176453, 90.07017111778259, 91.18096470832825,]
