best-result = 617.7612311840057
warmup-time = 634.1320216655731
all-measurements = [ 645.7664024829865, 621.9741566181183, 617.7612311840057,]
