best-result = 64.71395659446716
warmup-time = 80.38705039024353
all-measurements = [ 64.79493188858032, 65.24365973472595, 64.71395659446716,]
