best-result = 220.83460330963135
warmup-time = 377.5888285636902
all-measurements = [ 223.4414939880371, 223.3439335823059, 220.83460330963135,]
