best-result = 440.70030879974365
warmup-time = 882.1297512054443
all-measurements = [ 447.0122594833374, 440.70030879974365, 442.9026925563812,]
