best-result = 61.58113622665405
warmup-time = 78.52351117134094
all-measurements = [ 62.270874977111816, 61.58113622665405, 62.32260704040527,]
