best-result = 866.498416185379
warmup-time = 900.378710269928
all-measurements = [ 866.498416185379, 869.8851234912872, 868.4407033920288,]
