best-result = 27.12252449989319
warmup-time = 36.247252225875854
all-measurements = [ 27.846168041229248, 27.12252449989319, 27.656923294067383,]
