best-result = 57.657179832458496
warmup-time = 71.33643960952759
all-measurements = [ 57.90102505683899, 57.9174599647522, 57.657179832458496,]
