best-result = 58.31226372718811
warmup-time = 72.41165113449097
all-measurements = [ 59.354273080825806, 58.31226372718811, 59.41423177719116,]
