best-result = 110.6185302734375
warmup-time = 137.4010043144226
all-measurements = [ 110.6185302734375, 111.71638679504395, 110.65977835655212,]
