best-result = 778.194543838501
warmup-time = 845.9722046852112
all-measurements = [ 778.194543838501, 784.0009727478027, 779.4679119586945,]
