best-result = 34.445932388305664
warmup-time = 41.339444637298584
all-measurements = [ 34.445932388305664, 34.530059576034546, 34.552889585494995,]
