best-result = 54.15451097488403
warmup-time = 69.53368401527405
all-measurements = [ 54.362285137176514, 54.175551891326904, 54.15451097488403,]
