best-result = 1325.288535118103
warmup-time = 1688.0065495967865
all-measurements = [ 1826.8067831993103, 1325.288535118103, 1934.7324905395508,]
