best-result = 49.419432640075684
warmup-time = 71.96641540527344
all-measurements = [ 50.11913514137268, 49.80251598358154, 49.419432640075684,]
