best-result = 78.42432808876038
warmup-time = 98.97726631164551
all-measurements = [ 78.42432808876038, 80.01258325576782, 79.15070223808289,]
