best-result = 36.44792199134827
warmup-time = 44.969287633895874
all-measurements = [ 36.44792199134827, 36.73927283287048, 36.7396514415741,]
