best-result = 339.81130838394165
warmup-time = 481.14778685569763
all-measurements = [ 339.81130838394165, 348.4315378665924, 344.1134536266327,]
