best-result = 104.35743284225464
warmup-time = 128.3007698059082
all-measurements = [ 104.64589023590088, 104.6948652267456, 104.35743284225464,]
