best-result = 58.41657543182373
warmup-time = 58.767083168029785
all-measurements = [ 58.41657543182373, 58.915860176086426, 58.73164129257202,]
