best-result = 21.605521202087402
warmup-time = 22.066230297088623
all-measurements = [ 21.605521202087402, 21.66298270225525, 21.868295907974243,]
