best-result = 46.683465242385864
warmup-time = 65.09275245666504
all-measurements = [ 47.45374941825867, 46.683465242385864, 47.20115876197815,]
