best-result = 46.53309607505798
warmup-time = 60.07094407081604
all-measurements = [ 46.53309607505798, 46.83200693130493, 47.02130484580994,]
