best-result = 994.9086811542511
warmup-time = 1204.3194189071655
all-measurements = [ 994.9086811542511, 1004.4068994522095, 1018.6747472286224,]
