best-result = 81.352121591568
warmup-time = 96.43540406227112
all-measurements = [ 82.14644503593445, 82.04206991195679, 81.352121591568,]
