best-result = 77.79883337020874
warmup-time = 100.26269721984863
all-measurements = [ 77.79883337020874, 77.90657114982605, 78.14560341835022,]
