best-result = 68.78771543502808
warmup-time = 94.19401001930237
all-measurements = [ 69.21947073936462, 69.08665251731873, 68.78771543502808,]
