best-result = 85.06668066978455
warmup-time = 100.25521039962769
all-measurements = [ 85.06668066978455, 85.53650450706482, 85.32205581665039,]
