best-result = 596.8916239738464
warmup-time = 613.6626281738281
all-measurements = [ 600.3427445888519, 599.5102195739746, 596.8916239738464,]
