best-result = 62.37673830986023
warmup-time = 74.88967657089233
all-measurements = [ 62.98146724700928, 63.02172017097473, 62.37673830986023,]
