best-result = 237.12109875679016
warmup-time = 413.82133865356445
all-measurements = [ 238.24962067604065, 237.12109875679016, 237.30431056022644,]
