best-result = 438.25201416015625
warmup-time = 938.6095213890076
all-measurements = [ 453.6480565071106, 439.3924160003662, 438.25201416015625,]
