best-result = 59.77648854255676
warmup-time = 76.42896151542664
all-measurements = [ 60.06521201133728, 60.06351566314697, 59.77648854255676,]
