best-result = 863.0407483577728
warmup-time = 905.518824338913
all-measurements = [ 863.0407483577728, 869.2883369922638, 873.1837449073792,]
