best-result = 26.901504516601562
warmup-time = 36.17179226875305
all-measurements = [ 26.968204021453857, 27.508429288864136, 26.901504516601562,]
