best-result = 57.854968786239624
warmup-time = 69.91450572013855
all-measurements = [ 57.854968786239624, 59.715574502944946, 58.27772259712219,]
