best-result = 56.36021637916565
warmup-time = 70.14898157119751
all-measurements = [ 56.36021637916565, 56.5251522064209, 56.371631383895874,]
