best-result = 109.0728816986084
warmup-time = 140.27433466911316
all-measurements = [ 109.87395906448364, 109.66281723976135, 109.0728816986084,]
