best-result = 775.0993673801422
warmup-time = 849.8507790565491
all-measurements = [ 779.9345209598541, 778.5905764102936, 775.0993673801422,]
