best-result = 33.35818862915039
warmup-time = 40.87584066390991
all-measurements = [ 35.20484733581543, 33.57397174835205, 33.35818862915039,]
