best-result = 52.76228308677673
warmup-time = 70.5515456199646
all-measurements = [ 52.941943407058716, 53.23766350746155, 52.76228308677673,]
