best-result = 49.315622329711914
warmup-time = 70.88036680221558
all-measurements = [ 49.315622329711914, 50.058249950408936, 49.57551383972168,]
