best-result = 78.48946166038513
warmup-time = 98.97859120368958
all-measurements = [ 78.48946166038513, 79.0293173789978, 78.75832939147949,]
