best-result = 34.87356376647949
warmup-time = 44.33956813812256
all-measurements = [ 35.61132884025574, 36.27433180809021, 34.87356376647949,]
