best-result = 356.317777633667
warmup-time = 516.077733039856
all-measurements = [ 357.5253791809082, 367.83401465415955, 356.317777633667,]
