best-result = 103.67100143432617
warmup-time = 102.90907645225525
all-measurements = [ 103.99343371391296, 104.59796667098999, 103.67100143432617,]
