best-result = 22.728498935699463
warmup-time = 22.85041356086731
all-measurements = [ 22.728498935699463, 22.84771752357483, 22.89869451522827,]
