best-result = 46.34429311752319
warmup-time = 63.561031341552734
all-measurements = [ 46.91607427597046, 46.86158013343811, 46.34429311752319,]
