best-result = 46.364553689956665
warmup-time = 58.78791785240173
all-measurements = [ 46.51272392272949, 46.41071629524231, 46.364553689956665,]
