best-result = 929.7203898429871
warmup-time = 1140.6896109580994
all-measurements = [ 930.7397089004517, 929.7203898429871, 939.0967276096344,]
