best-result = 84.47166919708252
warmup-time = 101.56145358085632
all-measurements = [ 85.46314597129822, 84.47166919708252, 85.13282799720764,]
