best-result = 81.84906005859375
warmup-time = 102.0462052822113
all-measurements = [ 82.48738694190979, 82.03131246566772, 81.84906005859375,]
