best-result = 70.1335244178772
warmup-time = 91.87959170341492
all-measurements = [ 70.1335244178772, 70.67704916000366, 70.75895404815674,]
