best-result = 90.84938883781433
warmup-time = 104.91386556625366
all-measurements = [ 91.4129478931427, 91.27516889572144, 90.84938883781433,]
