best-result = 628.3174700737
warmup-time = 644.9881896972656
all-measurements = [ 628.3174700737, 630.9401030540466, 631.4925398826599,]
