best-result = 65.05407166481018
warmup-time = 81.7066502571106
all-measurements = [ 65.28273344039917, 65.05407166481018, 65.41864776611328,]
