best-result = 221.3618791103363
warmup-time = 375.3264911174774
all-measurements = [ 221.3618791103363, 222.51988172531128, 222.48366117477417,]
