best-result = 439.67300605773926
warmup-time = 886.6836197376251
all-measurements = [ 440.77775740623474, 439.67300605773926, 440.5034489631653,]
