best-result = 61.995789766311646
warmup-time = 78.98592853546143
all-measurements = [ 62.15622925758362, 61.995789766311646, 62.77876567840576,]
