best-result = 142.95269799232483
warmup-time = 168.6167540550232
all-measurements = [ 143.1199769973755, 142.95269799232483, 143.3104226589203,]
