best-result = 886.6937005519867
warmup-time = 905.3763318061829
all-measurements = [ 895.9436140060425, 886.6937005519867, 891.0954875946045,]
