best-result = 27.29990243911743
warmup-time = 35.82719707489014
all-measurements = [ 27.329548120498657, 27.29990243911743, 27.4290828704834,]
