best-result = 58.57635259628296
warmup-time = 71.85917043685913
all-measurements = [ 58.94446802139282, 58.57635259628296, 58.70225977897644,]
