best-result = 58.74506187438965
warmup-time = 74.46672081947327
all-measurements = [ 58.80534768104553, 58.95650553703308, 58.74506187438965,]
