best-result = 110.69529962539673
warmup-time = 137.04838275909424
all-measurements = [ 111.55157208442688, 110.7201075553894, 110.69529962539673,]
