best-result = 784.648092508316
warmup-time = 847.6945412158966
all-measurements = [ 816.4279229640961, 787.0330221652985, 784.648092508316,]
