best-result = 33.741071462631226
warmup-time = 42.64429450035095
all-measurements = [ 34.13369154930115, 34.2498505115509, 33.741071462631226,]
