best-result = 54.86189293861389
warmup-time = 70.64112114906311
all-measurements = [ 55.05606389045715, 55.52964806556702, 54.86189293861389,]
