best-result = 2311.6153700351715
warmup-time = 2923.5577642917633
all-measurements = [ 2705.9953684806824, 3258.01775431633, 2311.6153700351715,]
