best-result = 49.14524030685425
warmup-time = 71.11467337608337
all-measurements = [ 49.4339394569397, 49.14524030685425, 49.37000370025635,]
