best-result = 78.53371167182922
warmup-time = 97.54545283317566
all-measurements = [ 79.67595386505127, 80.07998156547546, 78.53371167182922,]
