best-result = 36.604448556900024
warmup-time = 46.58661985397339
all-measurements = [ 36.63372182846069, 36.604448556900024, 36.863126277923584,]
