best-result = 356.45997524261475
warmup-time = 487.215279340744
all-measurements = [ 357.3881130218506, 368.25182461738586, 356.45997524261475,]
