best-result = 58.561856508255005
warmup-time = 60.10573649406433
all-measurements = [ 58.561856508255005, 59.157591819763184, 59.64177441596985,]
