best-result = 21.52558207511902
warmup-time = 21.49668574333191
all-measurements = [ 21.858792781829834, 21.861901998519897, 21.52558207511902,]
