best-result = 47.10434627532959
warmup-time = 62.075666666030884
all-measurements = [ 47.700316429138184, 47.10434627532959, 47.62179493904114,]
