best-result = 47.19024586677551
warmup-time = 60.20731997489929
all-measurements = [ 47.196258544921875, 47.19024586677551, 47.29735207557678,]
