best-result = 980.2753992080688
warmup-time = 1176.446933746338
all-measurements = [ 990.1899838447571, 993.7973530292511, 980.2753992080688,]
