best-result = 82.04299187660217
warmup-time = 98.12215495109558
all-measurements = [ 82.2473349571228, 82.04299187660217, 82.9793643951416,]
