best-result = 78.46578979492188
warmup-time = 101.25002408027649
all-measurements = [ 79.0417377948761, 78.46578979492188, 78.80976843833923,]
