best-result = 69.72242140769958
warmup-time = 94.29521870613098
all-measurements = [ 69.72242140769958, 70.22002172470093, 69.97051000595093,]
