best-result = 84.24599552154541
warmup-time = 98.69807934761047
all-measurements = [ 84.62063002586365, 84.24599552154541, 84.59537935256958,]
