best-result = 592.139839887619
warmup-time = 606.4199478626251
all-measurements = [ 593.1783580780029, 592.139839887619, 596.9750337600708,]
