best-result = 61.70484447479248
warmup-time = 75.01534080505371
all-measurements = [ 61.70484447479248, 61.89937615394592, 61.80777668952942,]
