best-result = 229.4622073173523
warmup-time = 397.7849028110504
all-measurements = [ 230.9953019618988, 231.19753003120422, 229.4622073173523,]
