best-result = 442.7478048801422
warmup-time = 906.792444229126
all-measurements = [ 445.967050075531, 442.7478048801422, 443.1268973350525,]
