best-result = 60.23667073249817
warmup-time = 76.28550267219543
all-measurements = [ 60.9586660861969, 60.23667073249817, 60.35613560676575,]
