best-result = 859.0238659381866
warmup-time = 906.4127051830292
all-measurements = [ 864.0238201618195, 860.605931520462, 859.0238659381866,]
