best-result = 26.856575965881348
warmup-time = 36.2193968296051
all-measurements = [ 27.2275869846344, 27.34258222579956, 26.856575965881348,]
