best-result = 57.84425902366638
warmup-time = 72.12909317016602
all-measurements = [ 59.246482372283936, 57.84425902366638, 58.42933535575867,]
