best-result = 55.75457954406738
warmup-time = 70.98843622207642
all-measurements = [ 55.75457954406738, 55.772196769714355, 57.89958739280701,]
