best-result = 109.49127745628357
warmup-time = 137.93330430984497
all-measurements = [ 109.87871789932251, 109.49127745628357, 109.62247967720032,]
