best-result = 767.3600854873657
warmup-time = 836.2989752292633
all-measurements = [ 773.710723400116, 767.3600854873657, 770.3875758647919,]
