best-result = 33.754570960998535
warmup-time = 42.057907819747925
all-measurements = [ 33.754570960998535, 34.42853879928589, 34.03336191177368,]
