best-result = 52.88166785240173
warmup-time = 66.87628030776978
all-measurements = [ 52.88166785240173, 53.50773739814758, 53.14549160003662,]
