best-result = 50.11433386802673
warmup-time = 69.09851050376892
all-measurements = [ 50.69516587257385, 50.11433386802673, 50.422688722610474,]
