best-result = 78.78795075416565
warmup-time = 99.94231104850769
all-measurements = [ 78.78795075416565, 80.62666130065918, 78.83332443237305,]
