best-result = 36.00925040245056
warmup-time = 43.48012328147888
all-measurements = [ 36.4895875453949, 36.00925040245056, 36.208672523498535,]
