best-result = 345.8166723251343
warmup-time = 488.66553711891174
all-measurements = [ 346.32819271087646, 345.8166723251343, 347.955534696579,]
