best-result = 102.89068722724915
warmup-time = 104.38092541694641
all-measurements = [ 103.00167274475098, 103.59849786758423, 102.89068722724915,]
