best-result = 23.44440460205078
warmup-time = 23.965460300445557
all-measurements = [ 24.27419114112854, 23.898462533950806, 23.44440460205078,]
