best-result = 47.741456270217896
warmup-time = 65.16812086105347
all-measurements = [ 48.02914214134216, 47.83603000640869, 47.741456270217896,]
