best-result = 47.4634644985199
warmup-time = 58.53105664253235
all-measurements = [ 47.70701813697815, 47.4634644985199, 47.54102158546448,]
