best-result = 897.0260653495789
warmup-time = 1073.6063349246979
all-measurements = [ 897.0260653495789, 897.647926568985, 900.6741836071014,]
