best-result = 85.71279740333557
warmup-time = 101.27658438682556
all-measurements = [ 85.71279740333557, 86.46818661689758, 86.09537816047668,]
