best-result = 878.0964395999908
warmup-time = 907.1108858585358
all-measurements = [ 878.2875764369965, 878.0964395999908, 884.1685562133789,]
