best-result = 66.60863184928894
warmup-time = 81.77763199806213
all-measurements = [ 67.5572156906128, 67.51447987556458, 66.60863184928894,]
