best-result = 86.7830958366394
warmup-time = 106.27780747413635
all-measurements = [ 87.06898856163025, 87.41817212104797, 86.7830958366394,]
