best-result = 69.24587821960449
warmup-time = 89.51695561408997
all-measurements = [ 69.24587821960449, 69.3829505443573, 69.9381856918335,]
