best-result = 88.2341377735138
warmup-time = 101.51578831672668
all-measurements = [ 89.4241271018982, 88.48495483398438, 88.2341377735138,]
