best-result = 656.6966540813446
warmup-time = 673.1878614425659
all-measurements = [ 656.6966540813446, 687.3271522521973, 660.9439520835876,]
