best-result = 64.43062043190002
warmup-time = 78.29651498794556
all-measurements = [ 65.19494605064392, 64.56619548797607, 64.43062043190002,]
