best-result = 193.66311526298523
warmup-time = 344.92278146743774
all-measurements = [ 193.66311526298523, 196.120126247406, 195.62684893608093,]
