best-result = 396.6006324291229
warmup-time = 829.6088576316833
all-measurements = [ 399.91491532325745, 398.49483132362366, 396.6006324291229,]
