best-result = 64.78221011161804
warmup-time = 82.07893109321594
all-measurements = [ 64.86808037757874, 64.78221011161804, 65.4529082775116,]
