best-result = 41.17772150039673
warmup-time = 50.045165061950684
all-measurements = [ 42.47083806991577, 41.419167041778564, 41.17772150039673,]
