best-result = 137.9772322177887
warmup-time = 168.8136851787567
all-measurements = [ 137.9772322177887, 138.7522156238556, 138.32101392745972,]
