best-result = 952.4737422466278
warmup-time = 993.5437259674072
all-measurements = [ 955.5146813392639, 959.5745131969452, 952.4737422466278,]
