best-result = 28.419026374816895
warmup-time = 37.469844579696655
all-measurements = [ 28.71787738800049, 28.419026374816895, 29.304694890975952,]
