best-result = 60.370792865753174
warmup-time = 69.42957139015198
all-measurements = [ 60.4673912525177, 61.54701256752014, 60.370792865753174,]
