best-result = 60.3525550365448
warmup-time = 74.57955884933472
all-measurements = [ 60.3525550365448, 60.69810104370117, 60.424068212509155,]
