best-result = 109.59601759910583
warmup-time = 138.34562635421753
all-measurements = [ 111.95703601837158, 110.84004497528076, 109.59601759910583,]
