best-result = 785.1832304000854
warmup-time = 860.6764590740204
all-measurements = [ 785.1832304000854, 785.898270368576, 786.5149841308594,]
