best-result = 35.04520106315613
warmup-time = 41.575188636779785
all-measurements = [ 35.83437204360962, 35.04520106315613, 35.1690239906311,]
