best-result = 56.83395743370056
warmup-time = 73.2031409740448
all-measurements = [ 57.78331208229065, 56.83395743370056, 57.50062084197998,]
