best-result = 2816.4262475967407
warmup-time = 3475.2523691654205
all-measurements = [ 3097.8750882148743, 3410.532391309738, 2816.4262475967407,]
