best-result = 50.37692427635193
warmup-time = 72.02916026115417
all-measurements = [ 50.37692427635193, 50.527397871017456, 50.440913915634155,]
