best-result = 83.477294921875
warmup-time = 101.83000159263611
all-measurements = [ 84.5960750579834, 83.477294921875, 84.16170120239258,]
