best-result = 94.6905689239502
warmup-time = 116.17744302749634
all-measurements = [ 94.73482751846313, 94.77500581741333, 94.6905689239502,]
