best-result = 38.85828518867493
warmup-time = 48.02837824821472
all-measurements = [ 39.010586977005005, 38.85828518867493, 39.324803590774536,]
