best-result = 324.17694091796875
warmup-time = 458.352566242218
all-measurements = [ 347.0033850669861, 324.17694091796875, 325.36952686309814,]
