best-result = 61.776835680007935
warmup-time = 62.17355227470398
all-measurements = [ 62.536619663238525, 61.776835680007935, 62.109686613082886,]
