best-result = 23.049520015716553
warmup-time = 23.363590002059937
all-measurements = [ 23.049520015716553, 23.08927631378174, 23.131612539291382,]
