best-result = 46.6780948638916
warmup-time = 64.18105816841125
all-measurements = [ 46.95239615440369, 46.7491979598999, 46.6780948638916,]
