best-result = 46.29143309593201
warmup-time = 57.07691049575806
all-measurements = [ 46.29143309593201, 46.637552976608276, 46.78548312187195,]
