best-result = 899.7781853675842
warmup-time = 1119.4232704639435
all-measurements = [ 899.7781853675842, 900.8333821296692, 914.8451490402222,]
