best-result = 85.51631808280945
warmup-time = 101.87355136871338
all-measurements = [ 85.51631808280945, 86.5532386302948, 86.7972457408905,]
