best-result = 980.5064072608948
warmup-time = 1009.0237782001495
all-measurements = [ 981.8836596012115, 980.5064072608948, 985.6266992092133,]
