best-result = 82.25159406661987
warmup-time = 104.92803621292114
all-measurements = [ 82.44153785705566, 82.25159406661987, 83.02746891975403,]
