best-result = 67.77705454826355
warmup-time = 88.49338054656982
all-measurements = [ 67.77705454826355, 68.21837520599365, 67.92640113830566,]
