best-result = 91.64380121231079
warmup-time = 105.98858904838562
all-measurements = [ 92.04809999465942, 92.31064987182617, 91.64380121231079,]
