best-result = 647.6127195358276
warmup-time = 662.39284324646
all-measurements = [ 647.6127195358276, 649.2180304527283, 648.5635523796082,]
