best-result = 61.52924966812134
warmup-time = 73.13369703292847
all-measurements = [ 61.80858111381531, 61.54929184913635, 61.52924966812134,]
