best-result = 205.51726007461548
warmup-time = 357.1109530925751
all-measurements = [ 205.90292406082153, 205.51726007461548, 207.6566207408905,]
