best-result = 423.361328125
warmup-time = 866.3368690013885
all-measurements = [ 423.361328125, 425.09299659729004, 427.94401240348816,]
