best-result = 62.5909059047699
warmup-time = 80.09533905982971
all-measurements = [ 62.5909059047699, 63.34042024612427, 63.19675827026367,]
