best-result = 40.14420223236084
warmup-time = 48.48687672615051
all-measurements = [ 40.35703134536743, 40.14420223236084, 40.26672434806824,]
