best-result = 133.38275814056396
warmup-time = 159.99749493598938
all-measurements = [ 135.9504840373993, 133.38275814056396, 135.41866540908813,]
