best-result = 913.3293850421906
warmup-time = 948.9822475910187
all-measurements = [ 913.3293850421906, 913.7337727546692, 914.4502255916595,]
