best-result = 27.83414077758789
warmup-time = 36.432663917541504
all-measurements = [ 27.984456777572632, 28.09637212753296, 27.83414077758789,]
