best-result = 57.396705627441406
warmup-time = 70.58139491081238
all-measurements = [ 57.396705627441406, 58.11868476867676, 57.98591351509094,]
