best-result = 60.01006317138672
warmup-time = 74.48285436630249
all-measurements = [ 60.201701164245605, 60.06843113899231, 60.01006317138672,]
