best-result = 110.09473395347595
warmup-time = 137.81217074394226
all-measurements = [ 110.64840626716614, 110.09473395347595, 110.46912837028503,]
