best-result = 779.4508962631226
warmup-time = 845.6365852355957
all-measurements = [ 806.416871547699, 779.4508962631226, 779.8943245410919,]
