best-result = 33.94597339630127
warmup-time = 41.19168519973755
all-measurements = [ 34.08991980552673, 33.94597339630127, 34.56270503997803,]
