best-result = 55.5995934009552
warmup-time = 71.2205810546875
all-measurements = [ 56.14659357070923, 55.5995934009552, 55.68504810333252,]
