best-result = 1782.804944038391
warmup-time = 1970.4892807006836
all-measurements = [ 1782.804944038391, 2639.220434188843, 2934.309984922409,]
