best-result = 49.06928300857544
warmup-time = 70.04554152488708
all-measurements = [ 49.20218348503113, 49.31559467315674, 49.06928300857544,]
