best-result = 78.0972683429718
warmup-time = 97.29174566268921
all-measurements = [ 78.0972683429718, 78.45135998725891, 79.22020030021667,]
