best-result = 37.34394097328186
warmup-time = 46.90161657333374
all-measurements = [ 37.40688943862915, 37.34394097328186, 38.14340925216675,]
