best-result = 339.3573520183563
warmup-time = 477.9172794818878
all-measurements = [ 339.3573520183563, 340.37068223953247, 347.83871603012085,]
