best-result = 58.487876415252686
warmup-time = 59.98874545097351
all-measurements = [ 59.43250894546509, 58.487876415252686, 59.21285009384155,]
