best-result = 25.785644054412842
warmup-time = 26.67962956428528
all-measurements = [ 25.785644054412842, 26.040756940841675, 26.04247760772705,]
