best-result = 37.69663715362549
warmup-time = 38.79571318626404
all-measurements = [ 39.061418533325195, 39.11786437034607, 37.69663715362549,]
