best-result = 31.399438619613647
warmup-time = 32.01438570022583
all-measurements = [ 31.838844537734985, 31.399438619613647, 31.679149866104126,]
