best-result = 263.39951181411743
warmup-time = 274.55993700027466
all-measurements = [ 264.3903396129608, 267.29693961143494, 263.39951181411743,]
