best-result = 36.31388473510742
warmup-time = 36.86265993118286
all-measurements = [ 36.668355226516724, 37.22583484649658, 36.31388473510742,]
