best-result = 40.77539038658142
warmup-time = 41.13746523857117
all-measurements = [ 40.77539038658142, 41.318676233291626, 41.52139091491699,]
