best-result = 49.50599193572998
warmup-time = 50.157615184783936
all-measurements = [ 50.045751333236694, 49.71051001548767, 49.50599193572998,]
