best-result = 33.65903091430664
warmup-time = 34.1437246799469
all-measurements = [ 34.777626752853394, 34.56170654296875, 33.65903091430664,]
