best-result = 36.759119749069214
warmup-time = 38.411826848983765
all-measurements = [ 36.759119749069214, 37.787296295166016, 37.20319485664368,]
