best-result = 60.111698627471924
warmup-time = 65.1644024848938
all-measurements = [ 64.41786527633667, 60.111698627471924, 64.06736326217651,]
