best-result = 225.20565104484558
warmup-time = 230.4665186405182
all-measurements = [ 227.36268639564514, 225.20565104484558, 226.69283866882324,]
