best-result = 518.6777522563934
warmup-time = 529.1663975715637
all-measurements = [ 522.7384653091431, 518.6777522563934, 525.6769390106201,]
