best-result = 36.52332639694214
warmup-time = 36.48411989212036
all-measurements = [ 36.6917986869812, 36.52332639694214, 36.677342653274536,]
