best-result = 77.79746198654175
warmup-time = 71.42255306243896
all-measurements = [ 77.79746198654175, 78.29144716262817, 86.7026424407959,]
