best-result = 61.56868052482605
warmup-time = 63.30458116531372
all-measurements = [ 61.56868052482605, 64.95326948165894, 61.95777750015259,]
