best-result = 28.090400218963623
warmup-time = 28.814897775650024
all-measurements = [ 28.680072784423828, 28.65220808982849, 28.090400218963623,]
