best-result = 32.807284355163574
warmup-time = 36.14685249328613
all-measurements = [ 32.807284355163574, 35.84813594818115, 35.61277532577515,]
