best-result = 33.51664590835571
warmup-time = 34.69084715843201
all-measurements = [ 33.51664590835571, 33.561110973358154, 34.21652436256409,]
