best-result = 42.43054699897766
warmup-time = 43.31377673149109
all-measurements = [ 44.42622232437134, 42.43054699897766, 43.17024230957031,]
