best-result = 96.48418831825256
warmup-time = 96.0663948059082
all-measurements = [ 96.48418831825256, 98.59209370613098, 97.31228542327881,]
