best-result = 28.353691577911377
warmup-time = 29.317001581192017
all-measurements = [ 29.796780347824097, 28.624592542648315, 28.353691577911377,]
