best-result = 34.68515729904175
warmup-time = 35.583186626434326
all-measurements = [ 35.10647368431091, 34.68515729904175, 34.98417854309082,]
