best-result = 88.81190156936646
warmup-time = 89.27654385566711
all-measurements = [ 96.14373826980591, 88.81190156936646, 96.29935455322266,]
