best-result = 39.01697063446045
warmup-time = 40.233966588974
all-measurements = [ 39.01697063446045, 40.51114320755005, 39.64481544494629,]
