best-result = 44.270739793777466
warmup-time = 43.65802216529846
all-measurements = [ 44.975425720214844, 44.93203949928284, 44.270739793777466,]
