best-result = 29.16900944709778
warmup-time = 28.231327295303345
all-measurements = [ 29.172639846801758, 29.603740692138672, 29.16900944709778,]
