best-result = 703.6575486660004
warmup-time = 733.9315595626831
all-measurements = [ 723.2533020973206, 716.1011161804199, 703.6575486660004,]
