best-result = 172.4042773246765
warmup-time = 176.1594910621643
all-measurements = [ 175.60144591331482, 176.50589895248413, 172.4042773246765,]
