best-result = 56.97058629989624
warmup-time = 61.45455074310303
all-measurements = [ 66.58017134666443, 56.97058629989624, 68.88587975502014,]
