best-result = 22.445311307907104
warmup-time = 22.567023992538452
all-measurements = [ 22.47631573677063, 22.445311307907104, 22.452415466308594,]
