best-result = 45.940688133239746
warmup-time = 63.61716651916504
all-measurements = [ 45.940688133239746, 46.567577600479126, 46.91407871246338,]
