best-result = 45.66128134727478
warmup-time = 58.03268623352051
all-measurements = [ 46.17720293998718, 45.66128134727478, 45.87814784049988,]
