best-result = 917.1376740932465
warmup-time = 1123.3680849075317
all-measurements = [ 917.1376740932465, 936.600989818573, 928.025226354599,]
