best-result = 84.39910459518433
warmup-time = 99.59365034103394
all-measurements = [ 84.47020864486694, 85.46394801139832, 84.39910459518433,]
