best-result = 81.70755457878113
warmup-time = 103.35451006889343
all-measurements = [ 82.24335837364197, 81.70755457878113, 82.19169926643372,]
