best-result = 69.57822227478027
warmup-time = 91.16974949836731
all-measurements = [ 69.74794912338257, 69.62147617340088, 69.57822227478027,]
