best-result = 91.14342665672302
warmup-time = 104.63825488090515
all-measurements = [ 91.14342665672302, 91.54854416847229, 91.15868067741394,]
