best-result = 645.0743138790131
warmup-time = 656.795921087265
all-measurements = [ 645.3180084228516, 645.0743138790131, 648.7380130290985,]
