best-result = 63.91064810752869
warmup-time = 78.1962878704071
all-measurements = [ 64.04914808273315, 64.08870959281921, 63.91064810752869,]
