best-result = 211.3482494354248
warmup-time = 366.39047503471375
all-measurements = [ 211.3482494354248, 216.61644077301025, 212.94571256637573,]
