best-result = 426.1988778114319
warmup-time = 876.6403777599335
all-measurements = [ 429.02284145355225, 428.8821737766266, 426.1988778114319,]
