best-result = 61.615378856658936
warmup-time = 78.06582689285278
all-measurements = [ 61.615378856658936, 62.85400319099426, 61.999226093292236,]
