best-result = 39.067776918411255
warmup-time = 47.8863422870636
all-measurements = [ 39.61194467544556, 39.067776918411255, 39.15210247039795,]
