best-result = 139.26629042625427
warmup-time = 172.9177668094635
all-measurements = [ 139.26629042625427, 140.31218004226685, 139.8591663837433,]
