best-result = 897.446192741394
warmup-time = 929.213451385498
all-measurements = [ 903.2589948177338, 906.0190153121948, 897.446192741394,]
