best-result = 27.193565845489502
warmup-time = 36.33149552345276
all-measurements = [ 27.55351185798645, 27.327746152877808, 27.193565845489502,]
