best-result = 57.618757009506226
warmup-time = 71.93183875083923
all-measurements = [ 58.7986044883728, 58.51322054862976, 57.618757009506226,]
