best-result = 58.79223990440369
warmup-time = 73.35460257530212
all-measurements = [ 60.53029680252075, 59.666579723358154, 58.79223990440369,]
