best-result = 110.56066679954529
warmup-time = 137.0742106437683
all-measurements = [ 110.78228163719177, 111.22499680519104, 110.56066679954529,]
