best-result = 786.162237405777
warmup-time = 851.005527973175
all-measurements = [ 786.162237405777, 786.3444931507111, 786.4437317848206,]
