best-result = 33.477646350860596
warmup-time = 42.94620680809021
all-measurements = [ 33.48905634880066, 33.477646350860596, 34.14980673789978,]
