best-result = 54.79638695716858
warmup-time = 70.01077938079834
all-measurements = [ 54.79638695716858, 54.82723689079285, 54.84312701225281,]
