best-result = 1512.4861452579498
warmup-time = 1353.693636894226
all-measurements = [ 1695.348584651947, 1882.8369793891907, 1512.4861452579498,]
