best-result = 49.589362382888794
warmup-time = 70.03957486152649
all-measurements = [ 49.589362382888794, 49.96407628059387, 49.67543005943298,]
