best-result = 78.59651803970337
warmup-time = 98.19732069969177
all-measurements = [ 78.59651803970337, 78.94080758094788, 78.62421417236328,]
