best-result = 36.377068519592285
warmup-time = 46.82135200500488
all-measurements = [ 36.57228398323059, 36.377068519592285, 36.60091829299927,]
