best-result = 343.9403910636902
warmup-time = 492.1131715774536
all-measurements = [ 343.9403910636902, 346.14525985717773, 346.06505393981934,]
