best-result = 59.03796720504761
warmup-time = 59.2767231464386
all-measurements = [ 59.30900740623474, 59.35689568519592, 59.03796720504761,]
