best-result = 26.083833932876587
warmup-time = 26.5397891998291
all-measurements = [ 26.45380425453186, 26.829028129577637, 26.083833932876587,]
