best-result = 37.046579360961914
warmup-time = 39.11711072921753
all-measurements = [ 37.797484159469604, 38.14492702484131, 37.046579360961914,]
