best-result = 31.385334253311157
warmup-time = 31.233745574951172
all-measurements = [ 31.385334253311157, 32.34229397773743, 31.90756916999817,]
