best-result = 263.58933091163635
warmup-time = 270.7131736278534
all-measurements = [ 267.6582250595093, 263.58933091163635, 264.81210565567017,]
