best-result = 36.86476492881775
warmup-time = 37.137672662734985
all-measurements = [ 37.70153069496155, 37.12508296966553, 36.86476492881775,]
