best-result = 40.50151038169861
warmup-time = 40.803120851516724
all-measurements = [ 40.50151038169861, 44.10269284248352, 41.7213454246521,]
