best-result = 48.62821626663208
warmup-time = 51.76895022392273
all-measurements = [ 49.57612061500549, 49.06919050216675, 48.62821626663208,]
