best-result = 34.116466760635376
warmup-time = 34.324092864990234
all-measurements = [ 35.06598258018494, 35.13178777694702, 34.116466760635376,]
