best-result = 37.21873712539673
warmup-time = 37.30583095550537
all-measurements = [ 38.35658001899719, 37.21873712539673, 37.63865828514099,]
