best-result = 61.81300139427185
warmup-time = 66.70348072052002
all-measurements = [ 63.754899978637695, 65.00632452964783, 61.81300139427185,]
