best-result = 227.30379629135132
warmup-time = 229.88117837905884
all-measurements = [ 228.61759400367737, 227.71118783950806, 227.30379629135132,]
