best-result = 519.7410793304443
warmup-time = 524.6445043087006
all-measurements = [ 527.1900856494904, 519.7410793304443, 524.9628927707672,]
