best-result = 36.51058554649353
warmup-time = 38.23267483711243
all-measurements = [ 36.51058554649353, 38.846802949905396, 37.32478737831116,]
