best-result = 72.12446594238281
warmup-time = 71.01547479629517
all-measurements = [ 72.12446594238281, 79.34469413757324, 83.8933937549591,]
