best-result = 62.216020584106445
warmup-time = 65.28292083740234
all-measurements = [ 62.216020584106445, 63.48750448226929, 62.481422901153564,]
