best-result = 27.360908031463623
warmup-time = 29.010746717453003
all-measurements = [ 27.360908031463623, 27.515977382659912, 28.192698001861572,]
