best-result = 33.521679162979126
warmup-time = 36.222750425338745
all-measurements = [ 36.018157958984375, 35.72259330749512, 33.521679162979126,]
