best-result = 33.88886260986328
warmup-time = 34.610326051712036
all-measurements = [ 34.43230319023132, 35.036585330963135, 33.88886260986328,]
