best-result = 42.11256790161133
warmup-time = 42.36154913902283
all-measurements = [ 42.11256790161133, 44.87386441230774, 42.76538372039795,]
