best-result = 96.65539646148682
warmup-time = 100.36792421340942
all-measurements = [ 96.65539646148682, 96.71529603004456, 97.78710579872131,]
