best-result = 27.776063203811646
warmup-time = 29.726091384887695
all-measurements = [ 27.776063203811646, 28.346071243286133, 29.95713186264038,]
