best-result = 34.861329793930054
warmup-time = 34.37375783920288
all-measurements = [ 34.861329793930054, 34.95974516868591, 35.279524087905884,]
