best-result = 86.80164003372192
warmup-time = 99.44462442398071
all-measurements = [ 92.33573770523071, 86.80164003372192, 88.76265168190002,]
