best-result = 39.90683674812317
warmup-time = 40.115007162094116
all-measurements = [ 39.90683674812317, 40.96512722969055, 40.180418252944946,]
