best-result = 43.10361409187317
warmup-time = 45.994441986083984
all-measurements = [ 46.94890475273132, 43.10361409187317, 45.9935986995697,]
