best-result = 28.940887451171875
warmup-time = 27.974857091903687
all-measurements = [ 29.32079005241394, 28.940887451171875, 29.269740343093872,]
