best-result = 704.6556539535522
warmup-time = 730.1719861030579
all-measurements = [ 704.6556539535522, 713.2623267173767, 712.4350912570953,]
