best-result = 174.54780197143555
warmup-time = 178.45485138893127
all-measurements = [ 176.7603211402893, 174.54780197143555, 177.02592396736145,]
