best-result = 59.37925481796265
warmup-time = 60.82179570198059
all-measurements = [ 59.37925481796265, 68.57271695137024, 66.16347026824951,]
