best-result = 22.79216194152832
warmup-time = 23.071130752563477
all-measurements = [ 22.88967514038086, 23.106897592544556, 22.79216194152832,]
