best-result = 46.45328903198242
warmup-time = 62.95318055152893
all-measurements = [ 46.5945303440094, 46.8721387386322, 46.45328903198242,]
