best-result = 46.02086281776428
warmup-time = 57.92243671417236
all-measurements = [ 46.41283893585205, 46.6388955116272, 46.02086281776428,]
