best-result = 896.269581079483
warmup-time = 1083.9575641155243
all-measurements = [ 896.269581079483, 898.5775163173676, 912.3815357685089,]
