best-result = 83.94787335395813
warmup-time = 99.87986779212952
all-measurements = [ 83.94787335395813, 84.43670845031738, 84.64066171646118,]
