best-result = 979.4718601703644
warmup-time = 1006.5709171295166
all-measurements = [ 979.4718601703644, 985.7762417793274, 984.4256551265717,]
