best-result = 81.73293161392212
warmup-time = 102.24133443832397
all-measurements = [ 82.18957901000977, 81.73293161392212, 82.6623432636261,]
