best-result = 67.18269658088684
warmup-time = 89.69144988059998
all-measurements = [ 67.18269658088684, 67.35159111022949, 67.852707862854,]
