best-result = 90.8005166053772
warmup-time = 105.67617511749268
all-measurements = [ 91.08284425735474, 92.16280031204224, 90.8005166053772,]
