best-result = 641.3056488037109
warmup-time = 659.2187671661377
all-measurements = [ 645.4937808513641, 645.4751582145691, 641.3056488037109,]
