best-result = 61.29565167427063
warmup-time = 77.54578995704651
all-measurements = [ 61.29565167427063, 61.98990559577942, 61.52595782279968,]
