best-result = 206.1455693244934
warmup-time = 358.75354981422424
all-measurements = [ 208.66014003753662, 206.1455693244934, 207.65177702903748,]
