best-result = 420.4742741584778
warmup-time = 863.3591952323914
all-measurements = [ 425.56570625305176, 424.2666902542114, 420.4742741584778,]
