best-result = 62.27910852432251
warmup-time = 78.94115471839905
all-measurements = [ 63.082210540771484, 62.3910448551178, 62.27910852432251,]
