best-result = 40.10758352279663
warmup-time = 47.80018711090088
all-measurements = [ 40.335206747055054, 40.2592568397522, 40.10758352279663,]
