best-result = 134.17391085624695
warmup-time = 162.53387546539307
all-measurements = [ 135.43454694747925, 134.59445786476135, 134.17391085624695,]
