best-result = 900.5095477104187
warmup-time = 925.1773111820221
all-measurements = [ 906.2226519584656, 901.7284278869629, 900.5095477104187,]
