best-result = 27.431357860565186
warmup-time = 35.368406534194946
all-measurements = [ 27.431357860565186, 27.58354163169861, 27.765431880950928,]
