best-result = 59.82968592643738
warmup-time = 70.06724190711975
all-measurements = [ 59.82968592643738, 65.33264470100403, 66.15706610679626,]
