best-result = 59.021573305130005
warmup-time = 75.8211944103241
all-measurements = [ 60.93049359321594, 59.021573305130005, 60.139301776885986,]
