best-result = 109.66741228103638
warmup-time = 135.3692762851715
all-measurements = [ 110.02626371383667, 110.31037044525146, 109.66741228103638,]
