best-result = 770.9649059772491
warmup-time = 842.5307815074921
all-measurements = [ 770.9649059772491, 778.2501091957092, 773.5850653648376,]
