best-result = 33.573052644729614
warmup-time = 42.32991695404053
all-measurements = [ 33.89346432685852, 33.573052644729614, 34.196115493774414,]
