best-result = 55.348169565200806
warmup-time = 71.2625002861023
all-measurements = [ 55.49911856651306, 55.348169565200806, 55.610835552215576,]
