best-result = 1512.1568310260773
warmup-time = 1620.272169828415
all-measurements = [ 1817.7080450057983, 2225.7125227451324, 1512.1568310260773,]
