best-result = 47.84553098678589
warmup-time = 69.99329566955566
all-measurements = [ 48.20683813095093, 47.84553098678589, 48.12052059173584,]
