best-result = 77.66465854644775
warmup-time = 98.98866820335388
all-measurements = [ 78.3210654258728, 78.50034666061401, 77.66465854644775,]
