best-result = 36.86495399475098
warmup-time = 46.429330348968506
all-measurements = [ 36.86495399475098, 37.41763401031494, 37.22114634513855,]
