best-result = 333.99452328681946
warmup-time = 470.4375386238098
all-measurements = [ 338.4367642402649, 335.83980917930603, 333.99452328681946,]
