best-result = 58.606499433517456
warmup-time = 59.22828912734985
all-measurements = [ 58.79387021064758, 58.88777732849121, 58.606499433517456,]
