best-result = 25.56282925605774
warmup-time = 25.5875563621521
all-measurements = [ 25.57320547103882, 25.702166318893433, 25.56282925605774,]
