best-result = 34.841219902038574
warmup-time = 37.92857909202576
all-measurements = [ 34.841219902038574, 37.65933609008789, 37.415709257125854,]
