best-result = 30.862182140350342
warmup-time = 31.790125846862793
all-measurements = [ 31.450150728225708, 31.352661609649658, 30.862182140350342,]
