best-result = 258.86898922920227
warmup-time = 272.905953168869
all-measurements = [ 267.3858425617218, 258.86898922920227, 263.9585692882538,]
