best-result = 35.77023530006409
warmup-time = 36.38926863670349
all-measurements = [ 35.77023530006409, 37.132280349731445, 35.99570560455322,]
