best-result = 39.589616775512695
warmup-time = 41.59292125701904
all-measurements = [ 39.589616775512695, 40.71300745010376, 42.130390882492065,]
