best-result = 48.40594005584717
warmup-time = 50.00544214248657
all-measurements = [ 49.53089737892151, 48.40594005584717, 49.395835161209106,]
