best-result = 32.26358461380005
warmup-time = 34.30609750747681
all-measurements = [ 35.804710149765015, 33.42182421684265, 32.26358461380005,]
