best-result = 36.85624623298645
warmup-time = 37.73681354522705
all-measurements = [ 37.68177127838135, 36.85624623298645, 37.040522813797,]
