best-result = 61.20424222946167
warmup-time = 62.123398542404175
all-measurements = [ 61.39698338508606, 61.20424222946167, 61.29493498802185,]
