best-result = 226.07244873046875
warmup-time = 230.2173936367035
all-measurements = [ 226.07244873046875, 229.99948954582214, 226.94877171516418,]
