best-result = 522.4509575366974
warmup-time = 529.3994746208191
all-measurements = [ 528.8417353630066, 522.4509575366974, 525.369665145874,]
