best-result = 35.680633783340454
warmup-time = 37.67226266860962
all-measurements = [ 38.09268283843994, 35.680633783340454, 35.92620277404785,]
