best-result = 72.02260684967041
warmup-time = 76.68723654747009
all-measurements = [ 83.75361156463623, 78.91973853111267, 72.02260684967041,]
