best-result = 62.05579996109009
warmup-time = 64.08229064941406
all-measurements = [ 62.05579996109009, 64.64568972587585, 62.52512240409851,]
