best-result = 27.412243127822876
warmup-time = 28.224209308624268
all-measurements = [ 27.412243127822876, 27.896930932998657, 28.336589813232422,]
