best-result = 34.57927584648132
warmup-time = 35.50793719291687
all-measurements = [ 35.863572120666504, 35.58049440383911, 34.57927584648132,]
