best-result = 31.670084953308105
warmup-time = 35.131375551223755
all-measurements = [ 34.46744155883789, 31.670084953308105, 32.72839117050171,]
