best-result = 42.00320076942444
warmup-time = 44.44491934776306
all-measurements = [ 42.00320076942444, 44.40330648422241, 42.99753928184509,]
