best-result = 97.99603319168091
warmup-time = 99.94038271903992
all-measurements = [ 97.99603319168091, 99.274094581604, 99.04015970230103,]
