best-result = 27.76861810684204
warmup-time = 27.938488245010376
all-measurements = [ 29.16213822364807, 27.769559621810913, 27.76861810684204,]
