best-result = 32.82827854156494
warmup-time = 34.73610758781433
all-measurements = [ 32.82827854156494, 34.44923710823059, 33.595479011535645,]
