best-result = 87.29531407356262
warmup-time = 93.69208192825317
all-measurements = [ 88.15565872192383, 87.29531407356262, 88.17312979698181,]
