best-result = 38.72638010978699
warmup-time = 39.239367961883545
all-measurements = [ 39.25101566314697, 38.72638010978699, 39.05094003677368,]
