best-result = 45.19478893280029
warmup-time = 42.71742796897888
all-measurements = [ 45.90465521812439, 45.19478893280029, 46.17729926109314,]
