best-result = 28.653733015060425
warmup-time = 29.096136569976807
all-measurements = [ 28.86083722114563, 28.653733015060425, 28.668617248535156,]
