best-result = 696.2134809494019
warmup-time = 739.3655788898468
all-measurements = [ 708.3527419567108, 699.2717890739441, 696.2134809494019,]
