best-result = 173.11185240745544
warmup-time = 173.65047216415405
all-measurements = [ 177.83495020866394, 175.88927030563354, 173.11185240745544,]
