best-result = 42.7340886592865
warmup-time = 45.2777636051178
all-measurements = [ 43.2246036529541, 42.7340886592865, 46.488292932510376,]
