best-result = 58.00770044326782
warmup-time = 60.447680950164795
all-measurements = [ 66.91535878181458, 58.00770044326782, 69.29266047477722,]
