best-result = 22.590965270996094
warmup-time = 22.63627576828003
all-measurements = [ 22.833749532699585, 22.590965270996094, 22.662510633468628,]
