best-result = 46.5151207447052
warmup-time = 61.0375657081604
all-measurements = [ 47.03803753852844, 46.5151207447052, 46.913310050964355,]
