best-result = 46.24615836143494
warmup-time = 57.8138644695282
all-measurements = [ 46.42435574531555, 46.24615836143494, 46.57969403266907,]
