best-result = 915.6538078784943
warmup-time = 1134.6479382514954
all-measurements = [ 915.6538078784943, 915.8791348934174, 926.2634704113007,]
