best-result = 84.92574954032898
warmup-time = 98.58875846862793
all-measurements = [ 85.23922967910767, 85.77427673339844, 84.92574954032898,]
