best-result = 982.2899932861328
warmup-time = 1011.7180330753326
all-measurements = [ 982.2899932861328, 986.2638897895813, 987.004251241684,]
