best-result = 81.80594873428345
warmup-time = 102.57792139053345
all-measurements = [ 82.20673966407776, 83.2247245311737, 81.80594873428345,]
