best-result = 70.02518582344055
warmup-time = 93.1185736656189
all-measurements = [ 70.4633252620697, 70.02518582344055, 70.83711957931519,]
