best-result = 90.73034858703613
warmup-time = 104.1653425693512
all-measurements = [ 90.73034858703613, 92.08969044685364, 91.30746603012085,]
