best-result = 63.33664298057556
warmup-time = 76.95946764945984
all-measurements = [ 63.5168342590332, 63.77048397064209, 63.33664298057556,]
