best-result = 209.84402799606323
warmup-time = 364.4706959724426
all-measurements = [ 209.84402799606323, 211.4198775291443, 211.0542721748352,]
