best-result = 430.8982536792755
warmup-time = 874.754408121109
all-measurements = [ 430.8982536792755, 432.00443387031555, 433.4268054962158,]
