best-result = 61.627702951431274
warmup-time = 76.11887311935425
all-measurements = [ 62.1515679359436, 61.627702951431274, 62.75072717666626,]
