best-result = 39.13828468322754
warmup-time = 47.96250247955322
all-measurements = [ 39.473827600479126, 39.73156714439392, 39.13828468322754,]
