best-result = 139.3831102848053
warmup-time = 172.70325183868408
all-measurements = [ 139.6320412158966, 139.3831102848053, 139.4310269355774,]
