best-result = 900.0227928161621
warmup-time = 937.5923728942871
all-measurements = [ 909.819905757904, 907.1829814910889, 900.0227928161621,]
