best-result = 27.625500202178955
warmup-time = 39.244128465652466
all-measurements = [ 29.467267274856567, 30.40708327293396, 27.625500202178955,]
