best-result = 58.12015509605408
warmup-time = 69.12984561920166
all-measurements = [ 58.12015509605408, 58.70339345932007, 59.208160161972046,]
