best-result = 59.029788970947266
warmup-time = 72.77803206443787
all-measurements = [ 59.66951775550842, 59.029788970947266, 60.16426706314087,]
