best-result = 110.14611625671387
warmup-time = 138.96820640563965
all-measurements = [ 110.14611625671387, 110.8963770866394, 110.81118869781494,]
