best-result = 785.3782033920288
warmup-time = 854.8072991371155
all-measurements = [ 785.3782033920288, 786.7612082958221, 791.5820360183716,]
