best-result = 33.429861307144165
warmup-time = 40.39416003227234
all-measurements = [ 33.82184863090515, 33.429861307144165, 33.92964458465576,]
