best-result = 54.834858655929565
warmup-time = 70.65460348129272
all-measurements = [ 54.834858655929565, 55.195308208465576, 55.30328869819641,]
