best-result = 1449.6199955940247
warmup-time = 2297.476294517517
all-measurements = [ 1989.7775824069977, 1746.6165413856506, 1449.6199955940247,]
