best-result = 50.002848386764526
warmup-time = 71.37207674980164
all-measurements = [ 53.54923939704895, 50.0665500164032, 50.002848386764526,]
