best-result = 78.15863275527954
warmup-time = 96.35297298431396
all-measurements = [ 78.15863275527954, 78.47823667526245, 78.39769625663757,]
