best-result = 36.51053595542908
warmup-time = 47.07680034637451
all-measurements = [ 36.971951723098755, 37.35486102104187, 36.51053595542908,]
