best-result = 353.6452143192291
warmup-time = 488.83377385139465
all-measurements = [ 353.6452143192291, 356.23665022850037, 353.71655321121216,]
