best-result = 58.63888239860535
warmup-time = 60.2670738697052
all-measurements = [ 59.29862141609192, 59.03466987609863, 58.63888239860535,]
