best-result = 25.803958415985107
warmup-time = 26.014309883117676
all-measurements = [ 25.92239236831665, 25.803958415985107, 26.081393241882324,]
