best-result = 38.27487850189209
warmup-time = 38.88381338119507
all-measurements = [ 39.557889223098755, 39.5967071056366, 38.27487850189209,]
