best-result = 31.30326271057129
warmup-time = 31.504830837249756
all-measurements = [ 31.30326271057129, 32.283722162246704, 31.434301137924194,]
