best-result = 258.28885436058044
warmup-time = 262.93847250938416
all-measurements = [ 260.81254291534424, 259.5278408527374, 258.28885436058044,]
