best-result = 35.7888548374176
warmup-time = 36.52207612991333
all-measurements = [ 36.325406312942505, 36.23340201377869, 35.7888548374176,]
