best-result = 117.18959546089172
warmup-time = 120.46139359474182
all-measurements = [ 117.18959546089172, 118.26814723014832, 120.86760783195496,]
