best-result = 39.28713250160217
warmup-time = 41.30748391151428
all-measurements = [ 40.368202209472656, 39.28713250160217, 39.939969062805176,]
