best-result = 47.58654594421387
warmup-time = 49.99150323867798
all-measurements = [ 47.647117614746094, 48.805938720703125, 47.58654594421387,]
