best-result = 32.50970482826233
warmup-time = 34.98021697998047
all-measurements = [ 32.50970482826233, 33.44549894332886, 32.60942554473877,]
