best-result = 36.65927267074585
warmup-time = 37.89574384689331
all-measurements = [ 38.04505395889282, 36.65927267074585, 37.34222388267517,]
