best-result = 59.65937805175781
warmup-time = 58.085700273513794
all-measurements = [ 62.7676796913147, 62.09750938415527, 59.65937805175781,]
