best-result = 226.7755720615387
warmup-time = 227.99959659576416
all-measurements = [ 246.04927682876587, 228.88639450073242, 226.7755720615387,]
