best-result = 515.7066087722778
warmup-time = 521.3245866298676
all-measurements = [ 520.3758060932159, 515.7066087722778, 516.0425124168396,]
