best-result = 35.525721311569214
warmup-time = 38.34360074996948
all-measurements = [ 36.41006302833557, 35.525721311569214, 36.98739314079285,]
