best-result = 29.058243989944458
warmup-time = 29.200811624526978
all-measurements = [ 29.480321884155273, 29.058243989944458, 29.46953511238098,]
