best-result = 72.79031944274902
warmup-time = 73.33278012275696
all-measurements = [ 78.32637071609497, 72.79031944274902, 72.9942786693573,]
