best-result = 60.98158860206604
warmup-time = 64.53749752044678
all-measurements = [ 61.46638083457947, 60.98158860206604, 64.33495569229126,]
