best-result = 28.990030527114868
warmup-time = 28.604700088500977
all-measurements = [ 30.082815647125244, 29.638490676879883, 28.990030527114868,]
