best-result = 35.23214364051819
warmup-time = 35.3872504234314
all-measurements = [ 35.23214364051819, 35.34744095802307, 35.615790367126465,]
