best-result = 35.055394887924194
warmup-time = 36.68636679649353
all-measurements = [ 36.779052734375, 36.34924626350403, 35.055394887924194,]
