best-result = 41.723021030426025
warmup-time = 43.47792148590088
all-measurements = [ 41.818753242492676, 41.723021030426025, 43.479923725128174,]
