best-result = 95.39130759239197
warmup-time = 97.88512301445007
all-measurements = [ 97.9782304763794, 97.73479104042053, 95.39130759239197,]
