best-result = 28.91883397102356
warmup-time = 29.97147536277771
all-measurements = [ 30.717625379562378, 29.86891531944275, 28.91883397102356,]
