best-result = 32.9664146900177
warmup-time = 35.86601424217224
all-measurements = [ 35.05032539367676, 35.671759843826294, 32.9664146900177,]
