best-result = 85.82723689079285
warmup-time = 87.62866568565369
all-measurements = [ 90.64444541931152, 95.796541929245, 85.82723689079285,]
