best-result = 38.79826259613037
warmup-time = 40.13104033470154
all-measurements = [ 39.97836637496948, 39.94340395927429, 38.79826259613037,]
