best-result = 43.62722849845886
warmup-time = 44.456501722335815
all-measurements = [ 45.19392657279968, 43.92756271362305, 43.62722849845886,]
