best-result = 27.80855107307434
warmup-time = 28.8450026512146
all-measurements = [ 27.80855107307434, 28.35513424873352, 28.822821855545044,]
