best-result = 664.7235329151154
warmup-time = 699.6242678165436
all-measurements = [ 673.8124136924744, 664.7235329151154, 676.0898780822754,]
