best-result = 172.21015620231628
warmup-time = 174.94790291786194
all-measurements = [ 174.43562650680542, 172.21015620231628, 174.3756332397461,]
