best-result = 57.52332544326782
warmup-time = 55.3321590423584
all-measurements = [ 57.52332544326782, 61.54706001281738, 66.32562232017517,]
