best-result = 23.439064979553223
warmup-time = 23.778571128845215
all-measurements = [ 24.134884119033813, 23.439064979553223, 24.012994050979614,]
