best-result = 47.45553159713745
warmup-time = 62.878639221191406
all-measurements = [ 47.76669907569885, 47.545308351516724, 47.45553159713745,]
