best-result = 47.20738673210144
warmup-time = 58.027588844299316
all-measurements = [ 47.32695293426514, 47.20738673210144, 47.4384970664978,]
