best-result = 893.5870473384857
warmup-time = 1104.85990858078
all-measurements = [ 893.5870473384857, 897.1051750183105, 898.8623015880585,]
