best-result = 85.76884198188782
warmup-time = 100.87127208709717
all-measurements = [ 87.22647976875305, 85.76884198188782, 85.91083693504333,]
