best-result = 987.1774621009827
warmup-time = 1020.2497708797455
all-measurements = [ 987.1774621009827, 994.7446231842041, 992.0362727642059,]
