best-result = 84.53473043441772
warmup-time = 104.9350962638855
all-measurements = [ 84.53473043441772, 84.58611965179443, 84.90145468711853,]
