best-result = 68.56223583221436
warmup-time = 87.51391911506653
all-measurements = [ 68.56223583221436, 68.88296842575073, 68.90041589736938,]
