best-result = 92.32259893417358
warmup-time = 104.35962057113647
all-measurements = [ 93.14092516899109, 92.38193392753601, 92.32259893417358,]
