best-result = 651.6448302268982
warmup-time = 666.5408771038055
all-measurements = [ 653.9169075489044, 652.408216714859, 651.6448302268982,]
