best-result = 63.243910789489746
warmup-time = 79.32340693473816
all-measurements = [ 63.85439991950989, 63.243910789489746, 63.29173159599304,]
