best-result = 204.1265938282013
warmup-time = 354.026859998703
all-measurements = [ 204.2035505771637, 204.21357655525208, 204.1265938282013,]
