best-result = 387.35977244377136
warmup-time = 826.5388031005859
all-measurements = [ 387.44490003585815, 387.35977244377136, 406.63738560676575,]
