best-result = 63.74006795883179
warmup-time = 81.59521126747131
all-measurements = [ 63.74006795883179, 64.41593527793884, 63.76672887802124,]
