best-result = 40.65163826942444
warmup-time = 48.41207242012024
all-measurements = [ 40.801058530807495, 40.65163826942444, 41.30051827430725,]
