best-result = 135.54629349708557
warmup-time = 164.78003001213074
all-measurements = [ 136.72389769554138, 135.54629349708557, 135.85578560829163,]
