best-result = 933.6788799762726
warmup-time = 964.4499955177307
all-measurements = [ 937.1170494556427, 935.022537946701, 933.6788799762726,]
