best-result = 28.118524074554443
warmup-time = 37.1435112953186
all-measurements = [ 28.118524074554443, 28.400614023208618, 28.24760341644287,]
