best-result = 57.66809368133545
warmup-time = 70.5585105419159
all-measurements = [ 57.96783399581909, 58.19003653526306, 57.66809368133545,]
