best-result = 60.786144495010376
warmup-time = 74.36450409889221
all-measurements = [ 60.786144495010376, 61.577451944351196, 61.40609121322632,]
