best-result = 109.7252311706543
warmup-time = 138.4955916404724
all-measurements = [ 110.65721797943115, 111.23315644264221, 109.7252311706543,]
