best-result = 776.3801863193512
warmup-time = 842.1753075122833
all-measurements = [ 778.048770904541, 776.3801863193512, 777.6924860477448,]
