best-result = 34.109975814819336
warmup-time = 42.46684765815735
all-measurements = [ 34.38990092277527, 34.60053634643555, 34.109975814819336,]
