best-result = 55.854793548583984
warmup-time = 69.60545372962952
all-measurements = [ 55.854793548583984, 56.01823878288269, 56.09268856048584,]
