best-result = 1432.3247079849243
warmup-time = 1692.2883477210999
all-measurements = [ 1924.1423768997192, 2354.0894289016724, 1432.3247079849243,]
