best-result = 49.042213439941406
warmup-time = 69.71690917015076
all-measurements = [ 49.23050236701965, 49.042213439941406, 49.47324013710022,]
