best-result = 83.03565192222595
warmup-time = 102.15566921234131
all-measurements = [ 83.03565192222595, 83.6375789642334, 83.25378179550171,]
