best-result = 37.70122027397156
warmup-time = 47.98339509963989
all-measurements = [ 38.52676558494568, 37.70122027397156, 38.184406042099,]
