best-result = 326.72671389579773
warmup-time = 478.65633177757263
all-measurements = [ 338.71299600601196, 326.72671389579773, 337.1123945713043,]
