best-result = 59.78961110115051
warmup-time = 60.01867055892944
all-measurements = [ 59.78961110115051, 60.27798056602478, 60.719627380371094,]
