best-result = 26.88942551612854
warmup-time = 27.3681161403656
all-measurements = [ 26.99124789237976, 26.88942551612854, 28.304495096206665,]
