best-result = 37.50352597236633
warmup-time = 43.38465356826782
all-measurements = [ 39.67795753479004, 37.50352597236633, 41.41775155067444,]
