best-result = 34.042572259902954
warmup-time = 34.62195587158203
all-measurements = [ 34.042572259902954, 35.001426458358765, 35.953543186187744,]
