best-result = 284.0859429836273
warmup-time = 292.82983350753784
all-measurements = [ 287.29265093803406, 291.9910054206848, 284.0859429836273,]
