best-result = 38.15901756286621
warmup-time = 39.02069926261902
all-measurements = [ 38.17408299446106, 38.80174994468689, 38.15901756286621,]
