best-result = 43.655983448028564
warmup-time = 43.57525372505188
all-measurements = [ 43.655983448028564, 46.31590294837952, 46.9517560005188,]
