best-result = 53.20534420013428
warmup-time = 53.74147963523865
all-measurements = [ 53.93022155761719, 55.09470176696777, 53.20534420013428,]
