best-result = 36.494935274124146
warmup-time = 38.07585692405701
all-measurements = [ 37.67626237869263, 36.494935274124146, 37.284849643707275,]
