best-result = 39.03024649620056
warmup-time = 40.83293318748474
all-measurements = [ 41.57116961479187, 42.79010057449341, 39.03024649620056,]
