best-result = 63.838969707489014
warmup-time = 65.6075279712677
all-measurements = [ 65.49710011482239, 63.838969707489014, 65.21247911453247,]
