best-result = 254.95166563987732
warmup-time = 261.6785066127777
all-measurements = [ 259.00340723991394, 257.44419741630554, 254.95166563987732,]
