best-result = 597.2605698108673
warmup-time = 601.109296798706
all-measurements = [ 599.0713984966278, 597.2605698108673, 599.267983675003,]
