best-result = 37.186158180236816
warmup-time = 37.99793362617493
all-measurements = [ 37.186158180236816, 40.69109845161438, 38.38243293762207,]
