best-result = 70.32060670852661
warmup-time = 70.54918694496155
all-measurements = [ 70.32060670852661, 70.80642819404602, 71.76675748825073,]
