best-result = 29.413282871246338
warmup-time = 30.508922338485718
all-measurements = [ 31.56071710586548, 29.413282871246338, 30.133385181427002,]
