best-result = 35.89535307884216
warmup-time = 38.16835832595825
all-measurements = [ 38.349066972732544, 39.03675150871277, 35.89535307884216,]
