best-result = 35.188697814941406
warmup-time = 34.377317905426025
all-measurements = [ 35.188697814941406, 35.316559076309204, 36.442660093307495,]
