best-result = 46.95702505111694
warmup-time = 45.92798137664795
all-measurements = [ 46.95702505111694, 49.009907245635986, 48.69266486167908,]
