best-result = 105.95127630233765
warmup-time = 105.93511629104614
all-measurements = [ 107.97116231918335, 106.68337321281433, 105.95127630233765,]
