best-result = 29.31524133682251
warmup-time = 32.049773931503296
all-measurements = [ 30.752277374267578, 29.31524133682251, 30.07567596435547,]
