best-result = 36.20772337913513
warmup-time = 38.67598009109497
all-measurements = [ 36.20772337913513, 36.637022733688354, 37.09146308898926,]
