best-result = 43.391942262649536
warmup-time = 42.28431940078735
all-measurements = [ 43.391942262649536, 43.92763423919678, 43.548198223114014,]
