best-result = 47.46518111228943
warmup-time = 46.88428235054016
all-measurements = [ 47.46518111228943, 48.09982419013977, 48.31258702278137,]
