best-result = 29.133358478546143
warmup-time = 30.544169425964355
all-measurements = [ 29.133358478546143, 30.804407358169556, 30.490013122558594,]
