best-result = 739.2062861919403
warmup-time = 751.8960657119751
all-measurements = [ 741.6706907749176, 752.6143531799316, 739.2062861919403,]
