best-result = 195.5390486717224
warmup-time = 199.53524780273438
all-measurements = [ 199.7536416053772, 195.5390486717224, 195.91148257255554,]
