best-result = 45.97856855392456
warmup-time = 46.891658306121826
all-measurements = [ 47.70721745491028, 45.97856855392456, 46.77150845527649,]
