best-result = 23.482731342315674
warmup-time = 24.4701566696167
all-measurements = [ 23.915263414382935, 23.482731342315674, 23.61346983909607,]
