best-result = 47.010818004608154
warmup-time = 63.95262098312378
all-measurements = [ 47.010818004608154, 47.49078106880188, 47.4567289352417,]
