best-result = 47.069910287857056
warmup-time = 59.11538219451904
all-measurements = [ 47.37267804145813, 47.628459453582764, 47.069910287857056,]
