best-result = 902.5370743274689
warmup-time = 1083.95529794693
all-measurements = [ 908.3521330356598, 902.5370743274689, 919.0330889225006,]
