best-result = 84.82000350952148
warmup-time = 97.61673092842102
all-measurements = [ 84.82000350952148, 85.30020689964294, 84.96973752975464,]
