best-result = 874.1143026351929
warmup-time = 906.2053079605103
all-measurements = [ 877.8664906024933, 875.8156516551971, 874.1143026351929,]
