best-result = 66.96883869171143
warmup-time = 80.92893433570862
all-measurements = [ 67.74113488197327, 66.96883869171143, 68.16105008125305,]
