best-result = 84.60173010826111
warmup-time = 104.27926564216614
all-measurements = [ 84.60173010826111, 85.28968620300293, 85.13750672340393,]
