best-result = 69.22082448005676
warmup-time = 89.39296054840088
all-measurements = [ 69.33693671226501, 69.22082448005676, 69.22103762626648,]
