best-result = 87.93758249282837
warmup-time = 101.26729321479797
all-measurements = [ 87.93758249282837, 87.94560766220093, 88.25994777679443,]
