best-result = 652.2735011577606
warmup-time = 667.1638667583466
all-measurements = [ 656.9466700553894, 670.0106546878815, 652.2735011577606,]
