best-result = 63.79845118522644
warmup-time = 73.74623823165894
all-measurements = [ 63.79845118522644, 64.14845585823059, 64.70492792129517,]
