best-result = 191.9978859424591
warmup-time = 348.3462507724762
all-measurements = [ 191.9978859424591, 192.16058707237244, 194.0639624595642,]
