best-result = 389.83576917648315
warmup-time = 828.9332957267761
all-measurements = [ 393.7740316390991, 389.83576917648315, 391.8733551502228,]
