best-result = 63.49511003494263
warmup-time = 80.24356508255005
all-measurements = [ 64.15089845657349, 63.49511003494263, 64.2102439403534,]
