best-result = 41.36050486564636
warmup-time = 49.49783778190613
all-measurements = [ 41.36050486564636, 41.74989295005798, 41.61705780029297,]
