best-result = 135.57455611228943
warmup-time = 168.65101432800293
all-measurements = [ 136.51657843589783, 135.57455611228943, 137.8367896080017,]
