best-result = 935.8018743991852
warmup-time = 964.3159515857697
all-measurements = [ 941.1276443004608, 937.5458600521088, 935.8018743991852,]
