best-result = 28.372251272201538
warmup-time = 36.11184120178223
all-measurements = [ 28.478532075881958, 28.953444957733154, 28.372251272201538,]
