best-result = 60.08886694908142
warmup-time = 70.034348487854
all-measurements = [ 60.6939058303833, 60.1181640625, 60.08886694908142,]
