best-result = 60.27588438987732
warmup-time = 74.73554348945618
all-measurements = [ 60.7726469039917, 60.27588438987732, 61.20379018783569,]
