best-result = 109.99164319038391
warmup-time = 137.1584038734436
all-measurements = [ 110.75400233268738, 109.99164319038391, 111.24188733100891,]
