best-result = 776.4409568309784
warmup-time = 845.7839176654816
all-measurements = [ 776.4409568309784, 779.0316822528839, 780.03098320961,]
