best-result = 35.011932373046875
warmup-time = 42.82622051239014
all-measurements = [ 35.065157651901245, 35.011932373046875, 35.98496150970459,]
