best-result = 56.68120527267456
warmup-time = 73.08527898788452
all-measurements = [ 57.05393648147583, 57.03032612800598, 56.68120527267456,]
