best-result = 2527.1571266651154
warmup-time = 3301.74391913414
all-measurements = [ 2527.1571266651154, 2776.4944682121277, 3559.5533130168915,]
