best-result = 50.02951765060425
warmup-time = 70.26060557365417
all-measurements = [ 50.02951765060425, 50.15914273262024, 50.223992586135864,]
