best-result = 83.11195087432861
warmup-time = 100.06812310218811
all-measurements = [ 83.52192425727844, 83.139883518219, 83.11195087432861,]
