best-result = 93.9511342048645
warmup-time = 116.63653755187988
all-measurements = [ 94.0177071094513, 93.9511342048645, 94.14002871513367,]
