best-result = 38.73442268371582
warmup-time = 46.55226755142212
all-measurements = [ 38.73442268371582, 39.42806148529053, 39.37404465675354,]
