best-result = 317.3685448169708
warmup-time = 459.6571958065033
all-measurements = [ 317.3685448169708, 329.2417047023773, 318.196786403656,]
