best-result = 61.14659380912781
warmup-time = 61.55606412887573
all-measurements = [ 61.25979471206665, 61.14659380912781, 62.049251079559326,]
