best-result = 22.066280841827393
warmup-time = 22.50868558883667
all-measurements = [ 23.148720026016235, 22.108360290527344, 22.066280841827393,]
