best-result = 47.63561463356018
warmup-time = 65.42313146591187
all-measurements = [ 48.289480209350586, 47.63561463356018, 47.877747535705566,]
