best-result = 47.20082139968872
warmup-time = 61.77650022506714
all-measurements = [ 47.49674367904663, 48.31881356239319, 47.20082139968872,]
