best-result = 993.1969151496887
warmup-time = 1205.2923238277435
all-measurements = [ 994.428496837616, 1001.966596364975, 993.1969151496887,]
