best-result = 82.17247152328491
warmup-time = 98.29030346870422
all-measurements = [ 82.17247152328491, 82.40678119659424, 82.83907413482666,]
