best-result = 78.93234324455261
warmup-time = 103.09450769424438
all-measurements = [ 79.53390312194824, 78.93234324455261, 79.45947623252869,]
