best-result = 69.53174924850464
warmup-time = 92.84638833999634
all-measurements = [ 69.79641151428223, 69.53174924850464, 70.34678983688354,]
