best-result = 85.51369571685791
warmup-time = 100.94033932685852
all-measurements = [ 85.5373888015747, 85.59026765823364, 85.51369571685791,]
