best-result = 600.5913259983063
warmup-time = 618.1729302406311
all-measurements = [ 600.5913259983063, 602.1474659442902, 600.7376697063446,]
