best-result = 62.94136953353882
warmup-time = 75.92628884315491
all-measurements = [ 64.98127269744873, 63.812344789505005, 62.94136953353882,]
