best-result = 234.23786807060242
warmup-time = 443.59407353401184
all-measurements = [ 236.2220277786255, 234.23786807060242, 237.35092401504517,]
