best-result = 441.63220977783203
warmup-time = 967.1203236579895
all-measurements = [ 442.01112174987793, 444.6466407775879, 441.63220977783203,]
