best-result = 60.556501150131226
warmup-time = 78.01789140701294
all-measurements = [ 60.968294620513916, 61.01061773300171, 60.556501150131226,]
