best-result = 882.5769517421722
warmup-time = 923.2057983875275
all-measurements = [ 883.2774217128754, 882.5769517421722, 887.7500813007355,]
