best-result = 27.72698402404785
warmup-time = 36.299312591552734
all-measurements = [ 27.72698402404785, 27.905365467071533, 28.16973304748535,]
