best-result = 59.882184982299805
warmup-time = 74.0714054107666
all-measurements = [ 59.882184982299805, 60.48447918891907, 60.30031728744507,]
