best-result = 55.71198892593384
warmup-time = 71.31861734390259
all-measurements = [ 55.71198892593384, 56.05689024925232, 57.31159281730652,]
