best-result = 111.3059024810791
warmup-time = 141.4266712665558
all-measurements = [ 111.8565583229065, 111.3059024810791, 111.31361508369446,]
