best-result = 775.1683247089386
warmup-time = 851.9157073497772
all-measurements = [ 778.806708574295, 778.1395797729492, 775.1683247089386,]
