best-result = 33.78917908668518
warmup-time = 42.197776317596436
all-measurements = [ 34.08058738708496, 33.862141609191895, 33.78917908668518,]
