best-result = 53.73586916923523
warmup-time = 70.72465491294861
all-measurements = [ 54.465344190597534, 53.91006636619568, 53.73586916923523,]
