best-result = 50.14567756652832
warmup-time = 72.00784993171692
all-measurements = [ 50.55443048477173, 50.14567756652832, 51.1434063911438,]
