best-result = 79.37761068344116
warmup-time = 100.87960457801819
all-measurements = [ 79.37761068344116, 79.72924709320068, 79.4735369682312,]
