best-result = 35.946394205093384
warmup-time = 45.96621036529541
all-measurements = [ 35.946394205093384, 36.374918699264526, 36.14509987831116,]
