best-result = 355.93489599227905
warmup-time = 512.9658737182617
all-measurements = [ 358.5834221839905, 355.93489599227905, 358.304936170578,]
