best-result = 103.7708888053894
warmup-time = 104.26344728469849
all-measurements = [ 103.7708888053894, 105.20328378677368, 104.26142907142639,]
