best-result = 21.454420566558838
warmup-time = 21.705331563949585
all-measurements = [ 21.597927808761597, 21.454420566558838, 21.509208917617798,]
