best-result = 46.581717014312744
warmup-time = 63.69089102745056
all-measurements = [ 47.01755094528198, 46.581717014312744, 46.824150800704956,]
