best-result = 46.30199074745178
warmup-time = 58.81730389595032
all-measurements = [ 46.71696639060974, 46.30199074745178, 46.972028732299805,]
