best-result = 969.0937221050262
warmup-time = 1258.4010071754456
all-measurements = [ 969.0937221050262, 979.6933007240295, 975.2756185531616,]
