best-result = 81.56787657737732
warmup-time = 93.32777452468872
all-measurements = [ 82.27223134040833, 81.56787657737732, 82.44680738449097,]
