best-result = 77.66333365440369
warmup-time = 98.55304789543152
all-measurements = [ 77.66333365440369, 77.77022242546082, 78.08496975898743,]
