best-result = 68.39390397071838
warmup-time = 91.37176942825317
all-measurements = [ 68.39390397071838, 68.50076746940613, 68.87353754043579,]
