best-result = 83.30138325691223
warmup-time = 98.75771760940552
all-measurements = [ 83.30138325691223, 83.56352353096008, 84.49441981315613,]
