best-result = 588.9905736446381
warmup-time = 604.7997124195099
all-measurements = [ 590.2115261554718, 589.9865353107452, 588.9905736446381,]
