best-result = 61.56236934661865
warmup-time = 75.07395625114441
all-measurements = [ 61.92528986930847, 61.665491342544556, 61.56236934661865,]
