best-result = 228.86162853240967
warmup-time = 397.4002540111542
all-measurements = [ 228.86162853240967, 231.01615571975708, 230.20382738113403,]
