best-result = 439.0896747112274
warmup-time = 906.0045282840729
all-measurements = [ 445.32462763786316, 446.39414620399475, 439.0896747112274,]
