best-result = 59.21073079109192
warmup-time = 74.81686663627625
all-measurements = [ 59.3616247177124, 59.67667579650879, 59.21073079109192,]
