best-result = 859.4133763313293
warmup-time = 892.4521687030792
all-measurements = [ 862.7008554935455, 859.4133763313293, 861.5961647033691,]
