best-result = 26.75327777862549
warmup-time = 36.67936706542969
all-measurements = [ 26.75327777862549, 27.084036111831665, 27.132861852645874,]
