best-result = 57.73996663093567
warmup-time = 71.73485207557678
all-measurements = [ 57.963491439819336, 57.73996663093567, 58.12695288658142,]
