best-result = 55.14366340637207
warmup-time = 67.41169095039368
all-measurements = [ 55.72831416130066, 56.16856074333191, 55.14366340637207,]
