best-result = 109.18598866462708
warmup-time = 136.51803588867188
all-measurements = [ 109.20123863220215, 109.18598866462708, 109.28042411804199,]
