best-result = 768.720712184906
warmup-time = 840.530654668808
all-measurements = [ 768.720712184906, 771.0075898170471, 770.2982952594757,]
