best-result = 33.356910943984985
warmup-time = 40.81893539428711
all-measurements = [ 33.356910943984985, 33.44083499908447, 33.71222925186157,]
