best-result = 53.008827686309814
warmup-time = 66.7913978099823
all-measurements = [ 53.008827686309814, 53.25958824157715, 53.422321796417236,]
