best-result = 49.14914798736572
warmup-time = 67.96338272094727
all-measurements = [ 49.47010517120361, 49.43278431892395, 49.14914798736572,]
