best-result = 78.3874683380127
warmup-time = 98.57277059555054
all-measurements = [ 78.3874683380127, 79.60526776313782, 79.23516416549683,]
