best-result = 35.20723056793213
warmup-time = 43.914905071258545
all-measurements = [ 35.20723056793213, 35.431819915771484, 35.685996532440186,]
