best-result = 347.4152159690857
warmup-time = 490.36766934394836
all-measurements = [ 347.4152159690857, 374.63866925239563, 354.16840720176697,]
