best-result = 102.20542979240417
warmup-time = 101.99662113189697
all-measurements = [ 102.77452087402344, 103.14285087585449, 102.20542979240417,]
