best-result = 25.678961277008057
warmup-time = 26.251410484313965
all-measurements = [ 25.678961277008057, 25.921656370162964, 26.075960636138916,]
