best-result = 36.96311092376709
warmup-time = 39.7812602519989
all-measurements = [ 36.96311092376709, 36.99911570549011, 37.25299644470215,]
