best-result = 31.00291657447815
warmup-time = 31.981976747512817
all-measurements = [ 31.00291657447815, 31.035241842269897, 31.4064199924469,]
