best-result = 262.50533652305603
warmup-time = 263.4792833328247
all-measurements = [ 262.50533652305603, 262.5848698616028, 266.00942063331604,]
