best-result = 35.15121507644653
warmup-time = 37.76591205596924
all-measurements = [ 37.094834327697754, 35.15121507644653, 36.89644455909729,]
