best-result = 111.32629656791687
warmup-time = 113.71059274673462
all-measurements = [ 111.61429190635681, 111.32629656791687, 113.59521389007568,]
