best-result = 38.81170463562012
warmup-time = 41.26031494140625
all-measurements = [ 39.253246784210205, 38.81170463562012, 40.55371928215027,]
