best-result = 46.68421506881714
warmup-time = 49.46614933013916
all-measurements = [ 47.72744822502136, 46.68421506881714, 47.750754833221436,]
