best-result = 32.84959173202515
warmup-time = 33.52845478057861
all-measurements = [ 34.139488697052, 34.68853163719177, 32.84959173202515,]
