best-result = 36.62812113761902
warmup-time = 37.17915225028992
all-measurements = [ 36.78090810775757, 36.62812113761902, 37.47204518318176,]
