best-result = 62.27903628349304
warmup-time = 61.43510699272156
all-measurements = [ 62.62193179130554, 62.27903628349304, 62.78511953353882,]
