best-result = 227.31199049949646
warmup-time = 225.26609253883362
all-measurements = [ 227.49424648284912, 227.83041882514954, 227.31199049949646,]
