best-result = 512.5260920524597
warmup-time = 516.7565741539001
all-measurements = [ 512.5260920524597, 515.8480260372162, 513.4151105880737,]
