best-result = 36.277284383773804
warmup-time = 35.50337290763855
all-measurements = [ 38.00968146324158, 36.46837067604065, 36.277284383773804,]
