best-result = 28.127766370773315
warmup-time = 28.56244707107544
all-measurements = [ 28.127766370773315, 28.42449116706848, 29.439802169799805,]
