best-result = 66.49058032035828
warmup-time = 77.48657894134521
all-measurements = [ 81.07498025894165, 66.49058032035828, 71.75474786758423,]
