best-result = 60.45109009742737
warmup-time = 60.89139986038208
all-measurements = [ 61.67579221725464, 62.00864291191101, 60.45109009742737,]
