best-result = 27.323812007904053
warmup-time = 29.056203603744507
all-measurements = [ 28.43797731399536, 27.760749578475952, 27.323812007904053,]
