best-result = 34.921013593673706
warmup-time = 44.84478211402893
all-measurements = [ 40.760377407073975, 37.51441025733948, 34.921013593673706,]
