best-result = 33.77006936073303
warmup-time = 33.56063675880432
all-measurements = [ 33.77006936073303, 34.57911419868469, 34.59117388725281,]
