best-result = 42.0837607383728
warmup-time = 43.51510834693909
all-measurements = [ 43.01418399810791, 43.14619159698486, 42.0837607383728,]
