best-result = 93.44904613494873
warmup-time = 96.14001035690308
all-measurements = [ 96.74161839485168, 95.9473044872284, 93.44904613494873,]
