best-result = 27.20641851425171
warmup-time = 29.403244018554688
all-measurements = [ 27.62554383277893, 27.787628412246704, 27.20641851425171,]
