best-result = 33.72576451301575
warmup-time = 34.325976610183716
all-measurements = [ 33.82815957069397, 34.252771615982056, 33.72576451301575,]
