best-result = 85.17828321456909
warmup-time = 87.50828647613525
all-measurements = [ 93.84598422050476, 85.5219042301178, 85.17828321456909,]
