best-result = 36.96206617355347
warmup-time = 38.60680961608887
all-measurements = [ 38.99144768714905, 36.96206617355347, 37.44453501701355,]
