best-result = 43.0443377494812
warmup-time = 44.95835256576538
all-measurements = [ 43.0443377494812, 43.06079602241516, 43.618321895599365,]
