best-result = 28.433300971984863
warmup-time = 29.063655614852905
all-measurements = [ 28.846482515335083, 28.433300971984863, 28.919267892837524,]
