best-result = 636.7014493942261
warmup-time = 674.6601824760437
all-measurements = [ 636.7014493942261, 644.2049660682678, 650.6939024925232,]
