best-result = 170.9592251777649
warmup-time = 173.6358985900879
all-measurements = [ 172.72517132759094, 170.9592251777649, 172.1836485862732,]
