best-result = 64.12252044677734
warmup-time = 64.49683213233948
all-measurements = [ 65.53425335884094, 64.12252044677734, 67.13570737838745,]
