best-result = 21.429758310317993
warmup-time = 22.111730337142944
all-measurements = [ 21.429758310317993, 21.860252857208252, 22.2645206451416,]
