best-result = 47.133400678634644
warmup-time = 63.70523166656494
all-measurements = [ 47.43955969810486, 47.345855474472046, 47.133400678634644,]
