best-result = 46.6582293510437
warmup-time = 58.73365235328674
all-measurements = [ 46.760579109191895, 46.84470558166504, 46.6582293510437,]
