best-result = 981.0587351322174
warmup-time = 1180.0031850337982
all-measurements = [ 982.6741278171539, 981.0587351322174, 992.9041454792023,]
