best-result = 81.62619090080261
warmup-time = 95.75986504554749
all-measurements = [ 82.2072365283966, 81.62619090080261, 82.64165353775024,]
