best-result = 78.6775872707367
warmup-time = 100.1220383644104
all-measurements = [ 78.6775872707367, 78.97376227378845, 78.72283792495728,]
