best-result = 69.07331800460815
warmup-time = 92.84329867362976
all-measurements = [ 70.78160786628723, 69.07331800460815, 69.53718876838684,]
