best-result = 84.05223941802979
warmup-time = 100.86725687980652
all-measurements = [ 84.40697741508484, 84.2737865447998, 84.05223941802979,]
