best-result = 593.2221574783325
warmup-time = 608.2197535037994
all-measurements = [ 594.8908951282501, 595.4118287563324, 593.2221574783325,]
