best-result = 61.81425166130066
warmup-time = 76.39410710334778
all-measurements = [ 62.027198791503906, 62.19480919837952, 61.81425166130066,]
