best-result = 229.7983808517456
warmup-time = 393.95878982543945
all-measurements = [ 229.7983808517456, 234.44617176055908, 230.83458423614502,]
