best-result = 440.05865955352783
warmup-time = 907.9516243934631
all-measurements = [ 440.31175780296326, 440.05865955352783, 448.21690249443054,]
