best-result = 59.88710618019104
warmup-time = 77.52274179458618
all-measurements = [ 59.88710618019104, 60.42467260360718, 60.14627718925476,]
