best-result = 853.2210583686829
warmup-time = 891.8667016029358
all-measurements = [ 880.3741855621338, 853.2210583686829, 867.1382865905762,]
