best-result = 27.032785892486572
warmup-time = 35.780982971191406
all-measurements = [ 27.032785892486572, 27.209447622299194, 27.19093346595764,]
