best-result = 58.19869303703308
warmup-time = 73.69505333900452
all-measurements = [ 58.21438241004944, 58.19869303703308, 58.54616189002991,]
