best-result = 55.67616939544678
warmup-time = 70.16315960884094
all-measurements = [ 56.18166470527649, 55.67616939544678, 56.43744230270386,]
