best-result = 108.6369309425354
warmup-time = 138.19831728935242
all-measurements = [ 109.72102332115173, 108.6369309425354, 108.83140420913696,]
