best-result = 769.2437620162964
warmup-time = 832.5460619926453
all-measurements = [ 769.7603516578674, 773.603841304779, 769.2437620162964,]
