best-result = 33.95045185089111
warmup-time = 40.98151874542236
all-measurements = [ 34.01516556739807, 34.24717593193054, 33.95045185089111,]
