best-result = 53.2966992855072
warmup-time = 68.41060614585876
all-measurements = [ 53.2966992855072, 53.439228773117065, 53.684383153915405,]
