best-result = 49.460856437683105
warmup-time = 68.6919105052948
all-measurements = [ 49.460856437683105, 49.833956480026245, 50.29745125770569,]
