best-result = 78.70112609863281
warmup-time = 99.18321180343628
all-measurements = [ 78.70112609863281, 80.20313501358032, 78.92965769767761,]
