best-result = 35.67657423019409
warmup-time = 44.90477919578552
all-measurements = [ 35.870702266693115, 35.67657423019409, 36.25318264961243,]
