best-result = 346.9017536640167
warmup-time = 494.85106086730957
all-measurements = [ 347.72548389434814, 348.3805179595947, 346.9017536640167,]
