best-result = 102.82188963890076
warmup-time = 103.39906692504883
all-measurements = [ 103.49953722953796, 102.82188963890076, 103.39502167701721,]
