best-result = 22.766144275665283
warmup-time = 22.92922043800354
all-measurements = [ 23.203600645065308, 23.131695985794067, 22.766144275665283,]
