best-result = 47.318190574645996
warmup-time = 63.865149974823
all-measurements = [ 47.524415016174316, 47.318190574645996, 47.320435523986816,]
