best-result = 46.583282709121704
warmup-time = 58.95032787322998
all-measurements = [ 46.9384446144104, 46.749266386032104, 46.583282709121704,]
