best-result = 928.1554627418518
warmup-time = 1127.1736090183258
all-measurements = [ 959.3932712078094, 950.0136542320251, 928.1554627418518,]
