best-result = 84.59535384178162
warmup-time = 100.08914995193481
all-measurements = [ 85.88514065742493, 84.59535384178162, 85.35069942474365,]
