best-result = 82.11864972114563
warmup-time = 104.28599166870117
all-measurements = [ 82.74286484718323, 82.11864972114563, 82.68030166625977,]
