best-result = 70.1224353313446
warmup-time = 91.6416711807251
all-measurements = [ 70.88416075706482, 70.1224353313446, 70.91666388511658,]
