best-result = 91.43823146820068
warmup-time = 107.15579438209534
all-measurements = [ 91.43823146820068, 92.1688928604126, 92.32096719741821,]
