best-result = 634.4762029647827
warmup-time = 651.2735965251923
all-measurements = [ 638.7315990924835, 636.483553647995, 634.4762029647827,]
