best-result = 65.02886581420898
warmup-time = 80.10136389732361
all-measurements = [ 65.14378571510315, 65.43323636054993, 65.02886581420898,]
