best-result = 223.0599524974823
warmup-time = 372.4184103012085
all-measurements = [ 223.0599524974823, 225.03076648712158, 224.48073863983154,]
