best-result = 438.1597476005554
warmup-time = 871.7759099006653
all-measurements = [ 438.1597476005554, 439.9432566165924, 440.68012952804565,]
