best-result = 62.17535734176636
warmup-time = 77.9005515575409
all-measurements = [ 62.887309312820435, 62.17535734176636, 62.71470022201538,]
