best-result = 143.43249678611755
warmup-time = 170.00004124641418
all-measurements = [ 143.43249678611755, 143.44975638389587, 143.459557056427,]
