best-result = 886.4942815303802
warmup-time = 921.4579689502716
all-measurements = [ 886.4942815303802, 890.983644247055, 894.6361286640167,]
