best-result = 27.560077667236328
warmup-time = 35.43291616439819
all-measurements = [ 28.299227237701416, 27.65494465827942, 27.560077667236328,]
