best-result = 58.517266273498535
warmup-time = 71.91790795326233
all-measurements = [ 58.8864426612854, 58.683064222335815, 58.517266273498535,]
