best-result = 59.239211320877075
warmup-time = 74.57054996490479
all-measurements = [ 59.886430501937866, 59.239211320877075, 59.495240926742554,]
