best-result = 111.23926758766174
warmup-time = 138.74444341659546
all-measurements = [ 111.23926758766174, 111.31507802009583, 111.6200954914093,]
