best-result = 789.5355293750763
warmup-time = 861.7535285949707
all-measurements = [ 813.5316605567932, 789.5355293750763, 789.875574350357,]
