best-result = 33.57691478729248
warmup-time = 41.29457473754883
all-measurements = [ 34.16222023963928, 33.82704567909241, 33.57691478729248,]
