best-result = 55.12049174308777
warmup-time = 70.92494106292725
all-measurements = [ 55.22493815422058, 55.12049174308777, 55.16534638404846,]
