best-result = 2048.4305081367493
warmup-time = 2429.9310450553894
all-measurements = [ 2478.356758117676, 2048.4305081367493, 2105.2378685474396,]
