best-result = 49.46987175941467
warmup-time = 71.15815353393555
all-measurements = [ 49.46987175941467, 49.97581481933594, 49.75681281089783,]
