best-result = 78.63913679122925
warmup-time = 97.81144857406616
all-measurements = [ 78.63913679122925, 79.19768500328064, 79.65751051902771,]
