best-result = 37.19084978103638
warmup-time = 46.54037547111511
all-measurements = [ 37.19084978103638, 37.532297134399414, 37.47796869277954,]
