best-result = 358.05322909355164
warmup-time = 494.25108337402344
all-measurements = [ 360.1512188911438, 358.05322909355164, 360.51473331451416,]
