best-result = 58.77846169471741
warmup-time = 60.11712074279785
all-measurements = [ 59.51261639595032, 59.33319878578186, 58.77846169471741,]
