best-result = 25.629587173461914
warmup-time = 26.10688304901123
all-measurements = [ 26.404107570648193, 26.281481742858887, 25.629587173461914,]
