best-result = 38.06593060493469
warmup-time = 36.05191135406494
all-measurements = [ 38.06593060493469, 38.22154402732849, 39.20598912239075,]
