best-result = 31.289191007614136
warmup-time = 31.416173458099365
all-measurements = [ 33.16593337059021, 32.66706299781799, 31.289191007614136,]
