best-result = 264.27806401252747
warmup-time = 269.25059175491333
all-measurements = [ 265.6724247932434, 264.27806401252747, 268.1749334335327,]
