best-result = 35.95110082626343
warmup-time = 36.884623527526855
all-measurements = [ 37.423067808151245, 35.95110082626343, 37.300755977630615,]
