best-result = 41.33799600601196
warmup-time = 41.5224494934082
all-measurements = [ 41.33799600601196, 42.41203594207764, 42.81826639175415,]
