best-result = 50.419126749038696
warmup-time = 51.18102431297302
all-measurements = [ 53.49121809005737, 50.465582609176636, 50.419126749038696,]
