best-result = 32.30109620094299
warmup-time = 35.84151530265808
all-measurements = [ 35.96588134765625, 32.30109620094299, 35.19193410873413,]
