best-result = 38.082611322402954
warmup-time = 38.79326105117798
all-measurements = [ 38.082611322402954, 38.283095836639404, 38.65321063995361,]
