best-result = 62.00240635871887
warmup-time = 65.42890238761902
all-measurements = [ 65.22880291938782, 62.00240635871887, 62.91099524497986,]
