best-result = 227.66876554489136
warmup-time = 232.12054800987244
all-measurements = [ 228.15451550483704, 228.13375878334045, 227.66876554489136,]
