best-result = 525.3925790786743
warmup-time = 535.120659828186
all-measurements = [ 525.4429838657379, 527.2774472236633, 525.3925790786743,]
