best-result = 36.52874302864075
warmup-time = 39.50098657608032
all-measurements = [ 38.12866401672363, 38.08379554748535, 36.52874302864075,]
