best-result = 62.756481885910034
warmup-time = 63.21920323371887
all-measurements = [ 65.42715954780579, 62.756481885910034, 63.329652309417725,]
