best-result = 26.884288787841797
warmup-time = 28.901644229888916
all-measurements = [ 27.920670986175537, 27.25438904762268, 26.884288787841797,]
