best-result = 34.14972758293152
warmup-time = 36.97189116477966
all-measurements = [ 36.60377812385559, 34.14972758293152, 36.80350136756897,]
