best-result = 33.08745765686035
warmup-time = 34.211498498916626
all-measurements = [ 33.08745765686035, 34.44218111038208, 34.32588243484497,]
