best-result = 43.27185940742493
warmup-time = 44.32844829559326
all-measurements = [ 46.57140350341797, 43.27185940742493, 44.076189279556274,]
