best-result = 96.8489317893982
warmup-time = 98.45591878890991
all-measurements = [ 96.8489317893982, 99.4987280368805, 100.65236783027649,]
