best-result = 28.98797059059143
warmup-time = 28.009053230285645
all-measurements = [ 28.98797059059143, 29.117799520492554, 28.989500999450684,]
