best-result = 33.7918336391449
warmup-time = 35.76367974281311
all-measurements = [ 34.504658699035645, 34.21198868751526, 33.7918336391449,]
