best-result = 89.08883166313171
warmup-time = 100.24364686012268
all-measurements = [ 89.08883166313171, 96.86214232444763, 94.27107858657837,]
