best-result = 40.176804304122925
warmup-time = 41.96488428115845
all-measurements = [ 41.25216555595398, 42.2193489074707, 40.176804304122925,]
