best-result = 44.0069854259491
warmup-time = 44.288103103637695
all-measurements = [ 44.48399114608765, 44.0069854259491, 45.47777533531189,]
