best-result = 28.350518941879272
warmup-time = 27.78198266029358
all-measurements = [ 28.654296875, 28.350518941879272, 28.92073655128479,]
