best-result = 691.0580797195435
warmup-time = 741.4641287326813
all-measurements = [ 691.0580797195435, 692.188896894455, 701.9170455932617,]
