best-result = 176.0286705493927
warmup-time = 175.56595492362976
all-measurements = [ 180.3126482963562, 176.51673007011414, 176.0286705493927,]
