best-result = 42.950419187545776
warmup-time = 45.834755420684814
all-measurements = [ 45.29349112510681, 42.950419187545776, 45.53023838996887,]
