best-result = 23.352094888687134
warmup-time = 24.18837332725525
all-measurements = [ 23.966840267181396, 23.352094888687134, 23.440813779830933,]
