best-result = 47.16202735900879
warmup-time = 63.19488453865051
all-measurements = [ 47.23701453208923, 47.16202735900879, 47.31244874000549,]
