best-result = 47.14011526107788
warmup-time = 58.96179795265198
all-measurements = [ 47.14011526107788, 47.45000076293945, 47.23162221908569,]
