best-result = 897.2537386417389
warmup-time = 1085.6095468997955
all-measurements = [ 900.9598145484924, 899.7864139080048, 897.2537386417389,]
