best-result = 85.80655145645142
warmup-time = 99.84451580047607
all-measurements = [ 88.58138370513916, 85.80655145645142, 88.72261691093445,]
