best-result = 991.8907704353333
warmup-time = 1017.4394173622131
all-measurements = [ 994.9311039447784, 991.8907704353333, 996.9149086475372,]
