best-result = 66.19399309158325
warmup-time = 81.21230292320251
all-measurements = [ 66.8714063167572, 66.19399309158325, 67.46179032325745,]
