best-result = 83.80883550643921
warmup-time = 104.79891037940979
all-measurements = [ 83.80883550643921, 84.86568236351013, 84.36112594604492,]
