best-result = 68.53535223007202
warmup-time = 88.1649980545044
all-measurements = [ 68.53535223007202, 69.337317943573, 68.7708158493042,]
