best-result = 91.9511091709137
warmup-time = 104.81828474998474
all-measurements = [ 92.81188368797302, 91.9511091709137, 92.51747608184814,]
