best-result = 633.2725088596344
warmup-time = 659.5046496391296
all-measurements = [ 640.510514497757, 642.7661318778992, 633.2725088596344,]
