best-result = 60.80872130393982
warmup-time = 79.94763088226318
all-measurements = [ 63.40184020996094, 60.80872130393982, 62.473034620285034,]
