best-result = 190.6960632801056
warmup-time = 346.1860010623932
all-measurements = [ 193.54723072052002, 191.3089668750763, 190.6960632801056,]
