best-result = 386.5148561000824
warmup-time = 823.9221155643463
all-measurements = [ 387.04274702072144, 386.5148561000824, 392.66453742980957,]
