best-result = 62.701077699661255
warmup-time = 78.03050422668457
all-measurements = [ 63.35179686546326, 62.701077699661255, 62.98582482337952,]
