best-result = 41.62155866622925
warmup-time = 48.98112964630127
all-measurements = [ 42.00936031341553, 41.62155866622925, 41.647987604141235,]
