best-result = 135.50866770744324
warmup-time = 160.5794198513031
all-measurements = [ 136.27264022827148, 136.03559255599976, 135.50866770744324,]
