best-result = 927.0074119567871
warmup-time = 972.178347826004
all-measurements = [ 931.8065383434296, 927.0074119567871, 932.2900450229645,]
