best-result = 28.092089653015137
warmup-time = 35.83351516723633
all-measurements = [ 28.092089653015137, 28.509993314743042, 28.49097442626953,]
