best-result = 59.52401614189148
warmup-time = 72.81066560745239
all-measurements = [ 60.23303532600403, 59.52401614189148, 59.58338022232056,]
