best-result = 60.62082386016846
warmup-time = 74.66143465042114
all-measurements = [ 60.62082386016846, 60.945409536361694, 61.184134006500244,]
