best-result = 109.77434015274048
warmup-time = 137.90300178527832
all-measurements = [ 109.77434015274048, 111.1539843082428, 110.76846504211426,]
