best-result = 772.8560426235199
warmup-time = 841.8653209209442
all-measurements = [ 778.3602156639099, 772.8560426235199, 786.7810049057007,]
