best-result = 34.612401485443115
warmup-time = 42.23665714263916
all-measurements = [ 35.11624360084534, 34.612401485443115, 35.15429902076721,]
