best-result = 55.91674327850342
warmup-time = 72.97085285186768
all-measurements = [ 55.91677165031433, 56.52316904067993, 55.91674327850342,]
