best-result = 1885.355720758438
warmup-time = 2873.5869286060333
all-measurements = [ 1885.355720758438, 2164.5477871894836, 2199.075470685959,]
