best-result = 49.45203971862793
warmup-time = 70.0161612033844
all-measurements = [ 49.89286208152771, 49.45203971862793, 49.62672472000122,]
