best-result = 82.85756373405457
warmup-time = 101.91406774520874
all-measurements = [ 82.85756373405457, 82.99654173851013, 83.43892765045166,]
