best-result = 93.99345660209656
warmup-time = 116.11128091812134
all-measurements = [ 94.51221919059753, 93.99345660209656, 94.04347372055054,]
