best-result = 37.780213594436646
warmup-time = 47.1385281085968
all-measurements = [ 39.454163789749146, 38.065372467041016, 37.780213594436646,]
