best-result = 314.06317830085754
warmup-time = 466.48855113983154
all-measurements = [ 320.62066435813904, 314.06317830085754, 318.9445548057556,]
