best-result = 60.69301986694336
warmup-time = 60.57554340362549
all-measurements = [ 60.73154830932617, 60.69301986694336, 60.81095910072327,]
