best-result = 22.915538787841797
warmup-time = 23.001254320144653
all-measurements = [ 23.109442710876465, 22.920161724090576, 22.915538787841797,]
