best-result = 46.275208950042725
warmup-time = 63.87510943412781
all-measurements = [ 47.10419774055481, 46.455601930618286, 46.275208950042725,]
