best-result = 46.06697964668274
warmup-time = 57.784783124923706
all-measurements = [ 46.06697964668274, 46.499069690704346, 46.288007736206055,]
