best-result = 892.2098064422607
warmup-time = 1120.3514113426208
all-measurements = [ 895.4193348884583, 915.2698087692261, 892.2098064422607,]
