best-result = 84.3237247467041
warmup-time = 97.73477816581726
all-measurements = [ 84.99905490875244, 84.53921484947205, 84.3237247467041,]
