best-result = 979.9439282417297
warmup-time = 1004.9957098960876
all-measurements = [ 981.8315982818604, 986.8748557567596, 979.9439282417297,]
