best-result = 82.17090606689453
warmup-time = 103.37971591949463
all-measurements = [ 82.36033630371094, 82.17090606689453, 83.13595747947693,]
