best-result = 67.12437629699707
warmup-time = 87.22077775001526
all-measurements = [ 67.58081650733948, 67.19063425064087, 67.12437629699707,]
