best-result = 91.17260932922363
warmup-time = 106.9816529750824
all-measurements = [ 91.68693447113037, 91.56440997123718, 91.17260932922363,]
