best-result = 643.4083518981934
warmup-time = 659.9340009689331
all-measurements = [ 645.9562909603119, 643.4083518981934, 645.3537304401398,]
