best-result = 61.81623721122742
warmup-time = 80.06642198562622
all-measurements = [ 61.81623721122742, 62.43460202217102, 61.9862174987793,]
