best-result = 203.3278067111969
warmup-time = 354.00371956825256
all-measurements = [ 204.7273871898651, 203.3278067111969, 205.2311453819275,]
