best-result = 423.26542592048645
warmup-time = 860.0248672962189
all-measurements = [ 424.9870080947876, 423.26542592048645, 424.3882579803467,]
