best-result = 62.483774185180664
warmup-time = 77.83706521987915
all-measurements = [ 63.00995421409607, 62.483774185180664, 62.64354944229126,]
