best-result = 39.83134198188782
warmup-time = 47.85801672935486
all-measurements = [ 40.03728413581848, 40.36912512779236, 39.83134198188782,]
