best-result = 134.59947109222412
warmup-time = 164.72695398330688
all-measurements = [ 155.725195646286, 136.0104660987854, 134.59947109222412,]
