best-result = 901.340571641922
warmup-time = 926.5780603885651
all-measurements = [ 901.3840188980103, 902.2613599300385, 901.340571641922,]
