best-result = 27.552253007888794
warmup-time = 36.19799876213074
all-measurements = [ 27.881948232650757, 28.054080486297607, 27.552253007888794,]
