best-result = 57.0631799697876
warmup-time = 67.51527380943298
all-measurements = [ 57.215067625045776, 57.0631799697876, 57.266043186187744,]
