best-result = 59.147449254989624
warmup-time = 74.55305767059326
all-measurements = [ 59.147449254989624, 59.969388008117676, 59.33941864967346,]
