best-result = 108.06300354003906
warmup-time = 138.29542350769043
all-measurements = [ 110.1120274066925, 109.64022755622864, 108.06300354003906,]
