best-result = 772.2650680541992
warmup-time = 841.0360422134399
all-measurements = [ 774.0097372531891, 772.2650680541992, 776.6741588115692,]
