best-result = 34.10789227485657
warmup-time = 42.283161878585815
all-measurements = [ 34.15062594413757, 34.10789227485657, 34.29365921020508,]
