best-result = 55.015164375305176
warmup-time = 70.96905064582825
all-measurements = [ 55.131194829940796, 55.25186038017273, 55.015164375305176,]
