best-result = 1681.0761692523956
warmup-time = 2091.4415946006775
all-measurements = [ 1681.0761692523956, 1830.5099952220917, 1682.849717617035,]
