best-result = 47.919424295425415
warmup-time = 68.78711748123169
all-measurements = [ 47.919424295425415, 48.071595907211304, 48.1790874004364,]
