best-result = 78.36525177955627
warmup-time = 97.7312502861023
all-measurements = [ 78.52801895141602, 78.36525177955627, 78.71446466445923,]
