best-result = 36.912864446640015
warmup-time = 46.55212354660034
all-measurements = [ 36.912864446640015, 37.09231472015381, 37.26430320739746,]
