best-result = 339.7146463394165
warmup-time = 485.0490493774414
all-measurements = [ 340.32408332824707, 339.7146463394165, 341.00855565071106,]
