best-result = 58.35969161987305
warmup-time = 59.54308533668518
all-measurements = [ 58.7024302482605, 58.742238998413086, 58.35969161987305,]
