best-result = 23.32493305206299
warmup-time = 23.46057891845703
all-measurements = [ 23.32493305206299, 23.52374815940857, 23.7892963886261,]
