best-result = 46.82859659194946
warmup-time = 63.36422348022461
all-measurements = [ 47.12088418006897, 46.82859659194946, 46.83123254776001,]
