best-result = 47.24403214454651
warmup-time = 57.90421390533447
all-measurements = [ 47.24403214454651, 47.7085964679718, 47.30639696121216,]
