best-result = 873.2994840145111
warmup-time = 1053.832789182663
all-measurements = [ 873.2994840145111, 891.8684027194977, 876.8848452568054,]
