best-result = 86.64850687980652
warmup-time = 99.83700966835022
all-measurements = [ 87.4745442867279, 86.78776550292969, 86.64850687980652,]
