best-result = 983.123862028122
warmup-time = 1015.7987234592438
all-measurements = [ 984.9208693504333, 983.123862028122, 987.7807376384735,]
