best-result = 84.32257556915283
warmup-time = 105.17677521705627
all-measurements = [ 84.65710616111755, 84.32257556915283, 84.60019302368164,]
