best-result = 68.1614818572998
warmup-time = 88.38264322280884
all-measurements = [ 68.38783550262451, 68.1614818572998, 68.64881610870361,]
