best-result = 92.13682460784912
warmup-time = 106.4868369102478
all-measurements = [ 92.13682460784912, 92.58728337287903, 92.9085328578949,]
