best-result = 648.5583238601685
warmup-time = 665.4829435348511
all-measurements = [ 652.37801861763, 648.5583238601685, 650.8890721797943,]
