best-result = 62.91197896003723
warmup-time = 78.54060411453247
all-measurements = [ 64.90830206871033, 63.0649209022522, 62.91197896003723,]
