best-result = 190.4969139099121
warmup-time = 340.56639766693115
all-measurements = [ 190.67610716819763, 190.4969139099121, 190.95554900169373,]
