best-result = 386.0168147087097
warmup-time = 832.3796756267548
all-measurements = [ 388.20228719711304, 391.44512963294983, 386.0168147087097,]
