best-result = 63.16652965545654
warmup-time = 79.95590353012085
all-measurements = [ 63.16652965545654, 64.35313200950623, 63.305158376693726,]
