best-result = 40.61940288543701
warmup-time = 48.42439103126526
all-measurements = [ 40.68561363220215, 40.61940288543701, 40.78367853164673,]
