best-result = 134.52991700172424
warmup-time = 163.02890276908875
all-measurements = [ 134.52991700172424, 135.81947255134583, 134.87702536582947,]
