best-result = 928.0511651039124
warmup-time = 966.7008454799652
all-measurements = [ 933.0962431430817, 956.996556520462, 928.0511651039124,]
