best-result = 28.190542936325073
warmup-time = 36.27784967422485
all-measurements = [ 28.190542936325073, 28.420260190963745, 28.26082682609558,]
