best-result = 59.1921124458313
warmup-time = 72.39956974983215
all-measurements = [ 59.22892904281616, 59.1921124458313, 59.32747769355774,]
