best-result = 61.11201047897339
warmup-time = 74.83791661262512
all-measurements = [ 61.11201047897339, 61.28673315048218, 61.67190480232239,]
