best-result = 109.90194272994995
warmup-time = 136.00076484680176
all-measurements = [ 109.90194272994995, 111.01629781723022, 109.972820520401,]
