best-result = 774.9400992393494
warmup-time = 840.3237085342407
all-measurements = [ 777.4621341228485, 778.8976094722748, 774.9400992393494,]
