best-result = 34.42806386947632
warmup-time = 42.29182028770447
all-measurements = [ 35.002588510513306, 34.46768379211426, 34.42806386947632,]
