best-result = 55.80704951286316
warmup-time = 70.44001412391663
all-measurements = [ 55.80704951286316, 56.38062357902527, 56.447017192840576,]
