best-result = 1501.0083467960358
warmup-time = 2493.3362612724304
all-measurements = [ 1501.0083467960358, 2124.555646419525, 1875.587159872055,]
