best-result = 49.403467416763306
warmup-time = 69.63942098617554
all-measurements = [ 49.448508977890015, 50.358203172683716, 49.403467416763306,]
