best-result = 82.85634088516235
warmup-time = 103.20588612556458
all-measurements = [ 82.85634088516235, 83.54620385169983, 83.39548921585083,]
