best-result = 38.10968208312988
warmup-time = 47.361140966415405
all-measurements = [ 38.10968208312988, 38.36583089828491, 38.178696632385254,]
