best-result = 312.14316511154175
warmup-time = 454.03465604782104
all-measurements = [ 313.9931273460388, 312.14316511154175, 316.9173073768616,]
