best-result = 60.88517665863037
warmup-time = 60.954280376434326
all-measurements = [ 61.029935359954834, 61.62097501754761, 60.88517665863037,]
