best-result = 25.31501269340515
warmup-time = 26.386959314346313
all-measurements = [ 25.31501269340515, 26.385701179504395, 25.598618268966675,]
