best-result = 36.21875047683716
warmup-time = 38.05184769630432
all-measurements = [ 37.13946771621704, 39.169631481170654, 36.21875047683716,]
