best-result = 29.898746967315674
warmup-time = 31.225589752197266
all-measurements = [ 31.635542631149292, 29.898746967315674, 31.35383915901184,]
