best-result = 257.92027497291565
warmup-time = 264.3715512752533
all-measurements = [ 260.3790445327759, 257.92027497291565, 259.0660674571991,]
