best-result = 36.72836780548096
warmup-time = 36.440136194229126
all-measurements = [ 36.72836780548096, 36.955878257751465, 37.26145839691162,]
