best-result = 110.65811324119568
warmup-time = 113.71460151672363
all-measurements = [ 114.17316722869873, 110.65811324119568, 111.71579432487488,]
