best-result = 40.607799768447876
warmup-time = 41.014715909957886
all-measurements = [ 41.409053802490234, 40.607799768447876, 41.32963490486145,]
