best-result = 46.943636894226074
warmup-time = 47.5164008140564
all-measurements = [ 50.57276964187622, 47.151202917099, 46.943636894226074,]
