best-result = 33.20314621925354
warmup-time = 36.061209201812744
all-measurements = [ 33.85339069366455, 33.564669370651245, 33.20314621925354,]
