best-result = 36.59740614891052
warmup-time = 36.928466796875
all-measurements = [ 37.30455255508423, 38.22850012779236, 36.59740614891052,]
