best-result = 59.36908769607544
warmup-time = 62.89291453361511
all-measurements = [ 59.36908769607544, 61.46067667007446, 61.0339515209198,]
