best-result = 223.76294326782227
warmup-time = 229.42045903205872
all-measurements = [ 223.76294326782227, 224.0132303237915, 224.28668308258057,]
