best-result = 509.82994389533997
warmup-time = 515.0681257247925
all-measurements = [ 512.5365762710571, 510.98649525642395, 509.82994389533997,]
