best-result = 35.95261216163635
warmup-time = 36.90816855430603
all-measurements = [ 35.95261216163635, 37.65594840049744, 36.741445541381836,]
