best-result = 28.658146858215332
warmup-time = 29.098402738571167
all-measurements = [ 28.658146858215332, 28.830906867980957, 29.36038875579834,]
