best-result = 72.97936248779297
warmup-time = 71.83233094215393
all-measurements = [ 82.63453221321106, 72.97936248779297, 76.34854483604431,]
