best-result = 61.53005862236023
warmup-time = 61.33960294723511
all-measurements = [ 61.53005862236023, 62.18352222442627, 61.90573453903198,]
