best-result = 27.93724036216736
warmup-time = 27.34399151802063
all-measurements = [ 28.676350116729736, 29.094237565994263, 27.93724036216736,]
