best-result = 34.71314096450806
warmup-time = 32.01811122894287
all-measurements = [ 34.71314096450806, 35.269803285598755, 37.98607683181763,]
