best-result = 34.708248138427734
warmup-time = 42.54021859169006
all-measurements = [ 37.690624713897705, 34.708248138427734, 35.58776259422302,]
