best-result = 42.17232894897461
warmup-time = 43.271528005599976
all-measurements = [ 42.483147859573364, 42.17232894897461, 45.11311316490173,]
