best-result = 94.44819712638855
warmup-time = 98.08533906936646
all-measurements = [ 94.44819712638855, 96.1341392993927, 96.82468104362488,]
