best-result = 27.76529550552368
warmup-time = 29.528475999832153
all-measurements = [ 28.71107506752014, 27.76529550552368, 29.6405987739563,]
