best-result = 33.63507556915283
warmup-time = 35.32790160179138
all-measurements = [ 33.63507556915283, 34.633591175079346, 35.010295152664185,]
