best-result = 89.61058068275452
warmup-time = 86.97410321235657
all-measurements = [ 94.75897860527039, 97.01926851272583, 89.61058068275452,]
