best-result = 38.26197147369385
warmup-time = 38.437931060791016
all-measurements = [ 39.199706077575684, 38.26197147369385, 39.20092058181763,]
