best-result = 43.04805827140808
warmup-time = 46.766857624053955
all-measurements = [ 44.771273136138916, 43.04805827140808, 43.33884048461914,]
