best-result = 27.32775902748108
warmup-time = 27.57622241973877
all-measurements = [ 27.32775902748108, 28.76809597015381, 29.2876079082489,]
