best-result = 638.3375668525696
warmup-time = 669.6407606601715
all-measurements = [ 640.9123954772949, 644.3611779212952, 638.3375668525696,]
