best-result = 169.52295565605164
warmup-time = 172.42441177368164
all-measurements = [ 174.83662104606628, 169.52295565605164, 174.92249488830566,]
