best-result = 54.922874212265015
warmup-time = 62.24702048301697
all-measurements = [ 65.14702081680298, 66.01633763313293, 54.922874212265015,]
