best-result = 22.5665340423584
warmup-time = 24.648579597473145
all-measurements = [ 22.5665340423584, 22.69383931159973, 22.92137837409973,]
memory-traffic = 277
