best-result = 46.13775849342346
warmup-time = 66.1190869808197
all-measurements = [ 46.13775849342346, 46.350330114364624, 46.718120098114014,]
memory-traffic = 3712
