best-result = 45.81065320968628
warmup-time = 59.67124056816101
all-measurements = [ 45.87133312225342, 45.81065320968628, 46.256327867507935,]
memory-traffic = 3314
