best-result = 930.8798835277557
warmup-time = 1143.683721780777
all-measurements = [ 930.8798835277557, 964.9041836261749, 941.8592984676361,]
