best-result = 81.92798566818237
warmup-time = 95.81064367294312
all-measurements = [ 82.09193682670593, 81.92798566818237, 81.95916485786438,]
memory-traffic = 6782
