best-result = 77.76257634162903
warmup-time = 102.82888531684875
all-measurements = [ 77.76257634162903, 78.04904890060425, 78.11765360832214,]
memory-traffic = 2789
