best-result = 68.51229166984558
warmup-time = 91.79803228378296
all-measurements = [ 68.51229166984558, 68.76258397102356, 68.92005109786987,]
memory-traffic = 5991
