best-result = 82.95912599563599
warmup-time = 100.13465929031372
all-measurements = [ 82.95912599563599, 84.2717113494873, 84.12951517105103,]
memory-traffic = 6811
