best-result = 591.1556701660156
warmup-time = 608.3237316608429
all-measurements = [ 591.1556701660156, 596.8419125080109, 592.719046831131,]
memory-traffic = 55850
