best-result = 61.532713890075684
warmup-time = 77.79882264137268
all-measurements = [ 62.676212787628174, 61.532713890075684, 61.64536690711975,]
memory-traffic = 3644
