best-result = 222.6125009059906
warmup-time = 379.35182666778564
all-measurements = [ 225.65814995765686, 222.6125009059906, 225.82101440429688,]
memory-traffic = 11064
