best-result = 437.78247833251953
warmup-time = 874.23996758461
all-measurements = [ 440.2845585346222, 437.78247833251953, 440.7126498222351,]
memory-traffic = 26054
