best-result = 59.696118116378784
warmup-time = 76.8188807964325
all-measurements = [ 59.971203088760376, 60.154865741729736, 59.696118116378784,]
memory-traffic = 3685
