best-result = 845.3002214431763
warmup-time = 883.3246519565582
all-measurements = [ 849.1991837024689, 849.429194688797, 845.3002214431763,]
memory-traffic = 97489
