best-result = 26.63071608543396
warmup-time = 36.924033403396606
all-measurements = [ 26.909441232681274, 26.63071608543396, 26.648921251296997,]
memory-traffic = 786
