best-result = 56.939286947250366
warmup-time = 69.84002447128296
all-measurements = [ 56.939286947250366, 56.96493101119995, 57.32294249534607,]
memory-traffic = 4010
