best-result = 55.93884038925171
warmup-time = 71.62534427642822
all-measurements = [ 55.93884038925171, 55.96331524848938, 56.41897010803223,]
memory-traffic = 3050
