best-result = 107.21719765663147
warmup-time = 136.35803318023682
all-measurements = [ 107.21719765663147, 107.52309584617615, 107.99984979629517,]
memory-traffic = 10273
