best-result = 754.9923751354218
warmup-time = 824.7165071964264
all-measurements = [ 754.9923751354218, 761.9042987823486, 758.831118106842,]
memory-traffic = 68102
