best-result = 33.16408920288086
warmup-time = 45.37944841384888
all-measurements = [ 33.62979531288147, 33.16408920288086, 33.2069251537323,]
memory-traffic = 1316
