best-result = 52.653740644454956
warmup-time = 70.31986951828003
all-measurements = [ 52.653740644454956, 53.06006622314453, 53.02190542221069,]
memory-traffic = 3762
