best-result = 1316.0678207874298
warmup-time = 1760.6916482448578
all-measurements = [ 1953.6190648078918, 1388.5044462680817, 1316.0678207874298,]
memory-traffic = 18957
