best-result = 48.597893953323364
warmup-time = 70.20762228965759
all-measurements = [ 48.597893953323364, 49.04998755455017, 48.80709791183472,]
memory-traffic = 3706
