best-result = 78.17638397216797
warmup-time = 97.91221261024475
all-measurements = [ 78.18280410766602, 78.17638397216797, 78.91209697723389,]
memory-traffic = 6481
