best-result = 35.58869385719299
warmup-time = 45.491135358810425
all-measurements = [ 36.32387614250183, 35.66802978515625, 35.58869385719299,]
memory-traffic = 1783
