best-result = 327.80841588974
warmup-time = 471.1336417198181
all-measurements = [ 327.80841588974, 337.20886182785034, 333.5373373031616,]
memory-traffic = 30817
