best-result = 119.94901609420776
warmup-time = 128.88818407058716
all-measurements = [ 120.13995552062988, 119.99271130561829, 119.94901609420776,]
memory-traffic = 9182
