best-result = 23.105881214141846
warmup-time = 23.325509786605835
all-measurements = [ 23.646373987197876, 23.105881214141846, 23.796327352523804,]
