best-result = 46.64892816543579
warmup-time = 65.08230400085449
all-measurements = [ 47.00031876564026, 46.68059992790222, 46.64892816543579,]
