best-result = 46.8185031414032
warmup-time = 57.541786193847656
all-measurements = [ 46.8185031414032, 47.554358959198, 47.346680879592896,]
