best-result = 875.8584878444672
warmup-time = 1070.10356092453
all-measurements = [ 875.8584878444672, 876.5787379741669, 903.354900598526,]
