best-result = 84.8798577785492
warmup-time = 98.3031816482544
all-measurements = [ 84.8798577785492, 85.73629355430603, 84.99945449829102,]
