best-result = 983.4049575328827
warmup-time = 1008.5992522239685
all-measurements = [ 983.4049575328827, 987.5152401924133, 986.6353652477264,]
