best-result = 65.44472360610962
warmup-time = 81.25504350662231
all-measurements = [ 65.44472360610962, 66.42263960838318, 66.15210890769958,]
