best-result = 83.30929613113403
warmup-time = 105.09610223770142
all-measurements = [ 83.30929613113403, 83.4001076221466, 84.34233117103577,]
