best-result = 68.06703090667725
warmup-time = 87.33972191810608
all-measurements = [ 68.38214755058289, 68.06703090667725, 68.39382839202881,]
