best-result = 90.77893590927124
warmup-time = 103.94794631004333
all-measurements = [ 90.96138000488281, 90.77893590927124, 91.8427996635437,]
