best-result = 639.5667345523834
warmup-time = 648.1264772415161
all-measurements = [ 640.3566181659698, 641.5624148845673, 639.5667345523834,]
