best-result = 62.58041071891785
warmup-time = 72.46886610984802
all-measurements = [ 62.58041071891785, 62.69233751296997, 62.7130389213562,]
