best-result = 191.27816247940063
warmup-time = 344.2039351463318
all-measurements = [ 191.27816247940063, 191.98639369010925, 191.94957852363586,]
