best-result = 383.28953981399536
warmup-time = 833.0498971939087
all-measurements = [ 385.01139879226685, 388.8223922252655, 383.28953981399536,]
