best-result = 62.76426839828491
warmup-time = 79.2544093132019
all-measurements = [ 62.81553602218628, 62.76426839828491, 62.773908853530884,]
