best-result = 40.10956406593323
warmup-time = 48.08966135978699
all-measurements = [ 40.71961498260498, 40.10956406593323, 40.50429368019104,]
