best-result = 133.86468696594238
warmup-time = 166.98338222503662
all-measurements = [ 134.46738576889038, 134.4908983707428, 133.86468696594238,]
