best-result = 911.1914572715759
warmup-time = 953.4283132553101
all-measurements = [ 917.0011920928955, 920.1505696773529, 911.1914572715759,]
