best-result = 28.783126831054688
warmup-time = 36.70357608795166
all-measurements = [ 28.783126831054688, 28.989060640335083, 28.877704858779907,]
