best-result = 59.33547806739807
warmup-time = 70.84939503669739
all-measurements = [ 59.33547806739807, 59.350051403045654, 59.37324619293213,]
