best-result = 60.13545823097229
warmup-time = 74.91113591194153
all-measurements = [ 60.13545823097229, 60.8888578414917, 60.16706895828247,]
