best-result = 110.2310860157013
warmup-time = 138.25875282287598
all-measurements = [ 110.46143460273743, 110.2310860157013, 110.2393090724945,]
