best-result = 763.2921154499054
warmup-time = 834.5495381355286
all-measurements = [ 763.2921154499054, 765.9419364929199, 785.1963512897491,]
