best-result = 34.26090741157532
warmup-time = 43.097068786621094
all-measurements = [ 34.78344130516052, 34.51506972312927, 34.26090741157532,]
