best-result = 55.977060317993164
warmup-time = 71.54046630859375
all-measurements = [ 56.465972661972046, 55.98409128189087, 55.977060317993164,]
