best-result = 1302.5940203666687
warmup-time = 2279.533349275589
all-measurements = [ 1302.5940203666687, 2242.898499727249, 1843.880927324295,]
