best-result = 49.06667399406433
warmup-time = 71.71097445487976
all-measurements = [ 49.49654412269592, 49.06667399406433, 49.614595890045166,]
