best-result = 82.48667335510254
warmup-time = 101.26303052902222
all-measurements = [ 82.75169062614441, 82.48667335510254, 82.84070372581482,]
