best-result = 93.24366784095764
warmup-time = 115.5757064819336
all-measurements = [ 93.24366784095764, 93.44423055648804, 93.79167437553406,]
