best-result = 37.42628884315491
warmup-time = 47.497337102890015
all-measurements = [ 37.81126141548157, 37.42628884315491, 37.712634325027466,]
