best-result = 314.2205786705017
warmup-time = 453.2262268066406
all-measurements = [ 314.2205786705017, 319.08809089660645, 315.58243227005005,]
