best-result = 59.99473690986633
warmup-time = 61.388665199279785
all-measurements = [ 60.38933348655701, 60.772764921188354, 59.99473690986633,]
