best-result = 23.180135488510132
warmup-time = 23.557732105255127
all-measurements = [ 23.509943962097168, 23.180135488510132, 23.735445022583008,]
