best-result = 47.34201240539551
warmup-time = 64.65321660041809
all-measurements = [ 47.34201240539551, 47.581053256988525, 48.0829701423645,]
