best-result = 47.01180839538574
warmup-time = 58.14461302757263
all-measurements = [ 47.14843034744263, 47.124160289764404, 47.01180839538574,]
