best-result = 898.567049741745
warmup-time = 1099.4360003471375
all-measurements = [ 898.567049741745, 904.1374001502991, 920.0967118740082,]
