best-result = 86.85104942321777
warmup-time = 100.02636694908142
all-measurements = [ 86.85104942321777, 87.08210706710815, 87.28268551826477,]
