best-result = 989.4386398792267
warmup-time = 1018.8784503936768
all-measurements = [ 989.4386398792267, 989.7915735244751, 994.0221564769745,]
