best-result = 83.98542356491089
warmup-time = 105.40661859512329
all-measurements = [ 85.13380265235901, 84.17445969581604, 83.98542356491089,]
