best-result = 68.40248441696167
warmup-time = 88.19560647010803
all-measurements = [ 68.92939448356628, 68.82081842422485, 68.40248441696167,]
