best-result = 92.44546461105347
warmup-time = 105.46354150772095
all-measurements = [ 92.76940178871155, 92.59258985519409, 92.44546461105347,]
