best-result = 652.6444342136383
warmup-time = 668.146290063858
all-measurements = [ 654.5403623580933, 652.6444342136383, 657.2770183086395,]
