best-result = 62.64203119277954
warmup-time = 78.20236539840698
all-measurements = [ 63.73433303833008, 62.64203119277954, 63.74656319618225,]
