best-result = 204.0261197090149
warmup-time = 355.7469766139984
all-measurements = [ 204.55172872543335, 204.59747076034546, 204.0261197090149,]
