best-result = 384.92895579338074
warmup-time = 822.9052741527557
all-measurements = [ 387.7897598743439, 384.92895579338074, 390.09942388534546,]
