best-result = 63.01703190803528
warmup-time = 79.74710988998413
all-measurements = [ 63.01703190803528, 63.5549430847168, 64.55312752723694,]
