best-result = 41.70281434059143
warmup-time = 63.25158476829529
all-measurements = [ 45.082045793533325, 41.83634161949158, 41.70281434059143,]
