best-result = 136.04623174667358
warmup-time = 166.40688490867615
all-measurements = [ 136.04623174667358, 136.35786938667297, 136.17427611351013,]
