best-result = 931.5228099822998
warmup-time = 970.8879742622375
all-measurements = [ 931.5228099822998, 934.5179500579834, 932.1421666145325,]
