best-result = 28.257912635803223
warmup-time = 36.207813024520874
all-measurements = [ 28.594856023788452, 28.257912635803223, 28.42398762702942,]
