best-result = 57.85513973236084
warmup-time = 70.52587366104126
all-measurements = [ 57.862940073013306, 57.85513973236084, 58.10624933242798,]
