best-result = 60.34007382392883
warmup-time = 73.17394661903381
all-measurements = [ 60.34007382392883, 60.44985628128052, 60.928799867630005,]
