best-result = 110.0017442703247
warmup-time = 137.42108869552612
all-measurements = [ 111.52487921714783, 110.0017442703247, 111.00706720352173,]
