best-result = 776.4623906612396
warmup-time = 862.5105979442596
all-measurements = [ 776.4623906612396, 777.5114443302155, 777.4574136734009,]
