best-result = 34.49824094772339
warmup-time = 41.56910848617554
all-measurements = [ 34.49824094772339, 34.64054298400879, 34.812479734420776,]
