best-result = 56.5873327255249
warmup-time = 70.75915837287903
all-measurements = [ 56.5873327255249, 56.64907455444336, 56.63291883468628,]
