best-result = 1427.8385391235352
warmup-time = 1963.1384043693542
all-measurements = [ 2372.582350730896, 1760.8079426288605, 1427.8385391235352,]
