best-result = 49.05868411064148
warmup-time = 68.1050181388855
all-measurements = [ 49.7065908908844, 49.05868411064148, 49.309733152389526,]
