best-result = 83.60143041610718
warmup-time = 102.7936623096466
all-measurements = [ 83.82878232002258, 83.78040552139282, 83.60143041610718,]
