best-result = 38.317646503448486
warmup-time = 46.120200872421265
all-measurements = [ 38.6179563999176, 38.58956027030945, 38.317646503448486,]
