best-result = 328.40750432014465
warmup-time = 476.4774386882782
all-measurements = [ 328.40750432014465, 332.2191767692566, 336.6991686820984,]
