best-result = 59.679049253463745
warmup-time = 60.02639365196228
all-measurements = [ 59.679049253463745, 60.30938005447388, 59.81916046142578,]
