best-result = 22.816275596618652
warmup-time = 22.841562271118164
all-measurements = [ 22.933570861816406, 22.816275596618652, 23.28489589691162,]
