best-result = 46.80128073692322
warmup-time = 63.775261640548706
all-measurements = [ 46.80128073692322, 47.03362035751343, 46.99973917007446,]
