best-result = 46.31930947303772
warmup-time = 57.98290681838989
all-measurements = [ 46.31930947303772, 46.40839695930481, 46.99051070213318,]
