best-result = 921.2993755340576
warmup-time = 1131.7300112247467
all-measurements = [ 928.429027557373, 921.9932010173798, 921.2993755340576,]
