best-result = 84.60165643692017
warmup-time = 100.9547131061554
all-measurements = [ 85.2446014881134, 84.96134972572327, 84.60165643692017,]
