best-result = 985.0902161598206
warmup-time = 1011.299562215805
all-measurements = [ 986.7958343029022, 985.0915474891663, 985.0902161598206,]
