best-result = 82.59846925735474
warmup-time = 104.05814266204834
all-measurements = [ 82.74964952468872, 82.59846925735474, 82.91814088821411,]
