best-result = 67.68200063705444
warmup-time = 89.11743903160095
all-measurements = [ 68.7777009010315, 67.68200063705444, 68.70304298400879,]
