best-result = 91.32525300979614
warmup-time = 104.92878603935242
all-measurements = [ 92.2934181690216, 92.23817420005798, 91.32525300979614,]
