best-result = 649.1832060813904
warmup-time = 667.0035247802734
all-measurements = [ 652.1607847213745, 654.0879971981049, 649.1832060813904,]
