best-result = 63.8949408531189
warmup-time = 78.87250828742981
all-measurements = [ 63.8949408531189, 64.90545320510864, 64.11638259887695,]
