best-result = 211.01589632034302
warmup-time = 369.35280299186707
all-measurements = [ 211.01589632034302, 212.12161684036255, 211.3756263256073,]
