best-result = 423.3421154022217
warmup-time = 878.1060273647308
all-measurements = [ 426.28953886032104, 423.3421154022217, 425.0724651813507,]
