best-result = 62.34844636917114
warmup-time = 80.74422574043274
all-measurements = [ 62.34844636917114, 62.92105984687805, 62.38494825363159,]
