best-result = 39.458128213882446
warmup-time = 48.11703562736511
all-measurements = [ 39.458128213882446, 39.566113233566284, 40.26283884048462,]
