best-result = 138.62899208068848
warmup-time = 162.62222933769226
all-measurements = [ 138.93731689453125, 138.62899208068848, 139.11034083366394,]
