best-result = 908.0043098926544
warmup-time = 961.5856640338898
all-measurements = [ 915.7549715042114, 913.2338032722473, 908.0043098926544,]
