best-result = 27.42765998840332
warmup-time = 37.47034025192261
all-measurements = [ 27.64974880218506, 27.676417589187622, 27.42765998840332,]
