best-result = 58.129066705703735
warmup-time = 71.73512959480286
all-measurements = [ 58.4784140586853, 58.129066705703735, 58.18557906150818,]
