best-result = 59.77607536315918
warmup-time = 74.17758893966675
all-measurements = [ 59.77607536315918, 60.11539649963379, 60.05333590507507,]
