best-result = 110.38722729682922
warmup-time = 137.75002813339233
all-measurements = [ 111.10444831848145, 111.77319717407227, 110.38722729682922,]
