best-result = 787.4764699935913
warmup-time = 854.9871127605438
all-measurements = [ 788.0743553638458, 788.4369366168976, 787.4764699935913,]
