best-result = 33.41519594192505
warmup-time = 42.07871913909912
all-measurements = [ 33.68850231170654, 34.44414925575256, 33.41519594192505,]
