best-result = 55.09192204475403
warmup-time = 72.1170163154602
all-measurements = [ 55.64616346359253, 55.50658345222473, 55.09192204475403,]
