best-result = 1515.67831492424
warmup-time = 1478.5215961933136
all-measurements = [ 1515.67831492424, 1957.8724310398102, 2087.1109125614166,]
