best-result = 48.46825909614563
warmup-time = 69.26412081718445
all-measurements = [ 48.57231330871582, 48.92255091667175, 48.46825909614563,]
