best-result = 78.26385807991028
warmup-time = 100.01371717453003
all-measurements = [ 78.26385807991028, 79.08284544944763, 78.38657736778259,]
