best-result = 37.03350520133972
warmup-time = 45.42742466926575
all-measurements = [ 37.03350520133972, 37.21581482887268, 37.21336889266968,]
