best-result = 347.54751110076904
warmup-time = 495.14915108680725
all-measurements = [ 355.6630001068115, 353.29985332489014, 347.54751110076904,]
