best-result = 58.423314571380615
warmup-time = 59.887964725494385
all-measurements = [ 59.003435373306274, 58.423314571380615, 59.27736711502075,]
