best-result = 22.94120955467224
warmup-time = 23.80137586593628
all-measurements = [ 22.94120955467224, 23.308358907699585, 23.281676769256592,]
