best-result = 46.499547481536865
warmup-time = 64.86784744262695
all-measurements = [ 46.83878207206726, 46.92089915275574, 46.499547481536865,]
