best-result = 46.111594438552856
warmup-time = 57.62959384918213
all-measurements = [ 46.705467224121094, 46.111594438552856, 46.812949657440186,]
