best-result = 898.404168844223
warmup-time = 1118.2705616950989
all-measurements = [ 908.77423787117, 913.671403169632, 898.404168844223,]
