best-result = 84.84761571884155
warmup-time = 101.08524823188782
all-measurements = [ 84.84761571884155, 85.22264862060547, 85.21622681617737,]
