best-result = 985.4494783878326
warmup-time = 1018.8321368694305
all-measurements = [ 985.8346259593964, 985.4494783878326, 987.3165843486786,]
