best-result = 82.94203615188599
warmup-time = 102.4012062549591
all-measurements = [ 84.35213088989258, 82.94203615188599, 84.29176616668701,]
