best-result = 68.10675072669983
warmup-time = 89.49916172027588
all-measurements = [ 68.19462466239929, 68.10675072669983, 68.71784949302673,]
