best-result = 91.34145712852478
warmup-time = 106.22206401824951
all-measurements = [ 91.34145712852478, 91.39340853691101, 92.33585166931152,]
