best-result = 644.8986384868622
warmup-time = 662.0631110668182
all-measurements = [ 644.8986384868622, 653.3294949531555, 650.7887852191925,]
