best-result = 62.42757058143616
warmup-time = 75.52834010124207
all-measurements = [ 62.805238485336304, 62.42757058143616, 62.540475368499756,]
