best-result = 206.65758776664734
warmup-time = 365.51113200187683
all-measurements = [ 206.65928149223328, 206.65758776664734, 207.26175832748413,]
