best-result = 425.1541004180908
warmup-time = 863.230283498764
all-measurements = [ 426.4264724254608, 428.7806587219238, 425.1541004180908,]
