best-result = 63.09204339981079
warmup-time = 78.63697504997253
all-measurements = [ 64.44374656677246, 63.16026282310486, 63.09204339981079,]
