best-result = 40.17989706993103
warmup-time = 48.606258153915405
all-measurements = [ 40.1935818195343, 40.39192318916321, 40.17989706993103,]
