best-result = 135.47725462913513
warmup-time = 166.98915457725525
all-measurements = [ 135.98452162742615, 136.1438386440277, 135.47725462913513,]
