best-result = 910.9506528377533
warmup-time = 975.8776407241821
all-measurements = [ 910.9506528377533, 916.9460120201111, 912.2811901569366,]
