best-result = 28.313652992248535
warmup-time = 37.66419959068298
all-measurements = [ 28.313652992248535, 28.66697645187378, 28.50547695159912,]
