best-result = 57.28922915458679
warmup-time = 70.041255235672
all-measurements = [ 57.28922915458679, 57.41164803504944, 57.40727138519287,]
