best-result = 60.58715605735779
warmup-time = 77.49103474617004
all-measurements = [ 60.58715605735779, 60.81844091415405, 61.445348262786865,]
