best-result = 110.36109018325806
warmup-time = 138.65847206115723
all-measurements = [ 110.36109018325806, 110.91942763328552, 110.38374876976013,]
