best-result = 779.8762540817261
warmup-time = 864.3976814746857
all-measurements = [ 786.4269523620605, 779.8762540817261, 780.8705294132233,]
