best-result = 34.357123374938965
warmup-time = 43.77821660041809
all-measurements = [ 34.357123374938965, 34.447160959243774, 35.058815002441406,]
