best-result = 55.761770486831665
warmup-time = 71.99582386016846
all-measurements = [ 55.761770486831665, 56.18087196350098, 55.863412380218506,]
