best-result = 1978.5518987178802
warmup-time = 1610.5501592159271
all-measurements = [ 1978.5518987178802, 2153.897959947586, 2207.453179359436,]
