best-result = 48.528573751449585
warmup-time = 72.17065668106079
all-measurements = [ 48.8470778465271, 48.528573751449585, 48.84011387825012,]
