best-result = 80.67496681213379
warmup-time = 99.17883610725403
all-measurements = [ 80.9021782875061, 81.0639820098877, 80.67496681213379,]
