best-result = 37.46177363395691
warmup-time = 44.81173491477966
all-measurements = [ 37.5600323677063, 37.46177363395691, 37.52844452857971,]
