best-result = 334.2598919868469
warmup-time = 470.8123028278351
all-measurements = [ 340.1005470752716, 336.16785860061646, 334.2598919868469,]
