best-result = 59.19817757606506
warmup-time = 59.14095449447632
all-measurements = [ 59.2731454372406, 59.19817757606506, 60.17815065383911,]
