best-result = 25.611399173736572
warmup-time = 26.001762628555298
all-measurements = [ 26.12382173538208, 25.611399173736572, 25.958224773406982,]
