best-result = 35.32744216918945
warmup-time = 38.283206939697266
all-measurements = [ 35.32744216918945, 37.48462510108948, 36.9819712638855,]
