best-result = 31.025227308273315
warmup-time = 31.592832803726196
all-measurements = [ 31.025227308273315, 32.048748254776, 31.52811288833618,]
