best-result = 252.18235898017883
warmup-time = 257.4450228214264
all-measurements = [ 255.66758728027344, 252.18235898017883, 254.87775087356567,]
