best-result = 35.85557007789612
warmup-time = 36.295384645462036
all-measurements = [ 36.50836777687073, 35.85557007789612, 36.17414426803589,]
