best-result = 111.6496319770813
warmup-time = 113.37414360046387
all-measurements = [ 113.41434288024902, 113.29990077018738, 111.6496319770813,]
