best-result = 34.29141569137573
warmup-time = 35.318106174468994
all-measurements = [ 34.29141569137573, 34.66130471229553, 35.61359477043152,]
