best-result = 39.318432569503784
warmup-time = 42.60218691825867
all-measurements = [ 40.91766428947449, 41.14074230194092, 39.318432569503784,]
