best-result = 47.782857179641724
warmup-time = 49.04027581214905
all-measurements = [ 47.782857179641724, 48.73751091957092, 48.02546167373657,]
