best-result = 33.31992483139038
warmup-time = 33.08226490020752
all-measurements = [ 33.31992483139038, 33.514267444610596, 33.933958768844604,]
