best-result = 36.72439432144165
warmup-time = 38.08043622970581
all-measurements = [ 37.11450958251953, 37.8063645362854, 36.72439432144165,]
