best-result = 60.27851843833923
warmup-time = 61.74128580093384
all-measurements = [ 61.8325879573822, 60.74764633178711, 60.27851843833923,]
