best-result = 217.75254082679749
warmup-time = 219.74909090995789
all-measurements = [ 219.20177388191223, 220.20451760292053, 217.75254082679749,]
