best-result = 507.34708046913147
warmup-time = 511.7497935295105
all-measurements = [ 537.832239151001, 507.34708046913147, 511.70876145362854,]
