best-result = 35.85983395576477
warmup-time = 35.65089821815491
all-measurements = [ 35.85983395576477, 36.658677101135254, 36.80031681060791,]
