best-result = 28.63211464881897
warmup-time = 30.320071697235107
all-measurements = [ 29.079457759857178, 29.82239842414856, 28.63211464881897,]
