best-result = 71.84999251365662
warmup-time = 73.06343030929565
all-measurements = [ 71.84999251365662, 72.21223878860474, 79.22934579849243,]
