best-result = 61.170042753219604
warmup-time = 61.09401035308838
all-measurements = [ 64.42038750648499, 63.20566749572754, 61.170042753219604,]
