best-result = 27.431842803955078
warmup-time = 27.948502779006958
all-measurements = [ 27.431842803955078, 27.50506567955017, 28.096408128738403,]
