best-result = 35.23459053039551
warmup-time = 35.335620164871216
all-measurements = [ 35.443023681640625, 35.30251336097717, 35.23459053039551,]
