best-result = 32.347285985946655
warmup-time = 35.814980268478394
all-measurements = [ 34.42376971244812, 32.347285985946655, 33.88174891471863,]
