best-result = 43.601625204086304
warmup-time = 41.79029560089111
all-measurements = [ 43.94056439399719, 43.88013195991516, 43.601625204086304,]
