best-result = 93.1605155467987
warmup-time = 94.54740738868713
all-measurements = [ 93.1605155467987, 95.95182728767395, 93.54283618927002,]
