best-result = 27.900360345840454
warmup-time = 29.69794201850891
all-measurements = [ 27.900360345840454, 28.34145188331604, 29.345526933670044,]
