best-result = 33.93039131164551
warmup-time = 36.093178033828735
all-measurements = [ 35.19230127334595, 33.93039131164551, 35.26031041145325,]
