best-result = 86.44883513450623
warmup-time = 88.19469475746155
all-measurements = [ 89.14056205749512, 87.63997292518616, 86.44883513450623,]
