best-result = 38.927640438079834
warmup-time = 38.608320236206055
all-measurements = [ 39.04204249382019, 38.927640438079834, 39.01042675971985,]
