best-result = 43.645082235336304
warmup-time = 43.209402322769165
all-measurements = [ 45.90076279640198, 43.645082235336304, 44.69394850730896,]
