best-result = 49.58869457244873
warmup-time = 50.34897208213806
all-measurements = [ 50.1498281955719, 49.58869457244873, 50.42091727256775,]
