best-result = 27.99771761894226
warmup-time = 29.10835909843445
all-measurements = [ 29.071020126342773, 28.162580966949463, 27.99771761894226,]
