best-result = 637.6666243076324
warmup-time = 672.7102026939392
all-measurements = [ 637.6666243076324, 654.8507170677185, 651.4309220314026,]
