best-result = 164.38946104049683
warmup-time = 166.6897988319397
all-measurements = [ 164.38946104049683, 165.90552353858948, 165.5898768901825,]
