best-result = 67.63813281059265
warmup-time = 68.46766710281372
all-measurements = [ 67.63813281059265, 68.35182094573975, 69.042959690094,]
