best-result = 26.667106866836548
warmup-time = 26.75743079185486
all-measurements = [ 26.667106866836548, 26.71992778778076, 27.185152530670166,]
