best-result = 39.19279980659485
warmup-time = 42.224677324295044
all-measurements = [ 39.19279980659485, 39.99078822135925, 40.813271045684814,]
