best-result = 33.57873034477234
warmup-time = 35.435062885284424
all-measurements = [ 34.079315185546875, 33.76860475540161, 33.57873034477234,]
