best-result = 284.2771489620209
warmup-time = 293.4606223106384
all-measurements = [ 284.2771489620209, 290.5419557094574, 287.1444499492645,]
