best-result = 37.76897192001343
warmup-time = 37.28201127052307
all-measurements = [ 38.196736097335815, 39.04640531539917, 37.76897192001343,]
