best-result = 43.88942003250122
warmup-time = 44.378403663635254
all-measurements = [ 44.952691316604614, 44.17079305648804, 43.88942003250122,]
