best-result = 53.23295855522156
warmup-time = 52.3825306892395
all-measurements = [ 53.62074947357178, 54.083691120147705, 53.23295855522156,]
