best-result = 36.54836106300354
warmup-time = 37.6315758228302
all-measurements = [ 36.54836106300354, 38.09450960159302, 37.08921718597412,]
