best-result = 40.81362247467041
warmup-time = 41.7071590423584
all-measurements = [ 40.922691106796265, 41.67173194885254, 40.81362247467041,]
