best-result = 61.264769077301025
warmup-time = 66.24339199066162
all-measurements = [ 61.264769077301025, 67.20085382461548, 66.80149459838867,]
