best-result = 255.63731360435486
warmup-time = 259.2658998966217
all-measurements = [ 257.22932863235474, 255.63731360435486, 255.66352820396423,]
