best-result = 595.2000739574432
warmup-time = 597.3400750160217
all-measurements = [ 599.9185259342194, 595.2000739574432, 597.8475954532623,]
