best-result = 37.105820655822754
warmup-time = 37.537766456604004
all-measurements = [ 37.105820655822754, 40.25497221946716, 37.55605959892273,]
