best-result = 68.21171259880066
warmup-time = 69.0126621723175
all-measurements = [ 69.14004755020142, 68.21171259880066, 69.90369439125061,]
