best-result = 28.62838387489319
warmup-time = 29.028804302215576
all-measurements = [ 29.00180220603943, 30.54595160484314, 28.62838387489319,]
