best-result = 38.276326417922974
warmup-time = 37.90804600715637
all-measurements = [ 38.29000401496887, 38.31637668609619, 38.276326417922974,]
