best-result = 33.91092133522034
warmup-time = 34.616432428359985
all-measurements = [ 35.38001084327698, 33.91092133522034, 34.963722944259644,]
