best-result = 44.62769913673401
warmup-time = 46.412495136260986
all-measurements = [ 45.622753620147705, 45.29735207557678, 44.62769913673401,]
