best-result = 106.41307163238525
warmup-time = 107.11941504478455
all-measurements = [ 106.9050235748291, 106.41307163238525, 109.1168749332428,]
