best-result = 29.244539499282837
warmup-time = 29.23476505279541
all-measurements = [ 30.555389642715454, 29.462934017181396, 29.244539499282837,]
