best-result = 36.226645708084106
warmup-time = 35.84825348854065
all-measurements = [ 36.226645708084106, 37.013309478759766, 36.91629505157471,]
