best-result = 41.84879159927368
warmup-time = 43.155959129333496
all-measurements = [ 42.6340856552124, 42.32432174682617, 41.84879159927368,]
