best-result = 45.496628761291504
warmup-time = 45.31085228919983
all-measurements = [ 48.99329233169556, 46.285505533218384, 45.496628761291504,]
