best-result = 29.104116201400757
warmup-time = 30.354161977767944
all-measurements = [ 29.104116201400757, 30.02941346168518, 29.768958806991577,]
