best-result = 729.0190126895905
warmup-time = 734.9921672344208
all-measurements = [ 738.475405216217, 729.0190126895905, 735.7621111869812,]
