best-result = 196.33016395568848
warmup-time = 198.74189710617065
all-measurements = [ 196.33016395568848, 196.4932360649109, 201.50802659988403,]
