best-result = 46.882439613342285
warmup-time = 45.6196448802948
all-measurements = [ 46.882439613342285, 48.29885673522949, 47.72226047515869,]
