best-result = 25.711097478866577
warmup-time = 26.777502298355103
all-measurements = [ 25.86005139350891, 25.711097478866577, 26.352895498275757,]
