best-result = 36.80918622016907
warmup-time = 37.01466202735901
all-measurements = [ 38.413750410079956, 37.73261594772339, 36.80918622016907,]
