best-result = 30.748586177825928
warmup-time = 30.355108499526978
all-measurements = [ 30.748586177825928, 31.844341278076172, 32.68558669090271,]
