best-result = 256.38495993614197
warmup-time = 260.34416484832764
all-measurements = [ 258.4544539451599, 261.9382908344269, 256.38495993614197,]
