best-result = 35.905421018600464
warmup-time = 36.97140598297119
all-measurements = [ 35.905421018600464, 36.01780819892883, 36.54898524284363,]
