best-result = 111.87151288986206
warmup-time = 115.02771711349487
all-measurements = [ 111.94227933883667, 111.87151288986206, 113.09065270423889,]
