best-result = 39.76437449455261
warmup-time = 41.198747396469116
all-measurements = [ 40.27656698226929, 40.9769606590271, 39.76437449455261,]
