best-result = 47.38402843475342
warmup-time = 48.349149227142334
all-measurements = [ 47.40672707557678, 47.38402843475342, 47.91627311706543,]
