best-result = 32.44761371612549
warmup-time = 35.179357051849365
all-measurements = [ 32.44761371612549, 33.46503281593323, 33.27957344055176,]
