best-result = 36.84754037857056
warmup-time = 37.9464967250824
all-measurements = [ 36.84754037857056, 37.17284417152405, 37.411879539489746,]
