best-result = 58.49809694290161
warmup-time = 63.87465310096741
all-measurements = [ 59.17815089225769, 60.11122989654541, 58.49809694290161,]
