best-result = 221.17981433868408
warmup-time = 225.66904473304749
all-measurements = [ 222.93053793907166, 221.17981433868408, 226.1464967727661,]
