best-result = 509.4897484779358
warmup-time = 516.5165176391602
all-measurements = [ 509.4897484779358, 512.2566006183624, 514.3157567977905,]
