best-result = 36.97180676460266
warmup-time = 37.89431881904602
all-measurements = [ 36.98130822181702, 36.97180676460266, 37.68574285507202,]
