best-result = 28.9349946975708
warmup-time = 28.976805448532104
all-measurements = [ 28.9349946975708, 29.276760578155518, 29.378954648971558,]
