best-result = 77.71573209762573
warmup-time = 78.61250734329224
all-measurements = [ 84.164377450943, 79.34694170951843, 77.71573209762573,]
