best-result = 60.797141313552856
warmup-time = 62.89264798164368
all-measurements = [ 62.85944867134094, 61.49152135848999, 60.797141313552856,]
