best-result = 27.754459381103516
warmup-time = 28.07340168952942
all-measurements = [ 28.620290279388428, 27.754459381103516, 28.99582290649414,]
