best-result = 32.476447343826294
warmup-time = 35.185197830200195
all-measurements = [ 35.27898192405701, 32.476447343826294, 34.57826900482178,]
