best-result = 33.558146953582764
warmup-time = 33.194390296936035
all-measurements = [ 33.558146953582764, 34.44255590438843, 33.821293115615845,]
