best-result = 43.251463651657104
warmup-time = 44.712531328201294
all-measurements = [ 43.251463651657104, 45.949674129486084, 43.94521450996399,]
