best-result = 94.33954000473022
warmup-time = 96.27874875068665
all-measurements = [ 96.876047372818, 94.33954000473022, 96.33110117912292,]
