best-result = 27.12738847732544
warmup-time = 28.56878423690796
all-measurements = [ 29.51703715324402, 29.53351593017578, 27.12738847732544,]
