best-result = 33.83313727378845
warmup-time = 35.60352087020874
all-measurements = [ 33.83313727378845, 34.923468589782715, 35.42432403564453,]
