best-result = 87.54561924934387
warmup-time = 90.68314599990845
all-measurements = [ 92.61449074745178, 87.54561924934387, 96.21177053451538,]
