best-result = 37.858548641204834
warmup-time = 37.43218374252319
all-measurements = [ 37.858548641204834, 39.060648679733276, 38.44844317436218,]
