best-result = 43.40004873275757
warmup-time = 45.80722427368164
all-measurements = [ 43.40004873275757, 45.72909998893738, 44.49399733543396,]
