best-result = 28.595619440078735
warmup-time = 27.567981719970703
all-measurements = [ 28.595619440078735, 28.75011682510376, 29.566078186035156,]
