best-result = 634.0916411876678
warmup-time = 678.6650447845459
all-measurements = [ 634.0916411876678, 637.629546880722, 642.6977450847626,]
