best-result = 173.46263480186462
warmup-time = 175.14079546928406
all-measurements = [ 174.17636823654175, 173.46263480186462, 174.14123272895813,]
