best-result = 67.07639598846436
warmup-time = 58.22852349281311
all-measurements = [ 67.07639598846436, 67.87057876586914, 68.15413689613342,]
