best-result = 25.812228202819824
warmup-time = 26.43668007850647
all-measurements = [ 26.241270303726196, 25.812228202819824, 25.889516592025757,]
