best-result = 36.32243275642395
warmup-time = 38.19725823402405
all-measurements = [ 36.32243275642395, 38.93470788002014, 36.585633993148804,]
