best-result = 30.126354694366455
warmup-time = 31.045008182525635
all-measurements = [ 30.94663667678833, 30.467682123184204, 30.126354694366455,]
