best-result = 259.4426929950714
warmup-time = 266.60662603378296
all-measurements = [ 262.2126796245575, 260.1698760986328, 259.4426929950714,]
