best-result = 36.39089322090149
warmup-time = 37.26180696487427
all-measurements = [ 36.77168893814087, 37.194578647613525, 36.39089322090149,]
