best-result = 110.82067084312439
warmup-time = 115.88864398002625
all-measurements = [ 112.36007881164551, 110.82067084312439, 111.46249723434448,]
