best-result = 39.73447799682617
warmup-time = 41.24157905578613
all-measurements = [ 39.94173741340637, 39.88818550109863, 39.73447799682617,]
