best-result = 47.014180421829224
warmup-time = 48.78441500663757
all-measurements = [ 47.014180421829224, 47.75794219970703, 47.53899383544922,]
