best-result = 33.87539529800415
warmup-time = 33.657832860946655
all-measurements = [ 33.87539529800415, 35.019941091537476, 34.46019625663757,]
