best-result = 35.59467887878418
warmup-time = 37.69933032989502
all-measurements = [ 35.59467887878418, 37.033833026885986, 36.93436574935913,]
