best-result = 59.381617069244385
warmup-time = 60.5173237323761
all-measurements = [ 64.07629561424255, 59.381617069244385, 62.113112688064575,]
