best-result = 223.92408108711243
warmup-time = 225.82240986824036
all-measurements = [ 227.0647554397583, 223.92408108711243, 224.61135840415955,]
