best-result = 510.7448320388794
warmup-time = 515.801019191742
all-measurements = [ 516.797464132309, 513.1925609111786, 510.7448320388794,]
