best-result = 37.45387840270996
warmup-time = 38.01489329338074
all-measurements = [ 37.45387840270996, 40.02059364318848, 42.44614028930664,]
