best-result = 27.998683214187622
warmup-time = 28.685415029525757
all-measurements = [ 28.566787481307983, 27.998683214187622, 28.315112113952637,]
