best-result = 67.95535898208618
warmup-time = 70.30702185630798
all-measurements = [ 67.95535898208618, 76.99833679199219, 83.8816270828247,]
