best-result = 60.565410137176514
warmup-time = 63.12560033798218
all-measurements = [ 62.761573791503906, 61.13471698760986, 60.565410137176514,]
