best-result = 27.57420587539673
warmup-time = 28.532026052474976
all-measurements = [ 28.381319046020508, 28.497190713882446, 27.57420587539673,]
