best-result = 34.291306257247925
warmup-time = 32.840752840042114
all-measurements = [ 35.100433111190796, 34.834057092666626, 34.291306257247925,]
