best-result = 32.8888463973999
warmup-time = 33.82549333572388
all-measurements = [ 32.8888463973999, 34.209516286849976, 33.98902082443237,]
