best-result = 41.203612089157104
warmup-time = 42.60383486747742
all-measurements = [ 42.352476596832275, 41.203612089157104, 41.32735252380371,]
