best-result = 96.34589910507202
warmup-time = 99.2465922832489
all-measurements = [ 96.34589910507202, 110.28285145759583, 98.74781823158264,]
