best-result = 27.35288643836975
warmup-time = 29.615893840789795
all-measurements = [ 29.275418758392334, 28.61907386779785, 27.35288643836975,]
