best-result = 34.03420853614807
warmup-time = 34.547934770584106
all-measurements = [ 34.03420853614807, 34.60370683670044, 35.55008625984192,]
