best-result = 85.28427958488464
warmup-time = 98.65638136863708
all-measurements = [ 85.28427958488464, 93.19826650619507, 92.63582229614258,]
