best-result = 38.47453188896179
warmup-time = 38.92488241195679
all-measurements = [ 38.47453188896179, 39.70891213417053, 39.18511915206909,]
