best-result = 43.78678584098816
warmup-time = 44.560062646865845
all-measurements = [ 44.97167754173279, 44.024057388305664, 43.78678584098816,]
