best-result = 28.465900897979736
warmup-time = 28.992136001586914
all-measurements = [ 28.465900897979736, 28.487884998321533, 28.957854509353638,]
