best-result = 637.1571707725525
warmup-time = 678.435720205307
all-measurements = [ 637.1571707725525, 653.4444537162781, 639.0496492385864,]
