best-result = 172.63365530967712
warmup-time = 174.4111225605011
all-measurements = [ 172.63365530967712, 174.69215393066406, 174.94537377357483,]
