best-result = 64.18147683143616
warmup-time = 70.97258591651917
all-measurements = [ 69.15111255645752, 65.33048820495605, 64.18147683143616,]
