best-result = 25.804980754852295
warmup-time = 26.826147317886353
all-measurements = [ 25.804980754852295, 25.929396390914917, 26.30104660987854,]
