best-result = 36.42193365097046
warmup-time = 38.614513874053955
all-measurements = [ 36.60720348358154, 36.42193365097046, 36.79032301902771,]
