best-result = 30.843833446502686
warmup-time = 31.36975884437561
all-measurements = [ 32.12496209144592, 31.490890502929688, 30.843833446502686,]
