best-result = 258.5288269519806
warmup-time = 264.33113956451416
all-measurements = [ 258.5288269519806, 261.36638855934143, 260.745493888855,]
