best-result = 36.25604009628296
warmup-time = 36.17420792579651
all-measurements = [ 37.854697942733765, 37.48353123664856, 36.25604009628296,]
