best-result = 110.63102078437805
warmup-time = 113.5884759426117
all-measurements = [ 111.76729702949524, 110.63102078437805, 110.9407286643982,]
