best-result = 40.76988077163696
warmup-time = 40.277992963790894
all-measurements = [ 41.05891180038452, 41.849831104278564, 40.76988077163696,]
