best-result = 46.556254863739014
warmup-time = 47.83844804763794
all-measurements = [ 47.08205556869507, 46.556254863739014, 46.644800901412964,]
