best-result = 33.15262055397034
warmup-time = 35.12557339668274
all-measurements = [ 33.15262055397034, 34.10063982009888, 33.58333206176758,]
