best-result = 35.050660371780396
warmup-time = 37.15442514419556
all-measurements = [ 37.48724174499512, 35.050660371780396, 37.43706965446472,]
