best-result = 57.2204647064209
warmup-time = 57.71044135093689
all-measurements = [ 63.00670552253723, 62.85863447189331, 57.2204647064209,]
