best-result = 223.1098141670227
warmup-time = 232.3653907775879
all-measurements = [ 223.24991416931152, 223.1098141670227, 226.8312385082245,]
