best-result = 512.8608946800232
warmup-time = 517.391978263855
all-measurements = [ 515.0741100311279, 512.8608946800232, 517.4352185726166,]
