best-result = 35.945727586746216
warmup-time = 37.85991549491882
all-measurements = [ 35.945727586746216, 36.20866680145264, 36.79025650024414,]
