best-result = 28.27238440513611
warmup-time = 28.8004310131073
all-measurements = [ 29.1946017742157, 28.27238440513611, 28.605851888656616,]
