best-result = 72.08985638618469
warmup-time = 71.4591748714447
all-measurements = [ 72.08985638618469, 76.66822385787964, 72.51441693305969,]
