best-result = 60.276504039764404
warmup-time = 62.100207805633545
all-measurements = [ 60.331382036209106, 62.58570599555969, 60.276504039764404,]
