best-result = 26.951334714889526
warmup-time = 27.34891152381897
all-measurements = [ 27.96960735321045, 27.780985832214355, 26.951334714889526,]
