best-result = 31.692809343338013
warmup-time = 34.72373175621033
all-measurements = [ 31.866174936294556, 31.692809343338013, 31.910643100738525,]
