best-result = 33.33334302902222
warmup-time = 35.116626501083374
all-measurements = [ 34.09805870056152, 33.33334302902222, 34.102972745895386,]
