best-result = 41.54072380065918
warmup-time = 41.89145231246948
all-measurements = [ 41.54072380065918, 42.838693380355835, 42.83041548728943,]
