best-result = 93.5276825428009
warmup-time = 96.73779940605164
all-measurements = [ 93.5276825428009, 93.80899691581726, 95.85836291313171,]
