best-result = 27.318917512893677
warmup-time = 29.219364643096924
all-measurements = [ 28.33302903175354, 27.318917512893677, 29.092987537384033,]
