best-result = 33.12207794189453
warmup-time = 35.10117220878601
all-measurements = [ 33.550257205963135, 34.27592730522156, 33.12207794189453,]
