best-result = 87.57798433303833
warmup-time = 87.59429621696472
all-measurements = [ 89.99088478088379, 96.65858602523804, 87.57798433303833,]
