best-result = 37.38438820838928
warmup-time = 38.11796569824219
all-measurements = [ 37.38438820838928, 40.05583357810974, 39.53465223312378,]
