best-result = 44.66187596321106
warmup-time = 44.07108545303345
all-measurements = [ 46.40017294883728, 45.9455029964447, 44.66187596321106,]
