best-result = 28.604453086853027
warmup-time = 28.23171830177307
all-measurements = [ 28.62036418914795, 28.84991216659546, 28.604453086853027,]
