best-result = 637.6299018859863
warmup-time = 681.4982299804688
all-measurements = [ 645.5874104499817, 655.2852895259857, 637.6299018859863,]
