best-result = 171.28977131843567
warmup-time = 175.13539719581604
all-measurements = [ 176.96140789985657, 177.4197027683258, 171.28977131843567,]
