best-result = 54.612720251083374
warmup-time = 65.05118918418884
all-measurements = [ 54.612720251083374, 69.1374306678772, 66.45627331733704,]
