best-result = 21.50854206085205
warmup-time = 21.685537576675415
all-measurements = [ 21.59721350669861, 21.522523164749146, 21.50854206085205,]
