best-result = 46.67978763580322
warmup-time = 62.310949087142944
all-measurements = [ 46.76832127571106, 46.67978763580322, 46.9465537071228,]
