best-result = 46.36678218841553
warmup-time = 59.616684913635254
all-measurements = [ 46.39931106567383, 46.83972477912903, 46.36678218841553,]
