best-result = 974.1163949966431
warmup-time = 1183.7145085334778
all-measurements = [ 983.5567259788513, 974.1163949966431, 985.5187387466431,]
