best-result = 81.52128887176514
warmup-time = 97.6649899482727
all-measurements = [ 81.58896398544312, 81.52128887176514, 81.87137937545776,]
