best-result = 77.36810946464539
warmup-time = 98.75174140930176
all-measurements = [ 77.82049679756165, 77.36810946464539, 78.38987064361572,]
