best-result = 68.22254705429077
warmup-time = 92.46964359283447
all-measurements = [ 68.22254705429077, 68.80187320709229, 69.19147515296936,]
