best-result = 82.9036717414856
warmup-time = 100.38284397125244
all-measurements = [ 82.9036717414856, 84.70696258544922, 84.30808734893799,]
