best-result = 588.5833711624146
warmup-time = 607.0532331466675
all-measurements = [ 589.4945032596588, 594.6533529758453, 588.5833711624146,]
