best-result = 61.39165234565735
warmup-time = 75.09448719024658
all-measurements = [ 61.64966368675232, 61.95360517501831, 61.39165234565735,]
