best-result = 228.1773190498352
warmup-time = 395.3011169433594
all-measurements = [ 230.29399728775024, 228.1773190498352, 230.994788646698,]
