best-result = 438.54450607299805
warmup-time = 912.5794687271118
all-measurements = [ 446.16625118255615, 438.54450607299805, 443.2335081100464,]
