best-result = 59.54883050918579
warmup-time = 76.93200826644897
all-measurements = [ 59.54883050918579, 59.59452223777771, 60.214163064956665,]
