best-result = 860.4554305076599
warmup-time = 887.9877626895905
all-measurements = [ 861.6748998165131, 863.5761222839355, 860.4554305076599,]
