best-result = 26.62574315071106
warmup-time = 36.17254996299744
all-measurements = [ 26.974241971969604, 26.87755513191223, 26.62574315071106,]
