best-result = 58.72399401664734
warmup-time = 68.58837819099426
all-measurements = [ 58.822309255599976, 59.34578227996826, 58.72399401664734,]
