best-result = 55.58552384376526
warmup-time = 69.30765914916992
all-measurements = [ 56.68136262893677, 55.58552384376526, 55.72995972633362,]
