best-result = 108.00490999221802
warmup-time = 137.06391286849976
all-measurements = [ 108.00490999221802, 109.301105260849, 108.16276407241821,]
