best-result = 769.136253118515
warmup-time = 836.7987773418427
all-measurements = [ 773.2938685417175, 770.1078386306763, 769.136253118515,]
