best-result = 33.168216705322266
warmup-time = 41.3656530380249
all-measurements = [ 33.384220361709595, 33.168216705322266, 34.57533121109009,]
