best-result = 52.951956033706665
warmup-time = 67.32426428794861
all-measurements = [ 53.41581892967224, 53.061787843704224, 52.951956033706665,]
