best-result = 49.09853982925415
warmup-time = 67.01929545402527
all-measurements = [ 49.711589336395264, 49.9291672706604, 49.09853982925415,]
