best-result = 78.11704063415527
warmup-time = 97.8747546672821
all-measurements = [ 79.11756992340088, 78.11704063415527, 78.86442732810974,]
