best-result = 35.72057557106018
warmup-time = 43.96646523475647
all-measurements = [ 35.98275351524353, 35.79160189628601, 35.72057557106018,]
