best-result = 344.0510325431824
warmup-time = 484.5467619895935
all-measurements = [ 344.0510325431824, 347.4229848384857, 345.74296140670776,]
