best-result = 102.360995054245
warmup-time = 103.3166823387146
all-measurements = [ 103.14195942878723, 102.360995054245, 104.54268550872803,]
