best-result = 26.319509744644165
warmup-time = 26.602277994155884
all-measurements = [ 26.396714210510254, 26.319509744644165, 26.362479209899902,]
