best-result = 35.02661657333374
warmup-time = 37.255964279174805
all-measurements = [ 35.02661657333374, 35.222824811935425, 36.80058407783508,]
