best-result = 31.365881204605103
warmup-time = 31.456000089645386
all-measurements = [ 31.421106576919556, 31.365881204605103, 31.53524112701416,]
