best-result = 229.68381023406982
warmup-time = 238.91774702072144
all-measurements = [ 233.87670969963074, 236.02538204193115, 229.68381023406982,]
