best-result = 35.79561638832092
warmup-time = 36.4724235534668
all-measurements = [ 36.30187678337097, 35.79561638832092, 36.627010345458984,]
