best-result = 112.16189074516296
warmup-time = 113.84208488464355
all-measurements = [ 113.62260174751282, 112.17188477516174, 112.16189074516296,]
