best-result = 34.94993042945862
warmup-time = 35.35494923591614
all-measurements = [ 35.45421028137207, 34.94993042945862, 35.08865571022034,]
