best-result = 39.76515316963196
warmup-time = 40.52678155899048
all-measurements = [ 39.76515316963196, 40.69189429283142, 40.58530616760254,]
