best-result = 47.526644229888916
warmup-time = 47.383455753326416
all-measurements = [ 47.526644229888916, 47.73752546310425, 47.639472246170044,]
