best-result = 33.36319637298584
warmup-time = 31.551150798797607
all-measurements = [ 34.44341588020325, 33.36319637298584, 33.6750283241272,]
