best-result = 37.217695236206055
warmup-time = 37.98741316795349
all-measurements = [ 37.41842770576477, 37.879716873168945, 37.217695236206055,]
