best-result = 62.76986026763916
warmup-time = 64.53275632858276
all-measurements = [ 62.76986026763916, 63.35572791099548, 65.068284034729,]
