best-result = 219.26379013061523
warmup-time = 222.56057572364807
all-measurements = [ 219.26379013061523, 219.35127139091492, 219.75891304016113,]
