best-result = 501.84196758270264
warmup-time = 507.76990127563477
all-measurements = [ 503.856641292572, 501.84196758270264, 505.90921902656555,]
