best-result = 34.00937557220459
warmup-time = 37.06103539466858
all-measurements = [ 36.589701890945435, 34.983530044555664, 34.00937557220459,]
