best-result = 28.725878953933716
warmup-time = 29.27658772468567
all-measurements = [ 28.80708360671997, 28.952842473983765, 28.725878953933716,]
