best-result = 75.35329484939575
warmup-time = 79.6541645526886
all-measurements = [ 75.35329484939575, 77.7788200378418, 75.46557927131653,]
