best-result = 61.75122427940369
warmup-time = 64.78815722465515
all-measurements = [ 62.41088008880615, 62.090113401412964, 61.75122427940369,]
