best-result = 27.893752574920654
warmup-time = 27.93753719329834
all-measurements = [ 28.660691738128662, 27.893752574920654, 28.400936126708984,]
