best-result = 35.34139704704285
warmup-time = 35.47014236450195
all-measurements = [ 35.34139704704285, 35.74714803695679, 35.42333936691284,]
