best-result = 33.17382597923279
warmup-time = 34.06980109214783
all-measurements = [ 34.695839166641235, 33.17382597923279, 34.3967125415802,]
