best-result = 42.62222218513489
warmup-time = 44.16839599609375
all-measurements = [ 42.62222218513489, 44.3142945766449, 42.687041997909546,]
