best-result = 94.33562874794006
warmup-time = 98.19781422615051
all-measurements = [ 95.1986677646637, 94.33562874794006, 96.1986026763916,]
