best-result = 27.809592962265015
warmup-time = 29.660550594329834
all-measurements = [ 29.613113403320312, 29.807816743850708, 27.809592962265015,]
