best-result = 34.809221029281616
warmup-time = 34.67088866233826
all-measurements = [ 34.809221029281616, 34.88721060752869, 35.70393085479736,]
