best-result = 87.27166604995728
warmup-time = 93.77396845817566
all-measurements = [ 90.0883162021637, 96.34141492843628, 87.27166604995728,]
