best-result = 38.41713905334473
warmup-time = 39.009105920791626
all-measurements = [ 39.9871711730957, 39.17206072807312, 38.41713905334473,]
