best-result = 44.8571240901947
warmup-time = 44.84820342063904
all-measurements = [ 45.940815687179565, 44.8571240901947, 45.806241035461426,]
