best-result = 50.4635443687439
warmup-time = 51.62473487854004
all-measurements = [ 50.4635443687439, 51.386969327926636, 52.05823588371277,]
