best-result = 28.79619598388672
warmup-time = 28.921775341033936
all-measurements = [ 29.203633069992065, 28.79619598388672, 29.384546041488647,]
