best-result = 621.1252746582031
warmup-time = 694.8629419803619
all-measurements = [ 622.6818568706512, 621.1252746582031, 633.6327896118164,]
