best-result = 165.67720246315002
warmup-time = 169.68071269989014
all-measurements = [ 170.28100395202637, 165.67720246315002, 169.7179160118103,]
