best-result = 58.17166757583618
warmup-time = 66.5308735370636
all-measurements = [ 64.42233633995056, 66.83736324310303, 58.17166757583618,]
