best-result = 23.772671222686768
warmup-time = 23.989530324935913
all-measurements = [ 23.90832829475403, 24.229530572891235, 23.772671222686768,]
