best-result = 47.5255708694458
warmup-time = 63.65548276901245
all-measurements = [ 48.00258708000183, 48.21423840522766, 47.5255708694458,]
