best-result = 47.78658699989319
warmup-time = 57.932605504989624
all-measurements = [ 47.84779095649719, 47.78658699989319, 48.11271595954895,]
