best-result = 904.7143669128418
warmup-time = 1071.4350876808167
all-measurements = [ 905.2990398406982, 905.7258245944977, 904.7143669128418,]
