best-result = 86.31785893440247
warmup-time = 99.62366318702698
all-measurements = [ 86.64491510391235, 86.31785893440247, 86.38069915771484,]
