best-result = 883.5885136127472
warmup-time = 909.1848731040955
all-measurements = [ 885.0942134857178, 883.5885136127472, 887.3283455371857,]
