best-result = 67.5693428516388
warmup-time = 81.18752455711365
all-measurements = [ 68.29143691062927, 68.61914944648743, 67.5693428516388,]
