best-result = 86.14026212692261
warmup-time = 108.88298869132996
all-measurements = [ 86.22016334533691, 86.14026212692261, 86.21554327011108,]
