best-result = 69.26145029067993
warmup-time = 87.79221510887146
all-measurements = [ 69.26145029067993, 69.38656711578369, 69.95307278633118,]
