best-result = 88.23284268379211
warmup-time = 114.13704466819763
all-measurements = [ 98.77804803848267, 89.53551030158997, 88.23284268379211,]
