best-result = 655.8222451210022
warmup-time = 668.0315852165222
all-measurements = [ 655.8222451210022, 655.8338239192963, 656.6148660182953,]
