best-result = 64.56588745117188
warmup-time = 79.2837131023407
all-measurements = [ 64.56588745117188, 64.7018654346466, 64.87133526802063,]
