best-result = 192.52036833763123
warmup-time = 345.120144367218
all-measurements = [ 193.34841322898865, 192.52036833763123, 193.90371870994568,]
