best-result = 394.28354716300964
warmup-time = 829.7941653728485
all-measurements = [ 398.29793667793274, 394.28354716300964, 397.1259870529175,]
