best-result = 64.42658495903015
warmup-time = 79.41114544868469
all-measurements = [ 64.42658495903015, 65.62178587913513, 66.00621581077576,]
