best-result = 41.5528347492218
warmup-time = 49.83754205703735
all-measurements = [ 41.5528347492218, 41.90855288505554, 42.5032217502594,]
