best-result = 138.00776195526123
warmup-time = 160.93851256370544
all-measurements = [ 138.12608814239502, 138.00776195526123, 138.2057011127472,]
