best-result = 956.803605556488
warmup-time = 992.9135682582855
all-measurements = [ 956.803605556488, 963.615912437439, 958.9029324054718,]
