best-result = 28.535133123397827
warmup-time = 36.75306701660156
all-measurements = [ 28.966548681259155, 28.535133123397827, 28.754130840301514,]
