best-result = 60.31762170791626
warmup-time = 72.86799669265747
all-measurements = [ 60.77117586135864, 61.19818186759949, 60.31762170791626,]
