best-result = 60.1163272857666
warmup-time = 75.3122308254242
all-measurements = [ 61.24335479736328, 60.380895376205444, 60.1163272857666,]
