best-result = 110.07688570022583
warmup-time = 137.2188196182251
all-measurements = [ 111.7800829410553, 110.7780237197876, 110.07688570022583,]
