best-result = 785.4574773311615
warmup-time = 852.53053855896
all-measurements = [ 785.4574773311615, 794.768262386322, 787.1487255096436,]
