best-result = 35.11917424201965
warmup-time = 41.799294233322144
all-measurements = [ 35.11917424201965, 35.7642240524292, 35.224472999572754,]
