best-result = 56.99452567100525
warmup-time = 73.39935851097107
all-measurements = [ 57.35883569717407, 57.645861864089966, 56.99452567100525,]
