best-result = 2266.2255907058716
warmup-time = 3669.6828949451447
all-measurements = [ 2866.664234638214, 2266.2255907058716, 3167.2041532993317,]
