best-result = 50.52340245246887
warmup-time = 71.68655824661255
all-measurements = [ 50.52340245246887, 50.81223154067993, 51.031179666519165,]
