best-result = 83.37700510025024
warmup-time = 103.05197381973267
all-measurements = [ 83.37700510025024, 83.4470226764679, 83.76151823997498,]
