best-result = 94.17880892753601
warmup-time = 117.0075273513794
all-measurements = [ 95.59212183952332, 94.17880892753601, 95.05371379852295,]
