best-result = 38.88705897331238
warmup-time = 60.20189356803894
all-measurements = [ 45.90240955352783, 39.99237322807312, 38.88705897331238,]
