best-result = 317.32670998573303
warmup-time = 455.62125158309937
all-measurements = [ 322.5840332508087, 317.32670998573303, 317.6091034412384,]
