best-result = 61.02130889892578
warmup-time = 61.93282461166382
all-measurements = [ 61.02130889892578, 62.1017746925354, 61.767866373062134,]
