best-result = 22.48119354248047
warmup-time = 22.66568684577942
all-measurements = [ 22.79840636253357, 22.48119354248047, 22.497772216796875,]
