best-result = 46.289165019989014
warmup-time = 64.04192161560059
all-measurements = [ 46.289165019989014, 47.24349403381348, 46.761027097702026,]
