best-result = 46.83046841621399
warmup-time = 58.986382722854614
all-measurements = [ 46.92016243934631, 46.83046841621399, 47.217751026153564,]
