best-result = 981.4394567012787
warmup-time = 1165.0001769065857
all-measurements = [ 991.4967222213745, 987.9265275001526, 981.4394567012787,]
