best-result = 85.76322150230408
warmup-time = 100.39688014984131
all-measurements = [ 85.76322150230408, 86.00317406654358, 85.88684487342834,]
