best-result = 81.63438391685486
warmup-time = 101.68756890296936
all-measurements = [ 81.9276134967804, 82.22188711166382, 81.63438391685486,]
