best-result = 70.92117881774902
warmup-time = 90.99918937683105
all-measurements = [ 71.15975022315979, 70.92117881774902, 70.96471238136292,]
