best-result = 91.47456550598145
warmup-time = 105.30048990249634
all-measurements = [ 91.9663507938385, 91.47456550598145, 91.68862056732178,]
