best-result = 656.4917206764221
warmup-time = 665.6534376144409
all-measurements = [ 657.7381851673126, 656.4917206764221, 657.9691371917725,]
