best-result = 65.78838348388672
warmup-time = 83.996591091156
all-measurements = [ 66.14098286628723, 66.58536839485168, 65.78838348388672,]
