best-result = 221.97008419036865
warmup-time = 368.86923336982727
all-measurements = [ 222.35716104507446, 221.97008419036865, 222.59660601615906,]
