best-result = 440.06086802482605
warmup-time = 884.0838484764099
all-measurements = [ 440.06086802482605, 441.5859296321869, 441.8084478378296,]
