best-result = 62.19020080566406
warmup-time = 77.74368453025818
all-measurements = [ 63.03387808799744, 62.54607081413269, 62.19020080566406,]
