best-result = 144.50198078155518
warmup-time = 174.94646549224854
all-measurements = [ 145.24589490890503, 144.50198078155518, 144.67011404037476,]
