best-result = 940.361305475235
warmup-time = 977.0116469860077
all-measurements = [ 940.361305475235, 942.1613709926605, 951.7010078430176,]
