best-result = 27.58347725868225
warmup-time = 36.03830289840698
all-measurements = [ 27.80734944343567, 27.58347725868225, 27.584630727767944,]
