best-result = 59.6279661655426
warmup-time = 73.65608310699463
all-measurements = [ 59.697052001953125, 60.93140983581543, 59.6279661655426,]
