best-result = 59.624276876449585
warmup-time = 74.57229232788086
all-measurements = [ 59.70756244659424, 59.816028356552124, 59.624276876449585,]
