best-result = 112.41796588897705
warmup-time = 141.8087031841278
all-measurements = [ 113.45855736732483, 112.56881761550903, 112.41796588897705,]
