best-result = 796.7220845222473
warmup-time = 885.4497489929199
all-measurements = [ 803.992181301117, 805.444296836853, 796.7220845222473,]
