best-result = 33.78877639770508
warmup-time = 40.87801909446716
all-measurements = [ 34.369157552719116, 33.805267095565796, 33.78877639770508,]
