best-result = 55.46872282028198
warmup-time = 70.45393872261047
all-measurements = [ 55.852948904037476, 55.46872282028198, 55.52451848983765,]
