best-result = 2011.4769494533539
warmup-time = 2043.1949665546417
all-measurements = [ 2556.312712907791, 2651.264739513397, 2011.4769494533539,]
