best-result = 49.85592532157898
warmup-time = 70.80667066574097
all-measurements = [ 50.11702799797058, 49.85592532157898, 50.085755825042725,]
