best-result = 80.61663174629211
warmup-time = 101.47056412696838
all-measurements = [ 80.89620447158813, 80.61663174629211, 81.677978515625,]
