best-result = 36.94017243385315
warmup-time = 46.22408747673035
all-measurements = [ 37.0591094493866, 36.94017243385315, 37.50602912902832,]
