best-result = 344.89823293685913
warmup-time = 483.66562485694885
all-measurements = [ 344.89823293685913, 348.4711399078369, 347.51000452041626,]
