best-result = 60.44814896583557
warmup-time = 60.735727071762085
all-measurements = [ 60.600462913513184, 61.22226643562317, 60.44814896583557,]
