best-result = 22.72703504562378
warmup-time = 22.998652935028076
all-measurements = [ 22.72703504562378, 22.77866530418396, 23.04833221435547,]
