best-result = 46.775986433029175
warmup-time = 63.00817608833313
all-measurements = [ 46.775986433029175, 47.622915506362915, 47.37121510505676,]
