best-result = 46.51672625541687
warmup-time = 58.1050181388855
all-measurements = [ 46.615516901016235, 46.51672625541687, 46.88211536407471,]
