best-result = 936.6780717372894
warmup-time = 1133.0397305488586
all-measurements = [ 954.1987986564636, 958.2707781791687, 936.6780717372894,]
