best-result = 84.72126364707947
warmup-time = 99.53505516052246
all-measurements = [ 84.72126364707947, 85.3816647529602, 86.2482602596283,]
