best-result = 81.93565106391907
warmup-time = 102.47347068786621
all-measurements = [ 82.81195592880249, 81.93565106391907, 82.08353567123413,]
