best-result = 70.35970616340637
warmup-time = 91.54130434989929
all-measurements = [ 71.10318994522095, 70.6187674999237, 70.35970616340637,]
