best-result = 91.25678324699402
warmup-time = 106.04217314720154
all-measurements = [ 91.25678324699402, 91.85667324066162, 91.49347138404846,]
