best-result = 635.5794432163239
warmup-time = 648.5167455673218
all-measurements = [ 637.5351872444153, 636.9828400611877, 635.5794432163239,]
