best-result = 65.05882740020752
warmup-time = 82.26887965202332
all-measurements = [ 65.17859697341919, 65.05882740020752, 65.87543201446533,]
