best-result = 225.38814067840576
warmup-time = 371.71371579170227
all-measurements = [ 225.38814067840576, 226.45486068725586, 227.86397886276245,]
