best-result = 439.4808576107025
warmup-time = 898.7266654968262
all-measurements = [ 447.21216082572937, 439.4808576107025, 441.23222184181213,]
