best-result = 62.21413779258728
warmup-time = 79.34699749946594
all-measurements = [ 62.23088455200195, 62.46426439285278, 62.21413779258728,]
