best-result = 142.9824628829956
warmup-time = 173.31296300888062
all-measurements = [ 142.9824628829956, 144.30661153793335, 143.68752598762512,]
