best-result = 885.1106534004211
warmup-time = 916.960574388504
all-measurements = [ 894.9405167102814, 885.1106534004211, 886.7233295440674,]
