best-result = 27.496583938598633
warmup-time = 35.3524444103241
all-measurements = [ 27.496583938598633, 27.50569224357605, 27.846750497817993,]
