best-result = 59.18611001968384
warmup-time = 71.79816198348999
all-measurements = [ 59.18611001968384, 59.29708385467529, 60.01073932647705,]
