best-result = 59.28803372383118
warmup-time = 73.14386200904846
all-measurements = [ 59.74677610397339, 59.28803372383118, 59.44842219352722,]
