best-result = 111.1329505443573
warmup-time = 137.49829125404358
all-measurements = [ 111.1329505443573, 111.6704888343811, 111.66284584999084,]
