best-result = 789.539261341095
warmup-time = 862.2235889434814
all-measurements = [ 822.5993187427521, 791.9277582168579, 789.539261341095,]
