best-result = 33.839603424072266
warmup-time = 42.253345012664795
all-measurements = [ 34.313225984573364, 33.839603424072266, 33.91608500480652,]
