best-result = 54.67753076553345
warmup-time = 71.10803532600403
all-measurements = [ 54.995877742767334, 54.87988591194153, 54.67753076553345,]
