best-result = 1768.3879494667053
warmup-time = 1868.9280052185059
all-measurements = [ 1768.3879494667053, 2926.938112974167, 2423.9393949508667,]
