best-result = 49.65460515022278
warmup-time = 72.2168869972229
all-measurements = [ 49.65460515022278, 49.66341519355774, 50.400115966796875,]
