best-result = 78.56752252578735
warmup-time = 101.1353588104248
all-measurements = [ 79.30993151664734, 78.59166479110718, 78.56752252578735,]
