best-result = 36.837677001953125
warmup-time = 46.20401978492737
all-measurements = [ 37.020060777664185, 37.65628743171692, 36.837677001953125,]
