best-result = 355.54821157455444
warmup-time = 482.91715693473816
all-measurements = [ 357.8297097682953, 355.54821157455444, 368.08789920806885,]
