best-result = 59.541120767593384
warmup-time = 60.175259590148926
all-measurements = [ 59.541120767593384, 60.53904962539673, 59.729788303375244,]
