best-result = 22.808818817138672
warmup-time = 23.024883270263672
all-measurements = [ 23.097434759140015, 22.808818817138672, 23.041826486587524,]
