best-result = 47.193153858184814
warmup-time = 62.55565643310547
all-measurements = [ 47.2907280921936, 47.44098687171936, 47.193153858184814,]
