best-result = 46.805548906326294
warmup-time = 58.44702100753784
all-measurements = [ 47.151344299316406, 46.86177849769592, 46.805548906326294,]
