best-result = 940.5141861438751
warmup-time = 1143.0046346187592
all-measurements = [ 951.2161796092987, 955.9638800621033, 940.5141861438751,]
