best-result = 85.12399291992188
warmup-time = 100.07600092887878
all-measurements = [ 85.12399291992188, 85.60087704658508, 85.96080183982849,]
