best-result = 81.74732875823975
warmup-time = 102.98054003715515
all-measurements = [ 81.99384117126465, 81.74732875823975, 82.29402923583984,]
