best-result = 70.68375444412231
warmup-time = 93.43491101264954
all-measurements = [ 70.93693733215332, 70.81330466270447, 70.68375444412231,]
