best-result = 91.43406677246094
warmup-time = 105.42157292366028
all-measurements = [ 91.43406677246094, 91.72645235061646, 92.12525510787964,]
