best-result = 634.7134115695953
warmup-time = 648.5452373027802
all-measurements = [ 638.0594720840454, 636.2016475200653, 634.7134115695953,]
