best-result = 65.13633823394775
warmup-time = 75.7074613571167
all-measurements = [ 65.52295923233032, 65.13633823394775, 65.71138167381287,]
