best-result = 222.15021181106567
warmup-time = 374.94245529174805
all-measurements = [ 222.15021181106567, 222.64843893051147, 225.34638476371765,]
