best-result = 440.3366734981537
warmup-time = 876.9939346313477
all-measurements = [ 445.08165669441223, 440.3366734981537, 446.3965857028961,]
