best-result = 61.78001093864441
warmup-time = 77.74567222595215
all-measurements = [ 63.27517771720886, 61.995156049728394, 61.78001093864441,]
