best-result = 142.8289315700531
warmup-time = 175.78067922592163
all-measurements = [ 142.8289315700531, 144.02217531204224, 143.47163105010986,]
