best-result = 876.7429871559143
warmup-time = 920.5641379356384
all-measurements = [ 876.7429871559143, 881.8339667320251, 889.7577254772186,]
