best-result = 27.51916766166687
warmup-time = 37.10632276535034
all-measurements = [ 27.51916766166687, 28.163973093032837, 27.57823944091797,]
