best-result = 59.02827596664429
warmup-time = 72.05812406539917
all-measurements = [ 59.02827596664429, 59.15404725074768, 59.119733572006226,]
