best-result = 59.69093322753906
warmup-time = 74.21894598007202
all-measurements = [ 59.70771598815918, 59.77209281921387, 59.69093322753906,]
