best-result = 110.85549569129944
warmup-time = 139.53148484230042
all-measurements = [ 111.89413976669312, 111.58322954177856, 110.85549569129944,]
