best-result = 788.1955142021179
warmup-time = 860.3699803352356
all-measurements = [ 817.958381652832, 789.6814754009247, 788.1955142021179,]
