best-result = 33.85285711288452
warmup-time = 42.527085065841675
all-measurements = [ 34.06170964241028, 34.150848627090454, 33.85285711288452,]
