best-result = 55.3624746799469
warmup-time = 69.96947479248047
all-measurements = [ 55.73309946060181, 56.65081310272217, 55.3624746799469,]
