best-result = 1804.5267822742462
warmup-time = 1569.7349452972412
all-measurements = [ 1870.911204814911, 2652.921701192856, 1804.5267822742462,]
