best-result = 49.37137722969055
warmup-time = 71.60875225067139
all-measurements = [ 49.79650020599365, 49.572009325027466, 49.37137722969055,]
