best-result = 78.76815438270569
warmup-time = 98.98666000366211
all-measurements = [ 80.1549460887909, 79.05504274368286, 78.76815438270569,]
