best-result = 37.046141624450684
warmup-time = 45.82033586502075
all-measurements = [ 37.159504652023315, 37.122880935668945, 37.046141624450684,]
