best-result = 359.73296761512756
warmup-time = 489.03696060180664
all-measurements = [ 359.73296761512756, 362.2852873802185, 360.483384847641,]
