best-result = 59.8323187828064
warmup-time = 59.972501277923584
all-measurements = [ 59.8323187828064, 59.9403121471405, 60.81276226043701,]
