best-result = 23.261829376220703
warmup-time = 23.509809255599976
all-measurements = [ 23.365052223205566, 23.574707984924316, 23.261829376220703,]
