best-result = 47.29464077949524
warmup-time = 62.64180254936218
all-measurements = [ 47.29464077949524, 47.83500075340271, 47.47379207611084,]
