best-result = 47.20576763153076
warmup-time = 58.85418772697449
all-measurements = [ 47.87117648124695, 47.29710054397583, 47.20576763153076,]
