best-result = 894.6983258724213
warmup-time = 1102.738699913025
all-measurements = [ 894.6983258724213, 911.9953374862671, 896.9544351100922,]
