best-result = 86.57151365280151
warmup-time = 98.83419942855835
all-measurements = [ 86.73281455039978, 86.57151365280151, 86.6820375919342,]
