best-result = 991.0079562664032
warmup-time = 1022.780731678009
all-measurements = [ 992.9850962162018, 992.0846087932587, 991.0079562664032,]
