best-result = 65.97079586982727
warmup-time = 80.79804301261902
all-measurements = [ 67.70709323883057, 67.13216400146484, 65.97079586982727,]
