best-result = 83.98814058303833
warmup-time = 104.46832203865051
all-measurements = [ 83.98814058303833, 84.2924644947052, 84.69886660575867,]
