best-result = 68.60245943069458
warmup-time = 88.78222584724426
all-measurements = [ 68.60245943069458, 68.8549427986145, 69.51200771331787,]
