best-result = 91.11396336555481
warmup-time = 106.35144138336182
all-measurements = [ 92.31651782989502, 91.95155239105225, 91.11396336555481,]
