best-result = 643.1952483654022
warmup-time = 655.8950612545013
all-measurements = [ 643.1952483654022, 643.2290637493134, 643.8344686031342,]
