best-result = 62.81374406814575
warmup-time = 76.25676894187927
all-measurements = [ 62.81374406814575, 62.92431163787842, 63.58904552459717,]
