best-result = 192.98713970184326
warmup-time = 345.47645139694214
all-measurements = [ 193.45902061462402, 194.65369319915771, 192.98713970184326,]
