best-result = 383.9250650405884
warmup-time = 832.8591458797455
all-measurements = [ 385.2475757598877, 398.5677864551544, 383.9250650405884,]
