best-result = 62.77472472190857
warmup-time = 77.92950177192688
all-measurements = [ 63.43171310424805, 62.77472472190857, 62.93695783615112,]
