best-result = 40.788089990615845
warmup-time = 48.133612394332886
all-measurements = [ 41.499507188797, 40.788089990615845, 41.002389430999756,]
