best-result = 135.62308382987976
warmup-time = 161.46909618377686
all-measurements = [ 135.7833182811737, 135.62308382987976, 135.86720085144043,]
