best-result = 928.4450035095215
warmup-time = 969.4186391830444
all-measurements = [ 930.2353143692017, 936.1602337360382, 928.4450035095215,]
