best-result = 28.184667348861694
warmup-time = 35.767112255096436
all-measurements = [ 28.184667348861694, 28.398417949676514, 28.755942344665527,]
