best-result = 59.315998792648315
warmup-time = 73.26866960525513
all-measurements = [ 59.56203079223633, 59.63856530189514, 59.315998792648315,]
