best-result = 60.30974578857422
warmup-time = 76.1038966178894
all-measurements = [ 60.30974578857422, 60.74048042297363, 61.103312253952026,]
