best-result = 110.52135133743286
warmup-time = 139.24229884147644
all-measurements = [ 111.35344219207764, 110.52249765396118, 110.52135133743286,]
