best-result = 771.1051750183105
warmup-time = 842.271497964859
all-measurements = [ 773.6279883384705, 771.7713465690613, 771.1051750183105,]
