best-result = 34.766735315322876
warmup-time = 42.719624519348145
all-measurements = [ 34.766735315322876, 35.42603087425232, 35.315043926239014,]
