best-result = 56.01614451408386
warmup-time = 71.36064219474792
all-measurements = [ 56.076390981674194, 56.01614451408386, 56.17105054855347,]
