best-result = 2324.9405660629272
warmup-time = 2505.19256401062
all-measurements = [ 2324.9405660629272, 3578.400067806244, 2609.7050366401672,]
