best-result = 49.49392628669739
warmup-time = 70.7487006187439
all-measurements = [ 49.93542170524597, 49.49392628669739, 49.93449115753174,]
