best-result = 83.19756531715393
warmup-time = 101.57932662963867
all-measurements = [ 83.35549545288086, 83.81782150268555, 83.19756531715393,]
