best-result = 94.04568982124329
warmup-time = 116.55772423744202
all-measurements = [ 94.04568982124329, 94.65909147262573, 94.50736379623413,]
