best-result = 38.46941041946411
warmup-time = 46.89286828041077
all-measurements = [ 38.55791616439819, 38.46941041946411, 38.910584926605225,]
