best-result = 318.1505753993988
warmup-time = 456.7849917411804
all-measurements = [ 333.19729137420654, 320.2747333049774, 318.1505753993988,]
