best-result = 60.42388582229614
warmup-time = 60.99445915222168
all-measurements = [ 61.75208497047424, 60.42388582229614, 60.63596224784851,]
