best-result = 23.934784650802612
warmup-time = 24.32013487815857
all-measurements = [ 24.48697519302368, 23.934784650802612, 24.7266047000885,]
