best-result = 48.14170813560486
warmup-time = 63.333332538604736
all-measurements = [ 48.223161697387695, 48.14170813560486, 48.16330933570862,]
