best-result = 47.89277243614197
warmup-time = 60.17453455924988
all-measurements = [ 48.16614031791687, 47.89277243614197, 48.31853532791138,]
