best-result = 910.0922882556915
warmup-time = 1061.5172848701477
all-measurements = [ 910.9719264507294, 910.6482217311859, 910.0922882556915,]
