best-result = 85.13690972328186
warmup-time = 99.31097531318665
all-measurements = [ 85.13690972328186, 85.30990719795227, 86.74897265434265,]
