best-result = 885.0210518836975
warmup-time = 914.1240067481995
all-measurements = [ 885.0210518836975, 889.3906686306, 889.7191545963287,]
