best-result = 67.55675983428955
warmup-time = 83.04144620895386
all-measurements = [ 67.67879152297974, 68.35781192779541, 67.55675983428955,]
