best-result = 85.40758299827576
warmup-time = 105.67004561424255
all-measurements = [ 86.06103587150574, 85.88798761367798, 85.40758299827576,]
