best-result = 69.69487500190735
warmup-time = 90.16159796714783
all-measurements = [ 70.79056167602539, 69.99627614021301, 69.69487500190735,]
