best-result = 88.28857970237732
warmup-time = 102.9692850112915
all-measurements = [ 89.13982033729553, 88.28857970237732, 88.7927918434143,]
