best-result = 658.5664477348328
warmup-time = 671.9120991230011
all-measurements = [ 658.6862127780914, 674.1206798553467, 658.5664477348328,]
