best-result = 64.44303441047668
warmup-time = 78.57108473777771
all-measurements = [ 64.81734466552734, 64.54121565818787, 64.44303441047668,]
