best-result = 192.9171848297119
warmup-time = 345.66913628578186
all-measurements = [ 195.74517583847046, 193.20109009742737, 192.9171848297119,]
