best-result = 392.52876567840576
warmup-time = 829.2854006290436
all-measurements = [ 399.6354172229767, 392.52876567840576, 393.9987859725952,]
