best-result = 64.29932355880737
warmup-time = 79.56704187393188
all-measurements = [ 64.85191202163696, 64.4017539024353, 64.29932355880737,]
