best-result = 41.72410273551941
warmup-time = 50.332751989364624
all-measurements = [ 41.72410273551941, 42.163663148880005, 41.76454019546509,]
