best-result = 137.61653995513916
warmup-time = 161.61172819137573
all-measurements = [ 138.38025093078613, 137.61653995513916, 139.13667559623718,]
