best-result = 938.3773798942566
warmup-time = 965.0967061519623
all-measurements = [ 941.1948661804199, 941.2225189208984, 938.3773798942566,]
