best-result = 29.039266109466553
warmup-time = 37.056243658065796
all-measurements = [ 29.16086983680725, 29.187568187713623, 29.039266109466553,]
