best-result = 60.60571599006653
warmup-time = 74.72060370445251
all-measurements = [ 61.709895610809326, 60.60571599006653, 61.36028051376343,]
