best-result = 61.368084192276
warmup-time = 76.52687644958496
all-measurements = [ 61.52715873718262, 61.368084192276, 61.56480360031128,]
