best-result = 110.99679398536682
warmup-time = 137.6808156967163
all-measurements = [ 110.99679398536682, 111.99181389808655, 111.62307524681091,]
