best-result = 779.8640542030334
warmup-time = 852.036084651947
all-measurements = [ 782.405618429184, 780.8049001693726, 779.8640542030334,]
