best-result = 35.79738140106201
warmup-time = 42.15738892555237
all-measurements = [ 36.05004596710205, 35.79738140106201, 35.83762288093567,]
