best-result = 57.75952887535095
warmup-time = 72.90631031990051
all-measurements = [ 57.75952887535095, 58.24583053588867, 57.96874380111694,]
