best-result = 2348.946955680847
warmup-time = 2666.7522349357605
all-measurements = [ 2348.946955680847, 3422.120507478714, 2399.766781568527,]
