best-result = 50.13331627845764
warmup-time = 72.52571773529053
all-measurements = [ 50.65987730026245, 50.534302711486816, 50.13331627845764,]
