best-result = 84.1952338218689
warmup-time = 102.67901992797852
all-measurements = [ 84.40993189811707, 84.1952338218689, 84.23620390892029,]
