best-result = 94.11884641647339
warmup-time = 116.85465383529663
all-measurements = [ 94.40675950050354, 94.66476368904114, 94.11884641647339,]
