best-result = 38.680678844451904
warmup-time = 48.763275384902954
all-measurements = [ 39.52758049964905, 39.297969818115234, 38.680678844451904,]
