best-result = 316.1688058376312
warmup-time = 462.08800506591797
all-measurements = [ 317.8955512046814, 316.1688058376312, 316.8051657676697,]
