best-result = 61.81847071647644
warmup-time = 62.68898630142212
all-measurements = [ 61.81847071647644, 62.225257873535156, 62.47687745094299,]
