best-result = 22.966394186019897
warmup-time = 22.927497148513794
all-measurements = [ 22.966394186019897, 23.171045303344727, 22.999163389205933,]
