best-result = 46.2235963344574
warmup-time = 62.56221389770508
all-measurements = [ 46.2687292098999, 46.30186486244202, 46.2235963344574,]
