best-result = 45.703835010528564
warmup-time = 58.3495991230011
all-measurements = [ 46.29175782203674, 45.703835010528564, 46.40612173080444,]
