best-result = 899.0273926258087
warmup-time = 1115.2116754055023
all-measurements = [ 903.0546391010284, 904.1105422973633, 899.0273926258087,]
