best-result = 84.20025062561035
warmup-time = 101.43689703941345
all-measurements = [ 84.20025062561035, 85.34829711914062, 84.61129307746887,]
