best-result = 977.9359354972839
warmup-time = 1005.4260833263397
all-measurements = [ 983.101672410965, 977.9359354972839, 981.5154519081116,]
