best-result = 81.69289422035217
warmup-time = 103.18840336799622
all-measurements = [ 82.56772923469543, 81.69289422035217, 82.85461044311523,]
