best-result = 67.12766981124878
warmup-time = 88.44086217880249
all-measurements = [ 67.31179356575012, 68.7055242061615, 67.12766981124878,]
