best-result = 91.23200345039368
warmup-time = 105.09065294265747
all-measurements = [ 91.29271984100342, 91.23200345039368, 91.96901154518127,]
