best-result = 643.3704056739807
warmup-time = 655.5891020298004
all-measurements = [ 643.3704056739807, 648.7112069129944, 650.9876773357391,]
