best-result = 61.45757794380188
warmup-time = 74.67661476135254
all-measurements = [ 61.45757794380188, 61.871564626693726, 61.58488368988037,]
