best-result = 206.40623021125793
warmup-time = 357.95853757858276
all-measurements = [ 206.47016310691833, 207.30495476722717, 206.40623021125793,]
