best-result = 425.00165247917175
warmup-time = 867.7247190475464
all-measurements = [ 431.54483008384705, 443.1017961502075, 425.00165247917175,]
