best-result = 61.80065584182739
warmup-time = 78.48215079307556
all-measurements = [ 61.80065584182739, 61.8948175907135, 62.45530843734741,]
