best-result = 39.72740030288696
warmup-time = 48.223872661590576
all-measurements = [ 40.33898615837097, 39.72740030288696, 39.8409321308136,]
