best-result = 132.76304960250854
warmup-time = 154.2208411693573
all-measurements = [ 133.2346329689026, 132.76304960250854, 133.49691724777222,]
