best-result = 904.737859249115
warmup-time = 927.4320092201233
all-measurements = [ 905.3522086143494, 904.737859249115, 908.6560184955597,]
