best-result = 27.517978191375732
warmup-time = 36.68750071525574
all-measurements = [ 27.866711616516113, 27.776943683624268, 27.517978191375732,]
