best-result = 57.186803340911865
warmup-time = 70.0913302898407
all-measurements = [ 57.186803340911865, 57.28819751739502, 57.202147245407104,]
