best-result = 59.54462456703186
warmup-time = 74.69656419754028
all-measurements = [ 59.54462456703186, 60.27513575553894, 59.62790393829346,]
