best-result = 109.63433265686035
warmup-time = 137.04624319076538
all-measurements = [ 109.92587852478027, 110.1880133152008, 109.63433265686035,]
