best-result = 770.4238042831421
warmup-time = 844.8477592468262
all-measurements = [ 773.3644332885742, 778.9080851078033, 770.4238042831421,]
