best-result = 33.917832136154175
warmup-time = 40.97697615623474
all-measurements = [ 34.23800444602966, 33.917832136154175, 33.99490737915039,]
