best-result = 55.06194758415222
warmup-time = 70.65246891975403
all-measurements = [ 55.06194758415222, 55.353981733322144, 55.3932089805603,]
