best-result = 1395.9139316082
warmup-time = 1633.5898869037628
all-measurements = [ 1395.9139316082, 2183.237787246704, 1695.5220067501068,]
