best-result = 48.4535174369812
warmup-time = 70.01407527923584
all-measurements = [ 48.71967649459839, 49.0084228515625, 48.4535174369812,]
