best-result = 77.10428929328918
warmup-time = 98.47859144210815
all-measurements = [ 77.27599954605103, 77.54353976249695, 77.10428929328918,]
