best-result = 36.663053035736084
warmup-time = 44.96327447891235
all-measurements = [ 37.11313343048096, 37.15876817703247, 36.663053035736084,]
