best-result = 333.23020029067993
warmup-time = 479.61052203178406
all-measurements = [ 339.31705498695374, 333.23020029067993, 337.0510950088501,]
