best-result = 58.68041372299194
warmup-time = 58.58536624908447
all-measurements = [ 58.86690282821655, 59.727567195892334, 58.68041372299194,]
