best-result = 24.706959009170532
warmup-time = 25.24611783027649
all-measurements = [ 24.7475528717041, 24.706959009170532, 24.950623512268066,]
