best-result = 34.3866240978241
warmup-time = 38.11592245101929
all-measurements = [ 35.56905150413513, 35.79755163192749, 34.3866240978241,]
