best-result = 31.213508367538452
warmup-time = 31.80683970451355
all-measurements = [ 31.213508367538452, 31.27465033531189, 31.676560401916504,]
