best-result = 275.0447824001312
warmup-time = 276.7747166156769
all-measurements = [ 276.0597903728485, 275.0447824001312, 276.60571098327637,]
