best-result = 35.327924728393555
warmup-time = 35.58530259132385
all-measurements = [ 36.60042214393616, 36.05322456359863, 35.327924728393555,]
