best-result = 38.752426624298096
warmup-time = 40.73606991767883
all-measurements = [ 38.752426624298096, 42.384541749954224, 42.03927254676819,]
