best-result = 49.80427646636963
warmup-time = 50.03393220901489
all-measurements = [ 50.63838744163513, 50.18133091926575, 49.80427646636963,]
