best-result = 34.54215216636658
warmup-time = 33.83357381820679
all-measurements = [ 34.54215216636658, 34.626919984817505, 35.174322843551636,]
