best-result = 36.77156591415405
warmup-time = 37.29135489463806
all-measurements = [ 37.13687181472778, 36.77156591415405, 37.06905508041382,]
