best-result = 56.74674677848816
warmup-time = 61.34258794784546
all-measurements = [ 57.99515223503113, 61.25526809692383, 56.74674677848816,]
