best-result = 241.54217672348022
warmup-time = 246.37941217422485
all-measurements = [ 241.54217672348022, 241.9671974182129, 242.39565563201904,]
