best-result = 544.2567558288574
warmup-time = 548.0317192077637
all-measurements = [ 547.3524589538574, 544.683899641037, 544.2567558288574,]
