best-result = 34.57168436050415
warmup-time = 35.546395778656006
all-measurements = [ 36.44246315956116, 34.57168436050415, 37.13803720474243,]
