best-result = 64.78592300415039
warmup-time = 64.49329996109009
all-measurements = [ 65.32357287406921, 65.21359539031982, 64.78592300415039,]
