best-result = 26.440765142440796
warmup-time = 26.703702449798584
all-measurements = [ 26.440765142440796, 27.25423002243042, 27.78939986228943,]
