best-result = 33.19937539100647
warmup-time = 35.78271722793579
all-measurements = [ 35.72729730606079, 33.19937539100647, 35.55205583572388,]
