best-result = 32.694326400756836
warmup-time = 33.71021628379822
all-measurements = [ 32.86261034011841, 32.90458035469055, 32.694326400756836,]
