best-result = 43.5405375957489
warmup-time = 43.9431369304657
all-measurements = [ 44.43665075302124, 43.5405375957489, 44.2104058265686,]
