best-result = 99.60760545730591
warmup-time = 99.43936109542847
all-measurements = [ 106.38397145271301, 114.41689252853394, 99.60760545730591,]
