best-result = 27.545105695724487
warmup-time = 27.36730980873108
all-measurements = [ 28.565021276474, 27.545105695724487, 28.87018656730652,]
