best-result = 33.286797761917114
warmup-time = 33.77664256095886
all-measurements = [ 34.17992639541626, 35.30863332748413, 33.286797761917114,]
