best-result = 38.53886032104492
warmup-time = 38.787898778915405
all-measurements = [ 40.36250853538513, 38.53886032104492, 39.555933713912964,]
