best-result = 42.83276319503784
warmup-time = 45.711556911468506
all-measurements = [ 42.83276319503784, 45.662888050079346, 47.030110120773315,]
