best-result = 27.517507553100586
warmup-time = 26.602145671844482
all-measurements = [ 27.741008520126343, 27.834583520889282, 27.517507553100586,]
