best-result = 701.6419425010681
warmup-time = 702.8614432811737
all-measurements = [ 709.1997437477112, 701.6419425010681, 708.8473372459412,]
