best-result = 179.81794214248657
warmup-time = 183.692321062088
all-measurements = [ 182.07286286354065, 179.81794214248657, 180.44517946243286,]
