best-result = 42.82897090911865
warmup-time = 45.82590436935425
all-measurements = [ 42.82897090911865, 43.28029823303223, 43.00716733932495,]
