best-result = 25.725775957107544
warmup-time = 25.991772651672363
all-measurements = [ 25.8401517868042, 25.725775957107544, 25.894477605819702,]
