best-result = 36.218947649002075
warmup-time = 37.8663387298584
all-measurements = [ 36.218947649002075, 37.56088376045227, 36.73139500617981,]
