best-result = 31.51399278640747
warmup-time = 31.015354871749878
all-measurements = [ 31.668504238128662, 31.78136396408081, 31.51399278640747,]
