best-result = 263.68811440467834
warmup-time = 265.9541347026825
all-measurements = [ 264.17742705345154, 263.68811440467834, 266.37396121025085,]
