best-result = 35.649855852127075
warmup-time = 37.734564542770386
all-measurements = [ 36.97222709655762, 36.2194402217865, 35.649855852127075,]
