best-result = 40.15743613243103
warmup-time = 42.550923585891724
all-measurements = [ 41.13420915603638, 40.15743613243103, 41.36812400817871,]
