best-result = 48.818976640701294
warmup-time = 50.22820234298706
all-measurements = [ 51.89076018333435, 48.818976640701294, 48.84343934059143,]
