best-result = 33.678471326828
warmup-time = 33.533467054367065
all-measurements = [ 34.56373572349548, 33.678471326828, 34.02778172492981,]
