best-result = 37.068145751953125
warmup-time = 37.38398289680481
all-measurements = [ 38.023439168930054, 37.068145751953125, 37.493446350097656,]
