best-result = 64.09817934036255
warmup-time = 63.85141944885254
all-measurements = [ 66.17502331733704, 65.5367112159729, 64.09817934036255,]
