best-result = 224.75176239013672
warmup-time = 228.28602981567383
all-measurements = [ 227.60015892982483, 225.90366530418396, 224.75176239013672,]
