best-result = 521.9802985191345
warmup-time = 524.4507346153259
all-measurements = [ 522.2460911273956, 521.9802985191345, 522.9308347702026,]
