best-result = 34.730661153793335
warmup-time = 37.097044706344604
all-measurements = [ 38.665361404418945, 36.521758794784546, 34.730661153793335,]
