best-result = 73.73902869224548
warmup-time = 80.72766923904419
all-measurements = [ 73.73902869224548, 83.3431761264801, 82.27151584625244,]
