best-result = 62.74008226394653
warmup-time = 63.72602581977844
all-measurements = [ 63.66501593589783, 62.74008226394653, 63.66304612159729,]
