best-result = 28.116828680038452
warmup-time = 28.64745259284973
all-measurements = [ 28.736907958984375, 28.48523259162903, 28.116828680038452,]
