best-result = 32.58073568344116
warmup-time = 34.948694705963135
all-measurements = [ 35.60469675064087, 35.456806659698486, 32.58073568344116,]
