best-result = 32.222363233566284
warmup-time = 34.3637580871582
all-measurements = [ 32.222363233566284, 32.81377911567688, 32.98811912536621,]
