best-result = 41.57691025733948
warmup-time = 43.925065994262695
all-measurements = [ 43.0971896648407, 41.57691025733948, 41.72873830795288,]
