best-result = 95.87878918647766
warmup-time = 97.21066522598267
all-measurements = [ 95.87878918647766, 97.0375485420227, 97.8084876537323,]
