best-result = 28.756834030151367
warmup-time = 27.918132781982422
all-measurements = [ 28.756834030151367, 29.14043402671814, 29.207127332687378,]
