best-result = 34.199567556381226
warmup-time = 33.52236986160278
all-measurements = [ 34.199567556381226, 34.70571804046631, 34.45502305030823,]
