best-result = 87.38099145889282
warmup-time = 90.71837973594666
all-measurements = [ 92.02845168113708, 87.38099145889282, 97.96143841743469,]
