best-result = 38.90981578826904
warmup-time = 40.309505462646484
all-measurements = [ 39.93486142158508, 39.73295569419861, 38.90981578826904,]
