best-result = 43.121206760406494
warmup-time = 42.911614418029785
all-measurements = [ 46.55677819252014, 45.05018591880798, 43.121206760406494,]
