best-result = 28.250814199447632
warmup-time = 28.70770835876465
all-measurements = [ 28.250814199447632, 28.32551121711731, 28.983306646347046,]
