best-result = 695.7634043693542
warmup-time = 741.6264402866364
all-measurements = [ 696.923506975174, 698.7404706478119, 695.7634043693542,]
