best-result = 172.47419571876526
warmup-time = 175.25177335739136
all-measurements = [ 172.47419571876526, 173.09033799171448, 174.40335726737976,]
