best-result = 67.23431730270386
warmup-time = 68.68006610870361
all-measurements = [ 67.68514394760132, 70.48384284973145, 67.23431730270386,]
