best-result = 22.07244348526001
warmup-time = 22.343045234680176
all-measurements = [ 22.678850412368774, 22.07244348526001, 22.309162616729736,]
