best-result = 47.74766826629639
warmup-time = 67.00635361671448
all-measurements = [ 48.41890358924866, 47.74766826629639, 49.1515953540802,]
