best-result = 47.314542293548584
warmup-time = 60.15813136100769
all-measurements = [ 47.314542293548584, 47.782150983810425, 47.37772178649902,]
