best-result = 1002.2009494304657
warmup-time = 1217.6811378002167
all-measurements = [ 1005.4892551898956, 1018.8588974475861, 1002.2009494304657,]
