best-result = 82.61131978034973
warmup-time = 97.57463049888611
all-measurements = [ 83.22006464004517, 82.61131978034973, 82.98254466056824,]
