best-result = 79.51544451713562
warmup-time = 102.56696248054504
all-measurements = [ 79.79700875282288, 79.60542011260986, 79.51544451713562,]
