best-result = 69.86425805091858
warmup-time = 93.40479469299316
all-measurements = [ 69.86425805091858, 70.01952052116394, 71.20061254501343,]
