best-result = 85.42122459411621
warmup-time = 101.7700343132019
all-measurements = [ 86.7577555179596, 85.42122459411621, 85.73609137535095,]
