best-result = 598.8602764606476
warmup-time = 616.6574239730835
all-measurements = [ 600.7673616409302, 601.6233134269714, 598.8602764606476,]
