best-result = 64.37299394607544
warmup-time = 77.88141202926636
all-measurements = [ 64.75725722312927, 64.37299394607544, 64.46734571456909,]
