best-result = 236.42662858963013
warmup-time = 418.44519782066345
all-measurements = [ 237.8911612033844, 236.42662858963013, 238.20607924461365,]
