best-result = 440.91824984550476
warmup-time = 962.9744231700897
all-measurements = [ 444.6014201641083, 444.2488143444061, 440.91824984550476,]
