best-result = 60.47835350036621
warmup-time = 77.3869559764862
all-measurements = [ 61.36829972267151, 60.47835350036621, 61.544920921325684,]
