best-result = 884.8422493934631
warmup-time = 918.0828020572662
all-measurements = [ 885.5838086605072, 884.8422493934631, 885.3848581314087,]
