best-result = 27.79466152191162
warmup-time = 37.1573371887207
all-measurements = [ 27.79466152191162, 28.23830556869507, 27.830625772476196,]
