best-result = 56.461469888687134
warmup-time = 71.25500011444092
all-measurements = [ 56.50862193107605, 57.44749307632446, 56.461469888687134,]
