best-result = 111.01300358772278
warmup-time = 144.49464797973633
all-measurements = [ 111.73419165611267, 112.34835481643677, 111.01300358772278,]
