best-result = 777.0652770996094
warmup-time = 855.7992146015167
all-measurements = [ 781.9655585289001, 779.4567046165466, 777.0652770996094,]
