best-result = 34.61804533004761
warmup-time = 40.77858257293701
all-measurements = [ 35.365997552871704, 34.767433643341064, 34.61804533004761,]
