best-result = 53.62502861022949
warmup-time = 71.10684609413147
all-measurements = [ 54.41083383560181, 55.434410572052, 53.62502861022949,]
