best-result = 50.95226240158081
warmup-time = 72.11581420898438
all-measurements = [ 52.14883041381836, 51.04572248458862, 50.95226240158081,]
