best-result = 80.73498463630676
warmup-time = 100.94728684425354
all-measurements = [ 81.18957591056824, 81.75427985191345, 80.73498463630676,]
