best-result = 35.97032189369202
warmup-time = 46.36933207511902
all-measurements = [ 35.97032189369202, 36.839768409729004, 36.501280069351196,]
