best-result = 359.9397876262665
warmup-time = 521.7305250167847
all-measurements = [ 360.1211805343628, 359.9397876262665, 361.1624050140381,]
