best-result = 104.62483429908752
warmup-time = 104.54333972930908
all-measurements = [ 104.84022355079651, 104.76124000549316, 104.62483429908752,]
