best-result = 25.8538761138916
warmup-time = 26.154152870178223
all-measurements = [ 25.8538761138916, 25.877532482147217, 26.43067741394043,]
