best-result = 35.8501660823822
warmup-time = 38.0074725151062
all-measurements = [ 35.8501660823822, 37.62979578971863, 37.969048261642456,]
