best-result = 31.014004945755005
warmup-time = 32.277960777282715
all-measurements = [ 31.014004945755005, 31.30379819869995, 31.938802003860474,]
