best-result = 266.1079716682434
warmup-time = 269.29080605506897
all-measurements = [ 268.47534441947937, 269.9674348831177, 266.1079716682434,]
