best-result = 36.93573236465454
warmup-time = 37.683429479599
all-measurements = [ 37.51290941238403, 37.22641324996948, 36.93573236465454,]
