best-result = 40.4156174659729
warmup-time = 41.703750133514404
all-measurements = [ 41.711647272109985, 40.4156174659729, 40.6667423248291,]
