best-result = 48.273016691207886
warmup-time = 50.88858985900879
all-measurements = [ 49.40987730026245, 49.690611600875854, 48.273016691207886,]
