best-result = 33.438005208969116
warmup-time = 35.039326190948486
all-measurements = [ 33.438005208969116, 33.894089221954346, 34.211151123046875,]
