best-result = 37.642194747924805
warmup-time = 37.642301082611084
all-measurements = [ 37.84239315986633, 37.642194747924805, 38.10395574569702,]
