best-result = 61.48502326011658
warmup-time = 62.9016478061676
all-measurements = [ 64.25091624259949, 61.48502326011658, 62.2020468711853,]
