best-result = 227.66468596458435
warmup-time = 230.13654446601868
all-measurements = [ 229.4303092956543, 228.45083475112915, 227.66468596458435,]
