best-result = 520.9545493125916
warmup-time = 526.7965362071991
all-measurements = [ 520.9545493125916, 522.8135468959808, 522.4471757411957,]
