best-result = 36.67705178260803
warmup-time = 35.57929062843323
all-measurements = [ 36.67705178260803, 37.401557207107544, 37.390921115875244,]
