best-result = 81.88185095787048
warmup-time = 80.71487593650818
all-measurements = [ 82.85514640808105, 81.88185095787048, 83.1606502532959,]
