best-result = 62.42612028121948
warmup-time = 63.24619793891907
all-measurements = [ 62.42612028121948, 62.540709018707275, 64.89166355133057,]
