best-result = 27.53706693649292
warmup-time = 28.088139295578003
all-measurements = [ 28.21341323852539, 27.911598443984985, 27.53706693649292,]
