best-result = 31.97112464904785
warmup-time = 35.56256103515625
all-measurements = [ 31.97112464904785, 35.56670904159546, 32.870381593704224,]
