best-result = 33.89139223098755
warmup-time = 35.216856718063354
all-measurements = [ 34.196802854537964, 33.89139223098755, 34.3759663105011,]
