best-result = 42.41697287559509
warmup-time = 42.753708839416504
all-measurements = [ 42.51182723045349, 42.41697287559509, 42.79288458824158,]
