best-result = 96.31796932220459
warmup-time = 97.16474270820618
all-measurements = [ 98.29475998878479, 96.37734627723694, 96.31796932220459,]
