best-result = 28.469383716583252
warmup-time = 29.55576181411743
all-measurements = [ 29.264590978622437, 28.469383716583252, 29.243157148361206,]
