best-result = 34.462265491485596
warmup-time = 34.0325825214386
all-measurements = [ 35.650285720825195, 35.32857918739319, 34.462265491485596,]
