best-result = 85.74362397193909
warmup-time = 97.33917093276978
all-measurements = [ 95.41023302078247, 85.74362397193909, 88.02220511436462,]
