best-result = 38.92946457862854
warmup-time = 40.158775329589844
all-measurements = [ 38.92946457862854, 40.66904807090759, 40.06959366798401,]
