best-result = 44.81793022155762
warmup-time = 45.970563650131226
all-measurements = [ 44.932767391204834, 45.8673791885376, 44.81793022155762,]
