best-result = 29.016175270080566
warmup-time = 29.09277081489563
all-measurements = [ 29.246972799301147, 29.059271097183228, 29.016175270080566,]
