best-result = 699.2789363861084
warmup-time = 731.7554755210876
all-measurements = [ 709.6552519798279, 699.2789363861084, 699.3695476055145,]
