best-result = 174.84911799430847
warmup-time = 177.30549836158752
all-measurements = [ 176.18639826774597, 175.24823379516602, 174.84911799430847,]
