best-result = 55.94516849517822
warmup-time = 69.82661581039429
all-measurements = [ 55.94516849517822, 70.05443787574768, 64.3431122303009,]
