best-result = 26.781161546707153
warmup-time = 28.45262908935547
all-measurements = [ 27.59886932373047, 27.268137454986572, 26.781161546707153,]
