best-result = 39.27210450172424
warmup-time = 42.45846247673035
all-measurements = [ 40.75820231437683, 39.27210450172424, 40.797475814819336,]
