best-result = 33.22848415374756
warmup-time = 34.74165439605713
all-measurements = [ 33.79233908653259, 33.22848415374756, 34.613935708999634,]
