best-result = 287.14970874786377
warmup-time = 289.25886392593384
all-measurements = [ 287.7981767654419, 288.52262258529663, 287.14970874786377,]
