best-result = 38.076467752456665
warmup-time = 38.96518611907959
all-measurements = [ 39.37368059158325, 38.268075704574585, 38.076467752456665,]
