best-result = 47.15451979637146
warmup-time = 48.68909740447998
all-measurements = [ 47.15451979637146, 47.88200616836548, 48.77368354797363,]
