best-result = 53.74652981758118
warmup-time = 54.59202170372009
all-measurements = [ 53.74652981758118, 53.96943640708923, 54.10034775733948,]
