best-result = 36.67437767982483
warmup-time = 37.087562799453735
all-measurements = [ 36.67437767982483, 38.73778772354126, 37.88799452781677,]
