best-result = 40.07010459899902
warmup-time = 41.23198962211609
all-measurements = [ 40.07010459899902, 41.047653675079346, 42.03980803489685,]
