best-result = 63.85581612586975
warmup-time = 64.41667604446411
all-measurements = [ 64.35470414161682, 63.85581612586975, 65.36044216156006,]
