best-result = 256.5034680366516
warmup-time = 257.9630558490753
all-measurements = [ 259.9402561187744, 259.63347816467285, 256.5034680366516,]
