best-result = 598.3503754138947
warmup-time = 599.9567048549652
all-measurements = [ 598.3503754138947, 599.5807042121887, 598.4889788627625,]
