best-result = 39.60773587226868
warmup-time = 41.29818868637085
all-measurements = [ 39.60773587226868, 40.655097246170044, 40.42192006111145,]
