best-result = 69.21608519554138
warmup-time = 70.28519654273987
all-measurements = [ 69.26761198043823, 69.21608519554138, 69.8715705871582,]
