best-result = 30.296323776245117
warmup-time = 28.949668169021606
all-measurements = [ 30.567291021347046, 30.86998701095581, 30.296323776245117,]
