best-result = 34.21138072013855
warmup-time = 35.65232610702515
all-measurements = [ 34.73968839645386, 34.21138072013855, 34.91649866104126,]
