best-result = 45.53993773460388
warmup-time = 47.873188495635986
all-measurements = [ 48.373539209365845, 46.6736946105957, 45.53993773460388,]
