best-result = 106.94604992866516
warmup-time = 107.58280968666077
all-measurements = [ 108.69385480880737, 106.94604992866516, 108.4899001121521,]
