best-result = 36.89387321472168
warmup-time = 37.03415584564209
all-measurements = [ 36.89387321472168, 38.739542722702026, 37.720123052597046,]
