best-result = 42.67369627952576
warmup-time = 41.949928283691406
all-measurements = [ 44.004342555999756, 43.50304985046387, 42.67369627952576,]
