best-result = 46.68613362312317
warmup-time = 46.53319549560547
all-measurements = [ 50.295692920684814, 48.658846378326416, 46.68613362312317,]
