best-result = 30.287833213806152
warmup-time = 30.2623028755188
all-measurements = [ 30.287833213806152, 30.515268325805664, 30.67637348175049,]
