best-result = 748.1247453689575
warmup-time = 749.7535803318024
all-measurements = [ 769.0350933074951, 748.1247453689575, 756.9301538467407,]
