best-result = 195.2034764289856
warmup-time = 202.32287740707397
all-measurements = [ 200.45891070365906, 195.2034764289856, 195.25648665428162,]
