best-result = 46.13882517814636
warmup-time = 47.587706327438354
all-measurements = [ 46.22424364089966, 46.13882517814636, 49.09172344207764,]
