best-result = 23.19866180419922
warmup-time = 23.54206681251526
all-measurements = [ 23.341705322265625, 23.19866180419922, 23.39449381828308,]
