best-result = 46.67086863517761
warmup-time = 62.6844162940979
all-measurements = [ 46.67086863517761, 46.90517830848694, 46.80407381057739,]
