best-result = 47.277634143829346
warmup-time = 58.026121377944946
all-measurements = [ 47.283358573913574, 47.31779336929321, 47.277634143829346,]
