best-result = 876.5091896057129
warmup-time = 1057.8503286838531
all-measurements = [ 876.5091896057129, 876.8840773105621, 904.3681223392487,]
