best-result = 85.22787284851074
warmup-time = 99.16417860984802
all-measurements = [ 85.5100793838501, 85.22787284851074, 85.23418354988098,]
