best-result = 979.4292299747467
warmup-time = 1010.1594290733337
all-measurements = [ 986.3056931495667, 984.7299427986145, 979.4292299747467,]
