best-result = 66.4816644191742
warmup-time = 80.16917872428894
all-measurements = [ 66.65118432044983, 66.4816644191742, 67.0172507762909,]
