best-result = 82.88004279136658
warmup-time = 103.56306552886963
all-measurements = [ 84.36916971206665, 82.88004279136658, 83.76881575584412,]
