best-result = 68.38909101486206
warmup-time = 89.53868317604065
all-measurements = [ 68.75121927261353, 68.38909101486206, 68.45108819007874,]
