best-result = 91.23945021629333
warmup-time = 104.2145185470581
all-measurements = [ 91.69515919685364, 91.29778981208801, 91.23945021629333,]
