best-result = 637.7338283061981
warmup-time = 646.4344618320465
all-measurements = [ 640.6282262802124, 639.1796607971191, 637.7338283061981,]
