best-result = 62.15568399429321
warmup-time = 78.21330523490906
all-measurements = [ 62.810657024383545, 63.21561312675476, 62.15568399429321,]
