best-result = 191.61674118041992
warmup-time = 344.1353611946106
all-measurements = [ 193.783549785614, 192.44432520866394, 191.61674118041992,]
