best-result = 381.4412250518799
warmup-time = 830.149569272995
all-measurements = [ 387.96870017051697, 381.4412250518799, 383.6163613796234,]
