best-result = 62.105969190597534
warmup-time = 78.99616742134094
all-measurements = [ 62.105969190597534, 62.71410369873047, 62.48541784286499,]
