best-result = 40.2921724319458
warmup-time = 47.68430256843567
all-measurements = [ 40.78867959976196, 40.420037031173706, 40.2921724319458,]
