best-result = 133.89535808563232
warmup-time = 159.40563821792603
all-measurements = [ 133.95037198066711, 134.1623420715332, 133.89535808563232,]
