best-result = 916.35622382164
warmup-time = 943.2512345314026
all-measurements = [ 929.276163816452, 918.8446161746979, 916.35622382164,]
