best-result = 28.232303380966187
warmup-time = 36.905871629714966
all-measurements = [ 28.489179611206055, 28.309024333953857, 28.232303380966187,]
