best-result = 59.200376987457275
warmup-time = 72.09530067443848
all-measurements = [ 59.55262756347656, 59.71007776260376, 59.200376987457275,]
