best-result = 60.21438241004944
warmup-time = 74.45116877555847
all-measurements = [ 60.922115087509155, 60.21438241004944, 60.79143238067627,]
