best-result = 109.92060899734497
warmup-time = 138.66987872123718
all-measurements = [ 109.99148750305176, 110.14672255516052, 109.92060899734497,]
