best-result = 762.1615929603577
warmup-time = 832.1379806995392
all-measurements = [ 772.3879079818726, 766.2035689353943, 762.1615929603577,]
