best-result = 34.55856204032898
warmup-time = 42.88054633140564
all-measurements = [ 34.55856204032898, 34.95010042190552, 35.168195962905884,]
