best-result = 55.934906244277954
warmup-time = 71.08741402626038
all-measurements = [ 56.17962455749512, 55.934906244277954, 56.19725155830383,]
