best-result = 1432.4755692481995
warmup-time = 1554.8120138645172
all-measurements = [ 1788.6319553852081, 2688.403787136078, 1432.4755692481995,]
