best-result = 49.04426431655884
warmup-time = 70.67584586143494
all-measurements = [ 49.04426431655884, 49.28530812263489, 49.37161612510681,]
