best-result = 82.25765538215637
warmup-time = 99.9569239616394
all-measurements = [ 82.39334106445312, 82.51789259910583, 82.25765538215637,]
