best-result = 93.30930638313293
warmup-time = 115.95133113861084
all-measurements = [ 93.30930638313293, 93.45276165008545, 93.37240290641785,]
