best-result = 37.69044208526611
warmup-time = 46.881234884262085
all-measurements = [ 37.69044208526611, 38.10747241973877, 38.07930254936218,]
