best-result = 307.71932673454285
warmup-time = 455.15919828414917
all-measurements = [ 308.917551279068, 316.7913541793823, 307.71932673454285,]
