best-result = 60.24099540710449
warmup-time = 60.29231142997742
all-measurements = [ 60.24099540710449, 60.755521297454834, 60.45499229431152,]
