best-result = 24.83274817466736
warmup-time = 25.159011840820312
all-measurements = [ 25.45588445663452, 24.83274817466736, 25.29190945625305,]
