best-result = 36.344250440597534
warmup-time = 38.96762204170227
all-measurements = [ 36.46870827674866, 36.344250440597534, 36.67408585548401,]
