best-result = 31.572105169296265
warmup-time = 31.178178310394287
all-measurements = [ 31.572105169296265, 31.722338676452637, 32.05348348617554,]
