best-result = 276.11640095710754
warmup-time = 278.17313265800476
all-measurements = [ 276.11640095710754, 276.34851837158203, 278.37272572517395,]
