best-result = 35.591206550598145
warmup-time = 36.16795516014099
all-measurements = [ 36.091965675354004, 35.79963278770447, 35.591206550598145,]
