best-result = 40.9275758266449
warmup-time = 42.5060772895813
all-measurements = [ 40.9275758266449, 41.25734806060791, 42.54944205284119,]
