best-result = 50.62472057342529
warmup-time = 50.74143671989441
all-measurements = [ 52.14965867996216, 51.52869892120361, 50.62472057342529,]
