best-result = 32.181562662124634
warmup-time = 33.431748390197754
all-measurements = [ 35.59600877761841, 32.181562662124634, 34.166019439697266,]
