best-result = 36.84056520462036
warmup-time = 37.795138359069824
all-measurements = [ 37.269757986068726, 38.521626710891724, 36.84056520462036,]
