best-result = 59.18692660331726
warmup-time = 61.77221965789795
all-measurements = [ 62.25883436203003, 59.18692660331726, 60.30200695991516,]
