best-result = 240.2599813938141
warmup-time = 243.13530802726746
all-measurements = [ 242.7482397556305, 240.2599813938141, 241.93404126167297,]
