best-result = 544.5786733627319
warmup-time = 547.6547446250916
all-measurements = [ 548.8238205909729, 545.2148795127869, 544.5786733627319,]
