best-result = 35.63077187538147
warmup-time = 37.268872022628784
all-measurements = [ 36.522982120513916, 36.233352184295654, 35.63077187538147,]
