best-result = 64.96301603317261
warmup-time = 66.7640860080719
all-measurements = [ 64.98381304740906, 64.96301603317261, 67.9184980392456,]
