best-result = 27.306113481521606
warmup-time = 26.736417531967163
all-measurements = [ 27.449541807174683, 27.66936182975769, 27.306113481521606,]
