best-result = 36.36235690116882
warmup-time = 33.630900859832764
all-measurements = [ 37.214599609375, 36.36235690116882, 36.45748543739319,]
