best-result = 32.18001627922058
warmup-time = 33.375004529953
all-measurements = [ 33.310810804367065, 32.18001627922058, 33.32897400856018,]
