best-result = 42.04914665222168
warmup-time = 44.278564453125
all-measurements = [ 43.08268356323242, 44.322214126586914, 42.04914665222168,]
