best-result = 98.16287326812744
warmup-time = 100.11653971672058
all-measurements = [ 100.08057713508606, 98.16287326812744, 99.35465598106384,]
