best-result = 27.09254240989685
warmup-time = 28.74892783164978
all-measurements = [ 28.593109130859375, 27.09254240989685, 27.247779607772827,]
