best-result = 33.36031460762024
warmup-time = 35.38222575187683
all-measurements = [ 34.673051834106445, 33.36031460762024, 34.13149905204773,]
