best-result = 39.62283992767334
warmup-time = 39.56264638900757
all-measurements = [ 41.46384263038635, 39.62283992767334, 40.53485083580017,]
