best-result = 42.56137537956238
warmup-time = 44.83854150772095
all-measurements = [ 45.284462213516235, 42.56137537956238, 44.08375525474548,]
