best-result = 27.388523817062378
warmup-time = 28.86571192741394
all-measurements = [ 27.388523817062378, 28.200767993927002, 28.854653358459473,]
