best-result = 701.4066472053528
warmup-time = 719.4521918296814
all-measurements = [ 705.1959457397461, 712.9860780239105, 701.4066472053528,]
