best-result = 178.44305419921875
warmup-time = 178.69386887550354
all-measurements = [ 181.27313828468323, 180.43757247924805, 178.44305419921875,]
