best-result = 41.04543590545654
warmup-time = 44.27864909172058
all-measurements = [ 41.94015145301819, 41.04543590545654, 43.77957010269165,]
