best-result = 26.07088565826416
warmup-time = 26.44385576248169
all-measurements = [ 26.253756284713745, 26.25855565071106, 26.07088565826416,]
