best-result = 35.66942071914673
warmup-time = 38.532081604003906
all-measurements = [ 35.66942071914673, 36.86404204368591, 38.89856314659119,]
