best-result = 31.139164447784424
warmup-time = 31.408453702926636
all-measurements = [ 31.739434242248535, 31.333180904388428, 31.139164447784424,]
