best-result = 254.48862767219543
warmup-time = 257.28025698661804
all-measurements = [ 254.48862767219543, 259.5024063587189, 254.63344764709473,]
