best-result = 35.96471810340881
warmup-time = 36.05851411819458
all-measurements = [ 36.8008553981781, 36.38083243370056, 35.96471810340881,]
