best-result = 111.81742262840271
warmup-time = 115.63385653495789
all-measurements = [ 112.84576988220215, 113.77648782730103, 111.81742262840271,]
