best-result = 40.558815717697144
warmup-time = 41.552669048309326
all-measurements = [ 42.05691313743591, 42.276360273361206, 40.558815717697144,]
