best-result = 47.18232274055481
warmup-time = 49.32627201080322
all-measurements = [ 48.08654856681824, 47.21438479423523, 47.18232274055481,]
