best-result = 32.52553462982178
warmup-time = 33.148679971694946
all-measurements = [ 33.36625123023987, 33.29933476448059, 32.52553462982178,]
