best-result = 37.50931429862976
warmup-time = 37.953091621398926
all-measurements = [ 38.621705055236816, 37.55560326576233, 37.50931429862976,]
