best-result = 58.08515739440918
warmup-time = 62.989890813827515
all-measurements = [ 58.08515739440918, 61.10524320602417, 61.91313076019287,]
