best-result = 224.54314804077148
warmup-time = 226.77662467956543
all-measurements = [ 224.54314804077148, 226.87980890274048, 226.93662643432617,]
