best-result = 511.83946776390076
warmup-time = 517.8427028656006
all-measurements = [ 514.2256062030792, 519.0349214076996, 511.83946776390076,]
