best-result = 36.16803312301636
warmup-time = 35.92914152145386
all-measurements = [ 36.16803312301636, 36.31592583656311, 36.90515065193176,]
