best-result = 28.569034099578857
warmup-time = 29.15711212158203
all-measurements = [ 29.39437747001648, 29.29242515563965, 28.569034099578857,]
