best-result = 76.35401797294617
warmup-time = 74.81280755996704
all-measurements = [ 83.52193117141724, 76.35401797294617, 79.04967403411865,]
