best-result = 61.66415786743164
warmup-time = 62.49726939201355
all-measurements = [ 61.91585850715637, 62.69887351989746, 61.66415786743164,]
