best-result = 26.99730944633484
warmup-time = 29.422379970550537
all-measurements = [ 26.99730944633484, 28.585359573364258, 28.203023672103882,]
