best-result = 32.9243848323822
warmup-time = 36.08829617500305
all-measurements = [ 32.9243848323822, 35.054144620895386, 35.027000188827515,]
