best-result = 33.62525963783264
warmup-time = 34.12463426589966
all-measurements = [ 33.753597259521484, 33.895317792892456, 33.62525963783264,]
