best-result = 42.97730731964111
warmup-time = 43.76023244857788
all-measurements = [ 42.97730731964111, 43.38087511062622, 43.2725613117218,]
