best-result = 94.91273522377014
warmup-time = 95.95747017860413
all-measurements = [ 94.91273522377014, 95.6543550491333, 97.07122111320496,]
