best-result = 28.86850619316101
warmup-time = 28.973296642303467
all-measurements = [ 29.31390357017517, 29.55112910270691, 28.86850619316101,]
