best-result = 34.52276968955994
warmup-time = 34.768588066101074
all-measurements = [ 35.50743794441223, 37.34022355079651, 34.52276968955994,]
