best-result = 87.3057644367218
warmup-time = 88.1546573638916
all-measurements = [ 87.99027943611145, 90.271164894104, 87.3057644367218,]
