best-result = 37.89443850517273
warmup-time = 38.636971950531006
all-measurements = [ 38.34562826156616, 39.05354404449463, 37.89443850517273,]
