best-result = 42.22908592224121
warmup-time = 44.93864178657532
all-measurements = [ 45.91758942604065, 42.22908592224121, 45.22142052650452,]
