best-result = 28.475656032562256
warmup-time = 28.921444177627563
all-measurements = [ 28.861392736434937, 28.475656032562256, 28.488368034362793,]
