best-result = 633.4278299808502
warmup-time = 681.3124310970306
all-measurements = [ 644.8129243850708, 633.4278299808502, 641.756739616394,]
