best-result = 170.77371788024902
warmup-time = 172.43470859527588
all-measurements = [ 170.77371788024902, 171.22883915901184, 173.75801706314087,]
