best-result = 63.746015548706055
warmup-time = 66.77621817588806
all-measurements = [ 63.746015548706055, 67.8468565940857, 66.84440970420837,]
