best-result = 25.317684173583984
warmup-time = 25.58840775489807
all-measurements = [ 25.717583656311035, 25.357051134109497, 25.317684173583984,]
memory-traffic = 894
