best-result = 34.99780225753784
warmup-time = 36.30614399909973
all-measurements = [ 35.97478938102722, 34.99780225753784, 38.581356048583984,]
memory-traffic = 1157
