best-result = 31.39463710784912
warmup-time = 34.92257046699524
all-measurements = [ 31.705036640167236, 31.39463710784912, 32.77057218551636,]
memory-traffic = 972
