best-result = 265.4899904727936
warmup-time = 267.651930809021
all-measurements = [ 267.22893166542053, 265.4899904727936, 266.14833664894104,]
memory-traffic = 15402
