best-result = 36.31765174865723
warmup-time = 38.78874158859253
all-measurements = [ 36.59510040283203, 36.31765174865723, 36.893009185791016,]
memory-traffic = 958
