best-result = 40.64894723892212
warmup-time = 42.00987482070923
all-measurements = [ 40.64894723892212, 42.143064975738525, 41.923908710479736,]
memory-traffic = 1491
