best-result = 49.65798282623291
warmup-time = 51.47615718841553
all-measurements = [ 51.532339334487915, 49.65798282623291, 50.37572193145752,]
memory-traffic = 2257
