best-result = 34.12849497795105
warmup-time = 36.38582158088684
all-measurements = [ 34.490556716918945, 34.12849497795105, 34.80006265640259,]
memory-traffic = 1010
