best-result = 37.83056354522705
warmup-time = 40.204386711120605
all-measurements = [ 37.882500648498535, 38.2139778137207, 37.83056354522705,]
memory-traffic = 1245
