best-result = 60.97235655784607
warmup-time = 64.93175029754639
all-measurements = [ 66.53122091293335, 66.70285129547119, 60.97235655784607,]
memory-traffic = 2456
