best-result = 226.12107968330383
warmup-time = 232.29034852981567
all-measurements = [ 226.12107968330383, 228.10981440544128, 231.01700472831726,]
memory-traffic = 11879
