best-result = 524.1979959011078
warmup-time = 532.7421765327454
all-measurements = [ 524.1979959011078, 528.1813008785248, 526.0622346401215,]
memory-traffic = 35190
