best-result = 36.37757587432861
warmup-time = 39.86454248428345
all-measurements = [ 36.648476123809814, 36.979236364364624, 36.37757587432861,]
memory-traffic = 1214
