best-result = 63.52518177032471
warmup-time = 66.53145980834961
all-measurements = [ 64.87296986579895, 63.52518177032471, 63.84195280075073,]
memory-traffic = 2949
