best-result = 28.08462119102478
warmup-time = 29.962734937667847
all-measurements = [ 28.08462119102478, 29.043967962265015, 28.26581311225891,]
memory-traffic = 591
