best-result = 33.88520622253418
warmup-time = 35.532386779785156
all-measurements = [ 33.88520622253418, 33.92245650291443, 36.62693166732788,]
memory-traffic = 858
