best-result = 33.36676216125488
warmup-time = 35.6259024143219
all-measurements = [ 34.25503373146057, 33.36676216125488, 34.489991426467896,]
memory-traffic = 1024
