best-result = 42.7562530040741
warmup-time = 45.45917057991028
all-measurements = [ 44.96326947212219, 42.7562530040741, 44.184011697769165,]
memory-traffic = 1788
