best-result = 96.74534940719604
warmup-time = 97.81613087654114
all-measurements = [ 96.74534940719604, 98.97821187973022, 97.0691933631897,]
memory-traffic = 5318
