best-result = 27.25591540336609
warmup-time = 29.775252103805542
all-measurements = [ 27.885481357574463, 27.25591540336609, 29.278046131134033,]
memory-traffic = 589
