best-result = 34.187737703323364
warmup-time = 35.339686155319214
all-measurements = [ 35.09505867958069, 34.187737703323364, 34.38288140296936,]
memory-traffic = 1016
