best-result = 39.42911100387573
warmup-time = 41.70299959182739
all-measurements = [ 40.355886936187744, 39.87868022918701, 39.42911100387573,]
memory-traffic = 1386
