best-result = 42.41690754890442
warmup-time = 46.284830808639526
all-measurements = [ 43.947356939315796, 45.90279579162598, 42.41690754890442,]
memory-traffic = 1527
