best-result = 28.26462697982788
warmup-time = 30.295114994049072
all-measurements = [ 28.30661654472351, 28.26462697982788, 28.963298082351685,]
memory-traffic = 614
