best-result = 174.51497077941895
warmup-time = 179.6711230278015
all-measurements = [ 174.51497077941895, 177.9380669593811, 177.55050253868103,]
memory-traffic = 10959
