best-result = 44.34996199607849
warmup-time = 46.03611207008362
all-measurements = [ 46.27208876609802, 46.706523418426514, 44.34996199607849,]
memory-traffic = 1727
