best-result = 23.278854608535767
warmup-time = 23.34976053237915
all-measurements = [ 23.616857051849365, 23.37813639640808, 23.278854608535767,]
