best-result = 46.969196796417236
warmup-time = 64.32673215866089
all-measurements = [ 47.32436227798462, 47.236822843551636, 46.969196796417236,]
