best-result = 47.9278507232666
warmup-time = 58.142574071884155
all-measurements = [ 47.9278507232666, 52.887840032577515, 49.90883922576904,]
