best-result = 903.4140667915344
warmup-time = 1105.5936505794525
all-measurements = [ 914.4786243438721, 907.7474942207336, 903.4140667915344,]
