best-result = 86.31177520751953
warmup-time = 102.05480360984802
all-measurements = [ 86.31177520751953, 86.81355142593384, 86.31652903556824,]
