best-result = 987.420257806778
warmup-time = 1019.3466236591339
all-measurements = [ 996.3542518615723, 993.5622928142548, 987.420257806778,]
