best-result = 84.31906223297119
warmup-time = 104.7472996711731
all-measurements = [ 84.31906223297119, 84.47590732574463, 84.38067483901978,]
