best-result = 68.69092607498169
warmup-time = 88.18678188323975
all-measurements = [ 68.69092607498169, 68.88970375061035, 69.13668656349182,]
