best-result = 91.80564022064209
warmup-time = 106.14168190956116
all-measurements = [ 92.16656231880188, 91.80564022064209, 92.09867691993713,]
