best-result = 652.0873835086823
warmup-time = 665.2458260059357
all-measurements = [ 652.0873835086823, 653.8859341144562, 652.2189798355103,]
