best-result = 62.81928515434265
warmup-time = 79.6748993396759
all-measurements = [ 63.27972197532654, 63.30528974533081, 62.81928515434265,]
