best-result = 203.28308820724487
warmup-time = 360.3215718269348
all-measurements = [ 207.45039629936218, 203.28308820724487, 206.28189826011658,]
