best-result = 388.7690875530243
warmup-time = 827.9962809085846
all-measurements = [ 391.30537486076355, 391.73207664489746, 388.7690875530243,]
