best-result = 63.15075492858887
warmup-time = 79.0691397190094
all-measurements = [ 63.473252058029175, 63.15075492858887, 63.71643781661987,]
