best-result = 40.21089768409729
warmup-time = 48.87211322784424
all-measurements = [ 40.910786867141724, 40.21089768409729, 41.18177509307861,]
