best-result = 135.27574610710144
warmup-time = 163.9653880596161
all-measurements = [ 135.7742941379547, 136.86407613754272, 135.27574610710144,]
