best-result = 935.9604482650757
warmup-time = 966.9641015529633
all-measurements = [ 953.7290644645691, 935.9604482650757, 937.0422801971436,]
