best-result = 28.312597513198853
warmup-time = 36.037158727645874
all-measurements = [ 28.39382767677307, 28.312597513198853, 28.42788529396057,]
