best-result = 57.67013907432556
warmup-time = 70.28685188293457
all-measurements = [ 58.1921820640564, 57.97670555114746, 57.67013907432556,]
