best-result = 60.782273292541504
warmup-time = 74.33496475219727
all-measurements = [ 60.9512825012207, 60.98083853721619, 60.782273292541504,]
