best-result = 109.27199244499207
warmup-time = 138.9764678478241
all-measurements = [ 111.35522961616516, 110.30318903923035, 109.27199244499207,]
