best-result = 777.1038632392883
warmup-time = 848.2944450378418
all-measurements = [ 777.1038632392883, 779.3625020980835, 778.1597807407379,]
