best-result = 34.16934037208557
warmup-time = 42.58232831954956
all-measurements = [ 34.16934037208557, 34.57665038108826, 34.62170076370239,]
