best-result = 55.92153000831604
warmup-time = 70.82855916023254
all-measurements = [ 55.92153000831604, 56.55872583389282,]
