best-result = 1669.0280430316925
warmup-time = 2018.620532989502
all-measurements = [ 1669.0280430316925, 2703.156304359436, 2076.994964122772,]
