best-result = 48.726908445358276
warmup-time = 69.12099742889404
all-measurements = [ 48.726908445358276, 48.94279217720032, 49.091588258743286,]
