best-result = 82.91892671585083
warmup-time = 102.51273822784424
all-measurements = [ 83.89917373657227, 82.91892671585083, 83.22068405151367,]
