best-result = 38.191590785980225
warmup-time = 47.14361810684204
all-measurements = [ 38.45402145385742, 38.191590785980225, 38.46529746055603,]
