best-result = 329.98529171943665
warmup-time = 472.55152797698975
all-measurements = [ 329.98529171943665, 340.2302722930908, 334.9492926597595,]
