best-result = 59.16867136955261
warmup-time = 59.89271879196167
all-measurements = [ 59.25121259689331, 59.88767862319946, 59.16867136955261,]
