best-result = 21.61350727081299
warmup-time = 21.991993188858032
all-measurements = [ 21.706197023391724, 22.251267910003662, 21.61350727081299,]
