best-result = 46.92502188682556
warmup-time = 65.04586863517761
all-measurements = [ 47.129981994628906, 47.48002529144287, 46.92502188682556,]
