best-result = 46.537267208099365
warmup-time = 59.610785245895386
all-measurements = [ 47.1429181098938, 46.537267208099365, 46.6089231967926,]
