best-result = 974.9866437911987
warmup-time = 1170.6136825084686
all-measurements = [ 977.2141737937927, 983.5388758182526, 974.9866437911987,]
