best-result = 82.18274712562561
warmup-time = 96.04089212417603
all-measurements = [ 82.24474358558655, 82.18274712562561, 82.25868487358093,]
