best-result = 78.4050703048706
warmup-time = 100.26644825935364
all-measurements = [ 78.4050703048706, 78.47037100791931, 78.58106112480164,]
