best-result = 68.55999612808228
warmup-time = 93.02793598175049
all-measurements = [ 68.82415437698364, 69.26960873603821, 68.55999612808228,]
