best-result = 84.16901993751526
warmup-time = 99.85325503349304
all-measurements = [ 84.19923114776611, 84.16901993751526, 84.63402557373047,]
