best-result = 593.0949583053589
warmup-time = 631.4701869487762
all-measurements = [ 593.1593804359436, 593.0949583053589, 593.5698616504669,]
