best-result = 61.77554130554199
warmup-time = 79.63137078285217
all-measurements = [ 62.91299867630005, 61.77554130554199, 62.34503388404846,]
