best-result = 232.1511936187744
warmup-time = 400.33136773109436
all-measurements = [ 233.81361293792725, 232.1511936187744, 232.50011944770813,]
