best-result = 440.95089626312256
warmup-time = 909.664698600769
all-measurements = [ 444.1254096031189, 446.1342017650604, 440.95089626312256,]
