best-result = 60.277127265930176
warmup-time = 77.71509981155396
all-measurements = [ 60.3268940448761, 60.50812220573425, 60.277127265930176,]
