best-result = 860.8720452785492
warmup-time = 899.5350222587585
all-measurements = [ 866.7779538631439, 860.8720452785492, 860.9536068439484,]
