best-result = 27.10585594177246
warmup-time = 35.108784437179565
all-measurements = [ 27.234933614730835, 27.162728786468506, 27.10585594177246,]
