best-result = 57.940253496170044
warmup-time = 72.7422103881836
all-measurements = [ 58.682671308517456, 58.3506383895874, 57.940253496170044,]
