best-result = 54.972591400146484
warmup-time = 68.65289306640625
all-measurements = [ 54.972591400146484, 57.346885681152344, 56.82524633407593,]
