best-result = 109.06331467628479
warmup-time = 138.71782398223877
all-measurements = [ 110.4398787021637, 109.86513638496399, 109.06331467628479,]
