best-result = 768.8417415618896
warmup-time = 840.0084595680237
all-measurements = [ 768.8417415618896, 772.0722522735596, 772.5870788097382,]
