best-result = 33.55165100097656
warmup-time = 41.56005787849426
all-measurements = [ 33.609782218933105, 33.715161085128784, 33.55165100097656,]
