best-result = 53.33960318565369
warmup-time = 66.77540802955627
all-measurements = [ 53.33960318565369, 53.45577025413513, 53.6117377281189,]
