best-result = 49.545912981033325
warmup-time = 69.64154314994812
all-measurements = [ 49.83242058753967, 49.545912981033325, 50.1997754573822,]
