best-result = 79.87273049354553
warmup-time = 97.01416540145874
all-measurements = [ 80.21328139305115, 79.87273049354553, 80.07262802124023,]
