best-result = 35.327946186065674
warmup-time = 45.176953077316284
all-measurements = [ 35.938859701156616, 36.24836301803589, 35.327946186065674,]
