best-result = 340.6376585960388
warmup-time = 495.3403067588806
all-measurements = [ 340.6376585960388, 357.4644544124603, 345.4407386779785,]
