best-result = 102.90864706039429
warmup-time = 103.07961964607239
all-measurements = [ 102.90864706039429, 103.9139792919159, 103.37625503540039,]
