best-result = 22.744394302368164
warmup-time = 23.01939082145691
all-measurements = [ 22.744394302368164, 22.877513647079468, 23.018882036209106,]
