best-result = 46.164405822753906
warmup-time = 63.58659744262695
all-measurements = [ 46.56122708320618, 46.78597903251648, 46.164405822753906,]
