best-result = 45.73408818244934
warmup-time = 57.951284408569336
all-measurements = [ 46.3169310092926, 46.017388582229614, 45.73408818244934,]
