best-result = 897.4543449878693
warmup-time = 1083.7329494953156
all-measurements = [ 921.0627751350403, 898.6048510074615, 897.4543449878693,]
