best-result = 84.35081577301025
warmup-time = 99.0163197517395
all-measurements = [ 85.20168113708496, 84.35081577301025, 84.52359199523926,]
