best-result = 979.6517429351807
warmup-time = 1001.7990839481354
all-measurements = [ 981.4395248889923, 979.6517429351807, 983.9225640296936,]
