best-result = 82.33749747276306
warmup-time = 102.23157167434692
all-measurements = [ 82.49641156196594, 82.33749747276306, 82.72972178459167,]
