best-result = 67.39664673805237
warmup-time = 88.22846627235413
all-measurements = [ 67.43995261192322, 67.39664673805237, 67.51277232170105,]
