best-result = 90.9614326953888
warmup-time = 104.99173283576965
all-measurements = [ 93.0629506111145, 90.9614326953888, 91.46079516410828,]
