best-result = 642.710010766983
warmup-time = 654.2152481079102
all-measurements = [ 642.710010766983, 643.935097694397, 652.8750867843628,]
