best-result = 61.16039562225342
warmup-time = 76.03443455696106
all-measurements = [ 61.16039562225342, 61.65817046165466, 62.073554039001465,]
