best-result = 202.41448378562927
warmup-time = 355.4353127479553
all-measurements = [ 203.55611443519592, 208.11250042915344, 202.41448378562927,]
