best-result = 423.8663613796234
warmup-time = 890.4805085659027
all-measurements = [ 440.3685657978058, 431.10210847854614, 423.8663613796234,]
