best-result = 61.25802493095398
warmup-time = 77.14740824699402
all-measurements = [ 62.18112373352051, 61.25802493095398, 62.20711135864258,]
