best-result = 39.96643543243408
warmup-time = 48.0904700756073
all-measurements = [ 39.96643543243408, 40.133039712905884, 40.32707166671753,]
