best-result = 132.84406232833862
warmup-time = 156.59093070030212
all-measurements = [ 133.63879346847534, 132.84406232833862, 133.3131227493286,]
