best-result = 902.1750884056091
warmup-time = 933.0657637119293
all-measurements = [ 904.2535836696625, 903.7969088554382, 902.1750884056091,]
