best-result = 27.530078887939453
warmup-time = 35.221035957336426
all-measurements = [ 27.79822850227356, 28.1465802192688, 27.530078887939453,]
