best-result = 56.87216567993164
warmup-time = 69.88645935058594
all-measurements = [ 56.87216567993164, 57.075026512145996, 56.945600748062134,]
