best-result = 59.0015025138855
warmup-time = 72.48901152610779
all-measurements = [ 60.202757120132446, 59.0015025138855, 60.38763761520386,]
