best-result = 109.41574549674988
warmup-time = 137.60110592842102
all-measurements = [ 109.41574549674988, 110.20299124717712, 109.7000412940979,]
