best-result = 770.7163996696472
warmup-time = 840.5650959014893
all-measurements = [ 771.4179525375366, 774.340222120285, 770.7163996696472,]
