best-result = 33.8209068775177
warmup-time = 42.483312129974365
all-measurements = [ 33.8209068775177, 33.84470868110657, 34.48182654380798,]
