best-result = 55.2442684173584
warmup-time = 69.78034353256226
all-measurements = [ 55.2442684173584, 55.45735287666321, 55.387287855148315,]
