best-result = 1710.6674234867096
warmup-time = 1543.6431052684784
all-measurements = [ 1947.3730762004852, 1878.2423388957977, 1710.6674234867096,]
