best-result = 47.529905796051025
warmup-time = 69.1983289718628
all-measurements = [ 47.865222454071045, 47.529905796051025, 48.06512141227722,]
