best-result = 77.27804231643677
warmup-time = 97.42111682891846
all-measurements = [ 78.01527333259583, 77.27804231643677, 77.64897131919861,]
