best-result = 36.415770053863525
warmup-time = 46.433226346969604
all-measurements = [ 37.90942645072937, 36.415770053863525, 37.09715938568115,]
