best-result = 338.09166169166565
warmup-time = 482.03270411491394
all-measurements = [ 338.09166169166565, 338.19991850852966, 341.26696729660034,]
