best-result = 58.7070837020874
warmup-time = 58.901723861694336
all-measurements = [ 58.7070837020874, 59.34082531929016, 58.74174523353577,]
