best-result = 25.773438453674316
warmup-time = 26.1562340259552
all-measurements = [ 25.964558839797974, 26.39633536338806, 25.773438453674316,]
