best-result = 37.33876419067383
warmup-time = 38.6045343875885
all-measurements = [ 37.99028301239014, 38.69336271286011, 37.33876419067383,]
