best-result = 30.85943078994751
warmup-time = 31.256885051727295
all-measurements = [ 30.85943078994751, 31.971288442611694, 31.5508713722229,]
