best-result = 265.6821622848511
warmup-time = 266.7238495349884
all-measurements = [ 268.59017515182495, 268.91356229782104, 265.6821622848511,]
