best-result = 35.59619903564453
warmup-time = 36.13352560997009
all-measurements = [ 36.86686635017395, 35.59619903564453, 38.5892608165741,]
