best-result = 111.59704756736755
warmup-time = 114.49420809745789
all-measurements = [ 112.34565114974976, 111.59704756736755, 112.26120042800903,]
