best-result = 40.11432886123657
warmup-time = 41.27386522293091
all-measurements = [ 40.53105401992798, 40.22900938987732, 40.11432886123657,]
