best-result = 47.520416259765625
warmup-time = 48.42060136795044
all-measurements = [ 47.55517339706421, 48.59126400947571, 47.520416259765625,]
