best-result = 31.007741689682007
warmup-time = 34.97942018508911
all-measurements = [ 33.14541506767273, 31.007741689682007, 33.564074754714966,]
