best-result = 36.57661247253418
warmup-time = 38.13572144508362
all-measurements = [ 36.57661247253418, 37.44050192832947, 37.62311840057373,]
