best-result = 58.86314606666565
warmup-time = 63.58989930152893
all-measurements = [ 61.75405192375183, 60.25796031951904, 58.86314606666565,]
