best-result = 228.90906190872192
warmup-time = 232.09362244606018
all-measurements = [ 232.94808530807495, 230.96010279655457, 228.90906190872192,]
