best-result = 523.379549741745
warmup-time = 525.2446749210358
all-measurements = [ 525.0101239681244, 527.1707558631897, 523.379549741745,]
