best-result = 35.758119106292725
warmup-time = 35.4427592754364
all-measurements = [ 35.758119106292725, 37.248326778411865, 37.844300270080566,]
