best-result = 28.824172019958496
warmup-time = 28.884836196899414
all-measurements = [ 28.907147884368896, 29.205354928970337, 28.824172019958496,]
