best-result = 70.8732099533081
warmup-time = 74.64381194114685
all-measurements = [ 83.68412613868713, 71.76086473464966, 70.8732099533081,]
