best-result = 61.499797105789185
warmup-time = 63.177141427993774
all-measurements = [ 62.099082708358765, 63.403112173080444, 61.499797105789185,]
