best-result = 26.800424337387085
warmup-time = 28.456353664398193
all-measurements = [ 26.800424337387085, 27.768967390060425, 27.917875289916992,]
