best-result = 35.03103542327881
warmup-time = 35.86570906639099
all-measurements = [ 35.90040111541748, 35.03103542327881, 35.97925662994385,]
