best-result = 33.046515703201294
warmup-time = 33.31975507736206
all-measurements = [ 34.02396559715271, 35.6544976234436, 33.046515703201294,]
