best-result = 42.07482409477234
warmup-time = 43.842424631118774
all-measurements = [ 42.9984176158905, 42.07482409477234, 43.92220950126648,]
