best-result = 96.00870561599731
warmup-time = 100.20652461051941
all-measurements = [ 97.46147537231445, 101.46974968910217, 96.00870561599731,]
