best-result = 27.895106554031372
warmup-time = 28.000732898712158
all-measurements = [ 27.895106554031372, 28.50923800468445, 28.07212543487549,]
