best-result = 34.18779945373535
warmup-time = 33.8819637298584
all-measurements = [ 35.10697340965271, 34.18779945373535, 34.84793496131897,]
