best-result = 86.68601870536804
warmup-time = 91.51495552062988
all-measurements = [ 93.45888185501099, 86.68601870536804, 93.48567533493042,]
