best-result = 38.788795948028564
warmup-time = 39.40932536125183
all-measurements = [ 39.574142932891846, 39.37529015541077, 38.788795948028564,]
