best-result = 43.78835582733154
warmup-time = 45.642765283584595
all-measurements = [ 45.63866567611694, 44.27906894683838, 43.78835582733154,]
