best-result = 26.583106517791748
warmup-time = 28.2922101020813
all-measurements = [ 29.12677025794983, 26.583106517791748, 28.52749276161194,]
