best-result = 697.0075793266296
warmup-time = 734.8554675579071
all-measurements = [ 699.85466837883, 697.0075793266296, 703.7654201984406,]
