best-result = 174.6434428691864
warmup-time = 180.0754427909851
all-measurements = [ 174.6434428691864, 175.58812355995178, 176.03539896011353,]
