best-result = 65.36954951286316
warmup-time = 66.5460033416748
all-measurements = [ 67.53718686103821, 65.36954951286316, 69.32360911369324,]
