best-result = 26.053070545196533
warmup-time = 26.675304412841797
all-measurements = [ 26.099892616271973, 26.053070545196533, 26.085273504257202,]
