best-result = 37.35557675361633
warmup-time = 36.353546380996704
all-measurements = [ 39.44572186470032, 38.482457876205444, 37.35557675361633,]
