best-result = 30.26861548423767
warmup-time = 32.051472187042236
all-measurements = [ 31.112279176712036, 30.26861548423767, 31.550652265548706,]
