best-result = 263.68158173561096
warmup-time = 271.28296089172363
all-measurements = [ 268.4450147151947, 265.986380815506, 263.68158173561096,]
