best-result = 36.465721130371094
warmup-time = 37.59283208847046
all-measurements = [ 37.18452858924866, 36.465721130371094, 37.48803997039795,]
