best-result = 41.04271697998047
warmup-time = 40.93050694465637
all-measurements = [ 41.20942687988281, 41.04271697998047, 41.358776330947876,]
