best-result = 49.06139779090881
warmup-time = 50.65238881111145
all-measurements = [ 50.41299366950989, 50.118433475494385, 49.06139779090881,]
