best-result = 32.42129874229431
warmup-time = 34.53656029701233
all-measurements = [ 35.24607992172241, 32.42129874229431, 33.14864540100098,]
