best-result = 37.75973081588745
warmup-time = 38.614508867263794
all-measurements = [ 37.75973081588745, 37.960179567337036, 37.945162296295166,]
