best-result = 61.923747539520264
warmup-time = 66.86218929290771
all-measurements = [ 64.54595112800598, 61.923747539520264, 63.35261821746826,]
