best-result = 226.30919575691223
warmup-time = 231.526850938797
all-measurements = [ 226.30919575691223, 230.31258344650269, 228.42954182624817,]
