best-result = 520.0207345485687
warmup-time = 527.207240819931
all-measurements = [ 523.1873228549957, 524.2283792495728, 520.0207345485687,]
