best-result = 36.46289944648743
warmup-time = 39.735156536102295
all-measurements = [ 36.59253764152527, 37.08220672607422, 36.46289944648743,]
