best-result = 76.04663014411926
warmup-time = 83.89927864074707
all-measurements = [ 79.25363874435425, 76.04663014411926, 76.6714243888855,]
