best-result = 62.027437686920166
warmup-time = 63.28848671913147
all-measurements = [ 63.22772026062012, 62.027437686920166, 62.51240301132202,]
