best-result = 27.505041360855103
warmup-time = 28.26032543182373
all-measurements = [ 27.505041360855103, 28.18760657310486, 29.085443258285522,]
