best-result = 35.425081729888916
warmup-time = 35.85503673553467
all-measurements = [ 35.425081729888916, 35.82897639274597, 35.471648931503296,]
