best-result = 31.487298727035522
warmup-time = 34.12062215805054
all-measurements = [ 31.487298727035522, 33.68106412887573, 34.88103747367859,]
