best-result = 42.54784178733826
warmup-time = 43.20930314064026
all-measurements = [ 43.41064763069153, 42.98205208778381, 42.54784178733826,]
