best-result = 97.04469275474548
warmup-time = 97.02321577072144
all-measurements = [ 97.04469275474548, 98.11337232589722, 97.50050067901611,]
