best-result = 28.167567014694214
warmup-time = 29.81596803665161
all-measurements = [ 29.83611011505127, 28.167567014694214, 29.611550092697144,]
