best-result = 35.00698518753052
warmup-time = 35.017640829086304
all-measurements = [ 35.40152859687805, 35.611974000930786, 35.00698518753052,]
