best-result = 89.79777669906616
warmup-time = 88.28217005729675
all-measurements = [ 92.68303227424622, 98.06769251823425, 89.79777669906616,]
