best-result = 39.91686248779297
warmup-time = 39.82195043563843
all-measurements = [ 41.01070690155029, 40.23629140853882, 39.91686248779297,]
