best-result = 45.35008692741394
warmup-time = 43.219764709472656
all-measurements = [ 45.35008692741394, 46.48069453239441, 45.92079186439514,]
