best-result = 28.629000902175903
warmup-time = 28.35906672477722
all-measurements = [ 28.795607566833496, 29.44632077217102, 28.629000902175903,]
