best-result = 699.5359292030334
warmup-time = 732.6881313323975
all-measurements = [ 701.9881212711334, 699.5359292030334, 701.704329252243,]
