best-result = 171.50591659545898
warmup-time = 175.7478425502777
all-measurements = [ 174.83799004554749, 171.50591659545898, 172.55256175994873,]
