best-result = 68.95455861091614
warmup-time = 69.89481449127197
all-measurements = [ 69.86828446388245, 69.09750318527222, 68.95455861091614,]
