best-result = 23.237391233444214
warmup-time = 23.372581720352173
all-measurements = [ 23.237391233444214, 23.428165197372437, 23.405615091323853,]
