best-result = 47.3434362411499
warmup-time = 63.61062526702881
all-measurements = [ 47.359670639038086, 47.3434362411499, 47.510584115982056,]
