best-result = 46.98674535751343
warmup-time = 57.84347724914551
all-measurements = [ 46.98674535751343, 47.28361177444458, 47.49653625488281,]
