best-result = 1082.9496591091156
warmup-time = 1326.95272564888
all-measurements = [ 1082.9496591091156, 1084.4534044265747, 1088.3434064388275,]
