best-result = 86.09490847587585
warmup-time = 99.5000867843628
all-measurements = [ 86.2096495628357, 86.09490847587585, 86.22812509536743,]
