best-result = 990.6839039325714
warmup-time = 1022.6560575962067
all-measurements = [ 994.0126242637634, 993.9620265960693, 990.6839039325714,]
