best-result = 84.51720309257507
warmup-time = 105.52672243118286
all-measurements = [ 85.35195398330688, 84.70534157752991, 84.51720309257507,]
