best-result = 68.34221649169922
warmup-time = 87.9015793800354
all-measurements = [ 68.43612432479858, 68.34221649169922, 68.96814393997192,]
