best-result = 92.21409630775452
warmup-time = 106.73569416999817
all-measurements = [ 92.87107443809509, 92.4098072052002, 92.21409630775452,]
