best-result = 650.6281955242157
warmup-time = 664.682058095932
all-measurements = [ 651.1417396068573, 650.9539420604706, 650.6281955242157,]
