best-result = 62.488537311553955
warmup-time = 77.3630428314209
all-measurements = [ 62.945998668670654, 62.488537311553955, 63.10513687133789,]
