best-result = 273.79534459114075
warmup-time = 497.04293847084045
all-measurements = [ 273.79534459114075, 278.7839958667755, 295.40824818611145,]
