best-result = 391.1211166381836
warmup-time = 899.4410953521729
all-measurements = [ 398.73253202438354, 391.1211166381836, 397.64922523498535,]
