best-result = 63.09919214248657
warmup-time = 80.34930276870728
all-measurements = [ 63.391343116760254, 63.09919214248657, 63.43817472457886,]
