best-result = 40.000815868377686
warmup-time = 48.64905309677124
all-measurements = [ 41.829859018325806, 41.394251585006714, 40.000815868377686,]
