best-result = 133.97291111946106
warmup-time = 164.12236976623535
all-measurements = [ 134.8157184123993, 135.7610969543457, 133.97291111946106,]
