best-result = 925.585755109787
warmup-time = 958.1427297592163
all-measurements = [ 925.585755109787, 936.0644030570984, 928.0893533229828,]
