best-result = 28.13506031036377
warmup-time = 35.92863702774048
all-measurements = [ 28.6296284198761, 28.13506031036377, 28.465269565582275,]
