best-result = 57.793668270111084
warmup-time = 71.75229215621948
all-measurements = [ 57.793668270111084, 57.91288471221924, 58.69240617752075,]
