best-result = 60.572733640670776
warmup-time = 73.51612448692322
all-measurements = [ 61.43510389328003, 60.572733640670776, 61.23426270484924,]
