best-result = 112.19562435150146
warmup-time = 143.12167143821716
all-measurements = [ 112.99123477935791, 112.19562435150146, 112.66342115402222,]
