best-result = 778.8643045425415
warmup-time = 847.1130435466766
all-measurements = [ 781.0154323577881, 780.7597517967224, 778.8643045425415,]
