best-result = 34.32095384597778
warmup-time = 41.04029965400696
all-measurements = [ 34.39038634300232, 34.32095384597778, 35.02877736091614,]
