best-result = 55.74031043052673
warmup-time = 71.57388710975647
all-measurements = [ 55.74031043052673, 56.31771779060364, 56.06843042373657,]
