best-result = 1351.5296301841736
warmup-time = 1414.0194354057312
all-measurements = [ 1351.5296301841736, 1958.4515323638916, 2218.417522907257,]
