best-result = 49.412118434906006
warmup-time = 70.01549625396729
all-measurements = [ 49.960044622421265, 49.412118434906006, 49.571914196014404,]
