best-result = 82.73537755012512
warmup-time = 101.51153755187988
all-measurements = [ 82.73537755012512, 83.64732599258423, 84.48148250579834,]
