best-result = 38.09399104118347
warmup-time = 47.17888855934143
all-measurements = [ 38.256558895111084, 38.10598158836365, 38.09399104118347,]
