best-result = 380.1505546569824
warmup-time = 524.3769843578339
all-measurements = [ 380.1505546569824, 384.79684019088745, 382.75562047958374,]
