best-result = 59.41397428512573
warmup-time = 59.913076877593994
all-measurements = [ 59.41397428512573, 60.081310987472534, 60.21888327598572,]
