best-result = 25.331549882888794
warmup-time = 26.04221200942993
all-measurements = [ 25.65691375732422, 25.331549882888794, 26.074365377426147,]
