best-result = 34.907408475875854
warmup-time = 37.83166146278381
all-measurements = [ 34.907408475875854, 37.667173624038696, 36.74268293380737,]
