best-result = 31.082223415374756
warmup-time = 31.698917150497437
all-measurements = [ 31.178648471832275, 31.082223415374756, 32.06477355957031,]
