best-result = 251.77383065223694
warmup-time = 259.08855652809143
all-measurements = [ 251.77383065223694, 254.42980074882507, 253.295330286026,]
