best-result = 34.953019857406616
warmup-time = 36.68213200569153
all-measurements = [ 34.953019857406616, 36.467735290527344, 36.680248737335205,]
