best-result = 112.63191962242126
warmup-time = 115.58545923233032
all-measurements = [ 114.6473479270935, 112.70321297645569, 112.63191962242126,]
