best-result = 34.18854522705078
warmup-time = 35.80261993408203
all-measurements = [ 35.172932863235474, 35.64596605300903, 34.18854522705078,]
