best-result = 38.982133865356445
warmup-time = 40.638434171676636
all-measurements = [ 40.134602546691895, 38.982133865356445, 40.16192126274109,]
