best-result = 46.90209364891052
warmup-time = 47.480077266693115
all-measurements = [ 47.78834056854248, 46.90209364891052, 47.20395112037659,]
