best-result = 31.274260997772217
warmup-time = 32.48080492019653
all-measurements = [ 31.274260997772217, 32.506829261779785, 33.84131574630737,]
