best-result = 36.845250606536865
warmup-time = 35.55450987815857
all-measurements = [ 37.42992377281189, 36.91549491882324, 36.845250606536865,]
