best-result = 60.17264008522034
warmup-time = 61.63221740722656
all-measurements = [ 60.17264008522034, 63.538713693618774, 64.0902910232544,]
