best-result = 222.42124700546265
warmup-time = 225.69867515563965
all-measurements = [ 222.88600611686707, 223.41416311264038, 222.42124700546265,]
