best-result = 510.2897005081177
warmup-time = 514.0516543388367
all-measurements = [ 510.2897005081177, 515.4738523960114, 516.8691799640656,]
