best-result = 34.316712379455566
warmup-time = 36.457756757736206
all-measurements = [ 36.49129056930542, 34.316712379455566, 36.9795880317688,]
