best-result = 28.29552674293518
warmup-time = 28.971815586090088
all-measurements = [ 28.820523500442505, 29.1248996257782, 28.29552674293518,]
