best-result = 72.35216069221497
warmup-time = 71.92363476753235
all-measurements = [ 72.35216069221497, 80.16220283508301, 81.48470902442932,]
