best-result = 60.45773792266846
warmup-time = 62.63408303260803
all-measurements = [ 60.45773792266846, 61.129998445510864, 61.06422424316406,]
