best-result = 27.192588090896606
warmup-time = 27.055471897125244
all-measurements = [ 29.25837016105652, 27.192588090896606, 27.44938898086548,]
