best-result = 34.78585648536682
warmup-time = 35.36694526672363
all-measurements = [ 34.78585648536682, 34.859586000442505, 35.275726079940796,]
