best-result = 32.58345127105713
warmup-time = 33.59684658050537
all-measurements = [ 33.54071521759033, 32.58345127105713, 34.33283233642578,]
