best-result = 41.39689040184021
warmup-time = 43.93060231208801
all-measurements = [ 41.39689040184021, 43.324536085128784, 43.12730956077576,]
