best-result = 94.90381050109863
warmup-time = 96.84091258049011
all-measurements = [ 95.48924708366394, 95.12515902519226, 94.90381050109863,]
