best-result = 28.094995260238647
warmup-time = 29.320509910583496
all-measurements = [ 28.33040452003479, 28.094995260238647, 29.179863452911377,]
