best-result = 33.40035271644592
warmup-time = 33.75361371040344
all-measurements = [ 34.29570651054382, 34.846818685531616, 33.40035271644592,]
