best-result = 85.31623935699463
warmup-time = 90.67944693565369
all-measurements = [ 85.31623935699463, 89.69677972793579, 88.7168481349945,]
