best-result = 38.84477353096008
warmup-time = 38.39955520629883
all-measurements = [ 39.28369903564453, 38.84477353096008, 38.89351439476013,]
