best-result = 43.10177683830261
warmup-time = 45.21889305114746
all-measurements = [ 44.31266260147095, 43.10177683830261, 44.77542495727539,]
