best-result = 49.92986035346985
warmup-time = 50.233397483825684
all-measurements = [ 50.197672605514526, 49.92986035346985, 50.45385694503784,]
