best-result = 28.277276754379272
warmup-time = 28.51812171936035
all-measurements = [ 28.277276754379272, 28.54786443710327, 28.5469491481781,]
