best-result = 640.1153888702393
warmup-time = 680.2796068191528
all-measurements = [ 640.968177318573, 640.5473990440369, 640.1153888702393,]
