best-result = 172.5148730278015
warmup-time = 170.21932530403137
all-measurements = [ 173.90778422355652, 172.5148730278015, 172.70334005355835,]
