best-result = 55.359742403030396
warmup-time = 58.46331334114075
all-measurements = [ 67.22610545158386, 55.359742403030396, 58.437581062316895,]
