best-result = 25.172542810440063
warmup-time = 25.137578010559082
all-measurements = [ 25.399705410003662, 25.60576343536377, 25.172542810440063,]
