best-result = 37.17290377616882
warmup-time = 41.09212040901184
all-measurements = [ 37.17290377616882, 37.35692119598389, 38.671608448028564,]
