best-result = 31.495726346969604
warmup-time = 32.0243980884552
all-measurements = [ 32.044538259506226, 32.02081823348999, 31.495726346969604,]
