best-result = 265.77642846107483
warmup-time = 266.90618419647217
all-measurements = [ 266.88158559799194, 270.34355545043945, 265.77642846107483,]
