best-result = 35.457656145095825
warmup-time = 37.37785315513611
all-measurements = [ 36.437004804611206, 35.457656145095825, 36.46914505958557,]
