best-result = 41.35654258728027
warmup-time = 41.600168228149414
all-measurements = [ 41.35654258728027, 41.51086139678955, 42.125834941864014,]
