best-result = 49.82527160644531
warmup-time = 53.32629203796387
all-measurements = [ 49.82527160644531, 50.23227834701538, 51.12120461463928,]
