best-result = 33.99904704093933
warmup-time = 34.054163694381714
all-measurements = [ 34.154213428497314, 34.02832746505737, 33.99904704093933,]
