best-result = 36.498955965042114
warmup-time = 38.145400524139404
all-measurements = [ 37.85009241104126, 37.10030722618103, 36.498955965042114,]
