best-result = 58.941410779953
warmup-time = 60.62671947479248
all-measurements = [ 58.941410779953, 62.90789031982422, 59.39044976234436,]
