best-result = 230.42508268356323
warmup-time = 233.43323183059692
all-measurements = [ 230.42508268356323, 235.31500911712646, 234.71633768081665,]
