best-result = 522.4908921718597
warmup-time = 527.1303870677948
all-measurements = [ 522.4908921718597, 525.2229726314545, 522.6822593212128,]
