best-result = 35.37402153015137
warmup-time = 37.46450877189636
all-measurements = [ 37.52184295654297, 35.37402153015137, 35.670963764190674,]
