best-result = 62.87610578536987
warmup-time = 65.64445495605469
all-measurements = [ 62.87610578536987, 65.05756664276123, 65.6831886768341,]
