best-result = 27.3169527053833
warmup-time = 28.028295278549194
all-measurements = [ 28.50729250907898, 27.639612197875977, 27.3169527053833,]
