best-result = 36.02998971939087
warmup-time = 35.6463942527771
all-measurements = [ 36.155529737472534, 36.233521938323975, 36.02998971939087,]
