best-result = 32.97260403633118
warmup-time = 35.75958228111267
all-measurements = [ 33.964834213256836, 33.003721714019775, 32.97260403633118,]
