best-result = 41.942140102386475
warmup-time = 45.06255650520325
all-measurements = [ 41.942140102386475, 42.94796586036682, 43.04391407966614,]
