best-result = 96.42418646812439
warmup-time = 99.53844046592712
all-measurements = [ 96.42418646812439, 96.75965428352356, 99.23726892471313,]
