best-result = 27.21256184577942
warmup-time = 28.83869957923889
all-measurements = [ 28.030619621276855, 28.906421661376953, 27.21256184577942,]
