best-result = 33.46683216094971
warmup-time = 35.27650499343872
all-measurements = [ 33.46683216094971, 34.11565113067627, 33.72357201576233,]
