best-result = 39.568583250045776
warmup-time = 39.37419033050537
all-measurements = [ 40.68143892288208, 39.77785611152649, 39.568583250045776,]
