best-result = 43.53507876396179
warmup-time = 45.63797092437744
all-measurements = [ 45.08413624763489, 45.34143042564392, 43.53507876396179,]
