best-result = 28.091812133789062
warmup-time = 28.10555362701416
all-measurements = [ 28.543930768966675, 28.091812133789062, 28.189964056015015,]
