best-result = 690.738867521286
warmup-time = 694.1202909946442
all-measurements = [ 695.9262180328369, 699.3812000751495, 690.738867521286,]
