best-result = 174.59420704841614
warmup-time = 181.66721057891846
all-measurements = [ 175.58158421516418, 174.59420704841614, 177.53536343574524,]
