best-result = 42.323434829711914
warmup-time = 44.52720642089844
all-measurements = [ 42.323434829711914, 43.32597303390503, 43.03097128868103,]
