best-result = 23.31676697731018
warmup-time = 23.417607069015503
all-measurements = [ 23.368721961975098, 23.39400315284729, 23.31676697731018,]
