best-result = 47.259479999542236
warmup-time = 64.0767912864685
all-measurements = [ 47.259479999542236, 48.13284873962402, 47.63933730125427,]
