best-result = 47.32688045501709
warmup-time = 58.15353775024414
all-measurements = [ 47.32688045501709, 47.62690329551697, 48.583688259124756,]
