best-result = 895.9475350379944
warmup-time = 1097.9920554161072
all-measurements = [ 897.3043129444122, 899.1658697128296, 895.9475350379944,]
