best-result = 86.83475875854492
warmup-time = 100.48508620262146
all-measurements = [ 87.12493896484375, 86.83475875854492, 87.05163359642029,]
