best-result = 992.8244135379791
warmup-time = 1021.9505586624146
all-measurements = [ 992.8815739154816, 992.8244135379791, 993.5997281074524,]
