best-result = 84.35119724273682
warmup-time = 105.95916795730591
all-measurements = [ 84.35119724273682, 85.16685962677002, 85.14710307121277,]
