best-result = 68.83768939971924
warmup-time = 87.91265511512756
all-measurements = [ 68.84979319572449, 68.83768939971924, 68.91872143745422,]
