best-result = 91.42533540725708
warmup-time = 104.90946435928345
all-measurements = [ 91.7289776802063, 91.42533540725708, 92.16422009468079,]
