best-result = 652.9704530239105
warmup-time = 668.6227853298187
all-measurements = [ 655.8905546665192, 652.9704530239105, 655.4179313182831,]
