best-result = 63.353564500808716
warmup-time = 80.02696871757507
all-measurements = [ 63.353564500808716, 63.70451807975769, 63.65727782249451,]
