best-result = 205.099112033844
warmup-time = 358.4050738811493
all-measurements = [ 206.67052626609802, 205.099112033844, 205.6107099056244,]
