best-result = 385.99131751060486
warmup-time = 830.2457792758942
all-measurements = [ 386.7867431640625, 385.99131751060486, 390.6489808559418,]
