best-result = 62.9848837852478
warmup-time = 79.27283978462219
all-measurements = [ 63.52260494232178, 63.48977565765381, 62.9848837852478,]
