best-result = 40.839457273483276
warmup-time = 48.86860632896423
all-measurements = [ 41.05346608161926, 41.24352788925171, 40.839457273483276,]
