best-result = 135.51669263839722
warmup-time = 168.03979325294495
all-measurements = [ 136.61032724380493, 136.46720719337463, 135.51669263839722,]
