best-result = 928.7559287548065
warmup-time = 994.5124208927155
all-measurements = [ 931.5216202735901, 928.7559287548065, 930.5755200386047,]
