best-result = 28.116155862808228
warmup-time = 36.627336502075195
all-measurements = [ 28.60304570198059, 28.116155862808228, 28.436199188232422,]
