best-result = 58.28344440460205
warmup-time = 71.05719256401062
all-measurements = [ 58.39174222946167, 59.13926362991333, 58.28344440460205,]
