best-result = 60.64524555206299
warmup-time = 74.89473152160645
all-measurements = [ 61.44850540161133, 60.64524555206299, 61.5148720741272,]
