best-result = 110.04917979240417
warmup-time = 139.61312675476074
all-measurements = [ 111.21145296096802, 111.05151462554932, 110.04917979240417,]
