best-result = 775.0036015510559
warmup-time = 848.1069514751434
all-measurements = [ 775.0036015510559, 784.1557505130768, 775.1877887248993,]
