best-result = 33.939377784729004
warmup-time = 41.79975938796997
all-measurements = [ 33.939377784729004, 34.50996994972229, 34.17465114593506,]
