best-result = 56.038451194763184
warmup-time = 71.02763652801514
all-measurements = [ 56.8256471157074, 56.37632203102112, 56.038451194763184,]
