best-result = 1623.4908225536346
warmup-time = 1802.7546401023865
all-measurements = [ 2755.317451477051, 1623.4908225536346, 2044.0399866104126,]
