best-result = 49.03784775733948
warmup-time = 69.30395913124084
all-measurements = [ 49.03784775733948, 49.07775092124939, 49.198343992233276,]
