best-result = 83.1273090839386
warmup-time = 103.94164800643921
all-measurements = [ 83.1273090839386, 83.38667607307434, 83.45515322685242,]
