best-result = 38.44853472709656
warmup-time = 47.3319296836853
all-measurements = [ 38.44853472709656, 38.64962649345398, 38.877076387405396,]
