best-result = 330.0657820701599
warmup-time = 475.36958289146423
all-measurements = [ 333.6773114204407, 330.0657820701599, 364.30233216285706,]
