best-result = 59.60482907295227
warmup-time = 59.755552530288696
all-measurements = [ 59.64762091636658, 59.60482907295227, 59.78751587867737,]
