best-result = 25.40028953552246
warmup-time = 25.631935834884644
all-measurements = [ 25.40028953552246, 25.964436292648315, 25.55420756340027,]
memory-traffic = 894
