best-result = 37.092185497283936
warmup-time = 37.71409058570862
all-measurements = [ 37.35064196586609, 37.31763529777527, 37.092185497283936,]
memory-traffic = 1166
