best-result = 32.13689565658569
warmup-time = 34.159608125686646
all-measurements = [ 32.13689565658569, 32.52826762199402, 32.31106877326965,]
memory-traffic = 975
