best-result = 264.2014467716217
warmup-time = 269.5626003742218
all-measurements = [ 265.43274974823, 264.57367753982544, 264.2014467716217,]
memory-traffic = 15271
