best-result = 36.30766820907593
warmup-time = 38.64060044288635
all-measurements = [ 37.79209327697754, 37.14311194419861, 36.30766820907593,]
memory-traffic = 960
