best-result = 40.59727382659912
warmup-time = 43.53695106506348
all-measurements = [ 41.056877851486206, 40.59727382659912, 42.0552237033844,]
memory-traffic = 1495
