best-result = 49.437082052230835
warmup-time = 53.54657459259033
all-measurements = [ 49.437082052230835, 50.307082653045654, 50.34367227554321,]
memory-traffic = 2254
