best-result = 34.86414170265198
warmup-time = 37.033397912979126
all-measurements = [ 34.86414170265198, 35.08174133300781, 35.450379848480225,]
memory-traffic = 1006
