best-result = 37.276281118392944
warmup-time = 40.47703552246094
all-measurements = [ 37.4171462059021, 37.65571737289429, 37.276281118392944,]
memory-traffic = 1221
