best-result = 59.57978439331055
warmup-time = 65.15533065795898
all-measurements = [ 63.410677671432495, 59.57978439331055, 60.86053228378296,]
memory-traffic = 2495
