best-result = 227.4744517803192
warmup-time = 234.48977041244507
all-measurements = [ 228.31157398223877, 227.4744517803192, 252.76763439178467,]
memory-traffic = 11899
