best-result = 519.6026089191437
warmup-time = 530.5839836597443
all-measurements = [ 519.6026089191437, 521.0930707454681, 525.6399025917053,]
memory-traffic = 35148
