best-result = 34.95105481147766
warmup-time = 38.871758222579956
all-measurements = [ 37.696367263793945, 34.95105481147766, 37.29991865158081,]
memory-traffic = 1192
