best-result = 62.38048553466797
warmup-time = 66.1171247959137
all-measurements = [ 63.37255811691284, 62.38048553466797, 62.40317630767822,]
memory-traffic = 2946
