best-result = 27.44306707382202
warmup-time = 30.075174570083618
all-measurements = [ 27.44306707382202, 27.96928882598877, 28.22106122970581,]
memory-traffic = 598
