best-result = 34.13052201271057
warmup-time = 37.916107177734375
all-measurements = [ 36.89623165130615, 34.13052201271057, 36.48519420623779,]
memory-traffic = 853
