best-result = 32.99540829658508
warmup-time = 35.056209564208984
all-measurements = [ 32.99540829658508, 33.17065763473511, 33.63504147529602,]
memory-traffic = 1026
