best-result = 43.86637258529663
warmup-time = 45.972450971603394
all-measurements = [ 44.70788621902466, 43.86637258529663, 44.078205823898315,]
memory-traffic = 1800
