best-result = 95.59110116958618
warmup-time = 99.824289560318
all-measurements = [ 95.59110116958618, 96.0670473575592, 98.72716879844666,]
memory-traffic = 5326
