best-result = 27.533692121505737
warmup-time = 30.75502610206604
all-measurements = [ 27.533692121505737, 27.81816267967224, 28.332793951034546,]
memory-traffic = 580
