best-result = 32.41244602203369
warmup-time = 35.6814444065094
all-measurements = [ 32.41244602203369, 34.89549469947815, 33.07562971115112,]
memory-traffic = 1000
