best-result = 89.2842309474945
warmup-time = 90.80698084831238
all-measurements = [ 91.78688311576843, 91.84334826469421, 89.2842309474945,]
memory-traffic = 7009
