best-result = 38.5799286365509
warmup-time = 41.671419858932495
all-measurements = [ 40.04021668434143, 38.5799286365509, 40.72776389122009,]
memory-traffic = 1394
