best-result = 42.31741380691528
warmup-time = 46.440696477890015
all-measurements = [ 44.96425127983093, 42.31741380691528, 45.97177171707153,]
memory-traffic = 1577
