best-result = 28.029455184936523
warmup-time = 30.53829312324524
all-measurements = [ 28.877910614013672, 28.029455184936523, 28.741786241531372,]
memory-traffic = 618
