best-result = 675.5777640342712
warmup-time = 706.2934515476227
all-measurements = [ 675.5777640342712, 687.2191286087036, 688.7427835464478,]
