best-result = 176.73498630523682
warmup-time = 180.31544065475464
all-measurements = [ 176.73498630523682, 176.8883774280548, 179.27553033828735,]
memory-traffic = 10990
