best-result = 43.00008201599121
warmup-time = 44.40804839134216
all-measurements = [ 46.221901178359985, 43.00008201599121, 44.81250047683716,]
memory-traffic = 1710
