best-result = 23.50687003135681
warmup-time = 23.466624975204468
all-measurements = [ 23.51766872406006, 23.713088035583496, 23.50687003135681,]
