best-result = 46.88817381858826
warmup-time = 65.17735052108765
all-measurements = [ 47.547375202178955, 47.14826583862305, 46.88817381858826,]
