best-result = 46.9827835559845
warmup-time = 58.54148197174072
all-measurements = [ 47.10670590400696, 46.9827835559845, 46.986390352249146,]
