best-result = 898.7841365337372
warmup-time = 1085.4911155700684
all-measurements = [ 899.5059351921082, 898.7841365337372, 903.1832935810089,]
