best-result = 85.5407657623291
warmup-time = 98.673574924469
all-measurements = [ 86.175048828125, 86.59420490264893, 85.5407657623291,]
