best-result = 985.7596457004547
warmup-time = 1019.9993019104004
all-measurements = [ 995.876177072525, 989.0045921802521, 985.7596457004547,]
