best-result = 82.71195960044861
warmup-time = 103.05982708930969
all-measurements = [ 82.80537033081055, 84.01243114471436, 82.71195960044861,]
