best-result = 68.24843621253967
warmup-time = 89.55606341362
all-measurements = [ 68.24843621253967, 68.53436207771301, 68.51540613174438,]
