best-result = 91.64627146720886
warmup-time = 104.50012636184692
all-measurements = [ 91.64627146720886, 91.95210266113281, 92.35727167129517,]
