best-result = 647.6623406410217
warmup-time = 668.4684619903564
all-measurements = [ 648.8903641700745, 647.9223327636719, 647.6623406410217,]
