best-result = 62.162872076034546
warmup-time = 79.79590392112732
all-measurements = [ 62.35419964790344, 62.64063262939453, 62.162872076034546,]
