best-result = 204.5996754169464
warmup-time = 362.85486674308777
all-measurements = [ 205.03597712516785, 204.5996754169464, 205.4539771080017,]
