best-result = 424.66551518440247
warmup-time = 868.2536616325378
all-measurements = [ 428.3371822834015, 427.1154158115387, 424.66551518440247,]
