best-result = 62.684436559677124
warmup-time = 78.8740804195404
all-measurements = [ 63.79755139350891, 63.13136649131775, 62.684436559677124,]
