best-result = 40.295021057128906
warmup-time = 48.525925159454346
all-measurements = [ 40.295021057128906, 41.18764042854309, 40.73357844352722,]
