best-result = 135.68224930763245
warmup-time = 167.8543782234192
all-measurements = [ 135.85804557800293, 135.68224930763245, 135.83612608909607,]
