best-result = 918.9509286880493
warmup-time = 981.6240186691284
all-measurements = [ 920.4921100139618, 922.0339109897614, 918.9509286880493,]
