best-result = 28.389237642288208
warmup-time = 36.75259613990784
all-measurements = [ 28.389237642288208, 28.475642681121826, 28.63141894340515,]
