best-result = 57.658427238464355
warmup-time = 70.10843801498413
all-measurements = [ 57.658427238464355, 57.754690170288086, 57.76363444328308,]
