best-result = 60.89182138442993
warmup-time = 76.30003905296326
all-measurements = [ 61.05643129348755, 60.89182138442993, 62.155688524246216,]
