best-result = 110.29448509216309
warmup-time = 137.64336490631104
all-measurements = [ 110.29448509216309, 110.44107413291931, 111.15539741516113,]
