best-result = 781.2714653015137
warmup-time = 847.8257915973663
all-measurements = [ 786.6908452510834, 781.2714653015137, 838.450520992279,]
