best-result = 34.29995656013489
warmup-time = 43.768816232681274
all-measurements = [ 34.38015103340149, 34.29995656013489, 35.44709396362305,]
