best-result = 56.139721155166626
warmup-time = 73.2878839969635
all-measurements = [ 56.152586698532104, 56.541237592697144, 56.139721155166626,]
