best-result = 1460.0073328018188
warmup-time = 1668.3752982616425
all-measurements = [ 1460.0073328018188, 2128.394478559494, 1721.2912237644196,]
