best-result = 48.91150641441345
warmup-time = 70.7747859954834
all-measurements = [ 49.063865423202515, 48.91150641441345, 49.17449688911438,]
