best-result = 81.58336520195007
warmup-time = 99.60283136367798
all-measurements = [ 81.58336520195007, 81.90275025367737, 81.98053193092346,]
