best-result = 37.444194078445435
warmup-time = 46.902613162994385
all-measurements = [ 37.65982365608215, 38.02193737030029, 37.444194078445435,]
