best-result = 342.0064356327057
warmup-time = 483.35752987861633
all-measurements = [ 347.3524315357208, 346.0995526313782, 342.0064356327057,]
