best-result = 59.191285371780396
warmup-time = 59.64970302581787
all-measurements = [ 59.72165274620056, 59.4007568359375, 59.191285371780396,]
