best-result = 24.682371616363525
warmup-time = 25.460369348526
all-measurements = [ 24.719670295715332, 25.10489821434021, 24.682371616363525,]
memory-traffic = 1380
