best-result = 35.32007312774658
warmup-time = 37.664679288864136
all-measurements = [ 37.27390670776367, 37.921687841415405, 35.32007312774658,]
memory-traffic = 1163
