best-result = 30.97287893295288
warmup-time = 32.57654428482056
all-measurements = [ 31.8610258102417, 31.900281190872192, 30.97287893295288,]
memory-traffic = 975
