best-result = 264.0459623336792
warmup-time = 269.0792589187622
all-measurements = [ 265.2701680660248, 271.53462862968445, 264.0459623336792,]
memory-traffic = 15295
