best-result = 35.29261350631714
warmup-time = 37.49146103858948
all-measurements = [ 35.29261350631714, 36.73417091369629, 35.84321689605713,]
memory-traffic = 967
