best-result = 40.769731521606445
warmup-time = 42.87158536911011
all-measurements = [ 42.12112998962402, 40.769731521606445, 41.15953993797302,]
memory-traffic = 1529
