best-result = 49.775044679641724
warmup-time = 51.91122817993164
all-measurements = [ 49.92880654335022, 49.775044679641724, 50.35137724876404,]
memory-traffic = 2267
