best-result = 33.19530177116394
warmup-time = 33.74197053909302
all-measurements = [ 33.19530177116394, 34.14493203163147, 38.420599937438965,]
memory-traffic = 1018
