best-result = 36.969064235687256
warmup-time = 46.28597903251648
all-measurements = [ 37.47395968437195, 37.42908954620361, 36.969064235687256,]
memory-traffic = 1232
