best-result = 58.69391322135925
warmup-time = 61.927199840545654
all-measurements = [ 62.109538316726685, 58.69391322135925, 59.69627642631531,]
memory-traffic = 2469
