best-result = 228.82977318763733
warmup-time = 233.89603734016418
all-measurements = [ 229.74813151359558, 230.73205852508545, 228.82977318763733,]
memory-traffic = 11920
