best-result = 526.2457394599915
warmup-time = 532.2377302646637
all-measurements = [ 526.2457394599915, 527.2553663253784, 528.9790725708008,]
memory-traffic = 35165
