best-result = 33.508901834487915
warmup-time = 38.002439737319946
all-measurements = [ 34.87612438201904, 36.39856839179993, 33.508901834487915,]
memory-traffic = 1219
