best-result = 62.50314235687256
warmup-time = 66.05984497070312
all-measurements = [ 65.16667699813843, 63.09999704360962, 62.50314235687256,]
memory-traffic = 2950
