best-result = 26.777616024017334
warmup-time = 28.684643745422363
all-measurements = [ 27.60087752342224, 26.887683868408203, 26.777616024017334,]
memory-traffic = 596
