best-result = 32.91295337677002
warmup-time = 37.61148953437805
all-measurements = [ 32.91295337677002, 35.605631589889526, 35.71810746192932,]
memory-traffic = 864
