best-result = 31.306613206863403
warmup-time = 33.61699342727661
all-measurements = [ 31.306613206863403, 33.29573059082031, 32.42255616188049,]
memory-traffic = 1030
