best-result = 41.33809518814087
warmup-time = 45.122478723526
all-measurements = [ 41.33809518814087, 43.41520619392395, 43.063003063201904,]
memory-traffic = 1809
