best-result = 97.56239366531372
warmup-time = 99.81743812561035
all-measurements = [ 98.35891222953796, 97.56239366531372, 97.90290784835815,]
memory-traffic = 5295
