best-result = 28.532101154327393
warmup-time = 30.309293508529663
all-measurements = [ 28.532101154327393, 28.705410480499268, 28.655023097991943,]
memory-traffic = 588
