best-result = 32.612053632736206
warmup-time = 34.94919538497925
all-measurements = [ 34.699817180633545, 32.612053632736206, 34.985942125320435,]
memory-traffic = 1012
