best-result = 85.4867115020752
warmup-time = 93.76998233795166
all-measurements = [ 85.4867115020752, 86.95451068878174, 85.91254234313965,]
memory-traffic = 6994
