best-result = 39.25363898277283
warmup-time = 40.779194355010986
all-measurements = [ 39.93178200721741, 39.25363898277283, 39.71430730819702,]
memory-traffic = 1352
