best-result = 42.64774823188782
warmup-time = 46.30487775802612
all-measurements = [ 43.84511423110962, 44.585174560546875, 42.64774823188782,]
memory-traffic = 1633
