best-result = 27.66265344619751
warmup-time = 29.94713830947876
all-measurements = [ 27.67746615409851, 28.618131637573242, 27.66265344619751,]
memory-traffic = 622
