best-result = 678.8706376552582
warmup-time = 706.0034713745117
all-measurements = [ 686.1456398963928, 678.8706376552582, 679.7364168167114,]
