best-result = 174.6087429523468
warmup-time = 179.62407612800598
all-measurements = [ 175.7200665473938, 174.6087429523468, 179.1127474308014,]
memory-traffic = 11022
