best-result = 42.96616792678833
warmup-time = 45.08331894874573
all-measurements = [ 44.32994246482849, 42.96616792678833, 44.73625922203064,]
memory-traffic = 1715
