best-result = 22.42964243888855
warmup-time = 22.572092294692993
all-measurements = [ 23.117335319519043, 22.79230785369873, 22.42964243888855,]
