best-result = 46.24337816238403
warmup-time = 64.27281427383423
all-measurements = [ 46.52385878562927, 46.24337816238403, 46.678274631500244,]
