best-result = 46.02285170555115
warmup-time = 59.09356069564819
all-measurements = [ 46.1932418346405, 46.114593744277954, 46.02285170555115,]
