best-result = 915.2530679702759
warmup-time = 1129.028446674347
all-measurements = [ 930.853878736496, 919.9923362731934, 915.2530679702759,]
