best-result = 84.53078937530518
warmup-time = 100.63565254211426
all-measurements = [ 84.53078937530518, 84.68432712554932, 85.96871376037598,]
