best-result = 976.6667511463165
warmup-time = 1011.4677350521088
all-measurements = [ 984.4308087825775, 976.6667511463165, 983.7023887634277,]
