best-result = 81.11173796653748
warmup-time = 103.09906435012817
all-measurements = [ 83.19127535820007, 82.18610095977783, 81.11173796653748,]
