best-result = 69.67272567749023
warmup-time = 91.42535424232483
all-measurements = [ 70.0218653678894, 69.71966981887817, 69.67272567749023,]
