best-result = 90.49513459205627
warmup-time = 104.60217952728271
all-measurements = [ 91.7400553226471, 90.49513459205627, 90.87798047065735,]
