best-result = 63.16457772254944
warmup-time = 74.83707571029663
all-measurements = [ 63.16457772254944, 63.66376543045044, 63.40203285217285,]
