best-result = 208.704576253891
warmup-time = 364.34781670570374
all-measurements = [ 208.704576253891, 209.4530189037323, 209.6965548992157,]
