best-result = 425.056024312973
warmup-time = 868.5402677059174
all-measurements = [ 425.056024312973, 430.91866278648376, 429.1065857410431,]
