best-result = 61.877193450927734
warmup-time = 79.27439880371094
all-measurements = [ 61.877193450927734, 62.11351442337036, 62.37664818763733,]
