best-result = 39.03804278373718
warmup-time = 48.02267122268677
all-measurements = [ 39.03804278373718, 39.40361833572388, 39.60939812660217,]
