best-result = 139.09290480613708
warmup-time = 171.55218529701233
all-measurements = [ 139.6204719543457, 139.09290480613708, 139.80825352668762,]
