best-result = 901.51216340065
warmup-time = 936.2837090492249
all-measurements = [ 906.6962146759033, 901.51216340065, 906.8146018981934,]
