best-result = 27.089776039123535
warmup-time = 36.08929991722107
all-measurements = [ 27.089776039123535, 27.241261959075928, 27.644561529159546,]
