best-result = 57.93886399269104
warmup-time = 71.46219682693481
all-measurements = [ 58.35297870635986, 58.11763000488281, 57.93886399269104,]
