best-result = 58.670464277267456
warmup-time = 74.84211826324463
all-measurements = [ 58.970091581344604, 58.670464277267456, 58.852972984313965,]
