best-result = 110.36087083816528
warmup-time = 138.8839933872223
all-measurements = [ 111.18520760536194, 110.36087083816528, 111.09300065040588,]
