best-result = 783.8778162002563
warmup-time = 854.4374604225159
all-measurements = [ 785.0013551712036, 784.6826825141907, 783.8778162002563,]
