best-result = 33.6312997341156
warmup-time = 42.31309366226196
all-measurements = [ 33.6312997341156, 34.28474688529968, 33.649816036224365,]
