best-result = 54.80223798751831
warmup-time = 70.32543158531189
all-measurements = [ 55.68944525718689, 55.09417724609375, 54.80223798751831,]
