best-result = 1341.9682013988495
warmup-time = 1694.7666523456573
all-measurements = [ 1635.9502546787262, 1341.9682013988495, 1624.2167673110962,]
