best-result = 48.90960669517517
warmup-time = 72.26988625526428
all-measurements = [ 49.33238410949707, 48.90960669517517, 49.77828288078308,]
