best-result = 78.1392617225647
warmup-time = 98.5037133693695
all-measurements = [ 79.60427451133728, 78.1392617225647, 78.6423876285553,]
