best-result = 36.619030475616455
warmup-time = 46.164501667022705
all-measurements = [ 36.619030475616455, 36.91248917579651, 36.95778560638428,]
