best-result = 345.69214606285095
warmup-time = 494.63121247291565
all-measurements = [ 345.69214606285095, 348.90342020988464, 350.925279378891,]
