best-result = 58.366568088531494
warmup-time = 59.08409380912781
all-measurements = [ 59.41955780982971, 58.366568088531494, 58.8243772983551,]
