best-result = 22.631087064743042
warmup-time = 22.63453435897827
all-measurements = [ 22.631087064743042, 22.86966061592102, 22.953643560409546,]
