best-result = 46.76490354537964
warmup-time = 74.05316281318665
all-measurements = [ 47.521334409713745, 46.76490354537964, 47.935089349746704,]
