best-result = 46.73697638511658
warmup-time = 58.52117609977722
all-measurements = [ 47.356255769729614, 46.73697638511658, 46.843095541000366,]
