best-result = 957.4245615005493
warmup-time = 1143.5283479690552
all-measurements = [ 958.4380841255188, 957.4245615005493, 960.8131523132324,]
