best-result = 84.89874339103699
warmup-time = 98.90646600723267
all-measurements = [ 85.58560633659363, 86.38794159889221, 84.89874339103699,]
