best-result = 80.12713861465454
warmup-time = 101.65792155265808
all-measurements = [ 80.55949783325195, 80.12713861465454, 80.79117250442505,]
