best-result = 69.8207437992096
warmup-time = 94.58019185066223
all-measurements = [ 69.8207437992096, 70.74066114425659, 70.06887888908386,]
