best-result = 90.45599365234375
warmup-time = 104.4434163570404
all-measurements = [ 90.74016118049622, 90.45599365234375, 91.029226064682,]
