best-result = 615.4321384429932
warmup-time = 631.9636182785034
all-measurements = [ 615.4321384429932, 619.9447360038757, 616.7583146095276,]
