best-result = 64.39330172538757
warmup-time = 81.22333860397339
all-measurements = [ 65.20619225502014, 64.65237522125244, 64.39330172538757,]
