best-result = 218.80527353286743
warmup-time = 377.6080300807953
all-measurements = [ 218.80527353286743, 220.33107662200928, 220.43851256370544,]
