best-result = 445.35039949417114
warmup-time = 895.9337236881256
all-measurements = [ 449.556866645813, 445.35039949417114, 449.67139530181885,]
