best-result = 61.65278744697571
warmup-time = 79.9432168006897
all-measurements = [ 61.72584629058838, 61.65278744697571, 62.07881164550781,]
