best-result = 865.2574632167816
warmup-time = 891.7643265724182
all-measurements = [ 874.8860611915588, 865.2574632167816, 869.2644834518433,]
