best-result = 27.207287549972534
warmup-time = 35.93199300765991
all-measurements = [ 27.3797709941864, 27.207287549972534, 27.868518352508545,]
