best-result = 57.96246361732483
warmup-time = 71.69218635559082
all-measurements = [ 57.96246361732483, 58.21130156517029, 58.20049428939819,]
