best-result = 58.85602593421936
warmup-time = 70.8835608959198
all-measurements = [ 58.85602593421936, 59.04750633239746, 59.411301136016846,]
