best-result = 109.57699871063232
warmup-time = 138.534588098526
all-measurements = [ 110.59541296958923, 110.42362236976624, 109.57699871063232,]
