best-result = 775.7979288101196
warmup-time = 842.719001531601
all-measurements = [ 778.5399284362793, 775.7979288101196, 777.6055819988251,]
