best-result = 34.0288827419281
warmup-time = 41.21237373352051
all-measurements = [ 34.07580232620239, 34.064648151397705, 34.0288827419281,]
