best-result = 53.81960988044739
warmup-time = 68.66808700561523
all-measurements = [ 54.22456645965576, 53.81960988044739, 62.058300733566284,]
