best-result = 2028.3323221206665
warmup-time = 2109.898334503174
all-measurements = [ 2122.4250767230988, 2476.0344290733337, 2028.3323221206665,]
