best-result = 49.87920904159546
warmup-time = 71.57933354377747
all-measurements = [ 49.87920904159546, 50.214733600616455, 50.45012712478638,]
