best-result = 80.25273203849792
warmup-time = 102.88019156455994
all-measurements = [ 80.4936089515686, 80.25273203849792, 81.33460426330566,]
