best-result = 36.42944812774658
warmup-time = 45.733797550201416
all-measurements = [ 36.51411509513855, 36.42944812774658, 36.48889422416687,]
