best-result = 342.3596258163452
warmup-time = 478.1717486381531
all-measurements = [ 343.30710554122925, 342.3596258163452, 342.83487272262573,]
