best-result = 103.77535963058472
warmup-time = 104.36712980270386
all-measurements = [ 103.77535963058472, 104.8468189239502, 104.35617327690125,]
