best-result = 25.73108196258545
warmup-time = 25.814132928848267
all-measurements = [ 25.73108196258545, 25.888846158981323, 25.872882604599,]
