best-result = 36.669612646102905
warmup-time = 38.82167029380798
all-measurements = [ 38.51623773574829, 36.669612646102905, 38.36909317970276,]
