best-result = 31.949936151504517
warmup-time = 33.85705351829529
all-measurements = [ 32.674176931381226, 33.238354206085205, 31.949936151504517,]
