best-result = 268.73243498802185
warmup-time = 274.60129475593567
all-measurements = [ 268.73243498802185, 271.1296067237854, 269.76599621772766,]
