best-result = 36.82060790061951
warmup-time = 37.696016788482666
all-measurements = [ 36.824448347091675, 36.82060790061951, 37.09289026260376,]
