best-result = 42.875657081604004
warmup-time = 42.661781549453735
all-measurements = [ 42.875657081604004, 43.480618476867676, 43.26935291290283,]
