best-result = 46.07238411903381
warmup-time = 47.24515199661255
all-measurements = [ 47.225027084350586, 46.07238411903381, 47.334238052368164,]
