best-result = 34.25405955314636
warmup-time = 34.367849588394165
all-measurements = [ 34.991716146469116, 34.25405955314636, 35.213032960891724,]
