best-result = 37.832796573638916
warmup-time = 38.2975640296936
all-measurements = [ 37.832796573638916, 38.44896864891052, 38.90256929397583,]
