best-result = 63.10946297645569
warmup-time = 63.977521896362305
all-measurements = [ 63.325907468795776, 69.18558645248413, 63.10946297645569,]
