best-result = 220.8457055091858
warmup-time = 224.44713306427002
all-measurements = [ 221.42965292930603, 220.8457055091858, 223.81916689872742,]
