best-result = 35.01471304893494
warmup-time = 38.482409954071045
all-measurements = [ 35.01471304893494, 37.07020616531372, 35.631757497787476,]
