best-result = 64.16865825653076
warmup-time = 67.75719332695007
all-measurements = [ 64.51167893409729, 66.06632161140442, 64.16865825653076,]
