best-result = 26.888334035873413
warmup-time = 27.47376537322998
all-measurements = [ 26.888334035873413, 27.6113224029541, 27.685189962387085,]
