best-result = 35.312211751937866
warmup-time = 35.782798290252686
all-measurements = [ 35.565290451049805, 35.4998414516449, 35.312211751937866,]
