best-result = 33.321837425231934
warmup-time = 33.594218254089355
all-measurements = [ 33.372496366500854, 33.321837425231934, 34.294785022735596,]
