best-result = 44.23642420768738
warmup-time = 43.3040075302124
all-measurements = [ 44.23642420768738, 44.415308237075806, 45.28348135948181,]
