best-result = 101.70088291168213
warmup-time = 103.54305243492126
all-measurements = [ 102.00922417640686, 102.54899406433105, 101.70088291168213,]
