best-result = 27.67519760131836
warmup-time = 29.424777269363403
all-measurements = [ 27.67519760131836, 28.65276336669922, 29.35735821723938,]
