best-result = 33.74291014671326
warmup-time = 35.43770933151245
all-measurements = [ 33.74291014671326, 34.94601058959961, 33.75628876686096,]
