best-result = 91.7225911617279
warmup-time = 107.37447428703308
all-measurements = [ 91.7225911617279, 110.10771918296814, 114.33506536483765,]
