best-result = 39.224010944366455
warmup-time = 40.72893929481506
all-measurements = [ 39.42195987701416, 39.224010944366455, 40.41141128540039,]
