best-result = 43.14597129821777
warmup-time = 48.21772646903992
all-measurements = [ 45.205931425094604, 43.14597129821777, 45.41464614868164,]
