best-result = 28.997282028198242
warmup-time = 29.353683710098267
all-measurements = [ 28.997282028198242, 29.40032935142517, 29.029380321502686,]
