best-result = 165.24933886528015
warmup-time = 170.38424372673035
all-measurements = [ 165.24933886528015, 168.16539859771729, 165.79551434516907,]
