best-result = 44.56054210662842
warmup-time = 47.449501276016235
all-measurements = [ 44.56054210662842, 44.62752056121826, 45.964677572250366,]
