best-result = 23.085813999176025
warmup-time = 23.597694158554077
all-measurements = [ 23.085813999176025, 23.23910164833069, 23.568490982055664,]
