best-result = 47.09534788131714
warmup-time = 62.4730920791626
all-measurements = [ 47.09534788131714, 47.845385789871216, 47.09875512123108,]
