best-result = 46.92991614341736
warmup-time = 58.831371784210205
all-measurements = [ 47.077993631362915, 46.92991614341736, 47.539366006851196,]
