best-result = 889.0369460582733
warmup-time = 1107.07941031456
all-measurements = [ 896.156733751297, 897.4805693626404, 889.0369460582733,]
