best-result = 86.04974722862244
warmup-time = 100.1250491142273
all-measurements = [ 87.19726634025574, 86.62244176864624, 86.04974722862244,]
