best-result = 989.7031269073486
warmup-time = 1021.2484636306763
all-measurements = [ 990.9321522712708, 989.7031269073486, 990.5854513645172,]
