best-result = 84.30001068115234
warmup-time = 104.58606290817261
all-measurements = [ 85.07415986061096, 84.85360765457153, 84.30001068115234,]
