best-result = 68.47773385047913
warmup-time = 88.87969875335693
all-measurements = [ 68.82807540893555, 68.47773385047913, 69.37572860717773,]
