best-result = 91.46028590202332
warmup-time = 105.58517622947693
all-measurements = [ 91.46028590202332, 92.48509979248047, 92.5416202545166,]
