best-result = 651.6799681186676
warmup-time = 667.5784735679626
all-measurements = [ 651.6799681186676, 653.731593132019, 656.7950260639191,]
