best-result = 62.55291509628296
warmup-time = 76.34597826004028
all-measurements = [ 63.05787658691406, 63.28445506095886, 62.55291509628296,]
