best-result = 205.09478950500488
warmup-time = 355.7755422592163
all-measurements = [ 205.5197205543518, 206.11974167823792, 205.09478950500488,]
