best-result = 386.4927182197571
warmup-time = 834.0944173336029
all-measurements = [ 386.4927182197571, 390.8409221172333, 392.480060338974,]
