best-result = 63.220916986465454
warmup-time = 81.16756892204285
all-measurements = [ 63.220916986465454, 64.53844356536865, 64.0160870552063,]
