best-result = 40.13063931465149
warmup-time = 47.60756993293762
all-measurements = [ 40.63694214820862, 40.28512120246887, 40.13063931465149,]
