best-result = 137.0628170967102
warmup-time = 166.1300332546234
all-measurements = [ 137.0628170967102, 137.54751920700073, 137.63511753082275,]
