best-result = 929.4985809326172
warmup-time = 967.3860702514648
all-measurements = [ 929.4985809326172, 933.20117354393, 940.3900485038757,]
