best-result = 28.133227825164795
warmup-time = 38.19667887687683
all-measurements = [ 28.54702377319336, 28.133227825164795, 28.24365258216858,]
