best-result = 57.668612241744995
warmup-time = 70.24161291122437
all-measurements = [ 58.186094522476196, 58.461897134780884, 57.668612241744995,]
