best-result = 60.888943672180176
warmup-time = 74.27420496940613
all-measurements = [ 60.888943672180176, 62.025238037109375, 61.760281562805176,]
