best-result = 110.81453514099121
warmup-time = 137.53189945220947
all-measurements = [ 110.94618153572083, 110.81453514099121, 111.09899997711182,]
