best-result = 775.9188911914825
warmup-time = 843.8161137104034
all-measurements = [ 778.6818783283234, 777.2577540874481, 775.9188911914825,]
