best-result = 34.14024829864502
warmup-time = 42.32874774932861
all-measurements = [ 34.583069801330566, 34.16882371902466, 34.14024829864502,]
