best-result = 55.93848752975464
warmup-time = 72.06286978721619
all-measurements = [ 56.04232597351074, 56.77363133430481, 55.93848752975464,]
