best-result = 1375.0153164863586
warmup-time = 2081.506242990494
all-measurements = [ 1375.0153164863586, 1699.4223606586456, 1510.0812029838562,]
