best-result = 49.08613324165344
warmup-time = 69.55119347572327
all-measurements = [ 49.371986389160156, 49.59341621398926, 49.08613324165344,]
