best-result = 84.04293632507324
warmup-time = 100.87422037124634
all-measurements = [ 84.17575407028198, 84.30301260948181, 84.04293632507324,]
