best-result = 38.25458359718323
warmup-time = 46.95456552505493
all-measurements = [ 38.25458359718323, 38.408352851867676, 38.65323567390442,]
