best-result = 333.19003343582153
warmup-time = 471.3921856880188
all-measurements = [ 339.1297914981842, 337.8081319332123, 333.19003343582153,]
