best-result = 59.618518114089966
warmup-time = 60.39226245880127
all-measurements = [ 59.65051984786987, 60.07376408576965, 59.618518114089966,]
