best-result = 22.81398105621338
warmup-time = 22.64282774925232
all-measurements = [ 22.81398105621338, 22.898321866989136, 22.936868906021118,]
