best-result = 46.20968675613403
warmup-time = 64.07653641700745
all-measurements = [ 46.96931862831116, 46.20968675613403, 46.55472779273987,]
