best-result = 46.02560472488403
warmup-time = 57.910521030426025
all-measurements = [ 46.10081338882446, 46.16900610923767, 46.02560472488403,]
