best-result = 895.2503786087036
warmup-time = 1108.0150918960571
all-measurements = [ 895.2503786087036, 900.7146525382996, 898.1493310928345,]
