best-result = 84.53556680679321
warmup-time = 100.1687695980072
all-measurements = [ 84.67230296134949, 85.27436566352844, 84.53556680679321,]
