best-result = 979.3939642906189
warmup-time = 1008.2904000282288
all-measurements = [ 979.3939642906189, 980.6443610191345, 980.6180050373077,]
