best-result = 81.19228053092957
warmup-time = 104.55158305168152
all-measurements = [ 81.24222946166992, 81.19228053092957, 81.96122694015503,]
