best-result = 67.2790915966034
warmup-time = 87.05224180221558
all-measurements = [ 67.91196346282959, 67.47169184684753, 67.2790915966034,]
