best-result = 91.10009503364563
warmup-time = 105.67524647712708
all-measurements = [ 91.81371665000916, 91.10009503364563, 91.98071503639221,]
