best-result = 641.3836185932159
warmup-time = 657.6155135631561
all-measurements = [ 647.7812328338623, 641.3836185932159, 644.6173815727234,]
