best-result = 61.041515588760376
warmup-time = 75.98303580284119
all-measurements = [ 61.82173466682434, 61.46506857872009, 61.041515588760376,]
