best-result = 204.86356663703918
warmup-time = 356.58117032051086
all-measurements = [ 204.86356663703918, 205.7760729789734, 207.4161398410797,]
