best-result = 423.31273460388184
warmup-time = 867.6740419864655
all-measurements = [ 423.31273460388184, 424.8761639595032, 425.87705874443054,]
