best-result = 61.865721702575684
warmup-time = 82.09508895874023
all-measurements = [ 61.92012667655945, 61.94567680358887, 61.865721702575684,]
