best-result = 39.983603715896606
warmup-time = 47.74562406539917
all-measurements = [ 40.093661069869995, 39.983603715896606, 40.083545446395874,]
