best-result = 132.8737907409668
warmup-time = 157.37734603881836
all-measurements = [ 132.98765182495117, 133.49969506263733, 132.8737907409668,]
