best-result = 897.1727285385132
warmup-time = 927.3514394760132
all-measurements = [ 897.1727285385132, 936.9935202598572, 897.2057938575745,]
