best-result = 27.454727172851562
warmup-time = 35.40616464614868
all-measurements = [ 27.660329580307007, 27.597336053848267, 27.454727172851562,]
