best-result = 57.01225423812866
warmup-time = 70.13634157180786
all-measurements = [ 57.53724026679993, 57.89931130409241, 57.01225423812866,]
