best-result = 58.897141218185425
warmup-time = 73.1139645576477
all-measurements = [ 58.897141218185425, 60.058221101760864, 59.97946119308472,]
