best-result = 109.42099690437317
warmup-time = 137.73990631103516
all-measurements = [ 109.42099690437317, 109.4356210231781, 109.75864267349243,]
