best-result = 773.714601278305
warmup-time = 846.6819248199463
all-measurements = [ 778.2498269081116, 775.0165667533875, 773.714601278305,]
