best-result = 33.75035357475281
warmup-time = 43.03978610038757
all-measurements = [ 33.83444786071777, 34.25898337364197, 33.75035357475281,]
