best-result = 55.04345154762268
warmup-time = 70.6020736694336
all-measurements = [ 55.04345154762268, 55.151713848114014, 55.52673387527466,]
