best-result = 1471.7997465133667
warmup-time = 2574.802563428879
all-measurements = [ 1471.7997465133667, 1953.5589752197266, 2506.1149225234985,]
