best-result = 48.0875608921051
warmup-time = 69.12984824180603
all-measurements = [ 48.567277669906616, 48.0875608921051, 48.28755831718445,]
