best-result = 77.6810073852539
warmup-time = 98.05057072639465
all-measurements = [ 77.84857082366943, 77.6810073852539, 78.16117715835571,]
