best-result = 36.571672677993774
warmup-time = 46.605212450027466
all-measurements = [ 36.571672677993774, 36.936500549316406, 36.78274130821228,]
