best-result = 333.0033166408539
warmup-time = 475.4690408706665
all-measurements = [ 333.0033166408539, 336.89878964424133, 334.05241084098816,]
