best-result = 58.34404158592224
warmup-time = 58.7474844455719
all-measurements = [ 58.99209022521973, 59.70438194274902, 58.34404158592224,]
