best-result = 25.333220720291138
warmup-time = 25.74499821662903
all-measurements = [ 25.333220720291138, 25.72166347503662, 26.270971298217773,]
