best-result = 36.51861906051636
warmup-time = 39.680227279663086
all-measurements = [ 37.2173171043396, 37.7952995300293, 36.51861906051636,]
