best-result = 31.811967849731445
warmup-time = 31.916552543640137
all-measurements = [ 31.811967849731445, 32.544440031051636, 32.27311062812805,]
