best-result = 267.1551818847656
warmup-time = 270.4569351673126
all-measurements = [ 270.8323233127594, 267.1551818847656, 268.79822874069214,]
