best-result = 36.114325523376465
warmup-time = 36.7437698841095
all-measurements = [ 36.114325523376465, 37.463149309158325, 36.737488746643066,]
