best-result = 42.66366171836853
warmup-time = 40.8805570602417
all-measurements = [ 43.62182068824768, 42.66366171836853, 43.02722525596619,]
