best-result = 50.653438091278076
warmup-time = 51.318274974823
all-measurements = [ 52.19178485870361, 51.371806144714355, 50.653438091278076,]
