best-result = 33.15305185317993
warmup-time = 33.847360610961914
all-measurements = [ 33.15305185317993, 34.95992612838745, 34.439693450927734,]
