best-result = 37.19182014465332
warmup-time = 38.69517374038696
all-measurements = [ 37.19182014465332, 37.94671082496643, 38.49760127067566,]
