best-result = 57.704078912734985
warmup-time = 58.124852895736694
all-measurements = [ 57.704078912734985, 59.603854179382324, 60.8982880115509,]
