best-result = 231.5402865409851
warmup-time = 235.42929553985596
all-measurements = [ 232.59354877471924, 234.51294898986816, 231.5402865409851,]
