best-result = 527.5771639347076
warmup-time = 529.6031618118286
all-measurements = [ 529.6514854431152, 529.7066597938538, 527.5771639347076,]
