best-result = 34.120258808135986
warmup-time = 38.18442893028259
all-measurements = [ 35.33147597312927, 34.120258808135986, 36.73663806915283,]
