best-result = 62.690067291259766
warmup-time = 63.57788300514221
all-measurements = [ 62.690067291259766, 62.867719650268555, 65.38785552978516,]
