best-result = 27.651788234710693
warmup-time = 28.267564296722412
all-measurements = [ 28.25282049179077, 27.682624101638794, 27.651788234710693,]
