best-result = 33.00609755516052
warmup-time = 36.84083032608032
all-measurements = [ 33.00609755516052, 36.69593358039856, 36.25058388710022,]
