best-result = 32.978304624557495
warmup-time = 33.81119108200073
all-measurements = [ 33.468857526779175, 32.978304624557495, 33.529163122177124,]
