best-result = 42.82477116584778
warmup-time = 43.78547024726868
all-measurements = [ 43.955440282821655, 42.82477116584778, 42.8887255191803,]
