best-result = 98.03504014015198
warmup-time = 98.3813579082489
all-measurements = [ 98.71320843696594, 98.03504014015198, 99.59564518928528,]
