best-result = 27.452189683914185
warmup-time = 27.330826997756958
all-measurements = [ 28.771565437316895, 28.167842864990234, 27.452189683914185,]
