best-result = 34.27760100364685
warmup-time = 34.80528283119202
all-measurements = [ 34.27760100364685, 35.57262182235718, 34.67819833755493,]
