best-result = 39.38720226287842
warmup-time = 40.93746376037598
all-measurements = [ 39.38720226287842, 41.173222064971924, 39.97406888008118,]
