best-result = 43.31103301048279
warmup-time = 46.32606506347656
all-measurements = [ 43.80427002906799, 43.31103301048279, 46.46801042556763,]
