best-result = 28.382261753082275
warmup-time = 28.3212149143219
all-measurements = [ 29.177664518356323, 28.55106472969055, 28.382261753082275,]
