best-result = 693.8373980522156
warmup-time = 721.1426455974579
all-measurements = [ 693.8373980522156, 699.0347521305084, 698.3102359771729,]
