best-result = 178.4165518283844
warmup-time = 179.69264912605286
all-measurements = [ 182.34168601036072, 178.4165518283844, 180.0992112159729,]
