best-result = 43.01806116104126
warmup-time = 43.115386724472046
all-measurements = [ 44.90717267990112, 44.811403036117554, 43.01806116104126,]
