best-result = 24.895658254623413
warmup-time = 25.05120611190796
all-measurements = [ 24.895658254623413, 25.18589949607849, 24.994391202926636,]
