best-result = 35.64232015609741
warmup-time = 38.52712678909302
all-measurements = [ 36.58098888397217, 37.052833557128906, 35.64232015609741,]
