best-result = 31.313291788101196
warmup-time = 31.464561939239502
all-measurements = [ 32.18840503692627, 31.370596170425415, 31.313291788101196,]
