best-result = 273.95246624946594
warmup-time = 279.9685597419739
all-measurements = [ 273.95246624946594, 274.7592022418976, 276.5374803543091,]
