best-result = 35.40721106529236
warmup-time = 36.761638164520264
all-measurements = [ 35.40721106529236, 35.59629487991333, 35.741050243377686,]
