best-result = 40.70129942893982
warmup-time = 40.70095252990723
all-measurements = [ 41.28075909614563, 42.995954513549805, 40.70129942893982,]
