best-result = 50.02546048164368
warmup-time = 52.53317403793335
all-measurements = [ 51.687816858291626, 50.02546048164368, 50.1301908493042,]
