best-result = 33.73287010192871
warmup-time = 35.058645486831665
all-measurements = [ 33.803670167922974, 34.655587911605835, 33.73287010192871,]
