best-result = 36.96635675430298
warmup-time = 37.53834509849548
all-measurements = [ 38.125242471694946, 36.96635675430298, 37.714077949523926,]
