best-result = 60.63725161552429
warmup-time = 57.27968406677246
all-measurements = [ 61.997979402542114, 60.889862060546875, 60.63725161552429,]
