best-result = 241.14813923835754
warmup-time = 245.1530830860138
all-measurements = [ 241.14813923835754, 242.6088309288025, 241.54771184921265,]
