best-result = 547.8442602157593
warmup-time = 549.2660193443298
all-measurements = [ 550.7285795211792, 548.8528959751129, 547.8442602157593,]
