best-result = 35.263355016708374
warmup-time = 37.27538323402405
all-measurements = [ 37.87883734703064, 35.33142709732056, 35.263355016708374,]
