best-result = 64.02444958686829
warmup-time = 66.749680519104
all-measurements = [ 64.02444958686829, 67.80935788154602, 65.77317309379578,]
