best-result = 26.866077184677124
warmup-time = 27.130425691604614
all-measurements = [ 26.866077184677124, 27.449772596359253, 27.493377208709717,]
