best-result = 35.87398433685303
warmup-time = 32.72256398200989
all-measurements = [ 36.32033014297485, 36.22675800323486, 35.87398433685303,]
