best-result = 32.11083483695984
warmup-time = 32.4055449962616
all-measurements = [ 33.46619963645935, 32.11083483695984, 33.167723178863525,]
