best-result = 42.70502948760986
warmup-time = 43.923513650894165
all-measurements = [ 42.82574272155762, 43.918643951416016, 42.70502948760986,]
