best-result = 98.98708915710449
warmup-time = 100.94276833534241
all-measurements = [ 98.98708915710449, 99.90503668785095, 99.0495285987854,]
