best-result = 27.265018701553345
warmup-time = 27.476765871047974
all-measurements = [ 27.265018701553345, 27.712262630462646, 27.35814666748047,]
