best-result = 33.106539726257324
warmup-time = 33.24586534500122
all-measurements = [ 33.86168384552002, 33.106539726257324, 33.22458100318909,]
