best-result = 38.85540461540222
warmup-time = 41.35579466819763
all-measurements = [ 39.22827863693237, 38.85540461540222, 40.152265310287476,]
