best-result = 44.06068563461304
warmup-time = 45.14430856704712
all-measurements = [ 44.20495676994324, 44.06068563461304, 44.82781219482422,]
