best-result = 27.874000072479248
warmup-time = 28.095667362213135
all-measurements = [ 27.874000072479248, 28.047951221466064, 28.250529766082764,]
