best-result = 701.173830986023
warmup-time = 733.7480218410492
all-measurements = [ 709.8329212665558, 701.173830986023, 710.6921076774597,]
