best-result = 180.3742172718048
warmup-time = 179.96653270721436
all-measurements = [ 184.7070508003235, 180.3742172718048, 183.3576683998108,]
