best-result = 42.99185752868652
warmup-time = 43.89133381843567
all-measurements = [ 42.99185752868652, 44.30320978164673, 43.27328872680664,]
