best-result = 25.756184577941895
warmup-time = 25.79036593437195
all-measurements = [ 25.814518690109253, 26.484144926071167, 25.756184577941895,]
