best-result = 37.4202299118042
warmup-time = 40.06112861633301
all-measurements = [ 37.4202299118042, 38.11411428451538, 37.67674660682678,]
