best-result = 30.422858238220215
warmup-time = 31.700688123703003
all-measurements = [ 30.422858238220215, 31.67182946205139, 31.1215181350708,]
