best-result = 263.9993510246277
warmup-time = 273.32180619239807
all-measurements = [ 263.9993510246277, 268.17671036720276, 267.9559905529022,]
