best-result = 36.80345034599304
warmup-time = 37.684266328811646
all-measurements = [ 37.76776647567749, 36.80345034599304, 37.77756643295288,]
