best-result = 41.382609605789185
warmup-time = 41.76451897621155
all-measurements = [ 43.057740688323975, 41.382609605789185, 42.12789034843445,]
