best-result = 49.10493040084839
warmup-time = 50.18570113182068
all-measurements = [ 49.500560998916626, 50.24363136291504, 49.10493040084839,]
