best-result = 33.86765813827515
warmup-time = 34.41953158378601
all-measurements = [ 34.70483875274658, 34.50821113586426, 33.86765813827515,]
