best-result = 37.45029282569885
warmup-time = 38.53547286987305
all-measurements = [ 37.932496786117554, 38.345128774642944, 37.45029282569885,]
