best-result = 59.80703258514404
warmup-time = 62.74955725669861
all-measurements = [ 61.04616594314575, 59.80703258514404, 67.78172159194946,]
