best-result = 225.13339519500732
warmup-time = 228.55757522583008
all-measurements = [ 225.13339519500732, 227.35089564323425, 229.1020336151123,]
