best-result = 522.0374014377594
warmup-time = 527.4085211753845
all-measurements = [ 522.0374014377594, 522.1966481208801, 522.4146564006805,]
