best-result = 36.63694381713867
warmup-time = 37.456403970718384
all-measurements = [ 37.0215528011322, 36.63694381713867, 37.31425881385803,]
