best-result = 74.67380905151367
warmup-time = 75.871022939682
all-measurements = [ 80.50836992263794, 74.67380905151367, 77.91802763938904,]
