best-result = 62.380128383636475
warmup-time = 64.95727229118347
all-measurements = [ 62.380128383636475, 64.88037180900574, 64.48909950256348,]
