best-result = 27.900808572769165
warmup-time = 27.953429460525513
all-measurements = [ 28.675098180770874, 27.900808572769165, 28.903182983398438,]
