best-result = 32.43393874168396
warmup-time = 36.218594551086426
all-measurements = [ 32.498823165893555, 32.43393874168396, 35.99384069442749,]
