best-result = 33.950944662094116
warmup-time = 34.21304798126221
all-measurements = [ 34.554222106933594, 33.950944662094116, 34.28774285316467,]
