best-result = 42.38453197479248
warmup-time = 42.45853662490845
all-measurements = [ 43.36448645591736, 42.38453197479248, 43.30546760559082,]
