best-result = 96.67467999458313
warmup-time = 97.15051317214966
all-measurements = [ 96.67467999458313, 96.76395797729492, 100.48754572868347,]
