best-result = 28.15203070640564
warmup-time = 29.220269918441772
all-measurements = [ 29.857561111450195, 29.38391637802124, 28.15203070640564,]
