best-result = 34.38810586929321
warmup-time = 35.3745539188385
all-measurements = [ 34.38810586929321, 34.514370918273926, 36.78148317337036,]
