best-result = 92.53059363365173
warmup-time = 95.55193376541138
all-measurements = [ 98.64691543579102, 96.70760250091553, 92.53059363365173,]
