best-result = 38.77544975280762
warmup-time = 39.65075063705444
all-measurements = [ 39.52158212661743, 39.35357356071472, 38.77544975280762,]
