best-result = 45.222829818725586
warmup-time = 44.97244453430176
all-measurements = [ 45.222829818725586, 45.94710946083069, 45.777390003204346,]
