best-result = 28.522621870040894
warmup-time = 28.50770854949951
all-measurements = [ 28.697320222854614, 28.522621870040894, 29.021419763565063,]
