best-result = 708.1944284439087
warmup-time = 728.0741109848022
all-measurements = [ 723.9793615341187, 712.1038112640381, 708.1944284439087,]
