best-result = 172.63269519805908
warmup-time = 177.16421747207642
all-measurements = [ 175.16357707977295, 174.41559433937073, 172.63269519805908,]
