best-result = 68.18140482902527
warmup-time = 70.7704725265503
all-measurements = [ 68.18140482902527, 68.65064716339111, 69.61640334129333,]
