best-result = 21.249295234680176
warmup-time = 21.745683431625366
all-measurements = [ 21.496312618255615, 21.78827667236328, 21.249295234680176,]
