best-result = 47.47167372703552
warmup-time = 63.611629009246826
all-measurements = [ 47.544090032577515, 47.607818603515625, 47.47167372703552,]
