best-result = 46.5153226852417
warmup-time = 58.78450965881348
all-measurements = [ 46.86812877655029, 46.5153226852417, 46.544766902923584,]
