best-result = 969.3211007118225
warmup-time = 1169.974062204361
all-measurements = [ 972.559446811676, 976.4150948524475, 969.3211007118225,]
