best-result = 81.16473484039307
warmup-time = 94.70248341560364
all-measurements = [ 81.51053476333618, 81.16473484039307, 81.86222457885742,]
