best-result = 77.8298008441925
warmup-time = 98.88981461524963
all-measurements = [ 78.26440286636353, 77.84152221679688, 77.8298008441925,]
