best-result = 69.01576733589172
warmup-time = 91.52189183235168
all-measurements = [ 69.10649108886719, 69.01576733589172, 69.2003984451294,]
