best-result = 83.83552575111389
warmup-time = 98.51679992675781
all-measurements = [ 83.83552575111389, 84.06785607337952, 84.72161626815796,]
