best-result = 588.2384343147278
warmup-time = 607.3514249324799
all-measurements = [ 595.064425945282, 588.2384343147278, 593.8543817996979,]
