best-result = 61.90791153907776
warmup-time = 78.08017373085022
all-measurements = [ 61.9950590133667, 61.90791153907776, 62.273393392562866,]
