best-result = 228.91467094421387
warmup-time = 395.5028803348541
all-measurements = [ 232.43425631523132, 228.91467094421387, 229.04085326194763,]
