best-result = 442.4041328430176
warmup-time = 912.004953622818
all-measurements = [ 446.02837347984314, 442.4041328430176, 444.410719871521,]
