best-result = 59.767313718795776
warmup-time = 75.93363952636719
all-measurements = [ 59.767313718795776, 60.11043405532837, 60.10281276702881,]
