best-result = 850.0506753921509
warmup-time = 888.5065202713013
all-measurements = [ 880.8145847320557, 861.4089393615723, 850.0506753921509,]
