best-result = 26.68062925338745
warmup-time = 36.03926753997803
all-measurements = [ 27.164685249328613, 27.00006890296936, 26.68062925338745,]
