best-result = 57.878714084625244
warmup-time = 72.82205319404602
all-measurements = [ 57.878714084625244, 58.53167271614075, 58.15955662727356,]
