best-result = 56.05927896499634
warmup-time = 69.00624680519104
all-measurements = [ 56.07031846046448, 56.05927896499634, 56.53049349784851,]
