best-result = 108.36906838417053
warmup-time = 136.50037002563477
all-measurements = [ 109.46514248847961, 108.36906838417053, 108.88274383544922,]
