best-result = 768.665575504303
warmup-time = 835.8879075050354
all-measurements = [ 770.2992520332336, 770.4758770465851, 768.665575504303,]
