best-result = 33.899861335754395
warmup-time = 40.96875834465027
all-measurements = [ 34.02669835090637, 34.22709369659424, 33.899861335754395,]
