best-result = 53.37740969657898
warmup-time = 67.62727665901184
all-measurements = [ 53.5864520072937, 53.42599320411682, 53.37740969657898,]
