best-result = 49.26637506484985
warmup-time = 69.54813170433044
all-measurements = [ 49.26637506484985, 49.55500650405884, 49.6445791721344,]
