best-result = 78.57868695259094
warmup-time = 98.92644166946411
all-measurements = [ 80.43391060829163, 78.57868695259094, 79.50705218315125,]
