best-result = 35.38305974006653
warmup-time = 44.73851561546326
all-measurements = [ 35.853869915008545, 35.38305974006653, 35.70887470245361,]
