best-result = 348.2384102344513
warmup-time = 489.70700430870056
all-measurements = [ 350.12678837776184, 359.33198165893555, 348.2384102344513,]
