best-result = 102.53514337539673
warmup-time = 102.67154932022095
all-measurements = [ 102.66930198669434, 102.53514337539673, 103.3243203163147,]
