best-result = 21.73291516304016
warmup-time = 22.40340542793274
all-measurements = [ 22.117335557937622, 21.73291516304016, 21.765886068344116,]
