best-result = 46.95765686035156
warmup-time = 65.58336210250854
all-measurements = [ 47.391066789627075, 46.95765686035156, 47.372156620025635,]
