best-result = 46.704004764556885
warmup-time = 60.13161110877991
all-measurements = [ 46.893248081207275, 46.70532178878784, 46.704004764556885,]
