best-result = 972.2804594039917
warmup-time = 1172.093491077423
all-measurements = [ 972.2804594039917, 976.7994220256805, 986.5508813858032,]
