best-result = 82.30169653892517
warmup-time = 95.56705045700073
all-measurements = [ 82.76639747619629, 82.54266214370728, 82.30169653892517,]
