best-result = 78.52913475036621
warmup-time = 99.41829228401184
all-measurements = [ 78.52913475036621, 78.89981961250305, 80.02214622497559,]
