best-result = 69.52863836288452
warmup-time = 92.19159078598022
all-measurements = [ 69.81344175338745, 69.52863836288452, 69.94695591926575,]
