best-result = 84.25920343399048
warmup-time = 98.7975492477417
all-measurements = [ 84.60702323913574, 84.25920343399048, 84.30110383033752,]
