best-result = 593.1778175830841
warmup-time = 619.0125629901886
all-measurements = [ 594.4044024944305, 599.4232978820801, 593.1778175830841,]
