best-result = 61.774381160736084
warmup-time = 75.718665599823
all-measurements = [ 62.32920551300049, 61.774381160736084, 62.01180911064148,]
