best-result = 230.99717831611633
warmup-time = 401.2241179943085
all-measurements = [ 230.99717831611633, 232.0696620941162, 233.4283480644226,]
