best-result = 439.5873394012451
warmup-time = 914.4582090377808
all-measurements = [ 444.8815829753876, 439.5873394012451, 446.97432923316956,]
