best-result = 60.17854833602905
warmup-time = 76.29691457748413
all-measurements = [ 60.90084362030029, 60.17854833602905, 60.42466449737549,]
