best-result = 858.7117710113525
warmup-time = 891.8750813007355
all-measurements = [ 860.8027684688568, 858.7117710113525, 860.4588646888733,]
