best-result = 27.108271598815918
warmup-time = 35.6936514377594
all-measurements = [ 27.145339965820312, 27.108271598815918, 27.263537883758545,]
