best-result = 58.24453163146973
warmup-time = 71.76472544670105
all-measurements = [ 58.24453163146973, 59.571704149246216, 58.394758224487305,]
