best-result = 55.87538290023804
warmup-time = 70.00457882881165
all-measurements = [ 57.18112874031067, 55.87538290023804, 56.548959493637085,]
