best-result = 109.13553428649902
warmup-time = 138.89603734016418
all-measurements = [ 109.23273420333862, 109.20036435127258, 109.13553428649902,]
