best-result = 769.216680765152
warmup-time = 835.4667000770569
all-measurements = [ 769.216680765152, 774.0080523490906, 772.1026494503021,]
