best-result = 33.560203075408936
warmup-time = 41.836790323257446
all-measurements = [ 34.022624254226685, 34.19413113594055, 33.560203075408936,]
