best-result = 53.17384052276611
warmup-time = 66.89185094833374
all-measurements = [ 53.252623081207275, 53.17384052276611, 53.49354958534241,]
