best-result = 49.582144021987915
warmup-time = 70.33827042579651
all-measurements = [ 50.823155641555786, 49.89595556259155, 49.582144021987915,]
