best-result = 79.54088807106018
warmup-time = 97.16016221046448
all-measurements = [ 81.08222365379333, 79.54088807106018, 79.73294281959534,]
