best-result = 35.758090019226074
warmup-time = 45.02511024475098
all-measurements = [ 35.758090019226074, 35.86271667480469, 36.180415868759155,]
