best-result = 348.98538875579834
warmup-time = 491.21278142929077
all-measurements = [ 349.1285192966461, 348.98538875579834, 354.1583287715912,]
