best-result = 102.45922827720642
warmup-time = 103.54079508781433
all-measurements = [ 103.456707239151, 102.45922827720642, 102.62679147720337,]
