best-result = 25.467363119125366
warmup-time = 26.036176681518555
all-measurements = [ 25.483915090560913, 25.467363119125366, 25.56242299079895,]
