best-result = 36.07575511932373
warmup-time = 37.305976152420044
all-measurements = [ 36.61065602302551, 36.67183804512024, 36.07575511932373,]
