best-result = 30.53188705444336
warmup-time = 31.087969064712524
all-measurements = [ 32.19352197647095, 30.53188705444336, 31.012369394302368,]
