best-result = 253.02302289009094
warmup-time = 261.6417682170868
all-measurements = [ 259.90391278266907, 253.02302289009094, 257.26079535484314,]
