best-result = 35.25140452384949
warmup-time = 36.78080654144287
all-measurements = [ 35.25140452384949, 36.45943856239319, 35.47483158111572,]
