best-result = 111.87323522567749
warmup-time = 114.35595798492432
all-measurements = [ 111.87323522567749, 112.96314311027527, 112.9774260520935,]
