best-result = 40.059056758880615
warmup-time = 40.7275755405426
all-measurements = [ 40.059056758880615, 41.40300726890564, 40.18442368507385,]
