best-result = 46.4233672618866
warmup-time = 48.97318387031555
all-measurements = [ 46.55919599533081, 46.4233672618866, 47.742751598358154,]
