best-result = 32.6889545917511
warmup-time = 32.75769329071045
all-measurements = [ 33.59057378768921, 33.000096559524536, 32.6889545917511,]
