best-result = 37.202555418014526
warmup-time = 38.291510581970215
all-measurements = [ 37.54392600059509, 37.50266075134277, 37.202555418014526,]
