best-result = 57.57559609413147
warmup-time = 59.401687145233154
all-measurements = [ 62.75747728347778, 59.8166720867157, 57.57559609413147,]
