best-result = 223.40609884262085
warmup-time = 226.8399829864502
all-measurements = [ 223.8123483657837, 223.40609884262085, 228.1600878238678,]
