best-result = 516.3499991893768
warmup-time = 518.5117466449738
all-measurements = [ 533.5575549602509, 516.3499991893768, 516.4535415172577,]
