best-result = 36.13608145713806
warmup-time = 37.400625467300415
all-measurements = [ 36.74105930328369, 36.13608145713806, 36.15517449378967,]
