best-result = 28.515451192855835
warmup-time = 28.323058366775513
all-measurements = [ 29.19393801689148, 29.18562364578247, 28.515451192855835,]
