best-result = 68.5016667842865
warmup-time = 75.87586116790771
all-measurements = [ 68.5016667842865, 78.47546219825745, 77.6789071559906,]
