best-result = 60.44068241119385
warmup-time = 61.97755455970764
all-measurements = [ 60.664307832717896, 60.44068241119385, 60.989550828933716,]
