best-result = 27.060555934906006
warmup-time = 28.126455783843994
all-measurements = [ 27.060555934906006, 28.383779764175415, 27.559603214263916,]
