best-result = 34.3296263217926
warmup-time = 32.237220764160156
all-measurements = [ 34.688690185546875, 34.47707176208496, 34.3296263217926,]
