best-result = 31.979224681854248
warmup-time = 32.742618560791016
all-measurements = [ 32.58005428314209, 32.39944314956665, 31.979224681854248,]
