best-result = 41.72407555580139
warmup-time = 43.38335871696472
all-measurements = [ 43.55740261077881, 41.72407555580139, 42.749682664871216,]
