best-result = 95.01654052734375
warmup-time = 95.15855765342712
all-measurements = [ 95.70047688484192, 95.74547147750854, 95.01654052734375,]
