best-result = 27.379578828811646
warmup-time = 29.16699194908142
all-measurements = [ 27.379578828811646, 28.547363996505737, 29.052147388458252,]
