best-result = 33.83814764022827
warmup-time = 34.52276349067688
all-measurements = [ 34.919596672058105, 33.83814764022827, 34.25268745422363,]
