best-result = 85.202960729599
warmup-time = 98.09506344795227
all-measurements = [ 85.202960729599, 87.63452625274658, 91.23640990257263,]
