best-result = 38.626200675964355
warmup-time = 38.963807106018066
all-measurements = [ 39.73269009590149, 38.626200675964355, 39.138606786727905,]
