best-result = 44.07155799865723
warmup-time = 45.0575110912323
all-measurements = [ 44.100964069366455, 44.13330316543579, 44.07155799865723,]
