best-result = 27.27873682975769
warmup-time = 28.190768718719482
all-measurements = [ 27.376564502716064, 27.27873682975769, 28.654714107513428,]
