best-result = 649.2018957138062
warmup-time = 689.0586018562317
all-measurements = [ 649.2018957138062, 656.726505279541, 659.7400283813477,]
