best-result = 173.017719745636
warmup-time = 175.8655333518982
all-measurements = [ 173.017719745636, 174.50689005851746, 174.81364345550537,]
