best-result = 63.51394486427307
warmup-time = 62.00650477409363
all-measurements = [ 67.6529905796051, 63.51394486427307, 65.07622766494751,]
