best-result = 23.254504680633545
warmup-time = 23.65948796272278
all-measurements = [ 23.484244346618652, 23.72415852546692, 23.254504680633545,]
