best-result = 46.75090479850769
warmup-time = 63.256139278411865
all-measurements = [ 47.04944729804993, 46.75090479850769, 47.090489864349365,]
