best-result = 47.067830324172974
warmup-time = 57.71687602996826
all-measurements = [ 47.34749221801758, 47.135329484939575, 47.067830324172974,]
