best-result = 880.8391788005829
warmup-time = 1056.9410572052002
all-measurements = [ 882.4185609817505, 880.8391788005829, 886.1064188480377,]
