best-result = 85.2352933883667
warmup-time = 99.97279644012451
all-measurements = [ 86.1348443031311, 85.60492444038391, 85.2352933883667,]
