best-result = 984.9043953418732
warmup-time = 1007.4511497020721
all-measurements = [ 988.6979451179504, 984.9043953418732, 987.1966569423676,]
