best-result = 65.92495942115784
warmup-time = 81.17115378379822
all-measurements = [ 65.92495942115784, 66.50276708602905, 66.01666903495789,]
