best-result = 83.6490273475647
warmup-time = 105.86611795425415
all-measurements = [ 83.6490273475647, 84.44319677352905, 83.90358877182007,]
