best-result = 68.0527515411377
warmup-time = 87.22850942611694
all-measurements = [ 68.90131211280823, 68.32221460342407, 68.0527515411377,]
