best-result = 90.94228482246399
warmup-time = 106.1835823059082
all-measurements = [ 92.27645587921143, 90.94228482246399, 91.2256555557251,]
