best-result = 638.0681505203247
warmup-time = 656.8414170742035
all-measurements = [ 640.6353304386139, 638.0681505203247, 638.8851914405823,]
