best-result = 62.71324348449707
warmup-time = 73.6660475730896
all-measurements = [ 63.27935004234314, 62.92229151725769, 62.71324348449707,]
