best-result = 188.86451888084412
warmup-time = 340.31329560279846
all-measurements = [ 188.90318131446838, 189.1146960258484, 188.86451888084412,]
