best-result = 382.24069452285767
warmup-time = 822.8381993770599
all-measurements = [ 385.83327412605286, 382.24069452285767, 384.06293964385986,]
