best-result = 62.72423815727234
warmup-time = 78.60232973098755
all-measurements = [ 62.88408088684082, 62.72423815727234, 62.90542817115784,]
