best-result = 40.50173091888428
warmup-time = 48.6153359413147
all-measurements = [ 40.92509436607361, 40.50173091888428, 40.819968700408936,]
