best-result = 134.8573603630066
warmup-time = 156.51101231575012
all-measurements = [ 134.8573603630066, 134.9265742301941, 134.96619939804077,]
