best-result = 922.6498320102692
warmup-time = 948.0673410892487
all-measurements = [ 922.6498320102692, 925.2350652217865, 941.0193173885345,]
