best-result = 28.14364242553711
warmup-time = 37.23027539253235
all-measurements = [ 28.14364242553711, 28.95637559890747, 28.577289581298828,]
