best-result = 59.03288793563843
warmup-time = 70.87843632698059
all-measurements = [ 59.03288793563843, 60.19480538368225, 60.290358781814575,]
