best-result = 60.5143518447876
warmup-time = 75.06789255142212
all-measurements = [ 60.60909986495972, 60.87178158760071, 60.5143518447876,]
