best-result = 109.0113434791565
warmup-time = 137.27172684669495
all-measurements = [ 110.95629835128784, 110.20328497886658, 109.0113434791565,]
