best-result = 766.6991119384766
warmup-time = 834.854166507721
all-measurements = [ 768.67258477211, 768.013646364212, 766.6991119384766,]
