best-result = 34.60623574256897
warmup-time = 43.08466148376465
all-measurements = [ 34.75392413139343, 34.60623574256897, 34.997496128082275,]
