best-result = 55.95352578163147
warmup-time = 72.72583270072937
all-measurements = [ 56.02677512168884, 55.95352578163147, 56.41911959648132,]
