best-result = 1741.5511462688446
warmup-time = 2371.4954698085785
all-measurements = [ 1741.5511462688446, 3351.946242570877, 1862.0618736743927,]
