best-result = 49.8022096157074
warmup-time = 69.24035096168518
all-measurements = [ 50.001439809799194, 49.8022096157074, 50.51778817176819,]
