best-result = 82.30930256843567
warmup-time = 103.65922522544861
all-measurements = [ 83.20493364334106, 82.30930256843567, 82.83508777618408,]
