best-result = 93.3652286529541
warmup-time = 116.49168944358826
all-measurements = [ 93.3652286529541, 93.45638942718506, 94.01391935348511,]
