best-result = 37.465211629867554
warmup-time = 46.75238084793091
all-measurements = [ 37.5469114780426, 37.465211629867554, 37.600075483322144,]
