best-result = 307.2373044490814
warmup-time = 452.15610456466675
all-measurements = [ 314.0798602104187, 307.2373044490814, 310.02025842666626,]
