best-result = 60.802773237228394
warmup-time = 61.29474067687988
all-measurements = [ 60.802773237228394, 60.878198862075806, 60.84848690032959,]
