best-result = 21.424530506134033
warmup-time = 21.709718227386475
all-measurements = [ 21.745510578155518, 21.98992419242859, 21.424530506134033,]
