best-result = 46.52938961982727
warmup-time = 64.63733983039856
all-measurements = [ 47.32949995994568, 47.67443633079529, 46.52938961982727,]
