best-result = 46.394402742385864
warmup-time = 59.72270941734314
all-measurements = [ 46.67460012435913, 47.13206171989441, 46.394402742385864,]
