best-result = 974.3438549041748
warmup-time = 1161.340222120285
all-measurements = [ 975.0374257564545, 979.1317069530487, 974.3438549041748,]
