best-result = 81.68015694618225
warmup-time = 97.28187894821167
all-measurements = [ 82.88441348075867, 81.68015694618225, 82.61916422843933,]
