best-result = 78.37081050872803
warmup-time = 99.67159724235535
all-measurements = [ 78.37081050872803, 78.89680194854736, 78.58325028419495,]
