best-result = 68.3018901348114
warmup-time = 91.09750437736511
all-measurements = [ 68.84817600250244, 68.3018901348114, 68.91899538040161,]
