best-result = 83.96458721160889
warmup-time = 96.98287391662598
all-measurements = [ 84.53061294555664, 84.6260666847229, 83.96458721160889,]
