best-result = 590.3636825084686
warmup-time = 608.9662990570068
all-measurements = [ 598.2820730209351, 590.3636825084686, 591.1466691493988,]
