best-result = 61.80156183242798
warmup-time = 72.94706201553345
all-measurements = [ 62.11321568489075, 61.80156183242798, 62.143229722976685,]
