best-result = 229.75489854812622
warmup-time = 397.38147163391113
all-measurements = [ 232.92502069473267, 231.82306957244873, 229.75489854812622,]
