best-result = 441.19482493400574
warmup-time = 907.5802166461945
all-measurements = [ 441.25102734565735, 441.19482493400574, 463.6823568344116,]
