best-result = 60.146318435668945
warmup-time = 78.22425246238708
all-measurements = [ 60.389177083969116, 61.27553606033325, 60.146318435668945,]
