best-result = 859.3851521015167
warmup-time = 887.8011636734009
all-measurements = [ 859.3851521015167, 859.9246435165405, 864.7504503726959,]
