best-result = 27.061972856521606
warmup-time = 36.3142728805542
all-measurements = [ 27.22741413116455, 27.061972856521606, 27.461484909057617,]
