best-result = 58.66969180107117
warmup-time = 73.69219374656677
all-measurements = [ 59.36278414726257, 59.266133308410645, 58.66969180107117,]
