best-result = 55.54422187805176
warmup-time = 69.77601885795593
all-measurements = [ 55.77149748802185, 55.54422187805176, 55.824233055114746,]
