best-result = 108.91506862640381
warmup-time = 137.79346418380737
all-measurements = [ 109.12666177749634, 108.91506862640381, 109.62647843360901,]
