best-result = 768.9905641078949
warmup-time = 837.2079944610596
all-measurements = [ 770.4118704795837, 772.4579844474792, 768.9905641078949,]
