best-result = 33.51944828033447
warmup-time = 40.811087131500244
all-measurements = [ 33.617778301239014, 33.51944828033447, 33.839205265045166,]
