best-result = 53.325828313827515
warmup-time = 68.10247492790222
all-measurements = [ 53.88235259056091, 53.325828313827515, 53.48595905303955,]
