best-result = 49.414658308029175
warmup-time = 69.04867219924927
all-measurements = [ 49.77858853340149, 49.414658308029175, 49.72432732582092,]
