best-result = 79.11834979057312
warmup-time = 99.49623274803162
all-measurements = [ 79.33579778671265, 80.47611904144287, 79.11834979057312,]
