best-result = 35.70751667022705
warmup-time = 44.972500801086426
all-measurements = [ 36.13496232032776, 35.70751667022705, 35.75833821296692,]
