best-result = 344.07278776168823
warmup-time = 489.7245388031006
all-measurements = [ 348.92757868766785, 344.07278776168823, 356.1055121421814,]
