best-result = 102.54274892807007
warmup-time = 103.27937245368958
all-measurements = [ 103.88644099235535, 103.41764879226685, 102.54274892807007,]
