best-result = 25.966409921646118
warmup-time = 26.85296893119812
all-measurements = [ 25.966409921646118, 26.23908305168152, 26.25892162322998,]
