best-result = 36.75492191314697
warmup-time = 37.10199737548828
all-measurements = [ 37.30953788757324, 37.66061234474182, 36.75492191314697,]
