best-result = 30.46686625480652
warmup-time = 31.002593278884888
all-measurements = [ 30.46686625480652, 31.314647674560547, 31.457804918289185,]
