best-result = 231.78296041488647
warmup-time = 237.31861329078674
all-measurements = [ 233.62681102752686, 235.1267957687378, 231.78296041488647,]
