best-result = 36.731934785842896
warmup-time = 37.113147497177124
all-measurements = [ 36.73485708236694, 37.412108182907104, 36.731934785842896,]
