best-result = 112.2086226940155
warmup-time = 114.1312620639801
all-measurements = [ 114.75584745407104, 113.96533274650574, 112.2086226940155,]
