best-result = 34.30009055137634
warmup-time = 35.71810722351074
all-measurements = [ 34.30009055137634, 35.733981132507324, 35.45412850379944,]
