best-result = 40.3130567073822
warmup-time = 40.128891706466675
all-measurements = [ 40.94523572921753, 40.3130567073822, 42.16323733329773,]
