best-result = 47.72603988647461
warmup-time = 48.37877130508423
all-measurements = [ 48.522889614105225, 47.72603988647461, 47.932554960250854,]
