best-result = 32.95892810821533
warmup-time = 33.97909474372864
all-measurements = [ 32.95892810821533, 32.98678398132324, 34.757025957107544,]
