best-result = 37.45124959945679
warmup-time = 38.542574405670166
all-measurements = [ 38.68793177604675, 37.84075379371643, 37.45124959945679,]
