best-result = 57.177817821502686
warmup-time = 66.8977358341217
all-measurements = [ 60.19173836708069, 65.6272280216217, 57.177817821502686,]
