best-result = 221.1213104724884
warmup-time = 220.94965815544128
all-measurements = [ 222.69932532310486, 221.1213104724884, 221.30579447746277,]
