best-result = 501.8607499599457
warmup-time = 507.5941255092621
all-measurements = [ 506.33093452453613, 501.8607499599457, 504.22650146484375,]
