best-result = 35.871556997299194
warmup-time = 37.79127764701843
all-measurements = [ 38.90044283866882, 35.871556997299194, 38.54129385948181,]
