best-result = 29.000898361206055
warmup-time = 29.073933124542236
all-measurements = [ 29.13533878326416, 29.000898361206055, 29.373136281967163,]
