best-result = 75.18188786506653
warmup-time = 72.70589089393616
all-measurements = [ 75.18188786506653, 78.02793431282043, 78.99296069145203,]
