best-result = 61.23007249832153
warmup-time = 62.928823471069336
all-measurements = [ 61.71483588218689, 63.082295179367065, 61.23007249832153,]
