best-result = 28.574768781661987
warmup-time = 29.08701181411743
all-measurements = [ 29.781539916992188, 28.574768781661987, 29.09426784515381,]
