best-result = 35.18534851074219
warmup-time = 32.7345712184906
all-measurements = [ 35.18534851074219, 36.259522914886475, 35.5862033367157,]
