best-result = 32.67276620864868
warmup-time = 34.129857301712036
all-measurements = [ 32.67276620864868, 33.57272243499756, 34.13664221763611,]
