best-result = 41.85788154602051
warmup-time = 43.712738275527954
all-measurements = [ 43.6149799823761, 41.85788154602051, 44.106395959854126,]
