best-result = 94.05281686782837
warmup-time = 98.45126581192017
all-measurements = [ 95.18415927886963, 94.05281686782837, 96.24227952957153,]
