best-result = 27.659560680389404
warmup-time = 30.012810707092285
all-measurements = [ 28.367740869522095, 27.659560680389404, 28.611335277557373,]
