best-result = 34.76429033279419
warmup-time = 34.13715624809265
all-measurements = [ 35.37767672538757, 35.0457067489624, 34.76429033279419,]
