best-result = 89.50983929634094
warmup-time = 93.84005427360535
all-measurements = [ 96.01619243621826, 89.50983929634094, 90.03917694091797,]
