best-result = 38.829073429107666
warmup-time = 39.75691366195679
all-measurements = [ 40.5274612903595, 39.26891827583313, 38.829073429107666,]
