best-result = 41.50521945953369
warmup-time = 44.724968910217285
all-measurements = [ 41.50521945953369, 46.403813123703, 44.92221975326538,]
