best-result = 50.24948835372925
warmup-time = 51.01117420196533
all-measurements = [ 50.797039270401, 50.24948835372925, 51.81351613998413,]
