best-result = 28.848382234573364
warmup-time = 29.164656162261963
all-measurements = [ 28.848382234573364, 29.289592504501343, 29.527950286865234,]
