best-result = 662.0162379741669
warmup-time = 726.2545449733734
all-measurements = [ 662.0162379741669, 662.734007358551, 666.7335684299469,]
