best-result = 167.02930736541748
warmup-time = 168.71877598762512
all-measurements = [ 167.0980348587036, 173.29318952560425, 167.02930736541748,]
