best-result = 58.150858879089355
warmup-time = 69.10799956321716
all-measurements = [ 67.81219983100891, 68.19456434249878, 58.150858879089355,]
