best-result = 25.556193113327026
warmup-time = 26.174041509628296
all-measurements = [ 26.17690086364746, 25.88804531097412, 25.556193113327026,]
