best-result = 37.772692918777466
warmup-time = 37.381656885147095
all-measurements = [ 38.004019021987915, 37.90332245826721, 37.772692918777466,]
