best-result = 31.235400199890137
warmup-time = 31.244827032089233
all-measurements = [ 31.235400199890137, 31.477795124053955, 31.872700929641724,]
