best-result = 262.33672070503235
warmup-time = 270.22321581840515
all-measurements = [ 266.799090385437, 262.33672070503235, 263.61410212516785,]
