best-result = 35.11566209793091
warmup-time = 35.907936573028564
all-measurements = [ 36.243863344192505, 38.36577296257019, 35.11566209793091,]
