best-result = 110.49419951438904
warmup-time = 114.639319896698
all-measurements = [ 111.24423909187317, 110.49419951438904, 111.81541013717651,]
