best-result = 40.66307234764099
warmup-time = 41.44243383407593
all-measurements = [ 40.66307234764099, 41.390753984451294, 40.82130837440491,]
