best-result = 47.4293954372406
warmup-time = 48.284327268600464
all-measurements = [ 47.4293954372406, 48.075456380844116, 48.463414430618286,]
