best-result = 33.15182709693909
warmup-time = 33.39173436164856
all-measurements = [ 33.61643981933594, 33.15182709693909, 33.22195887565613,]
