best-result = 59.07457756996155
warmup-time = 61.45331144332886
all-measurements = [ 66.80550718307495, 59.07457756996155, 62.529396295547485,]
