best-result = 228.27505493164062
warmup-time = 231.20385098457336
all-measurements = [ 231.11575055122375, 228.27505493164062, 234.67195296287537,]
