best-result = 524.6396000385284
warmup-time = 529.5966775417328
all-measurements = [ 524.6396000385284, 526.2092669010162, 525.7996747493744,]
