best-result = 36.85578989982605
warmup-time = 37.924889087677
all-measurements = [ 36.85578989982605, 37.857571601867676, 39.285725116729736,]
