best-result = 28.603474378585815
warmup-time = 29.194122552871704
all-measurements = [ 29.23352074623108, 28.603474378585815, 28.763099908828735,]
