best-result = 71.7227566242218
warmup-time = 82.34718132019043
all-measurements = [ 77.35163283348083, 76.48843789100647, 71.7227566242218,]
