best-result = 62.746856689453125
warmup-time = 62.40617609024048
all-measurements = [ 62.746856689453125, 63.092392921447754, 64.07613825798035,]
