best-result = 27.770439386367798
warmup-time = 29.56360673904419
all-measurements = [ 27.770439386367798, 28.5100839138031, 28.367048025131226,]
