best-result = 32.30511021614075
warmup-time = 35.56071925163269
all-measurements = [ 32.30511021614075, 35.71395969390869, 35.72667360305786,]
