best-result = 33.776007413864136
warmup-time = 33.720593214035034
all-measurements = [ 34.62411022186279, 33.776007413864136, 34.0916645526886,]
