best-result = 42.239216566085815
warmup-time = 43.49394965171814
all-measurements = [ 44.44971036911011, 42.239216566085815, 42.63013410568237,]
