best-result = 97.5085997581482
warmup-time = 98.52967500686646
all-measurements = [ 99.00422716140747, 97.5085997581482, 99.4688949584961,]
