best-result = 27.537719011306763
warmup-time = 30.051231145858765
all-measurements = [ 28.628900051116943, 27.537719011306763, 28.636089324951172,]
