best-result = 34.62772989273071
warmup-time = 35.03078317642212
all-measurements = [ 36.09407949447632, 34.94227337837219, 34.62772989273071,]
