best-result = 87.04337000846863
warmup-time = 89.67522644996643
all-measurements = [ 95.03770422935486, 87.23563575744629, 87.04337000846863,]
