best-result = 39.154197454452515
warmup-time = 40.04726314544678
all-measurements = [ 39.154197454452515, 39.60322690010071, 39.24196934700012,]
