best-result = 43.37953543663025
warmup-time = 45.818543910980225
all-measurements = [ 45.67201018333435, 43.72210192680359, 43.37953543663025,]
