best-result = 29.011877059936523
warmup-time = 27.1289381980896
all-measurements = [ 29.386033058166504, 29.011877059936523, 29.470701456069946,]
