best-result = 695.4854111671448
warmup-time = 731.5629019737244
all-measurements = [ 705.0666851997375, 700.5552816390991, 695.4854111671448,]
