best-result = 175.87016367912292
warmup-time = 173.33933401107788
all-measurements = [ 180.81272530555725, 175.87016367912292, 176.26142048835754,]
