best-result = 57.89462113380432
warmup-time = 66.81281900405884
all-measurements = [ 65.20587801933289, 57.89462113380432, 59.91567254066467,]
