best-result = 25.77811861038208
warmup-time = 25.706384658813477
all-measurements = [ 25.921934127807617, 25.77811861038208, 26.15907907485962,]
