best-result = 34.87663125991821
warmup-time = 39.785709381103516
all-measurements = [ 34.87663125991821, 38.81396555900574, 38.15947151184082,]
