best-result = 29.997068881988525
warmup-time = 31.330628395080566
all-measurements = [ 31.122416019439697, 29.997068881988525, 30.726267099380493,]
