best-result = 256.8142077922821
warmup-time = 259.38654232025146
all-measurements = [ 256.8465838432312, 260.1293399333954, 256.8142077922821,]
