best-result = 36.45061421394348
warmup-time = 37.1000235080719
all-measurements = [ 36.73937749862671, 36.45061421394348, 36.49525547027588,]
