best-result = 112.86695337295532
warmup-time = 115.65580916404724
all-measurements = [ 113.078129529953, 112.86695337295532, 112.8680534362793,]
