best-result = 35.50591707229614
warmup-time = 35.862016439437866
all-measurements = [ 35.50591707229614, 36.165353536605835, 35.68918251991272,]
