best-result = 40.60477423667908
warmup-time = 40.09509301185608
all-measurements = [ 40.60477423667908, 40.8873553276062, 41.73818874359131,]
