best-result = 48.7985303401947
warmup-time = 47.97377920150757
all-measurements = [ 49.89675259590149, 48.7985303401947, 49.2234251499176,]
