best-result = 33.42653512954712
warmup-time = 35.073755741119385
all-measurements = [ 33.42653512954712, 33.85072469711304, 33.65730094909668,]
