best-result = 37.49065399169922
warmup-time = 37.27864980697632
all-measurements = [ 38.39141845703125, 37.86016893386841, 37.49065399169922,]
