best-result = 62.63399577140808
warmup-time = 63.43986630439758
all-measurements = [ 62.992499113082886, 64.02223801612854, 62.63399577140808,]
