best-result = 221.45792937278748
warmup-time = 227.52155256271362
all-measurements = [ 222.76471710205078, 221.66256189346313, 221.45792937278748,]
