best-result = 516.2217643260956
warmup-time = 523.2132511138916
all-measurements = [ 520.3691835403442, 523.4500496387482, 516.2217643260956,]
