best-result = 35.648049116134644
warmup-time = 36.39794445037842
all-measurements = [ 35.648049116134644, 37.26185894012451, 35.7142379283905,]
