best-result = 28.715158700942993
warmup-time = 29.746219635009766
all-measurements = [ 29.391985654830933, 28.715158700942993, 29.544851303100586,]
