best-result = 70.69318985939026
warmup-time = 92.727530002594
all-measurements = [ 86.00225901603699, 78.65270733833313, 70.69318985939026,]
