best-result = 61.3443169593811
warmup-time = 61.62323307991028
all-measurements = [ 64.18707799911499, 61.3443169593811, 62.48121523857117,]
