best-result = 27.949103355407715
warmup-time = 28.926077127456665
all-measurements = [ 28.718504428863525, 29.87396240234375, 27.949103355407715,]
