best-result = 34.42412757873535
warmup-time = 32.78472661972046
all-measurements = [ 36.069011926651, 35.64805483818054, 34.42412757873535,]
