best-result = 33.51117944717407
warmup-time = 32.52473592758179
all-measurements = [ 33.51117944717407, 33.835604190826416, 34.34271717071533,]
