best-result = 43.53023409843445
warmup-time = 42.473644733428955
all-measurements = [ 44.3754940032959, 43.85587000846863, 43.53023409843445,]
