best-result = 93.56906843185425
warmup-time = 97.04883551597595
all-measurements = [ 96.26262378692627, 93.56906843185425, 96.04196238517761,]
