best-result = 27.747485876083374
warmup-time = 28.200644969940186
all-measurements = [ 28.0634663105011, 27.747485876083374, 29.060101747512817,]
