best-result = 33.61350727081299
warmup-time = 35.173654079437256
all-measurements = [ 35.33187699317932, 34.424131631851196, 33.61350727081299,]
