best-result = 86.64398884773254
warmup-time = 88.01573848724365
all-measurements = [ 86.64398884773254, 92.3852026462555, 87.8980610370636,]
