best-result = 38.63002300262451
warmup-time = 37.83339262008667
all-measurements = [ 38.63002300262451, 39.049291372299194, 38.82445979118347,]
