best-result = 44.28437089920044
warmup-time = 44.13976073265076
all-measurements = [ 44.28437089920044, 45.23724961280823, 44.809022188186646,]
