best-result = 50.32180666923523
warmup-time = 51.05166697502136
all-measurements = [ 50.32180666923523, 52.876463890075684, 50.70179748535156,]
