best-result = 27.90133309364319
warmup-time = 28.973233699798584
all-measurements = [ 29.026010751724243, 28.54139494895935, 27.90133309364319,]
