best-result = 650.1166672706604
warmup-time = 707.1851961612701
all-measurements = [ 650.1166672706604, 651.1012134552002, 652.644050359726,]
