best-result = 165.67883896827698
warmup-time = 173.09995031356812
all-measurements = [ 171.22521424293518, 169.66564178466797, 165.67883896827698,]
