best-result = 68.07052254676819
warmup-time = 64.52999782562256
all-measurements = [ 68.07052254676819, 69.16802620887756, 69.82793235778809,]
