best-result = 22.931583404541016
warmup-time = 23.281989336013794
all-measurements = [ 23.387592792510986, 23.25986409187317, 22.931583404541016,]
