best-result = 46.83862042427063
warmup-time = 64.0573422908783
all-measurements = [ 47.151283502578735, 46.83862042427063, 47.19171142578125,]
