best-result = 46.59131598472595
warmup-time = 59.09920334815979
all-measurements = [ 46.59131598472595, 47.14982271194458, 46.83645844459534,]
