best-result = 933.5126831531525
warmup-time = 1148.2167074680328
all-measurements = [ 939.3406298160553, 933.5126831531525, 943.1670145988464,]
