best-result = 85.24350452423096
warmup-time = 101.70569801330566
all-measurements = [ 85.24350452423096, 85.80582046508789, 85.51005697250366,]
