best-result = 82.16793990135193
warmup-time = 102.75256490707397
all-measurements = [ 82.16793990135193, 82.4145872592926, 82.63807559013367,]
