best-result = 69.91944289207458
warmup-time = 91.57199335098267
all-measurements = [ 69.91944289207458, 71.06374216079712, 71.69777703285217,]
