best-result = 90.33519172668457
warmup-time = 106.06489276885986
all-measurements = [ 90.33519172668457, 92.8179817199707, 92.23153233528137,]
