best-result = 634.0519797801971
warmup-time = 646.0958952903748
all-measurements = [ 637.4348523616791, 634.0519797801971, 636.3263437747955,]
