best-result = 64.9069607257843
warmup-time = 78.22074103355408
all-measurements = [ 65.03663992881775, 65.47031092643738, 64.9069607257843,]
