best-result = 221.75498461723328
warmup-time = 377.23642897605896
all-measurements = [ 224.34462118148804, 221.75498461723328, 223.19709467887878,]
