best-result = 439.5941116809845
warmup-time = 879.4820153713226
all-measurements = [ 441.6572639942169, 446.19862246513367, 439.5941116809845,]
