best-result = 62.01374363899231
warmup-time = 77.82626819610596
all-measurements = [ 63.01380252838135, 62.01374363899231, 62.160194635391235,]
