best-result = 142.90349507331848
warmup-time = 176.6966004371643
all-measurements = [ 143.82766103744507, 142.90349507331848, 144.62948608398438,]
