best-result = 884.8117060661316
warmup-time = 911.3173339366913
all-measurements = [ 888.1768298149109, 890.3266823291779, 884.8117060661316,]
