best-result = 27.748103141784668
warmup-time = 36.53228759765625
all-measurements = [ 27.748103141784668, 27.795679092407227, 27.79126787185669,]
