best-result = 58.41985368728638
warmup-time = 71.97936987876892
all-measurements = [ 60.27942943572998, 58.41985368728638, 59.077210426330566,]
