best-result = 59.27569103240967
warmup-time = 72.96462059020996
all-measurements = [ 60.17734718322754, 59.94571495056152, 59.27569103240967,]
