best-result = 111.25685095787048
warmup-time = 138.31582903862
all-measurements = [ 138.7033932209015, 113.8343117237091, 111.25685095787048,]
