best-result = 788.7634582519531
warmup-time = 857.9974601268768
all-measurements = [ 792.267165184021, 788.8311941623688, 788.7634582519531,]
