best-result = 33.926828384399414
warmup-time = 41.868770122528076
all-measurements = [ 33.95110464096069, 33.926828384399414, 34.69373321533203,]
