best-result = 55.46814680099487
warmup-time = 71.61812829971313
all-measurements = [ 55.5546350479126, 55.50052213668823, 55.46814680099487,]
