best-result = 1572.7873947620392
warmup-time = 3003.350082874298
all-measurements = [ 1572.7873947620392, 2194.6764192581177, 1885.6881699562073,]
