best-result = 49.431952238082886
warmup-time = 71.30504369735718
all-measurements = [ 49.431952238082886, 49.66238594055176, 49.7569375038147,]
