best-result = 79.18669033050537
warmup-time = 98.21436882019043
all-measurements = [ 79.68490815162659, 79.18669033050537, 79.48020005226135,]
