best-result = 36.73330020904541
warmup-time = 45.473910093307495
all-measurements = [ 37.36570358276367, 36.73330020904541, 36.87002682685852,]
