best-result = 355.3046724796295
warmup-time = 503.5208854675293
all-measurements = [ 360.22838711738586, 360.9379789829254, 355.3046724796295,]
