best-result = 59.36284136772156
warmup-time = 59.87793040275574
all-measurements = [ 60.057135820388794, 59.594099044799805, 59.36284136772156,]
