best-result = 23.922428369522095
warmup-time = 23.94575810432434
all-measurements = [ 23.922428369522095, 24.182183742523193, 24.168066024780273,]
