best-result = 47.99267578125
warmup-time = 65.71998167037964
all-measurements = [ 47.99566984176636, 48.03193950653076, 47.99267578125,]
