best-result = 47.79980731010437
warmup-time = 60.36579704284668
all-measurements = [ 47.79980731010437, 48.38073778152466, 48.26682996749878,]
