best-result = 909.3767697811127
warmup-time = 1061.2960293293
all-measurements = [ 909.3767697811127, 920.1014957427979, 920.9442076683044,]
