best-result = 85.39100384712219
warmup-time = 99.1293420791626
all-measurements = [ 86.91326785087585, 85.39100384712219, 86.00470542907715,]
