best-result = 885.979433298111
warmup-time = 917.4939861297607
all-measurements = [ 888.7055759429932, 885.979433298111, 889.4281980991364,]
