best-result = 66.99758553504944
warmup-time = 81.18799924850464
all-measurements = [ 67.54675269126892, 66.99758553504944, 69.20387697219849,]
