best-result = 86.30455589294434
warmup-time = 105.17670059204102
all-measurements = [ 86.5626208782196, 86.30455589294434, 86.43388104438782,]
