best-result = 69.94150114059448
warmup-time = 88.8893051147461
all-measurements = [ 70.38041830062866, 70.21225047111511, 69.94150114059448,]
