best-result = 88.5558865070343
warmup-time = 102.86969757080078
all-measurements = [ 88.69231581687927, 89.54047703742981, 88.5558865070343,]
