best-result = 656.6754610538483
warmup-time = 671.4669809341431
all-measurements = [ 656.6754610538483, 657.8965005874634, 672.2588968276978,]
