best-result = 64.203289270401
warmup-time = 77.631662607193
all-measurements = [ 65.55251169204712, 64.203289270401, 64.43716073036194,]
