best-result = 194.0387670993805
warmup-time = 349.1582655906677
all-measurements = [ 194.0387670993805, 194.34112691879272, 194.44757175445557,]
