best-result = 391.3005735874176
warmup-time = 833.4754319190979
all-measurements = [ 395.75831294059753, 391.3005735874176, 392.3697118759155,]
