best-result = 63.83673334121704
warmup-time = 80.5746853351593
all-measurements = [ 64.19227814674377, 63.83673334121704, 64.12495136260986,]
