best-result = 41.697381258010864
warmup-time = 49.73899745941162
all-measurements = [ 42.51753330230713, 41.697381258010864, 41.899208545684814,]
