best-result = 137.67893838882446
warmup-time = 164.39723992347717
all-measurements = [ 137.9962661266327, 137.67893838882446, 137.68666219711304,]
