best-result = 941.1477687358856
warmup-time = 959.8355214595795
all-measurements = [ 946.6863114833832, 941.1477687358856, 944.6936531066895,]
