best-result = 28.722388744354248
warmup-time = 37.237797260284424
all-measurements = [ 28.722388744354248, 29.234450578689575, 28.922308206558228,]
