best-result = 60.520028829574585
warmup-time = 73.09577178955078
all-measurements = [ 60.520028829574585, 60.83378863334656, 61.25598955154419,]
