best-result = 60.62571120262146
warmup-time = 74.01835894584656
all-measurements = [ 60.62571120262146, 61.21196413040161, 61.191713094711304,]
