best-result = 110.98059940338135
warmup-time = 139.38639616966248
all-measurements = [ 111.86279320716858, 110.98059940338135, 111.20885515213013,]
