best-result = 779.2154629230499
warmup-time = 847.8061902523041
all-measurements = [ 779.2154629230499, 786.5285038948059, 788.676840543747,]
