best-result = 35.55152726173401
warmup-time = 43.70516347885132
all-measurements = [ 35.94399833679199, 35.89358830451965, 35.55152726173401,]
