best-result = 57.51620626449585
warmup-time = 71.40157723426819
all-measurements = [ 57.51620626449585, 57.722190856933594, 57.588059425354004,]
