best-result = 2015.9704246520996
warmup-time = 2209.460293531418
all-measurements = [ 2015.9704246520996, 2446.4156622886658, 2232.0460126399994,]
