best-result = 50.306442975997925
warmup-time = 71.32373809814453
all-measurements = [ 50.73095917701721, 50.83975052833557, 50.306442975997925,]
