best-result = 83.92116165161133
warmup-time = 100.22552132606506
all-measurements = [ 84.1869101524353, 84.11221170425415, 83.92116165161133,]
