best-result = 94.28657460212708
warmup-time = 115.91720581054688
all-measurements = [ 94.28657460212708, 94.70802927017212, 102.56040382385254,]
