best-result = 39.169214487075806
warmup-time = 53.9123797416687
all-measurements = [ 44.44524312019348, 39.169214487075806, 39.653499364852905,]
