best-result = 317.9011263847351
warmup-time = 462.670921087265
all-measurements = [ 319.6365089416504, 318.34735226631165, 317.9011263847351,]
