best-result = 61.34164476394653
warmup-time = 62.0494818687439
all-measurements = [ 61.34164476394653, 62.04664945602417, 61.6987738609314,]
