best-result = 25.52531599998474
warmup-time = 25.711484909057617
all-measurements = [ 25.52531599998474, 25.814666032791138, 25.544444799423218,]
