best-result = 36.74609375
warmup-time = 38.44867992401123
all-measurements = [ 38.43250226974487, 36.74609375, 37.061169385910034,]
