best-result = 31.382133722305298
warmup-time = 32.919262409210205
all-measurements = [ 31.382133722305298, 32.06456136703491, 32.18725299835205,]
