best-result = 265.00485277175903
warmup-time = 272.77272939682007
all-measurements = [ 266.7072949409485, 267.4151928424835, 265.00485277175903,]
