best-result = 37.18755388259888
warmup-time = 37.19820499420166
all-measurements = [ 37.33530235290527, 37.23934316635132, 37.18755388259888,]
