best-result = 42.134130239486694
warmup-time = 42.368160009384155
all-measurements = [ 43.58173608779907, 42.329602003097534, 42.134130239486694,]
