best-result = 50.532991886138916
warmup-time = 51.93915009498596
all-measurements = [ 51.38870859146118, 50.8480167388916, 50.532991886138916,]
