best-result = 34.469385385513306
warmup-time = 34.68715453147888
all-measurements = [ 37.17867946624756, 34.87286996841431, 34.469385385513306,]
