best-result = 37.668532371520996
warmup-time = 39.01118326187134
all-measurements = [ 39.03841185569763, 37.668532371520996, 37.84589600563049,]
