best-result = 65.92176842689514
warmup-time = 63.74492001533508
all-measurements = [ 68.02612328529358, 65.92176842689514, 66.739187002182,]
