best-result = 227.0676031112671
warmup-time = 231.4070119857788
all-measurements = [ 229.0029480457306, 230.8711817264557, 227.0676031112671,]
