best-result = 523.9724533557892
warmup-time = 532.2825508117676
all-measurements = [ 523.9724533557892, 527.5941181182861, 529.7281684875488,]
