best-result = 36.96230387687683
warmup-time = 38.69765830039978
all-measurements = [ 36.96230387687683, 37.843504428863525, 36.96348023414612,]
