best-result = 73.10482573509216
warmup-time = 84.34672546386719
all-measurements = [ 73.45920491218567, 73.10482573509216, 79.0006194114685,]
