best-result = 62.89193081855774
warmup-time = 63.20860481262207
all-measurements = [ 64.61946773529053, 63.18087291717529, 62.89193081855774,]
