best-result = 27.94535732269287
warmup-time = 27.492370128631592
all-measurements = [ 28.054639101028442, 27.94535732269287, 28.516465663909912,]
