best-result = 35.95683836936951
warmup-time = 36.4284234046936
all-measurements = [ 36.281447410583496, 35.95683836936951, 36.85120987892151,]
