best-result = 33.95316672325134
warmup-time = 33.76645493507385
all-measurements = [ 34.01502585411072, 34.45704960823059, 33.95316672325134,]
