best-result = 42.76685380935669
warmup-time = 44.68496561050415
all-measurements = [ 43.467995166778564, 42.76685380935669, 43.8760724067688,]
