best-result = 97.64815354347229
warmup-time = 98.78406953811646
all-measurements = [ 98.42179751396179, 97.64815354347229, 98.61774921417236,]
