best-result = 27.628239631652832
warmup-time = 29.228938817977905
all-measurements = [ 27.63873028755188, 28.174256086349487, 27.628239631652832,]
