best-result = 33.37709665298462
warmup-time = 35.29677700996399
all-measurements = [ 34.45991492271423, 34.734060525894165, 33.37709665298462,]
