best-result = 88.70493412017822
warmup-time = 92.20618200302124
all-measurements = [ 88.70493412017822, 96.89191937446594, 92.91787624359131,]
