best-result = 40.33656430244446
warmup-time = 40.19339370727539
all-measurements = [ 40.804094552993774, 40.50294542312622, 40.33656430244446,]
