best-result = 42.08433246612549
warmup-time = 43.63154363632202
all-measurements = [ 44.52795672416687, 42.08433246612549, 45.279213428497314,]
