best-result = 28.290871143341064
warmup-time = 28.456148862838745
all-measurements = [ 29.156957864761353, 28.793287754058838, 28.290871143341064,]
