best-result = 695.6580514907837
warmup-time = 737.8292915821075
all-measurements = [ 695.6580514907837, 698.2553834915161, 743.0120317935944,]
