best-result = 172.86467027664185
warmup-time = 176.07574033737183
all-measurements = [ 179.28738617897034, 172.86467027664185, 177.0874457359314,]
