best-result = 44.25603723526001
warmup-time = 44.50510549545288
all-measurements = [ 45.19391489028931, 45.53440523147583, 44.25603723526001,]
