best-result = 66.8345513343811
warmup-time = 67.87157535552979
all-measurements = [ 70.89210176467896, 66.8345513343811, 67.59547019004822,]
