best-result = 23.30061912536621
warmup-time = 23.724303245544434
all-measurements = [ 23.579265117645264, 23.431012630462646, 23.30061912536621,]
