best-result = 47.091469287872314
warmup-time = 65.17952752113342
all-measurements = [ 47.091469287872314, 47.592442989349365, 47.55732727050781,]
