best-result = 46.88920474052429
warmup-time = 58.378517150878906
all-measurements = [ 47.4656445980072, 46.88920474052429, 47.53777456283569,]
