best-result = 900.5937879085541
warmup-time = 1104.651242017746
all-measurements = [ 900.7009589672089, 900.5937879085541, 903.0937705039978,]
