best-result = 86.3120846748352
warmup-time = 98.50560569763184
all-measurements = [ 86.3120846748352, 86.3934440612793, 86.76322174072266,]
