best-result = 990.4129908084869
warmup-time = 1023.7798719406128
all-measurements = [ 990.9160888195038, 990.4129908084869, 993.4621109962463,]
