best-result = 84.10388731956482
warmup-time = 103.2555468082428
all-measurements = [ 84.10388731956482, 84.59651017189026, 84.3014326095581,]
