best-result = 68.52215957641602
warmup-time = 87.99135637283325
all-measurements = [ 68.58129858970642, 68.52215957641602, 69.11755442619324,]
