best-result = 92.4060115814209
warmup-time = 106.12855410575867
all-measurements = [ 93.06326699256897, 92.69557309150696, 92.4060115814209,]
