best-result = 649.1059114933014
warmup-time = 661.2263069152832
all-measurements = [ 649.1059114933014, 650.7919881343842, 649.4852602481842,]
