best-result = 62.52735710144043
warmup-time = 74.69511079788208
all-measurements = [ 62.837708950042725, 62.52735710144043, 62.78958797454834,]
