best-result = 203.82884454727173
warmup-time = 361.6534104347229
all-measurements = [ 203.98885822296143, 203.82884454727173, 204.81797862052917,]
