best-result = 387.50657200813293
warmup-time = 826.816801071167
all-measurements = [ 388.795978307724, 387.50657200813293, 390.41879963874817,]
