best-result = 63.002684116363525
warmup-time = 76.98480272293091
all-measurements = [ 64.29878735542297, 63.002684116363525, 63.06571316719055,]
