best-result = 40.084386587142944
warmup-time = 49.346009731292725
all-measurements = [ 40.315086364746094, 40.53971004486084, 40.084386587142944,]
