best-result = 136.62231159210205
warmup-time = 166.39223456382751
all-measurements = [ 136.62231159210205, 136.7182776927948, 136.67789673805237,]
