best-result = 932.187341928482
warmup-time = 953.15469622612
all-measurements = [ 932.187341928482, 932.963526725769, 947.802921295166,]
