best-result = 28.157301664352417
warmup-time = 37.440818071365356
all-measurements = [ 28.157301664352417, 28.25301742553711, 28.60967755317688,]
