best-result = 57.524301528930664
warmup-time = 71.04744863510132
all-measurements = [ 57.524301528930664, 58.55238389968872, 57.78011989593506,]
