best-result = 60.46335005760193
warmup-time = 76.55492854118347
all-measurements = [ 60.46335005760193, 60.68736529350281, 61.46841549873352,]
