best-result = 110.97164559364319
warmup-time = 137.90233659744263
all-measurements = [ 111.10685229301453, 111.03357911109924, 110.97164559364319,]
