best-result = 771.7491908073425
warmup-time = 839.2788977622986
all-measurements = [ 772.8500666618347, 798.6808173656464, 771.7491908073425,]
