best-result = 34.13136672973633
warmup-time = 43.53347706794739
all-measurements = [ 34.13136672973633, 34.41880798339844, 34.32951855659485,]
