best-result = 55.679646730422974
warmup-time = 71.458181142807
all-measurements = [ 55.679646730422974, 56.28632712364197, 55.75696301460266,]
