best-result = 1620.9730334281921
warmup-time = 2491.64337682724
all-measurements = [ 2096.7562453746796, 1620.9730334281921, 2611.6093187332153,]
