best-result = 48.94500470161438
warmup-time = 70.65725874900818
all-measurements = [ 48.94500470161438, 49.081559896469116, 49.32708501815796,]
