best-result = 82.41007041931152
warmup-time = 101.96460270881653
all-measurements = [ 83.92570495605469, 83.25917983055115, 82.41007041931152,]
