best-result = 37.96575379371643
warmup-time = 46.63846182823181
all-measurements = [ 37.96575379371643, 38.51151418685913, 38.356221199035645,]
