best-result = 329.8685085773468
warmup-time = 478.933876991272
all-measurements = [ 329.8685085773468, 334.2739496231079, 334.2009656429291,]
