best-result = 59.38133215904236
warmup-time = 60.49371933937073
all-measurements = [ 59.77635979652405, 59.38133215904236, 59.80223250389099,]
