best-result = 25.68600296974182
warmup-time = 25.82736611366272
all-measurements = [ 25.68600296974182, 26.242694854736328, 26.80986738204956,]
