best-result = 36.06093502044678
warmup-time = 36.456186294555664
all-measurements = [ 37.85277581214905, 36.94734573364258, 36.06093502044678,]
