best-result = 30.749478578567505
warmup-time = 30.33178687095642
all-measurements = [ 32.079901456832886, 30.749478578567505, 31.825350761413574,]
