best-result = 255.91215682029724
warmup-time = 261.38130259513855
all-measurements = [ 259.7654883861542, 257.7071261405945, 255.91215682029724,]
