best-result = 35.08603644371033
warmup-time = 36.900320291519165
all-measurements = [ 35.10479187965393, 35.08603644371033, 36.48430275917053,]
