best-result = 112.42686176300049
warmup-time = 113.91160345077515
all-measurements = [ 113.41425442695618, 115.24998736381531, 112.42686176300049,]
