best-result = 40.380327463150024
warmup-time = 41.24078154563904
all-measurements = [ 41.039705991744995, 40.380327463150024, 40.73930788040161,]
