best-result = 46.07805395126343
warmup-time = 48.66774034500122
all-measurements = [ 46.172914028167725, 47.13182330131531, 46.07805395126343,]
