best-result = 32.95825934410095
warmup-time = 35.49887752532959
all-measurements = [ 34.168235301971436, 34.03351378440857, 32.95825934410095,]
