best-result = 36.12116456031799
warmup-time = 36.80707764625549
all-measurements = [ 36.12116456031799, 37.448116064071655, 37.45353841781616,]
