best-result = 60.44415068626404
warmup-time = 63.16801071166992
all-measurements = [ 62.9416708946228, 60.44415068626404, 60.72982978820801,]
