best-result = 225.64512133598328
warmup-time = 231.8541395664215
all-measurements = [ 235.05191898345947, 225.64512133598328, 226.32441401481628,]
