best-result = 513.9720289707184
warmup-time = 520.5102908611298
all-measurements = [ 517.8602409362793, 518.2655136585236, 513.9720289707184,]
