best-result = 37.12564301490784
warmup-time = 35.06838941574097
all-measurements = [ 37.44097924232483, 37.64235281944275, 37.12564301490784,]
