best-result = 28.423746824264526
warmup-time = 29.224988222122192
all-measurements = [ 28.423746824264526, 29.087146759033203, 28.66636347770691,]
