best-result = 70.5378680229187
warmup-time = 74.12748289108276
all-measurements = [ 75.30520272254944, 70.5378680229187, 84.70139360427856,]
