best-result = 62.37937831878662
warmup-time = 62.12394070625305
all-measurements = [ 63.48151683807373, 62.92492198944092, 62.37937831878662,]
