best-result = 27.460304260253906
warmup-time = 28.872228384017944
all-measurements = [ 29.26452875137329, 28.47428607940674, 27.460304260253906,]
