best-result = 35.01963829994202
warmup-time = 34.85205316543579
all-measurements = [ 35.510843992233276, 35.01963829994202, 35.08044791221619,]
