best-result = 31.48478889465332
warmup-time = 33.782060623168945
all-measurements = [ 32.7388117313385, 33.26329517364502, 31.48478889465332,]
