best-result = 42.52665448188782
warmup-time = 43.89098501205444
all-measurements = [ 42.73027205467224, 44.65807795524597, 42.52665448188782,]
