best-result = 95.65094423294067
warmup-time = 99.40102171897888
all-measurements = [ 96.17761254310608, 95.65094423294067, 97.02785921096802,]
