best-result = 28.397906064987183
warmup-time = 28.724735498428345
all-measurements = [ 29.523131370544434, 28.665719985961914, 28.397906064987183,]
