best-result = 32.9887375831604
warmup-time = 35.138938426971436
all-measurements = [ 32.9887375831604, 34.489872455596924, 35.22252607345581,]
