best-result = 88.40581941604614
warmup-time = 93.16841173171997
all-measurements = [ 88.40581941604614, 88.96722984313965, 89.74763584136963,]
