best-result = 38.47035884857178
warmup-time = 38.47871422767639
all-measurements = [ 39.329107999801636, 38.71865749359131, 38.47035884857178,]
