best-result = 43.55114197731018
warmup-time = 45.60819172859192
all-measurements = [ 45.85249423980713, 43.55114197731018, 45.77305221557617,]
