best-result = 27.255452871322632
warmup-time = 28.909514665603638
all-measurements = [ 28.64005184173584, 27.255452871322632, 28.480955839157104,]
