best-result = 636.6673669815063
warmup-time = 690.3930766582489
all-measurements = [ 649.160854101181, 636.6673669815063, 662.7363982200623,]
