best-result = 171.98293161392212
warmup-time = 174.0529215335846
all-measurements = [ 172.55294728279114, 171.98293161392212, 172.80234622955322,]
