best-result = 57.01253294944763
warmup-time = 66.33494687080383
all-measurements = [ 57.01253294944763, 57.34142827987671, 65.367995262146,]
