best-result = 26.432390451431274
warmup-time = 26.773781776428223
all-measurements = [ 26.567156076431274, 26.432390451431274, 27.26010251045227,]
