best-result = 37.548770904541016
warmup-time = 39.485103130340576
all-measurements = [ 38.101714849472046, 37.548770904541016, 39.415629386901855,]
