best-result = 31.72639274597168
warmup-time = 31.50591230392456
all-measurements = [ 31.72639274597168, 32.62695670127869, 32.24558353424072,]
