best-result = 232.3049018383026
warmup-time = 237.97320294380188
all-measurements = [ 232.3049018383026, 232.66473245620728, 233.0291895866394,]
