best-result = 37.46206736564636
warmup-time = 37.56496477127075
all-measurements = [ 37.78649163246155, 37.46206736564636, 37.5434627532959,]
