best-result = 112.02822208404541
warmup-time = 117.84939336776733
all-measurements = [ 112.08637118339539, 113.68992137908936, 112.02822208404541,]
