best-result = 36.16790819168091
warmup-time = 35.39543271064758
all-measurements = [ 36.536662340164185, 36.19237923622131, 36.16790819168091,]
