best-result = 41.61936569213867
warmup-time = 41.83448886871338
all-measurements = [ 41.61936569213867, 41.89640688896179, 41.89478349685669,]
