best-result = 48.142767906188965
warmup-time = 49.49155950546265
all-measurements = [ 48.142767906188965, 48.83255171775818, 48.646729946136475,]
