best-result = 33.62747550010681
warmup-time = 34.29796123504639
all-measurements = [ 35.7910590171814, 33.62747550010681, 34.95795822143555,]
