best-result = 37.435062885284424
warmup-time = 38.58118176460266
all-measurements = [ 37.93864893913269, 37.435062885284424, 37.72543263435364,]
