best-result = 61.4433114528656
warmup-time = 60.268285512924194
all-measurements = [ 61.61981391906738, 62.63259267807007, 61.4433114528656,]
