best-result = 220.64294338226318
warmup-time = 221.42800402641296
all-measurements = [ 222.6111342906952, 220.64294338226318, 222.52733612060547,]
