best-result = 500.67238092422485
warmup-time = 510.78408551216125
all-measurements = [ 508.02759861946106, 500.67238092422485, 501.41304206848145,]
