best-result = 36.917067766189575
warmup-time = 36.475738763809204
all-measurements = [ 38.10793113708496, 37.51670956611633, 36.917067766189575,]
