best-result = 28.919164180755615
warmup-time = 29.51474404335022
all-measurements = [ 29.835697889328003, 29.67293953895569, 28.919164180755615,]
