best-result = 73.63022089004517
warmup-time = 76.98204517364502
all-measurements = [ 79.64113593101501, 73.63022089004517, 77.3454794883728,]
