best-result = 62.22610282897949
warmup-time = 63.80983829498291
all-measurements = [ 62.964280128479004, 62.22610282897949, 62.53498721122742,]
