best-result = 28.954080820083618
warmup-time = 28.19912815093994
all-measurements = [ 28.954080820083618, 29.163536071777344, 29.09582781791687,]
