best-result = 33.59356188774109
warmup-time = 35.71037578582764
all-measurements = [ 36.403270959854126, 33.59356188774109, 35.69176459312439,]
