best-result = 32.46514534950256
warmup-time = 33.984172105789185
all-measurements = [ 32.46514534950256, 33.95870661735535, 34.389538049697876,]
