best-result = 43.023603200912476
warmup-time = 44.43421959877014
all-measurements = [ 44.77694296836853, 43.023603200912476, 44.500502824783325,]
