best-result = 96.82671999931335
warmup-time = 98.86407327651978
all-measurements = [ 98.77905607223511, 98.82283902168274, 96.82671999931335,]
