best-result = 28.348732948303223
warmup-time = 28.79183316230774
all-measurements = [ 28.98955225944519, 28.403963804244995, 28.348732948303223,]
