best-result = 34.50050663948059
warmup-time = 35.55583477020264
all-measurements = [ 35.461097955703735, 35.327980756759644, 34.50050663948059,]
