best-result = 88.12332940101624
warmup-time = 96.33127617835999
all-measurements = [ 88.12332940101624, 88.6779727935791, 90.91108226776123,]
