best-result = 38.7717227935791
warmup-time = 38.57384538650513
all-measurements = [ 40.71826124191284, 39.861825942993164, 38.7717227935791,]
