best-result = 43.5309112071991
warmup-time = 46.68157410621643
all-measurements = [ 43.5309112071991, 43.87626647949219, 44.89017581939697,]
