best-result = 51.09506344795227
warmup-time = 52.36081004142761
all-measurements = [ 51.61039447784424, 51.21283483505249, 51.09506344795227,]
