best-result = 28.3227641582489
warmup-time = 28.784139156341553
all-measurements = [ 29.445422887802124, 29.460394144058228, 28.3227641582489,]
