best-result = 632.7764055728912
warmup-time = 682.5837461948395
all-measurements = [ 633.5782096385956, 648.9287202358246, 632.7764055728912,]
