best-result = 166.38947749137878
warmup-time = 170.13280844688416
all-measurements = [ 166.74409437179565, 166.38947749137878, 170.90989184379578,]
