best-result = 57.62223196029663
warmup-time = 68.86364316940308
all-measurements = [ 67.35977101325989, 67.0577437877655, 57.62223196029663,]
