best-result = 23.314879894256592
warmup-time = 24.337872743606567
all-measurements = [ 23.650102138519287, 23.314879894256592, 23.590644121170044,]
