best-result = 47.23190665245056
warmup-time = 64.52751278877258
all-measurements = [ 47.74840188026428, 47.23190665245056, 47.33558440208435,]
