best-result = 47.48279309272766
warmup-time = 59.30001902580261
all-measurements = [ 47.48279309272766, 47.75601363182068, 48.078205823898315,]
