best-result = 898.6150732040405
warmup-time = 1104.3984594345093
all-measurements = [ 906.2404546737671, 898.6150732040405, 904.3415133953094,]
