best-result = 85.75454616546631
warmup-time = 98.97255730628967
all-measurements = [ 86.20235443115234, 85.75454616546631, 85.86520648002625,]
