best-result = 990.5717370510101
warmup-time = 1020.9132900238037
all-measurements = [ 990.5717370510101, 992.2770519256592, 998.4235730171204,]
