best-result = 66.16742873191833
warmup-time = 81.73792338371277
all-measurements = [ 67.26606774330139, 66.16742873191833, 67.31998538970947,]
