best-result = 84.54098105430603
warmup-time = 105.3414888381958
all-measurements = [ 84.85318088531494, 85.05613112449646, 84.54098105430603,]
