best-result = 68.62344026565552
warmup-time = 88.09143829345703
all-measurements = [ 68.62344026565552, 69.1158356666565, 68.82908582687378,]
