best-result = 91.29337811470032
warmup-time = 104.77023148536682
all-measurements = [ 91.80920386314392, 91.38620781898499, 91.29337811470032,]
