best-result = 642.8306438922882
warmup-time = 658.6040258407593
all-measurements = [ 642.8306438922882, 647.6063804626465, 643.1077380180359,]
