best-result = 62.79592490196228
warmup-time = 77.65369439125061
all-measurements = [ 62.852383852005005, 63.041645765304565, 62.79592490196228,]
