best-result = 191.29304265975952
warmup-time = 343.12613916397095
all-measurements = [ 192.05122590065002, 191.29304265975952, 191.39071702957153,]
