best-result = 384.63997411727905
warmup-time = 832.8336274623871
all-measurements = [ 390.9631562232971, 393.75055027008057, 384.63997411727905,]
