best-result = 62.70951795578003
warmup-time = 80.42152500152588
all-measurements = [ 63.55662727355957, 62.70951795578003, 64.29980301856995,]
