best-result = 40.84002876281738
warmup-time = 48.57722568511963
all-measurements = [ 40.84002876281738, 41.306072473526, 41.0487596988678,]
