best-result = 135.56116437911987
warmup-time = 156.10096096992493
all-measurements = [ 136.15088319778442, 137.90855026245117, 135.56116437911987,]
