best-result = 925.5110378265381
warmup-time = 963.160854101181
all-measurements = [ 937.865156173706, 925.5110378265381, 932.7268998622894,]
