best-result = 28.127662658691406
warmup-time = 36.260762214660645
all-measurements = [ 28.127662658691406, 28.436692237854004, 28.341251850128174,]
