best-result = 59.31202030181885
warmup-time = 73.23874974250793
all-measurements = [ 59.78030347824097, 59.901949644088745, 59.31202030181885,]
