best-result = 61.23678016662598
warmup-time = 75.14543318748474
all-measurements = [ 61.462010860443115, 61.23678016662598, 61.468201875686646,]
