best-result = 110.98291993141174
warmup-time = 140.06342482566833
all-measurements = [ 111.39699602127075, 111.0822057723999, 110.98291993141174,]
