best-result = 775.4271850585938
warmup-time = 839.6020560264587
all-measurements = [ 775.4271850585938, 780.3023798465729, 789.7867767810822,]
