best-result = 34.51319456100464
warmup-time = 43.096693992614746
all-measurements = [ 34.73468494415283, 34.51319456100464, 34.95794153213501,]
