best-result = 55.56364703178406
warmup-time = 71.83473443984985
all-measurements = [ 56.3775532245636, 56.240679025650024, 55.56364703178406,]
