best-result = 1926.9019663333893
warmup-time = 2488.033150911331
all-measurements = [ 2564.345000743866, 2431.3834884166718, 1926.9019663333893,]
