best-result = 49.6031129360199
warmup-time = 70.94778442382812
all-measurements = [ 50.2093780040741, 49.71660256385803, 49.6031129360199,]
