best-result = 83.4283242225647
warmup-time = 102.51358842849731
all-measurements = [ 83.97893118858337, 83.4283242225647, 83.89484190940857,]
