best-result = 94.43860912322998
warmup-time = 116.62708592414856
all-measurements = [ 94.69754648208618, 94.63684391975403, 94.43860912322998,]
