best-result = 38.121849060058594
warmup-time = 47.413440465927124
all-measurements = [ 38.121849060058594, 38.342440605163574, 38.19091272354126,]
