best-result = 316.83561849594116
warmup-time = 461.21274733543396
all-measurements = [ 316.83561849594116, 322.0645503997803, 317.3227083683014,]
