best-result = 60.32425045967102
warmup-time = 60.87359404563904
all-measurements = [ 60.73495268821716, 60.32425045967102, 60.904921770095825,]
