best-result = 25.635425090789795
warmup-time = 25.98846125602722
all-measurements = [ 25.670615673065186, 25.72491145133972, 25.635425090789795,]
