best-result = 36.95001673698425
warmup-time = 40.681854009628296
all-measurements = [ 38.7741265296936, 36.95001673698425, 37.12127685546875,]
