best-result = 32.18717861175537
warmup-time = 33.54786801338196
all-measurements = [ 32.29643750190735, 32.50087809562683, 32.18717861175537,]
