best-result = 281.17920684814453
warmup-time = 286.2978494167328
all-measurements = [ 284.273779630661, 284.8527343273163, 281.17920684814453,]
