best-result = 35.55112099647522
warmup-time = 36.82397532463074
all-measurements = [ 35.840571641922, 35.55112099647522, 35.624282121658325,]
