best-result = 42.64105772972107
warmup-time = 43.81010937690735
all-measurements = [ 44.69386696815491, 42.64105772972107, 43.0488007068634,]
