best-result = 50.77346658706665
warmup-time = 52.610331773757935
all-measurements = [ 53.448880434036255, 50.77346658706665, 53.03073501586914,]
