best-result = 34.619375228881836
warmup-time = 34.54414486885071
all-measurements = [ 36.93138241767883, 35.04748749732971, 34.619375228881836,]
