best-result = 38.634408712387085
warmup-time = 39.314096212387085
all-measurements = [ 38.76401972770691, 39.675474882125854, 38.634408712387085,]
