best-result = 61.45676112174988
warmup-time = 63.54986929893494
all-measurements = [ 61.800978899002075, 62.250123023986816, 61.45676112174988,]
