best-result = 250.5928885936737
warmup-time = 254.83823609352112
all-measurements = [ 253.25291657447815, 250.5928885936737, 251.50242471694946,]
