best-result = 578.540109872818
warmup-time = 582.743273973465
all-measurements = [ 582.264014005661, 578.540109872818, 578.9785258769989,]
