best-result = 36.011247634887695
warmup-time = 36.255528688430786
all-measurements = [ 36.011247634887695, 36.851380825042725, 36.51097536087036,]
