best-result = 66.62546038627625
warmup-time = 66.68145203590393
all-measurements = [ 66.62546038627625, 67.08230972290039, 68.49242448806763,]
