best-result = 27.218900442123413
warmup-time = 29.04185938835144
all-measurements = [ 28.024182558059692, 28.653282165527344, 27.218900442123413,]
