best-result = 36.50530481338501
warmup-time = 37.05500078201294
all-measurements = [ 37.1839816570282, 36.82448601722717, 36.50530481338501,]
