best-result = 32.3778018951416
warmup-time = 34.473090171813965
all-measurements = [ 32.86460733413696, 33.54596829414368, 32.3778018951416,]
