best-result = 43.67519760131836
warmup-time = 43.61499238014221
all-measurements = [ 44.46401405334473, 43.67519760131836, 45.72948622703552,]
