best-result = 102.79728627204895
warmup-time = 105.30421996116638
all-measurements = [ 102.79728627204895, 103.15463280677795, 102.94901418685913,]
