best-result = 28.621551275253296
warmup-time = 27.926187992095947
all-measurements = [ 28.621551275253296, 29.639272212982178, 29.143998622894287,]
