best-result = 34.5256884098053
warmup-time = 35.64459729194641
all-measurements = [ 35.92623853683472, 36.76754307746887, 34.5256884098053,]
