best-result = 40.55382585525513
warmup-time = 40.131431102752686
all-measurements = [ 40.55382585525513, 41.077385902404785, 40.75756621360779,]
