best-result = 42.92214226722717
warmup-time = 46.170632123947144
all-measurements = [ 45.54912352561951, 43.868167877197266, 42.92214226722717,]
