best-result = 28.43725085258484
warmup-time = 29.272677183151245
all-measurements = [ 28.43725085258484, 28.65107560157776, 29.00578474998474,]
