best-result = 720.5315835475922
warmup-time = 742.1213903427124
all-measurements = [ 721.7366065979004, 728.3417756557465, 720.5315835475922,]
