best-result = 194.00063037872314
warmup-time = 193.81955075263977
all-measurements = [ 194.00063037872314, 196.62698698043823, 194.70469188690186,]
