best-result = 44.03659391403198
warmup-time = 43.95246624946594
all-measurements = [ 44.03659391403198, 44.56153726577759, 44.30803060531616,]
