best-result = 26.058176040649414
warmup-time = 26.531652450561523
all-measurements = [ 26.058176040649414, 26.136887788772583, 26.177401781082153,]
