best-result = 36.88177967071533
warmup-time = 35.45333552360535
all-measurements = [ 36.88177967071533, 36.96670913696289, 37.852073669433594,]
