best-result = 30.696284770965576
warmup-time = 30.791487216949463
all-measurements = [ 31.267897129058838, 30.696284770965576, 30.855730056762695,]
