best-result = 251.774507522583
warmup-time = 262.7448172569275
all-measurements = [ 255.7256269454956, 251.774507522583, 259.9935071468353,]
