best-result = 35.95661735534668
warmup-time = 37.55046725273132
all-measurements = [ 36.7537796497345, 35.95661735534668, 36.806644916534424,]
