best-result = 112.3966715335846
warmup-time = 114.50334167480469
all-measurements = [ 114.20910406112671, 112.3966715335846, 112.98789811134338,]
