best-result = 40.13872241973877
warmup-time = 40.09166598320007
all-measurements = [ 41.11504507064819, 40.962892293930054, 40.13872241973877,]
