best-result = 47.93080472946167
warmup-time = 48.778515577316284
all-measurements = [ 48.21693015098572, 47.93080472946167, 48.85765314102173,]
