best-result = 33.5929811000824
warmup-time = 33.4175443649292
all-measurements = [ 34.61633515357971, 33.5929811000824, 34.44413948059082,]
