best-result = 36.97038435935974
warmup-time = 37.99284315109253
all-measurements = [ 37.572715044021606, 36.97038435935974, 39.381288051605225,]
