best-result = 61.183515787124634
warmup-time = 61.59123635292053
all-measurements = [ 62.32907700538635, 61.697524547576904, 61.183515787124634,]
