best-result = 223.28216981887817
warmup-time = 225.0305199623108
all-measurements = [ 223.28216981887817, 224.91031551361084, 228.12327194213867,]
