best-result = 514.6288080215454
warmup-time = 522.508335351944
all-measurements = [ 517.0004832744598, 514.6288080215454, 518.675977230072,]
