best-result = 36.3846755027771
warmup-time = 36.79505729675293
all-measurements = [ 36.3846755027771, 38.09317326545715, 36.6824369430542,]
