best-result = 28.49103093147278
warmup-time = 29.196142435073853
all-measurements = [ 29.037950038909912, 28.99367117881775, 28.49103093147278,]
