best-result = 72.9600043296814
warmup-time = 71.25150895118713
all-measurements = [ 82.08126449584961, 72.9600043296814, 81.06432223320007,]
