best-result = 60.7184157371521
warmup-time = 61.17992973327637
all-measurements = [ 62.83119869232178, 60.7184157371521, 61.60101819038391,]
