best-result = 27.492924213409424
warmup-time = 27.855985164642334
all-measurements = [ 29.314802408218384, 27.807048082351685, 27.492924213409424,]
