best-result = 35.232943296432495
warmup-time = 35.39160871505737
all-measurements = [ 35.46094560623169, 35.232943296432495, 35.476661682128906,]
