best-result = 32.53889274597168
warmup-time = 32.47225522994995
all-measurements = [ 33.32408881187439, 35.54286980628967, 32.53889274597168,]
