best-result = 41.76817035675049
warmup-time = 42.605867862701416
all-measurements = [ 41.76817035675049, 42.062636613845825, 42.46148753166199,]
