best-result = 94.6144585609436
warmup-time = 96.29293990135193
all-measurements = [ 95.7851128578186, 94.6144585609436, 97.02696895599365,]
