best-result = 27.697704553604126
warmup-time = 28.83931064605713
all-measurements = [ 28.761624813079834, 27.697704553604126, 29.04936647415161,]
