best-result = 33.40069532394409
warmup-time = 36.05261945724487
all-measurements = [ 34.491921186447144, 33.40069532394409, 34.09878349304199,]
