best-result = 87.06019520759583
warmup-time = 94.61090183258057
all-measurements = [ 95.86776161193848, 87.06019520759583, 90.73975348472595,]
