best-result = 37.82927322387695
warmup-time = 39.396249294281006
all-measurements = [ 37.82927322387695, 39.01411724090576, 38.02573204040527,]
