best-result = 42.54676008224487
warmup-time = 45.754979372024536
all-measurements = [ 42.54676008224487, 42.87275815010071, 45.248455286026,]
