best-result = 28.731343984603882
warmup-time = 29.530084371566772
all-measurements = [ 29.79948878288269, 29.050391674041748, 28.731343984603882,]
