best-result = 633.1491985321045
warmup-time = 675.9607818126678
all-measurements = [ 639.2879045009613, 633.1491985321045, 642.648205280304,]
