best-result = 170.82557344436646
warmup-time = 172.95197677612305
all-measurements = [ 170.82557344436646, 175.40458416938782, 171.55081629753113,]
