best-result = 65.74051356315613
warmup-time = 65.11269855499268
all-measurements = [ 65.87461185455322, 65.74051356315613, 66.44244623184204,]
