best-result = 25.577362537384033
warmup-time = 25.84303092956543
all-measurements = [ 25.577362537384033, 26.275758028030396, 25.84652018547058,]
