best-result = 36.67320156097412
warmup-time = 38.296454668045044
all-measurements = [ 36.67320156097412, 37.38915276527405, 38.58490228652954,]
