best-result = 30.327804565429688
warmup-time = 31.89642095565796
all-measurements = [ 31.325631380081177, 31.596898794174194, 30.327804565429688,]
