best-result = 266.3911910057068
warmup-time = 270.48954010009766
all-measurements = [ 266.3911910057068, 269.1875522136688, 267.4675679206848,]
