best-result = 36.71238398551941
warmup-time = 37.1625702381134
all-measurements = [ 36.71238398551941, 37.03636336326599, 36.85389304161072,]
