best-result = 40.80483365058899
warmup-time = 41.16597366333008
all-measurements = [ 42.36842727661133, 41.85884618759155, 40.80483365058899,]
