best-result = 49.137917280197144
warmup-time = 49.075323820114136
all-measurements = [ 49.76651334762573, 50.30122470855713, 49.137917280197144,]
