best-result = 33.38635182380676
warmup-time = 35.022743463516235
all-measurements = [ 34.19149923324585, 33.6557137966156, 33.38635182380676,]
