best-result = 35.164217948913574
warmup-time = 37.11898851394653
all-measurements = [ 37.26150155067444, 35.164217948913574, 37.11389660835266,]
