best-result = 60.778411626815796
warmup-time = 62.39114022254944
all-measurements = [ 60.778411626815796, 65.72787022590637, 65.85565066337585,]
