best-result = 225.9934093952179
warmup-time = 229.3103311061859
all-measurements = [ 227.62717604637146, 226.8712193965912, 225.9934093952179,]
