best-result = 520.9650239944458
warmup-time = 525.806723356247
all-measurements = [ 522.1803660392761, 520.9650239944458, 524.7626655101776,]
