best-result = 35.55057406425476
warmup-time = 37.9549286365509
all-measurements = [ 39.56966805458069, 37.23925971984863, 35.55057406425476,]
