best-result = 79.3859498500824
warmup-time = 77.68999528884888
all-measurements = [ 81.67966532707214, 79.3859498500824, 83.05541753768921,]
