best-result = 61.907963275909424
warmup-time = 62.106701374053955
all-measurements = [ 64.8631443977356, 62.762449502944946, 61.907963275909424,]
