best-result = 27.541765213012695
warmup-time = 27.840584754943848
all-measurements = [ 28.884310007095337, 27.541765213012695, 28.09528946876526,]
