best-result = 34.98298788070679
warmup-time = 35.69035220146179
all-measurements = [ 35.70480418205261, 34.98298788070679, 35.691866397857666,]
