best-result = 33.119927167892456
warmup-time = 33.871137857437134
all-measurements = [ 33.119927167892456, 34.319480895996094, 33.61152243614197,]
