best-result = 42.93668508529663
warmup-time = 42.87342119216919
all-measurements = [ 43.032511472702026, 43.262951612472534, 42.93668508529663,]
