best-result = 94.40492486953735
warmup-time = 96.71434116363525
all-measurements = [ 97.4784426689148, 94.40492486953735, 97.6872239112854,]
