best-result = 27.621721029281616
warmup-time = 29.557403802871704
all-measurements = [ 29.35210609436035, 27.621721029281616, 28.954854249954224,]
