best-result = 33.329429626464844
warmup-time = 34.34683847427368
all-measurements = [ 35.15184664726257, 33.329429626464844, 34.98420262336731,]
