best-result = 86.02102303504944
warmup-time = 92.66714096069336
all-measurements = [ 87.36434149742126, 86.44204640388489, 86.02102303504944,]
