best-result = 39.34192109107971
warmup-time = 38.41694903373718
all-measurements = [ 39.86854529380798, 40.22248435020447, 39.34192109107971,]
