best-result = 42.54452872276306
warmup-time = 44.770575761795044
all-measurements = [ 43.74616527557373, 42.54452872276306, 43.88160157203674,]
