best-result = 27.615356922149658
warmup-time = 28.71858024597168
all-measurements = [ 28.930950164794922, 27.615356922149658, 28.767417669296265,]
