best-result = 702.5479476451874
warmup-time = 736.4810333251953
all-measurements = [ 702.5479476451874, 723.8837316036224, 717.7368297576904,]
