best-result = 173.20550298690796
warmup-time = 172.98458886146545
all-measurements = [ 176.3796088695526, 174.20357370376587, 173.20550298690796,]
