best-result = 58.4544415473938
warmup-time = 71.2799642086029
all-measurements = [ 58.4544415473938, 64.0155439376831, 69.65648865699768,]
