best-result = 22.280757665634155
warmup-time = 22.49735164642334
all-measurements = [ 22.280757665634155, 22.383690357208252, 22.423263788223267,]
