best-result = 47.856483459472656
warmup-time = 65.21036338806152
all-measurements = [ 48.01472282409668, 47.856483459472656, 47.925121784210205,]
