best-result = 47.588021993637085
warmup-time = 61.526286602020264
all-measurements = [ 48.53158974647522, 47.63558912277222, 47.588021993637085,]
