best-result = 998.947999715805
warmup-time = 1215.006767988205
all-measurements = [ 1011.4090042114258, 1002.1849081516266, 998.947999715805,]
