best-result = 83.12409090995789
warmup-time = 99.03590106964111
all-measurements = [ 83.12409090995789, 83.14560794830322, 83.90644335746765,]
