best-result = 78.92738366127014
warmup-time = 102.18167161941528
all-measurements = [ 79.32916021347046, 79.43399620056152, 78.92738366127014,]
