best-result = 70.36200785636902
warmup-time = 95.545081615448
all-measurements = [ 70.36200785636902, 70.49473667144775, 71.07043051719666,]
