best-result = 85.0652539730072
warmup-time = 100.84516191482544
all-measurements = [ 85.92143106460571, 85.42358303070068, 85.0652539730072,]
