best-result = 598.3194417953491
warmup-time = 612.5201001167297
all-measurements = [ 600.676764011383, 599.4930512905121, 598.3194417953491,]
