best-result = 63.13575196266174
warmup-time = 79.26412892341614
all-measurements = [ 63.81271982192993, 64.31271815299988, 63.13575196266174,]
