best-result = 234.55631256103516
warmup-time = 410.50048422813416
all-measurements = [ 234.98444032669067, 234.55631256103516, 234.83369898796082,]
