best-result = 439.2613983154297
warmup-time = 959.7214834690094
all-measurements = [ 443.7285883426666, 439.2613983154297, 439.8272511959076,]
