best-result = 60.79012107849121
warmup-time = 78.53348088264465
all-measurements = [ 60.79012107849121, 61.64942765235901, 61.2166907787323,]
