best-result = 883.214061498642
warmup-time = 921.559296131134
all-measurements = [ 888.4384152889252, 883.214061498642, 889.4758327007294,]
