best-result = 27.84528112411499
warmup-time = 37.30952715873718
all-measurements = [ 28.607195615768433, 28.449846982955933, 27.84528112411499,]
