best-result = 59.25447130203247
warmup-time = 73.82563853263855
all-measurements = [ 59.25447130203247, 59.81622791290283, 59.72382950782776,]
