best-result = 56.368186235427856
warmup-time = 76.02350234985352
all-measurements = [ 57.40038013458252, 56.94865608215332, 56.368186235427856,]
