best-result = 111.25870680809021
warmup-time = 143.36806917190552
all-measurements = [ 111.25870680809021, 111.7793481349945, 111.90948557853699,]
