best-result = 777.3313119411469
warmup-time = 853.6679849624634
all-measurements = [ 777.3313119411469, 781.0494046211243, 777.3422048091888,]
