best-result = 34.18037223815918
warmup-time = 42.31502103805542
all-measurements = [ 34.309568643569946, 34.18037223815918, 35.62014818191528,]
