best-result = 53.876893520355225
warmup-time = 70.04603338241577
all-measurements = [ 54.222750663757324, 54.76909112930298, 53.876893520355225,]
