best-result = 50.649658203125
warmup-time = 73.19421362876892
all-measurements = [ 51.627734422683716, 50.649658203125, 51.02857041358948,]
