best-result = 79.93414425849915
warmup-time = 99.98513436317444
all-measurements = [ 79.93414425849915, 82.28948831558228, 81.3187301158905,]
