best-result = 36.64510536193848
warmup-time = 45.28826975822449
all-measurements = [ 36.80420660972595, 37.42867040634155, 36.64510536193848,]
