best-result = 354.02418971061707
warmup-time = 518.2848181724548
all-measurements = [ 354.02418971061707, 355.8668327331543, 355.2666871547699,]
