best-result = 103.85181522369385
warmup-time = 104.61987733840942
all-measurements = [ 104.6905837059021, 104.73999881744385, 103.85181522369385,]
