best-result = 26.019214630126953
warmup-time = 26.24635124206543
all-measurements = [ 26.363699913024902, 26.019214630126953, 26.49893856048584,]
