best-result = 35.57113528251648
warmup-time = 39.108866453170776
all-measurements = [ 37.5532488822937, 35.57113528251648, 36.17627024650574,]
