best-result = 31.169931888580322
warmup-time = 30.57817006111145
all-measurements = [ 31.633243322372437, 32.1822669506073, 31.169931888580322,]
