best-result = 229.76756191253662
warmup-time = 234.65798783302307
all-measurements = [ 232.02997636795044, 229.76756191253662, 233.87797212600708,]
