best-result = 36.63850116729736
warmup-time = 36.70127558708191
all-measurements = [ 36.63850116729736, 36.95123600959778, 37.59358334541321,]
