best-result = 113.7900607585907
warmup-time = 115.72367095947266
all-measurements = [ 115.09954404830933, 113.7900607585907, 114.52922105789185,]
