best-result = 35.04543471336365
warmup-time = 36.2705454826355
all-measurements = [ 35.172303438186646, 36.139519453048706, 35.04543471336365,]
