best-result = 40.837178468704224
warmup-time = 41.6304566860199
all-measurements = [ 40.88730597496033, 40.837178468704224, 42.175111293792725,]
