best-result = 47.861470460891724
warmup-time = 48.3892867565155
all-measurements = [ 48.2479350566864, 47.88151955604553, 47.861470460891724,]
