best-result = 33.539568185806274
warmup-time = 33.83708333969116
all-measurements = [ 34.24584937095642, 33.539568185806274, 33.85123038291931,]
