best-result = 36.85814571380615
warmup-time = 38.29607558250427
all-measurements = [ 38.03574752807617, 37.88710117340088, 36.85814571380615,]
