best-result = 57.605151414871216
warmup-time = 61.7306706905365
all-measurements = [ 57.85808229446411, 57.605151414871216, 62.04542255401611,]
