best-result = 221.68342518806458
warmup-time = 224.96397805213928
all-measurements = [ 221.81695580482483, 222.27942204475403, 221.68342518806458,]
