best-result = 501.72778058052063
warmup-time = 506.0491166114807
all-measurements = [ 501.72778058052063, 509.06789660453796, 507.13588857650757,]
