best-result = 36.629212617874146
warmup-time = 36.12160801887512
all-measurements = [ 37.48548603057861, 36.629212617874146, 38.28237271308899,]
