best-result = 28.868685960769653
warmup-time = 29.26133918762207
all-measurements = [ 29.505826711654663, 28.868685960769653, 29.40195107460022,]
