best-result = 76.67197561264038
warmup-time = 81.9286630153656
all-measurements = [ 77.64549589157104, 76.67197561264038, 80.66681170463562,]
