best-result = 61.45626425743103
warmup-time = 62.17045068740845
all-measurements = [ 61.45626425743103, 61.48236870765686, 62.4640257358551,]
