best-result = 28.178778648376465
warmup-time = 28.78292441368103
all-measurements = [ 28.55172824859619, 29.643094778060913, 28.178778648376465,]
