best-result = 35.020634174346924
warmup-time = 36.02695369720459
all-measurements = [ 35.841015338897705, 35.525715827941895, 35.020634174346924,]
