best-result = 33.92076587677002
warmup-time = 33.53522515296936
all-measurements = [ 34.266098737716675, 33.92076587677002, 34.96337604522705,]
