best-result = 43.57653284072876
warmup-time = 41.98173236846924
all-measurements = [ 44.04635787010193, 43.57653284072876, 43.99608898162842,]
