best-result = 91.90771508216858
warmup-time = 95.2617015838623
all-measurements = [ 91.90771508216858, 96.18693852424622, 93.59669399261475,]
