best-result = 28.00450372695923
warmup-time = 29.908973455429077
all-measurements = [ 28.00450372695923, 29.242326021194458, 29.562190055847168,]
