best-result = 33.96485376358032
warmup-time = 35.787089824676514
all-measurements = [ 33.96485376358032, 34.463303327560425, 34.535083055496216,]
