best-result = 87.19423508644104
warmup-time = 96.08289670944214
all-measurements = [ 87.19423508644104, 95.96442818641663, 96.10620212554932,]
