best-result = 38.256019115448
warmup-time = 38.99472403526306
all-measurements = [ 38.873496770858765, 38.83468532562256, 38.256019115448,]
