best-result = 44.06240797042847
warmup-time = 45.91933465003967
all-measurements = [ 44.06240797042847, 44.56134223937988, 45.25505805015564,]
