best-result = 51.11281609535217
warmup-time = 51.81658959388733
all-measurements = [ 51.11281609535217, 51.16513204574585, 52.20012021064758,]
