best-result = 27.704644441604614
warmup-time = 28.620104551315308
all-measurements = [ 27.704644441604614, 28.22952675819397, 28.11292576789856,]
