best-result = 664.5655162334442
warmup-time = 702.1228332519531
all-measurements = [ 664.5655162334442, 674.4345989227295, 667.8832201957703,]
