best-result = 165.64270639419556
warmup-time = 168.80939555168152
all-measurements = [ 165.64270639419556, 166.67899632453918, 167.71193647384644,]
