best-result = 55.34709882736206
warmup-time = 66.65941452980042
all-measurements = [ 55.50432825088501, 55.34709882736206, 69.78376841545105,]
