best-result = 25.761280298233032
warmup-time = 26.669421195983887
all-measurements = [ 26.44857907295227, 25.887866735458374, 25.761280298233032,]
