best-result = 35.881869077682495
warmup-time = 37.16162085533142
all-measurements = [ 36.72002363204956, 35.881869077682495, 38.650036334991455,]
