best-result = 30.711208820343018
warmup-time = 30.868309020996094
all-measurements = [ 31.491031885147095, 31.178296327590942, 30.711208820343018,]
