best-result = 254.0418791770935
warmup-time = 259.37868666648865
all-measurements = [ 254.0418791770935, 256.930686712265, 255.70923113822937,]
