best-result = 35.96509408950806
warmup-time = 36.57338786125183
all-measurements = [ 35.96509408950806, 36.461806297302246, 36.39499855041504,]
