best-result = 112.15521144866943
warmup-time = 117.2552764415741
all-measurements = [ 114.7449860572815, 112.15521144866943, 114.24652743339539,]
