best-result = 39.95908737182617
warmup-time = 42.45336961746216
all-measurements = [ 41.27250528335571, 41.796273946762085, 39.95908737182617,]
