best-result = 47.20042896270752
warmup-time = 49.096938610076904
all-measurements = [ 48.19516324996948, 47.20042896270752, 47.93631911277771,]
