best-result = 33.28365898132324
warmup-time = 34.143590688705444
all-measurements = [ 33.57770848274231, 33.28365898132324, 33.410561323165894,]
