best-result = 37.552850008010864
warmup-time = 36.51256966590881
all-measurements = [ 37.86608290672302, 38.295037269592285, 37.552850008010864,]
