best-result = 61.91888666152954
warmup-time = 59.12997555732727
all-measurements = [ 64.39800572395325, 63.018391847610474, 61.91888666152954,]
