best-result = 223.71869206428528
warmup-time = 226.29805779457092
all-measurements = [ 224.02640581130981, 223.71869206428528, 224.51613640785217,]
