best-result = 514.5853834152222
warmup-time = 516.6111469268799
all-measurements = [ 518.6096847057343, 514.5853834152222, 515.3265616893768,]
