best-result = 34.85852766036987
warmup-time = 36.30457639694214
all-measurements = [ 35.74149823188782, 34.85852766036987, 36.96462154388428,]
