best-result = 28.871901512145996
warmup-time = 28.854857683181763
all-measurements = [ 28.871901512145996, 29.519878149032593, 29.1441593170166,]
