best-result = 75.8198709487915
warmup-time = 75.49915623664856
all-measurements = [ 76.63894414901733, 75.8198709487915, 81.09001207351685,]
