best-result = 61.263521671295166
warmup-time = 62.32024598121643
all-measurements = [ 61.360138177871704, 61.263521671295166, 63.33989882469177,]
