best-result = 29.02362298965454
warmup-time = 28.568217754364014
all-measurements = [ 29.02362298965454, 29.105856895446777, 29.13006043434143,]
