best-result = 32.37065362930298
warmup-time = 35.34767937660217
all-measurements = [ 35.76078510284424, 32.37065362930298, 35.40016436576843,]
