best-result = 32.00136613845825
warmup-time = 34.23887753486633
all-measurements = [ 33.37376356124878, 32.00136613845825, 34.5621280670166,]
