best-result = 42.490960359573364
warmup-time = 42.50375199317932
all-measurements = [ 42.490960359573364, 43.4921932220459, 44.06547260284424,]
