best-result = 95.91041040420532
warmup-time = 97.71582770347595
all-measurements = [ 97.36690902709961, 96.8122570514679, 95.91041040420532,]
