best-result = 29.145612239837646
warmup-time = 29.756886959075928
all-measurements = [ 30.019517421722412, 29.248265266418457, 29.145612239837646,]
