best-result = 34.203927755355835
warmup-time = 35.73835635185242
all-measurements = [ 34.543235540390015, 35.19137763977051, 34.203927755355835,]
