best-result = 86.3886649608612
warmup-time = 95.3348879814148
all-measurements = [ 95.76805472373962, 86.3886649608612, 92.37705087661743,]
