best-result = 37.34303522109985
warmup-time = 38.72201347351074
all-measurements = [ 38.959681272506714, 37.34303522109985, 39.5477077960968,]
