best-result = 44.067105770111084
warmup-time = 43.502744913101196
all-measurements = [ 45.00122785568237, 44.067105770111084, 45.760844469070435,]
