best-result = 28.516945600509644
warmup-time = 28.04326844215393
all-measurements = [ 28.969924449920654, 28.516945600509644, 29.461313486099243,]
