best-result = 632.6001250743866
warmup-time = 678.5273401737213
all-measurements = [ 636.6404864788055, 632.6001250743866, 639.3759937286377,]
