best-result = 169.05766105651855
warmup-time = 171.56829071044922
all-measurements = [ 172.83186531066895, 169.05766105651855, 177.9579176902771,]
