best-result = 57.13612127304077
warmup-time = 64.65487670898438
all-measurements = [ 65.07033348083496, 67.80862402915955, 57.13612127304077,]
