best-result = 23.188758611679077
warmup-time = 23.15550708770752
all-measurements = [ 23.188758611679077, 23.279457569122314, 23.274415493011475,]
