best-result = 47.46280479431152
warmup-time = 63.79497003555298
all-measurements = [ 47.64266800880432, 47.850367307662964, 47.46280479431152,]
