best-result = 47.15519142150879
warmup-time = 59.897945404052734
all-measurements = [ 47.19547367095947, 47.3027777671814, 47.15519142150879,]
