best-result = 897.4672999382019
warmup-time = 1111.9523046016693
all-measurements = [ 898.3707649707794, 909.1023778915405, 897.4672999382019,]
