best-result = 86.65221095085144
warmup-time = 100.11722898483276
all-measurements = [ 86.8034315109253, 86.91918730735779, 86.65221095085144,]
