best-result = 991.1855492591858
warmup-time = 1019.1261270046234
all-measurements = [ 1012.7114322185516, 992.3881895542145, 991.1855492591858,]
