best-result = 84.32339692115784
warmup-time = 105.19793558120728
all-measurements = [ 84.63844156265259, 84.67625308036804, 84.32339692115784,]
