best-result = 68.51550579071045
warmup-time = 88.72047352790833
all-measurements = [ 68.65773415565491, 69.15716695785522, 68.51550579071045,]
