best-result = 92.03410196304321
warmup-time = 103.31591176986694
all-measurements = [ 92.93724060058594, 92.64049291610718, 92.03410196304321,]
