best-result = 651.0529546737671
warmup-time = 668.4975895881653
all-measurements = [ 651.0529546737671, 652.949102640152, 658.1405148506165,]
