best-result = 60.88873767852783
warmup-time = 72.70754432678223
all-measurements = [ 63.40340042114258, 62.75482749938965, 60.88873767852783,]
