best-result = 203.98665952682495
warmup-time = 357.417448759079
all-measurements = [ 203.98665952682495, 205.4273202419281, 205.36542439460754,]
