best-result = 385.70058369636536
warmup-time = 830.7412748336792
all-measurements = [ 385.70058369636536, 390.57945466041565, 386.1687135696411,]
