best-result = 63.76234316825867
warmup-time = 78.90479516983032
all-measurements = [ 63.86677646636963, 63.76234316825867, 64.22552227973938,]
