best-result = 40.561925411224365
warmup-time = 47.755306243896484
all-measurements = [ 40.703906536102295, 40.561925411224365, 40.70733952522278,]
