best-result = 136.0806760787964
warmup-time = 160.73421788215637
all-measurements = [ 136.0806760787964, 136.70238709449768, 136.52809500694275,]
