best-result = 928.3928153514862
warmup-time = 977.8634660243988
all-measurements = [ 966.8658437728882, 928.3928153514862, 934.0470237731934,]
