best-result = 28.415170192718506
warmup-time = 37.18427109718323
all-measurements = [ 28.415170192718506, 28.427027463912964, 28.66850972175598,]
