best-result = 57.84840750694275
warmup-time = 70.4965922832489
all-measurements = [ 57.90333676338196, 57.84840750694275, 58.446717500686646,]
