best-result = 60.83914041519165
warmup-time = 73.7319118976593
all-measurements = [ 61.37477421760559, 60.83914041519165, 62.11042881011963,]
