best-result = 110.36429214477539
warmup-time = 137.93659853935242
all-measurements = [ 110.36429214477539, 110.50868797302246, 111.62017273902893,]
