best-result = 774.801896572113
warmup-time = 848.7027404308319
all-measurements = [ 777.52791929245, 778.0143485069275, 774.801896572113,]
