best-result = 34.43462824821472
warmup-time = 42.589242935180664
all-measurements = [ 34.44903039932251, 34.43462824821472, 34.815192461013794,]
