best-result = 55.58715271949768
warmup-time = 70.4886965751648
all-measurements = [ 55.58715271949768, 56.06043195724487, 56.02835536003113,]
