best-result = 1344.4115324020386
warmup-time = 1484.4522874355316
all-measurements = [ 1504.6050567626953, 1344.4115324020386, 1400.173678636551,]
