best-result = 49.01589250564575
warmup-time = 69.21618723869324
all-measurements = [ 49.01589250564575, 49.45468211174011, 49.2530255317688,]
