best-result = 83.22559189796448
warmup-time = 102.3045654296875
all-measurements = [ 83.22559189796448, 83.41705369949341, 83.44893956184387,]
