best-result = 38.43233633041382
warmup-time = 47.00905895233154
all-measurements = [ 38.53746700286865, 38.43233633041382, 38.654709577560425,]
