best-result = 327.740567445755
warmup-time = 477.80846905708313
all-measurements = [ 336.08910751342773, 327.740567445755, 334.5639855861664,]
