best-result = 59.319347858428955
warmup-time = 60.06078743934631
all-measurements = [ 59.76786541938782, 59.639113426208496, 59.319347858428955,]
