best-result = 22.31652808189392
warmup-time = 22.59846591949463
all-measurements = [ 22.6917622089386, 22.31652808189392, 22.743897438049316,]
