best-result = 46.778451681137085
warmup-time = 64.27725720405579
all-measurements = [ 46.99927091598511, 47.18716287612915, 46.778451681137085,]
