best-result = 46.28388524055481
warmup-time = 58.59070539474487
all-measurements = [ 46.76612138748169, 46.71114993095398, 46.28388524055481,]
