best-result = 937.6028790473938
warmup-time = 1142.3212442398071
all-measurements = [ 959.6718308925629, 942.5899634361267, 937.6028790473938,]
