best-result = 84.79440093040466
warmup-time = 99.97069311141968
all-measurements = [ 84.97401523590088, 84.79440093040466, 85.73441410064697,]
