best-result = 80.99572825431824
warmup-time = 102.57987761497498
all-measurements = [ 80.99572825431824, 82.13264775276184, 81.3311619758606,]
