best-result = 70.35982704162598
warmup-time = 91.72948479652405
all-measurements = [ 70.35982704162598, 70.4985249042511, 70.36746954917908,]
