best-result = 91.50391721725464
warmup-time = 107.45921969413757
all-measurements = [ 91.50391721725464, 92.20468544960022, 91.9064621925354,]
