best-result = 640.094509601593
warmup-time = 653.3042011260986
all-measurements = [ 641.2088649272919, 642.3872113227844, 640.094509601593,]
