best-result = 64.53607940673828
warmup-time = 81.25315499305725
all-measurements = [ 64.56791067123413, 65.6169114112854, 64.53607940673828,]
