best-result = 221.5362253189087
warmup-time = 372.8215720653534
all-measurements = [ 221.5362253189087, 221.74994349479675, 224.0783350467682,]
