best-result = 448.7550814151764
warmup-time = 901.6237926483154
all-measurements = [ 450.2496438026428, 448.7550814151764, 463.67410373687744,]
