best-result = 61.646891355514526
warmup-time = 85.45742917060852
all-measurements = [ 62.493677377700806, 61.646891355514526, 62.25032711029053,]
