best-result = 141.92455673217773
warmup-time = 168.07656741142273
all-measurements = [ 141.92455673217773, 143.39267110824585, 142.48884844779968,]
