best-result = 875.5161738395691
warmup-time = 904.1265730857849
all-measurements = [ 875.5161738395691, 876.3016672134399, 879.8217270374298,]
