best-result = 27.062838554382324
warmup-time = 36.37005043029785
all-measurements = [ 27.062838554382324, 28.057254314422607, 27.505465507507324,]
