best-result = 57.089218616485596
warmup-time = 71.73878598213196
all-measurements = [ 57.51042675971985, 58.17703986167908, 57.089218616485596,]
