best-result = 58.57371544837952
warmup-time = 73.61743497848511
all-measurements = [ 59.11879539489746, 58.57371544837952, 59.405301332473755,]
