best-result = 109.5552225112915
warmup-time = 139.6952621936798
all-measurements = [ 109.5552225112915, 110.66009950637817, 109.83239936828613,]
