best-result = 784.5193734169006
warmup-time = 854.6030442714691
all-measurements = [ 784.6225697994232, 786.9594573974609, 784.5193734169006,]
