best-result = 33.29007601737976
warmup-time = 43.151378870010376
all-measurements = [ 33.727577686309814, 33.29007601737976, 33.66578793525696,]
