best-result = 54.33958911895752
warmup-time = 69.00767016410828
all-measurements = [ 54.33958911895752, 55.254104137420654, 54.66982173919678,]
