best-result = 1754.9317152500153
warmup-time = 1845.5822610855103
all-measurements = [ 1866.7516396045685, 2135.137256860733, 1754.9317152500153,]
