best-result = 49.54918956756592
warmup-time = 71.50400900840759
all-measurements = [ 49.68344306945801, 49.54918956756592, 49.63259434700012,]
