best-result = 78.53702712059021
warmup-time = 96.13741135597229
all-measurements = [ 79.7247257232666, 78.90349316596985, 78.53702712059021,]
