best-result = 36.344249963760376
warmup-time = 45.10289478302002
all-measurements = [ 36.344249963760376, 36.67635655403137, 36.35014867782593,]
