best-result = 339.6694293022156
warmup-time = 471.9182298183441
all-measurements = [ 343.52486419677734, 339.6694293022156, 342.44407844543457,]
