best-result = 104.0391252040863
warmup-time = 128.62856674194336
all-measurements = [ 105.01403284072876, 104.88057279586792, 104.0391252040863,]
