best-result = 59.64969611167908
warmup-time = 59.25393486022949
all-measurements = [ 59.64969611167908, 59.84892916679382, 60.026378870010376,]
