best-result = 22.60096287727356
warmup-time = 22.613753080368042
all-measurements = [ 23.113736391067505, 23.188599348068237, 22.60096287727356,]
