best-result = 46.9919650554657
warmup-time = 63.208313941955566
all-measurements = [ 46.9919650554657, 47.8173143863678, 47.136069536209106,]
