best-result = 46.51352548599243
warmup-time = 58.913429260253906
all-measurements = [ 46.51352548599243, 46.769736766815186, 47.079972982406616,]
