best-result = 957.5782246589661
warmup-time = 1146.4717283248901
all-measurements = [ 961.9691014289856, 957.5782246589661, 959.1885271072388,]
