best-result = 84.47903418540955
warmup-time = 99.10068964958191
all-measurements = [ 84.64221096038818, 84.79919147491455, 84.47903418540955,]
