best-result = 80.37509822845459
warmup-time = 101.80415081977844
all-measurements = [ 80.88503313064575, 80.79988932609558, 80.37509822845459,]
