best-result = 70.2932984828949
warmup-time = 93.79135513305664
all-measurements = [ 71.19055986404419, 70.74586296081543, 70.2932984828949,]
