best-result = 89.63051581382751
warmup-time = 103.41249084472656
all-measurements = [ 90.92167472839355, 89.63051581382751, 90.63297724723816,]
