best-result = 616.752589225769
warmup-time = 631.237859249115
all-measurements = [ 618.8810021877289, 618.5353095531464, 616.752589225769,]
