best-result = 63.48925828933716
warmup-time = 79.86939311027527
all-measurements = [ 63.48925828933716, 63.5521297454834, 64.17227339744568,]
