best-result = 222.785001039505
warmup-time = 374.6042184829712
all-measurements = [ 222.785001039505, 226.4817554950714, 223.50565648078918,]
