best-result = 442.615425825119
warmup-time = 888.0553531646729
all-measurements = [ 445.4147114753723, 445.28904271125793, 442.615425825119,]
