best-result = 61.662911891937256
warmup-time = 77.86320042610168
all-measurements = [ 61.70207762718201, 61.85287022590637, 61.662911891937256,]
