best-result = 858.9608891010284
warmup-time = 887.5057046413422
all-measurements = [ 863.0621612071991, 858.9608891010284, 862.1172049045563,]
