best-result = 27.37846851348877
warmup-time = 34.728187084198
all-measurements = [ 27.437636613845825, 27.37846851348877, 27.777571201324463,]
