best-result = 57.14203906059265
warmup-time = 71.36820077896118
all-measurements = [ 57.70441746711731, 57.14203906059265, 57.89014768600464,]
