best-result = 58.84127378463745
warmup-time = 72.03227400779724
all-measurements = [ 58.84127378463745, 59.223785400390625, 59.20887756347656,]
