best-result = 109.72719287872314
warmup-time = 139.12294578552246
all-measurements = [ 110.82580757141113, 109.9430296421051, 109.72719287872314,]
