best-result = 777.4912350177765
warmup-time = 877.4885323047638
all-measurements = [ 777.4912350177765, 778.7805252075195, 780.9689033031464,]
