best-result = 33.793291091918945
warmup-time = 40.25009298324585
all-measurements = [ 33.793291091918945, 34.21884775161743, 33.79539656639099,]
