best-result = 53.79422569274902
warmup-time = 69.52345752716064
all-measurements = [ 53.79422569274902, 54.09840655326843, 54.0325186252594,]
