best-result = 1451.900077342987
warmup-time = 1644.2695593833923
all-measurements = [ 1821.7995281219482, 2371.4643862247467, 1451.900077342987,]
