best-result = 49.31686615943909
warmup-time = 70.97369170188904
all-measurements = [ 49.657079458236694, 49.31686615943909, 49.78556776046753,]
