best-result = 81.24627995491028
warmup-time = 100.95421695709229
all-measurements = [ 82.8408989906311, 81.24627995491028, 81.54663848876953,]
