best-result = 36.17605519294739
warmup-time = 45.748370885849
all-measurements = [ 36.352477073669434, 36.375022649765015, 36.17605519294739,]
