best-result = 339.1655900478363
warmup-time = 494.2744300365448
all-measurements = [ 350.40805530548096, 341.5934410095215, 339.1655900478363,]
