best-result = 103.85774636268616
warmup-time = 104.50883483886719
all-measurements = [ 104.34902358055115, 104.28045105934143, 103.85774636268616,]
