best-result = 25.948230981826782
warmup-time = 26.350565910339355
all-measurements = [ 25.948230981826782, 26.282400369644165, 26.08333945274353,]
