best-result = 36.552924156188965
warmup-time = 39.62902355194092
all-measurements = [ 38.69821548461914, 38.72205209732056, 36.552924156188965,]
