best-result = 29.68553614616394
warmup-time = 30.71235156059265
all-measurements = [ 30.6091251373291, 31.474013566970825, 29.68553614616394,]
