best-result = 255.13315558433533
warmup-time = 260.7723288536072
all-measurements = [ 257.9825325012207, 255.13315558433533, 255.85292410850525,]
