best-result = 36.38076090812683
warmup-time = 36.691346168518066
all-measurements = [ 37.05224299430847, 36.38076090812683, 36.45060133934021,]
