best-result = 112.04579305648804
warmup-time = 113.60304307937622
all-measurements = [ 112.46628761291504, 112.04579305648804, 112.71461009979248,]
