best-result = 40.32804489135742
warmup-time = 42.83075833320618
all-measurements = [ 41.567861557006836, 40.32804489135742, 40.44053244590759,]
