best-result = 47.584468364715576
warmup-time = 48.494086265563965
all-measurements = [ 47.584468364715576, 49.15259337425232, 48.581790924072266,]
