best-result = 33.07201671600342
warmup-time = 33.44515061378479
all-measurements = [ 33.94184899330139, 33.07201671600342, 33.45656228065491,]
