best-result = 36.27208876609802
warmup-time = 37.811448097229004
all-measurements = [ 36.27208876609802, 37.759310722351074, 37.30371379852295,]
