best-result = 59.242013931274414
warmup-time = 58.82676577568054
all-measurements = [ 61.97803330421448, 61.71736025810242, 59.242013931274414,]
