best-result = 222.96216821670532
warmup-time = 225.15904140472412
all-measurements = [ 222.96216821670532, 223.97462129592896, 224.95535922050476,]
