best-result = 515.1113398075104
warmup-time = 517.2107946872711
all-measurements = [ 515.1113398075104, 515.2857530117035, 515.1691830158234,]
