best-result = 35.79341220855713
warmup-time = 36.94250464439392
all-measurements = [ 38.261096239089966, 35.79341220855713, 36.67238783836365,]
