best-result = 28.626680374145508
warmup-time = 29.25900387763977
all-measurements = [ 28.753316402435303, 28.67197346687317, 28.626680374145508,]
