best-result = 69.38941860198975
warmup-time = 77.016357421875
all-measurements = [ 69.38941860198975, 74.64320349693298, 74.28328895568848,]
