best-result = 61.2162299156189
warmup-time = 62.3473846912384
all-measurements = [ 61.2162299156189, 62.372554063797, 61.79105806350708,]
