best-result = 27.765433311462402
warmup-time = 29.186572074890137
all-measurements = [ 28.680092096328735, 27.765433311462402, 28.29016923904419,]
