best-result = 34.65001821517944
warmup-time = 35.81456542015076
all-measurements = [ 34.65001821517944, 35.0487003326416, 35.30684971809387,]
