best-result = 32.45891785621643
warmup-time = 32.63749098777771
all-measurements = [ 32.45891785621643, 33.913153409957886, 33.614914655685425,]
