best-result = 42.6857705116272
warmup-time = 45.01100015640259
all-measurements = [ 43.27110028266907, 42.6857705116272, 44.42155909538269,]
