best-result = 95.87391901016235
warmup-time = 95.99838876724243
all-measurements = [ 97.50120687484741, 95.87391901016235, 100.20050644874573,]
