best-result = 28.002941370010376
warmup-time = 30.243135690689087
all-measurements = [ 28.679414749145508, 29.212209463119507, 28.002941370010376,]
