best-result = 33.841026067733765
warmup-time = 34.17538833618164
all-measurements = [ 33.841026067733765, 35.572054624557495, 34.15139985084534,]
