best-result = 87.69220733642578
warmup-time = 88.49531102180481
all-measurements = [ 87.75841951370239, 92.95240020751953, 87.69220733642578,]
