best-result = 38.91945242881775
warmup-time = 38.996734857559204
all-measurements = [ 39.04371476173401, 38.91945242881775, 39.66599893569946,]
