best-result = 42.8941376209259
warmup-time = 46.84653067588806
all-measurements = [ 43.35372853279114, 44.56039500236511, 42.8941376209259,]
