best-result = 28.109995365142822
warmup-time = 28.235859155654907
all-measurements = [ 28.82088351249695, 28.109995365142822, 28.930145978927612,]
