best-result = 632.0938701629639
warmup-time = 673.5499129295349
all-measurements = [ 641.0463740825653, 634.1515562534332, 632.0938701629639,]
