best-result = 170.41014909744263
warmup-time = 172.67753958702087
all-measurements = [ 171.8534471988678, 172.30360555648804, 170.41014909744263,]
