best-result = 66.24026799201965
warmup-time = 64.08057260513306
all-measurements = [ 67.4881329536438, 69.02030563354492, 66.24026799201965,]
