best-result = 22.63272786140442
warmup-time = 22.616849899291992
all-measurements = [ 22.63272786140442, 22.97005844116211, 22.750495672225952,]
