best-result = 47.3961923122406
warmup-time = 64.78038573265076
all-measurements = [ 47.84748458862305, 47.529043197631836, 47.3961923122406,]
