best-result = 46.72311615943909
warmup-time = 60.433422565460205
all-measurements = [ 46.80099844932556, 46.86738991737366, 46.72311615943909,]
