best-result = 942.5749242305756
warmup-time = 1149.5261659622192
all-measurements = [ 959.6852240562439, 951.0125331878662, 942.5749242305756,]
