best-result = 85.22123122215271
warmup-time = 100.32240867614746
all-measurements = [ 85.57981467247009, 85.22123122215271, 85.26313281059265,]
