best-result = 80.61535549163818
warmup-time = 101.17718648910522
all-measurements = [ 81.10778832435608, 80.74069380760193, 80.61535549163818,]
