best-result = 69.56874203681946
warmup-time = 91.80511045455933
all-measurements = [ 71.38571166992188, 69.56874203681946, 69.8702437877655,]
