best-result = 89.1824734210968
warmup-time = 104.3709864616394
all-measurements = [ 89.1824734210968, 91.38240957260132, 90.31773066520691,]
