best-result = 616.3993265628815
warmup-time = 638.2369179725647
all-measurements = [ 618.8831176757812, 619.1077182292938, 616.3993265628815,]
