best-result = 64.50376677513123
warmup-time = 81.37428045272827
all-measurements = [ 64.50376677513123, 64.99401521682739, 65.25684976577759,]
