best-result = 220.35423517227173
warmup-time = 368.92987847328186
all-measurements = [ 222.78753209114075, 220.35423517227173, 222.28513741493225,]
