best-result = 445.73011779785156
warmup-time = 890.5855586528778
all-measurements = [ 449.52719283103943, 446.5053367614746, 445.73011779785156,]
