best-result = 61.7074921131134
warmup-time = 79.65126609802246
all-measurements = [ 61.7074921131134, 62.18226671218872, 61.92338418960571,]
