best-result = 865.0016937255859
warmup-time = 900.9624745845795
all-measurements = [ 867.4607012271881, 866.9478104114532, 865.0016937255859,]
