best-result = 27.519537925720215
warmup-time = 35.15860080718994
all-measurements = [ 27.593963623046875, 27.519537925720215, 27.581024408340454,]
