best-result = 57.67023158073425
warmup-time = 72.90087127685547
all-measurements = [ 57.83176326751709, 57.67023158073425, 58.48705530166626,]
