best-result = 58.13672709465027
warmup-time = 73.12015795707703
all-measurements = [ 58.951857566833496, 58.13672709465027, 59.017372131347656,]
