best-result = 109.12120079994202
warmup-time = 140.4455177783966
all-measurements = [ 110.958251953125, 109.12120079994202, 109.77582931518555,]
