best-result = 777.3370752334595
warmup-time = 859.8099422454834
all-measurements = [ 777.3370752334595, 778.3497292995453, 807.3309452533722,]
