best-result = 33.76621055603027
warmup-time = 42.15063190460205
all-measurements = [ 33.76621055603027, 34.28612446784973, 34.39592170715332,]
