best-result = 53.472132444381714
warmup-time = 69.1323401927948
all-measurements = [ 53.937978982925415, 54.227330684661865, 53.472132444381714,]
