best-result = 1864.342074394226
warmup-time = 2719.5508122444153
all-measurements = [ 2506.630984544754, 2599.8284256458282, 1864.342074394226,]
