best-result = 49.05099654197693
warmup-time = 71.22197651863098
all-measurements = [ 49.05099654197693, 49.71039032936096, 49.41421055793762,]
