best-result = 81.09521079063416
warmup-time = 101.81024932861328
all-measurements = [ 81.10144257545471, 81.09521079063416, 81.48313617706299,]
