best-result = 36.321940183639526
warmup-time = 45.69173264503479
all-measurements = [ 36.321940183639526, 36.74968910217285, 36.6112802028656,]
