best-result = 341.6979172229767
warmup-time = 484.6947681903839
all-measurements = [ 342.4478042125702, 344.21055793762207, 341.6979172229767,]
