best-result = 104.52668046951294
warmup-time = 104.37536716461182
all-measurements = [ 104.80686569213867, 104.52668046951294, 104.9509449005127,]
