best-result = 22.550546646118164
warmup-time = 22.76663374900818
all-measurements = [ 22.83154058456421, 22.66754698753357, 22.550546646118164,]
