best-result = 46.7987334728241
warmup-time = 63.69937801361084
all-measurements = [ 47.51722741127014, 46.7987334728241, 47.45865178108215,]
