best-result = 46.63309645652771
warmup-time = 58.380029916763306
all-measurements = [ 46.63309645652771, 47.05993890762329, 46.67607283592224,]
