best-result = 931.4331614971161
warmup-time = 1119.662279844284
all-measurements = [ 931.4331614971161, 942.9648995399475, 939.6044335365295,]
