best-result = 84.75566959381104
warmup-time = 101.78420901298523
all-measurements = [ 85.71197438240051, 85.30634665489197, 84.75566959381104,]
