best-result = 81.93186259269714
warmup-time = 102.38862895965576
all-measurements = [ 81.96500420570374, 81.93186259269714,]
