best-result = 69.2601089477539
warmup-time = 91.3009021282196
all-measurements = [ 70.75576138496399, 69.2601089477539, 69.90123581886292,]
