best-result = 91.69069218635559
warmup-time = 105.27136707305908
all-measurements = [ 91.69069218635559, 107.60528302192688, 92.70567297935486,]
