best-result = 642.966796875
warmup-time = 657.7179961204529
all-measurements = [ 645.5518870353699, 647.7777874469757, 642.966796875,]
