best-result = 66.0119059085846
warmup-time = 79.52351760864258
all-measurements = [ 66.29561352729797, 66.18607926368713, 66.0119059085846,]
