best-result = 221.13570618629456
warmup-time = 369.6150302886963
all-measurements = [ 222.36174297332764, 221.13570618629456, 222.94298100471497,]
