best-result = 436.1089696884155
warmup-time = 870.3973574638367
all-measurements = [ 441.565242767334, 436.1089696884155, 438.3083243370056,]
