best-result = 62.164209604263306
warmup-time = 79.0045874118805
all-measurements = [ 62.18191885948181, 62.414069414138794, 62.164209604263306,]
