best-result = 142.64616799354553
warmup-time = 171.04078435897827
all-measurements = [ 143.5226695537567, 144.27418279647827, 142.64616799354553,]
