best-result = 893.9032006263733
warmup-time = 925.2500650882721
all-measurements = [ 893.9032006263733, 905.8946425914764, 899.4394998550415,]
