best-result = 27.408957958221436
warmup-time = 36.029829025268555
all-measurements = [ 27.684256315231323, 27.408957958221436, 27.879786014556885,]
