best-result = 58.299129486083984
warmup-time = 69.29712557792664
all-measurements = [ 59.85453271865845, 58.299129486083984, 59.46606087684631,]
