best-result = 59.15662407875061
warmup-time = 73.3315019607544
all-measurements = [ 59.52697730064392, 60.23683786392212, 59.15662407875061,]
