best-result = 111.11228799819946
warmup-time = 139.53140711784363
all-measurements = [ 111.9663438796997, 111.45679450035095, 111.11228799819946,]
