best-result = 786.1771132946014
warmup-time = 856.6463351249695
all-measurements = [ 786.1771132946014, 786.6071724891663, 789.8141641616821,]
