best-result = 33.99360799789429
warmup-time = 42.00202822685242
all-measurements = [ 33.99360799789429, 34.247857093811035, 34.16343903541565,]
