best-result = 54.86739444732666
warmup-time = 70.596262216568
all-measurements = [ 54.86739444732666, 54.95355796813965, 55.44674324989319,]
