best-result = 2217.8626716136932
warmup-time = 2535.7023758888245
all-measurements = [ 2397.4730410575867, 2256.870481967926, 2217.8626716136932,]
