best-result = 49.601778507232666
warmup-time = 71.8045756816864
all-measurements = [ 49.601778507232666, 49.6085844039917, 50.211730003356934,]
