best-result = 77.88787627220154
warmup-time = 100.19124412536621
all-measurements = [ 79.09149360656738, 77.88787627220154, 78.10736417770386,]
