best-result = 36.64040017127991
warmup-time = 46.04899978637695
all-measurements = [ 36.68596005439758, 36.64040017127991, 36.828641414642334,]
