best-result = 342.98276257514954
warmup-time = 487.4130666255951
all-measurements = [ 342.98276257514954, 347.3649821281433, 348.27364468574524,]
