best-result = 60.158787965774536
warmup-time = 60.54877066612244
all-measurements = [ 60.39184236526489, 60.158787965774536, 60.415276765823364,]
