best-result = 25.179641723632812
warmup-time = 25.62480068206787
all-measurements = [ 25.43760585784912, 25.179641723632812, 25.530436277389526,]
