best-result = 36.91481041908264
warmup-time = 40.411439657211304
all-measurements = [ 38.01304745674133, 36.91481041908264, 37.531139612197876,]
