best-result = 32.20626997947693
warmup-time = 32.43273305892944
all-measurements = [ 32.69161915779114, 32.59878635406494, 32.20626997947693,]
