best-result = 271.65303683280945
warmup-time = 275.3564167022705
all-measurements = [ 271.65303683280945, 274.9390151500702, 275.4195466041565,]
