best-result = 35.02309012413025
warmup-time = 36.51184964179993
all-measurements = [ 36.49984288215637, 36.408835649490356, 35.02309012413025,]
