best-result = 40.460440158843994
warmup-time = 43.208282709121704
all-measurements = [ 42.46432113647461, 41.34918546676636, 40.460440158843994,]
