best-result = 50.34110975265503
warmup-time = 50.58337736129761
all-measurements = [ 50.34110975265503, 50.58977770805359, 50.54287910461426,]
