best-result = 34.62940716743469
warmup-time = 34.9118549823761
all-measurements = [ 34.62940716743469, 35.05573892593384, 35.22988533973694,]
