best-result = 37.56493949890137
warmup-time = 35.52436089515686
all-measurements = [ 38.26874542236328, 37.78170728683472, 37.56493949890137,]
