best-result = 58.502721309661865
warmup-time = 60.59864902496338
all-measurements = [ 60.356873750686646, 58.502721309661865, 59.31293439865112,]
