best-result = 243.54794597625732
warmup-time = 243.0330832004547
all-measurements = [ 244.57800269126892, 244.03035497665405, 243.54794597625732,]
