best-result = 549.8649437427521
warmup-time = 552.4335072040558
all-measurements = [ 549.8649437427521, 551.8185632228851, 550.8902523517609,]
