best-result = 34.23727488517761
warmup-time = 38.425636529922485
all-measurements = [ 37.74306106567383, 34.23727488517761, 37.22381567955017,]
