best-result = 64.67143774032593
warmup-time = 64.80743908882141
all-measurements = [ 64.67143774032593, 66.84359979629517, 67.86653780937195,]
