best-result = 27.22318410873413
warmup-time = 28.468465328216553
all-measurements = [ 27.22318410873413, 28.508995294570923, 27.763006925582886,]
