best-result = 35.880335569381714
warmup-time = 36.27883529663086
all-measurements = [ 35.880335569381714, 36.42981934547424, 36.42112755775452,]
