best-result = 31.660375118255615
warmup-time = 33.2863609790802
all-measurements = [ 31.660375118255615, 33.04198408126831, 33.594550132751465,]
