best-result = 43.267916679382324
warmup-time = 43.73599052429199
all-measurements = [ 43.267916679382324, 43.41422128677368, 45.783658504486084,]
