best-result = 98.60977172851562
warmup-time = 99.20849847793579
all-measurements = [ 101.47366070747375, 100.92378878593445, 98.60977172851562,]
