best-result = 27.214420557022095
warmup-time = 28.343274116516113
all-measurements = [ 28.974188804626465, 27.214420557022095, 27.707606077194214,]
