best-result = 34.40310859680176
warmup-time = 35.23517370223999
all-measurements = [ 34.40310859680176, 34.734962463378906, 35.53859758377075,]
