best-result = 40.082945585250854
warmup-time = 38.97917604446411
all-measurements = [ 40.15160608291626, 40.082945585250854, 40.22855997085571,]
