best-result = 44.96320295333862
warmup-time = 44.27083420753479
all-measurements = [ 44.982845306396484, 44.96320295333862, 45.003382205963135,]
