best-result = 28.155107259750366
warmup-time = 27.618703365325928
all-measurements = [ 28.155107259750366, 28.174571752548218, 28.592830181121826,]
