best-result = 701.5009887218475
warmup-time = 734.1432020664215
all-measurements = [ 717.2111032009125, 701.5009887218475, 707.3261914253235,]
