best-result = 180.46814584732056
warmup-time = 183.91139912605286
all-measurements = [ 186.7211937904358, 181.89606618881226, 180.46814584732056,]
