best-result = 43.25446343421936
warmup-time = 42.70293688774109
all-measurements = [ 45.38517475128174, 44.06598901748657, 43.25446343421936,]
