best-result = 25.785660982131958
warmup-time = 26.86295437812805
all-measurements = [ 25.785660982131958, 26.09964942932129, 25.85310459136963,]
