best-result = 37.76016283035278
warmup-time = 38.79244327545166
all-measurements = [ 38.83738875389099, 39.63206434249878, 37.76016283035278,]
