best-result = 30.804042100906372
warmup-time = 32.48015117645264
all-measurements = [ 30.804042100906372, 31.119134426116943, 31.566923141479492,]
