best-result = 258.00060391426086
warmup-time = 261.9730558395386
all-measurements = [ 258.9425950050354, 261.13416361808777, 258.00060391426086,]
