best-result = 35.921923875808716
warmup-time = 37.00472044944763
all-measurements = [ 36.349236726760864, 36.939239501953125, 35.921923875808716,]
