best-result = 118.8907732963562
warmup-time = 121.80239224433899
all-measurements = [ 121.13588237762451, 119.85171365737915, 118.8907732963562,]
