best-result = 42.01322269439697
warmup-time = 41.0362343788147
all-measurements = [ 42.120975971221924, 42.01322269439697, 42.06862998008728,]
