best-result = 48.388261556625366
warmup-time = 49.65928363800049
all-measurements = [ 48.388261556625366, 49.667948961257935, 50.1997275352478,]
