best-result = 33.3479323387146
warmup-time = 33.78981852531433
all-measurements = [ 33.56070351600647, 33.3479323387146, 34.11345338821411,]
