best-result = 37.25006556510925
warmup-time = 37.764641523361206
all-measurements = [ 37.62310481071472, 37.65997076034546, 37.25006556510925,]
