best-result = 59.157724142074585
warmup-time = 64.58083510398865
all-measurements = [ 59.157724142074585, 62.8071973323822, 63.79339361190796,]
