best-result = 225.7982165813446
warmup-time = 229.1429762840271
all-measurements = [ 228.48872995376587, 230.08709287643433, 225.7982165813446,]
