best-result = 513.1069269180298
warmup-time = 516.8371784687042
all-measurements = [ 542.7985110282898, 518.9404766559601, 513.1069269180298,]
