best-result = 36.573888063430786
warmup-time = 36.26291251182556
all-measurements = [ 36.573888063430786, 36.70816111564636, 36.608176469802856,]
