best-result = 28.808167695999146
warmup-time = 29.555803060531616
all-measurements = [ 29.249501943588257, 28.808167695999146, 29.635098218917847,]
