best-result = 69.79266500473022
warmup-time = 75.6553008556366
all-measurements = [ 81.91368961334229, 69.79266500473022, 72.34301590919495,]
