best-result = 61.194252490997314
warmup-time = 63.14293026924133
all-measurements = [ 61.194252490997314, 62.38055229187012, 63.62184143066406,]
