best-result = 28.486045598983765
warmup-time = 29.532642602920532
all-measurements = [ 28.57148575782776, 29.726736068725586, 28.486045598983765,]
