best-result = 32.190619230270386
warmup-time = 32.77592658996582
all-measurements = [ 36.12166428565979, 32.190619230270386, 32.64135932922363,]
