best-result = 35.38102865219116
warmup-time = 35.70582294464111
all-measurements = [ 35.38102865219116, 36.28986191749573, 36.729398250579834,]
