best-result = 40.921387910842896
warmup-time = 43.132290840148926
all-measurements = [ 44.47719979286194, 43.698426961898804, 40.921387910842896,]
