best-result = 95.22213220596313
warmup-time = 98.25249743461609
all-measurements = [ 97.06285524368286, 95.22213220596313, 96.2232825756073,]
