best-result = 28.278461694717407
warmup-time = 28.49292016029358
all-measurements = [ 29.928529500961304, 30.160276889801025, 28.278461694717407,]
