best-result = 33.46432304382324
warmup-time = 36.18686366081238
all-measurements = [ 35.33337354660034, 33.46432304382324, 34.99059700965881,]
