best-result = 86.5955262184143
warmup-time = 96.92458248138428
all-measurements = [ 86.5955262184143, 88.82152843475342, 95.67412114143372,]
