best-result = 40.604865312576294
warmup-time = 39.351919412612915
all-measurements = [ 41.20054817199707, 40.62629246711731, 40.604865312576294,]
