best-result = 43.06416320800781
warmup-time = 46.55112409591675
all-measurements = [ 43.06416320800781, 45.1039080619812, 43.65641689300537,]
