best-result = 27.790704488754272
warmup-time = 28.98766541481018
all-measurements = [ 27.790704488754272, 28.9628643989563, 29.255760431289673,]
