best-result = 656.9980895519257
warmup-time = 701.8492937088013
all-measurements = [ 656.9980895519257, 663.3441367149353, 661.6150889396667,]
