best-result = 168.59911847114563
warmup-time = 172.68260288238525
all-measurements = [ 171.31773734092712, 172.7419729232788, 168.59911847114563,]
