best-result = 66.38219475746155
warmup-time = 72.07711935043335
all-measurements = [ 66.38219475746155, 68.28164505958557, 68.85101199150085,]
