best-result = 23.282098054885864
warmup-time = 23.379466772079468
all-measurements = [ 23.506538152694702, 23.282098054885864, 23.577470302581787,]
