best-result = 47.01107573509216
warmup-time = 64.59472823143005
all-measurements = [ 47.69431662559509, 47.05293536186218, 47.01107573509216,]
