best-result = 47.61836862564087
warmup-time = 59.63436675071716
all-measurements = [ 48.221088886260986, 47.781193256378174, 47.61836862564087,]
