best-result = 906.0088567733765
warmup-time = 1058.280874490738
all-measurements = [ 923.1518049240112, 906.0088567733765, 909.3578135967255,]
