best-result = 84.88299012184143
warmup-time = 98.73722577095032
all-measurements = [ 84.9670467376709, 84.88299012184143, 84.97969388961792,]
