best-result = 882.6650581359863
warmup-time = 913.489758014679
all-measurements = [ 882.6650581359863, 883.0574898719788, 883.780787229538,]
