best-result = 67.3060712814331
warmup-time = 80.93515682220459
all-measurements = [ 67.4113130569458, 67.68981528282166, 67.3060712814331,]
