best-result = 84.69688963890076
warmup-time = 105.89424014091492
all-measurements = [ 84.71843910217285, 85.5521593093872, 84.69688963890076,]
