best-result = 69.17642116546631
warmup-time = 88.95830941200256
all-measurements = [ 69.54265546798706, 69.17642116546631, 70.32453179359436,]
