best-result = 87.93701219558716
warmup-time = 101.68111038208008
all-measurements = [ 88.3280017375946, 87.93701219558716, 88.99232602119446,]
