best-result = 650.0770704746246
warmup-time = 670.8411688804626
all-measurements = [ 655.0973479747772, 670.8787353038788, 650.0770704746246,]
