best-result = 63.53934335708618
warmup-time = 78.19044876098633
all-measurements = [ 64.53529286384583, 63.53934335708618, 63.876770973205566,]
