best-result = 192.97394680976868
warmup-time = 346.43600583076477
all-measurements = [ 194.03326964378357, 194.13930249214172, 192.97394680976868,]
