best-result = 392.7460427284241
warmup-time = 824.6085379123688
all-measurements = [ 393.98433208465576, 392.7460427284241, 392.8287925720215,]
