best-result = 63.658660650253296
warmup-time = 80.88893365859985
all-measurements = [ 63.74752640724182, 63.658660650253296, 63.830815076828,]
