best-result = 40.99686598777771
warmup-time = 49.855937480926514
all-measurements = [ 41.15063405036926, 40.99686598777771, 41.437084674835205,]
