best-result = 136.28563785552979
warmup-time = 167.04418230056763
all-measurements = [ 136.29507541656494, 136.42510771751404, 136.28563785552979,]
