best-result = 939.091808795929
warmup-time = 969.9881901741028
all-measurements = [ 939.091808795929, 948.2152674198151, 942.6143128871918,]
