best-result = 28.290851593017578
warmup-time = 37.106173515319824
all-measurements = [ 28.290851593017578, 28.39027452468872, 28.3100106716156,]
