best-result = 59.99025559425354
warmup-time = 73.60832571983337
all-measurements = [ 60.157331466674805, 59.99025559425354, 60.058188915252686,]
