best-result = 60.427201986312866
warmup-time = 73.73791480064392
all-measurements = [ 61.66049122810364, 61.17510747909546, 60.427201986312866,]
