best-result = 110.84990119934082
warmup-time = 137.70314574241638
all-measurements = [ 110.84990119934082, 111.0175712108612, 111.45392727851868,]
