best-result = 775.7998871803284
warmup-time = 846.325248003006
all-measurements = [ 782.1917383670807, 775.7998871803284, 777.5948910713196,]
