best-result = 34.92606329917908
warmup-time = 43.799845695495605
all-measurements = [ 34.92606329917908, 34.933916330337524, 34.97960615158081,]
