best-result = 56.85995531082153
warmup-time = 69.76050782203674
all-measurements = [ 57.0579879283905, 57.35408616065979, 56.85995531082153,]
