best-result = 2161.7214272022247
warmup-time = 2646.326171398163
all-measurements = [ 2161.7214272022247, 2486.1732952594757, 2698.670217514038,]
