best-result = 49.98641920089722
warmup-time = 71.03782773017883
all-measurements = [ 49.98641920089722, 50.224329233169556, 51.086880683898926,]
