best-result = 82.96873259544373
warmup-time = 103.85618901252747
all-measurements = [ 83.03108286857605, 82.96873259544373, 83.08552193641663,]
