best-result = 93.71127486228943
warmup-time = 117.26589131355286
all-measurements = [ 94.42401838302612, 93.73696064949036, 93.71127486228943,]
