best-result = 38.432722330093384
warmup-time = 48.49340534210205
all-measurements = [ 38.853052616119385, 38.432722330093384, 38.733824253082275,]
