best-result = 315.32050037384033
warmup-time = 478.149222612381
all-measurements = [ 316.55261063575745, 315.32050037384033, 318.91548252105713,]
