best-result = 61.1795494556427
warmup-time = 61.818400144577026
all-measurements = [ 61.96265888214111, 61.1795494556427, 61.33671236038208,]
