best-result = 23.27940583229065
warmup-time = 23.384754180908203
all-measurements = [ 23.356638431549072, 23.27940583229065, 23.488529443740845,]
