best-result = 47.40776181221008
warmup-time = 61.98126244544983
all-measurements = [ 47.5745804309845, 47.46362113952637, 47.40776181221008,]
