best-result = 46.63362526893616
warmup-time = 58.7424201965332
all-measurements = [ 46.92855763435364, 46.63362526893616, 47.218883991241455,]
