best-result = 895.939279794693
warmup-time = 1107.1108448505402
all-measurements = [ 895.939279794693, 918.253493309021, 896.7367296218872,]
