best-result = 85.68840408325195
warmup-time = 100.09442186355591
all-measurements = [ 86.86092472076416, 85.68840408325195, 86.86002922058105,]
