best-result = 991.9801678657532
warmup-time = 1023.3829953670502
all-measurements = [ 991.9801678657532, 998.8366839885712, 996.5583055019379,]
