best-result = 84.15286588668823
warmup-time = 106.99742674827576
all-measurements = [ 84.20042991638184, 84.85680890083313, 84.15286588668823,]
