best-result = 68.62463593482971
warmup-time = 89.05995464324951
all-measurements = [ 69.12221431732178, 68.62463593482971, 68.74865126609802,]
