best-result = 92.24040246009827
warmup-time = 105.31187319755554
all-measurements = [ 92.24040246009827, 92.97488474845886, 92.97006225585938,]
