best-result = 644.724098443985
warmup-time = 661.9255046844482
all-measurements = [ 649.7663958072662, 644.724098443985, 652.7046444416046,]
