best-result = 63.39129853248596
warmup-time = 76.93012595176697
all-measurements = [ 63.543750286102295, 63.39129853248596, 63.510093212127686,]
