best-result = 206.01634979248047
warmup-time = 357.0021665096283
all-measurements = [ 206.01634979248047, 206.81668305397034, 207.71772813796997,]
