best-result = 388.26605248451233
warmup-time = 824.8759434223175
all-measurements = [ 389.75822710990906, 390.14683747291565, 388.26605248451233,]
