best-result = 63.43463468551636
warmup-time = 80.13024592399597
all-measurements = [ 63.70892071723938, 63.43463468551636, 64.03922462463379,]
