best-result = 43.60085582733154
warmup-time = 48.73889350891113
all-measurements = [ 43.60085582733154, 49.909000396728516, 46.02795076370239,]
