best-result = 135.64593315124512
warmup-time = 167.0156786441803
all-measurements = [ 135.64593315124512, 135.82731103897095, 135.94285774230957,]
