best-result = 931.7191541194916
warmup-time = 959.6439697742462
all-measurements = [ 937.7877652645111, 940.0749940872192, 931.7191541194916,]
