best-result = 28.56493616104126
warmup-time = 36.85021686553955
all-measurements = [ 28.56493616104126, 28.730883598327637, 28.97240424156189,]
