best-result = 57.94366216659546
warmup-time = 70.71754455566406
all-measurements = [ 58.33158349990845, 57.94366216659546, 57.96259069442749,]
