best-result = 60.47412967681885
warmup-time = 74.81104636192322
all-measurements = [ 60.47412967681885, 61.10849714279175, 60.825592041015625,]
