best-result = 110.23965072631836
warmup-time = 138.6355664730072
all-measurements = [ 110.23965072631836, 110.58151125907898, 110.53684663772583,]
