best-result = 777.5040652751923
warmup-time = 843.1314380168915
all-measurements = [ 778.2600252628326, 777.5040652751923, 779.9969425201416,]
