best-result = 34.46099519729614
warmup-time = 41.49158692359924
all-measurements = [ 34.61646008491516, 34.46099519729614, 34.9139928817749,]
