best-result = 56.345958948135376
warmup-time = 71.42926573753357
all-measurements = [ 56.345958948135376, 56.632742166519165, 56.408751249313354,]
