best-result = 1517.707778930664
warmup-time = 1512.406230211258
all-measurements = [ 1553.505422115326, 1517.707778930664, 1769.2137386798859,]
