best-result = 49.24491000175476
warmup-time = 68.65843772888184
all-measurements = [ 49.24491000175476, 49.67329740524292, 49.26077938079834,]
