best-result = 82.52251958847046
warmup-time = 102.29765939712524
all-measurements = [ 83.16614246368408, 82.52251958847046, 83.31487083435059,]
