best-result = 38.20964074134827
warmup-time = 47.3849995136261
all-measurements = [ 38.261152505874634, 38.20964074134827, 38.781312465667725,]
