best-result = 336.39459109306335
warmup-time = 475.19860339164734
all-measurements = [ 336.39459109306335, 338.4767029285431, 337.77249097824097,]
