best-result = 59.44577693939209
warmup-time = 60.306379079818726
all-measurements = [ 60.226967334747314, 59.44577693939209, 59.98902153968811,]
