best-result = 24.029512882232666
warmup-time = 24.306459665298462
all-measurements = [ 24.055298328399658, 24.029512882232666, 24.747304677963257,]
