best-result = 47.518436908721924
warmup-time = 65.57737493515015
all-measurements = [ 48.15793800354004, 47.880223989486694, 47.518436908721924,]
