best-result = 47.934178829193115
warmup-time = 60.48224472999573
all-measurements = [ 48.147995710372925, 48.11725306510925, 47.934178829193115,]
