best-result = 897.8667278289795
warmup-time = 1080.0104441642761
all-measurements = [ 905.6365251541138, 906.9836785793304, 897.8667278289795,]
