best-result = 85.29720997810364
warmup-time = 99.00205516815186
all-measurements = [ 85.29720997810364, 85.6432294845581, 85.79536056518555,]
