best-result = 874.5786881446838
warmup-time = 904.7268669605255
all-measurements = [ 874.7396912574768, 874.5786881446838, 875.3655025959015,]
