best-result = 67.33814287185669
warmup-time = 80.84131669998169
all-measurements = [ 67.90792298316956, 67.75069260597229, 67.33814287185669,]
