best-result = 85.33702301979065
warmup-time = 107.1414520740509
all-measurements = [ 85.74615454673767, 85.33702301979065, 85.72456049919128,]
