best-result = 69.93754625320435
warmup-time = 90.29863667488098
all-measurements = [ 69.93754625320435, 70.14072489738464, 69.98892068862915,]
