best-result = 88.84913158416748
warmup-time = 102.4936797618866
all-measurements = [ 88.87375497817993, 89.49772500991821, 88.84913158416748,]
