best-result = 653.9347639083862
warmup-time = 665.1760940551758
all-measurements = [ 667.1369166374207, 654.2500519752502, 653.9347639083862,]
