best-result = 64.36240577697754
warmup-time = 74.61500453948975
all-measurements = [ 64.36240577697754, 64.65309739112854, 64.45048069953918,]
