best-result = 191.89779686927795
warmup-time = 343.05967950820923
all-measurements = [ 193.35008263587952, 191.89779686927795, 196.30431294441223,]
