best-result = 390.16538524627686
warmup-time = 824.4693043231964
all-measurements = [ 391.94151616096497, 390.16538524627686, 390.9602620601654,]
