best-result = 64.12027478218079
warmup-time = 79.86487436294556
all-measurements = [ 64.74266481399536, 64.37289500236511, 64.12027478218079,]
