best-result = 41.757097005844116
warmup-time = 49.86716032028198
all-measurements = [ 42.48429894447327, 41.921937704086304, 41.757097005844116,]
