best-result = 137.09787678718567
warmup-time = 168.5166084766388
all-measurements = [ 137.3150246143341, 137.97034215927124, 137.09787678718567,]
