best-result = 928.649915933609
warmup-time = 957.3129251003265
all-measurements = [ 933.5651948451996, 936.9974389076233, 928.649915933609,]
