best-result = 28.928128480911255
warmup-time = 38.24854302406311
all-measurements = [ 29.123353004455566, 29.367183446884155, 28.928128480911255,]
