best-result = 60.480877161026
warmup-time = 73.58716344833374
all-measurements = [ 60.96062684059143, 60.480877161026, 60.893866539001465,]
