best-result = 61.10491752624512
warmup-time = 75.3154788017273
all-measurements = [ 61.10491752624512, 61.182589054107666, 61.288936376571655,]
