best-result = 111.21194314956665
warmup-time = 136.04499411582947
all-measurements = [ 111.39150190353394, 111.21194314956665, 111.53849148750305,]
