best-result = 773.9095597267151
warmup-time = 848.578999042511
all-measurements = [ 777.9189343452454, 773.9095597267151, 778.3273148536682,]
