best-result = 35.61003303527832
warmup-time = 42.421162605285645
all-measurements = [ 35.61003303527832, 35.69966149330139, 35.613866567611694,]
