best-result = 57.62254238128662
warmup-time = 75.06069445610046
all-measurements = [ 58.132019996643066, 57.74539494514465, 57.62254238128662,]
