best-result = 2113.9395320415497
warmup-time = 2110.07493185997
all-measurements = [ 2113.9395320415497, 3432.501679420471, 3155.1845026016235,]
