best-result = 50.01785087585449
warmup-time = 70.7156093120575
all-measurements = [ 50.01785087585449, 50.88009428977966, 50.74221587181091,]
