best-result = 84.08966755867004
warmup-time = 102.80210638046265
all-measurements = [ 84.3358952999115, 84.08966755867004, 84.68930673599243,]
