best-result = 94.16585516929626
warmup-time = 117.59321022033691
all-measurements = [ 94.16585516929626, 94.52752542495728, 94.56465649604797,]
