best-result = 39.3486168384552
warmup-time = 47.016090393066406
all-measurements = [ 39.51012372970581, 39.3486168384552, 39.39399480819702,]
