best-result = 319.1000187397003
warmup-time = 457.33105278015137
all-measurements = [ 334.21998476982117, 320.60150599479675, 319.1000187397003,]
