best-result = 61.59952092170715
warmup-time = 62.83366584777832
all-measurements = [ 62.84690618515015, 61.90202736854553, 61.59952092170715,]
