best-result = 22.851011276245117
warmup-time = 22.790484189987183
all-measurements = [ 23.15157461166382, 22.852625608444214, 22.851011276245117,]
