best-result = 46.869022607803345
warmup-time = 63.53190755844116
all-measurements = [ 47.39765810966492, 46.869022607803345, 47.07349514961243,]
