best-result = 46.68422532081604
warmup-time = 58.961017370224
all-measurements = [ 47.61997866630554, 46.68422532081604, 46.79595184326172,]
