best-result = 931.0036835670471
warmup-time = 1139.6141183376312
all-measurements = [ 931.0036835670471, 934.3556985855103, 933.8589446544647,]
