best-result = 84.97775602340698
warmup-time = 100.08365607261658
all-measurements = [ 85.08298134803772, 85.40145921707153, 84.97775602340698,]
