best-result = 82.30973362922668
warmup-time = 102.7188789844513
all-measurements = [ 82.30973362922668, 82.86140823364258, 82.61881494522095,]
