best-result = 70.29780101776123
warmup-time = 92.01889109611511
all-measurements = [ 71.0514760017395, 70.57072353363037, 70.29780101776123,]
