best-result = 91.49567437171936
warmup-time = 105.74940085411072
all-measurements = [ 91.49567437171936, 92.16767907142639, 92.8725004196167,]
