best-result = 635.5848917961121
warmup-time = 648.1425912380219
all-measurements = [ 635.8912582397461, 636.6156072616577, 635.5848917961121,]
