best-result = 65.01980590820312
warmup-time = 80.33987069129944
all-measurements = [ 65.563884973526, 65.08751082420349, 65.01980590820312,]
