best-result = 223.5047595500946
warmup-time = 375.7575180530548
all-measurements = [ 224.35308694839478, 223.5047595500946, 225.36126065254211,]
