best-result = 438.71377873420715
warmup-time = 890.329763174057
all-measurements = [ 442.3249945640564, 442.8764569759369, 438.71377873420715,]
