best-result = 62.2413649559021
warmup-time = 79.49196004867554
all-measurements = [ 62.90392327308655, 62.55579900741577, 62.2413649559021,]
