best-result = 143.39047002792358
warmup-time = 170.55621886253357
all-measurements = [ 143.77331829071045, 143.39047002792358, 143.4109296798706,]
