best-result = 884.6759724617004
warmup-time = 920.3761332035065
all-measurements = [ 884.8859148025513, 884.6759724617004, 891.6020269393921,]
