best-result = 27.554036140441895
warmup-time = 35.82925462722778
all-measurements = [ 27.554036140441895, 27.60137128829956, 28.011120080947876,]
