best-result = 58.01406693458557
warmup-time = 72.36465787887573
all-measurements = [ 58.01406693458557, 59.37764048576355, 59.39640283584595,]
