best-result = 59.470048666000366
warmup-time = 73.24456095695496
all-measurements = [ 59.470048666000366, 59.78014302253723, 60.124199867248535,]
