best-result = 110.96138834953308
warmup-time = 137.85896706581116
all-measurements = [ 111.73559999465942, 112.14724946022034, 110.96138834953308,]
