best-result = 787.7282729148865
warmup-time = 857.5023519992828
all-measurements = [ 813.5696971416473, 787.7282729148865, 788.750735282898,]
