best-result = 33.63999342918396
warmup-time = 42.93434405326843
all-measurements = [ 33.930773973464966, 33.889543533325195, 33.63999342918396,]
