best-result = 55.15928649902344
warmup-time = 70.64775013923645
all-measurements = [ 55.15928649902344, 55.42720103263855, 55.748719692230225,]
