best-result = 1642.9860565662384
warmup-time = 2532.7674787044525
all-measurements = [ 1922.6913783550262, 1642.9860565662384, 3078.48237323761,]
