best-result = 49.65181612968445
warmup-time = 70.32226943969727
all-measurements = [ 49.962186336517334, 50.13035345077515, 49.65181612968445,]
