best-result = 78.9694333076477
warmup-time = 99.69524931907654
all-measurements = [ 79.08758807182312, 79.10782527923584, 78.9694333076477,]
