best-result = 37.268878698349
warmup-time = 47.12562966346741
all-measurements = [ 37.59421443939209, 37.268878698349, 37.73384118080139,]
