best-result = 360.8830261230469
warmup-time = 484.64313292503357
all-measurements = [ 361.4475417137146, 360.8830261230469, 375.5193462371826,]
