best-result = 59.58129000663757
warmup-time = 60.1356475353241
all-measurements = [ 59.58129000663757, 59.682066679000854, 59.6480929851532,]
