best-result = 25.462121963500977
warmup-time = 26.106390714645386
all-measurements = [ 26.115721940994263, 25.462121963500977, 25.5110125541687,]
