best-result = 36.80058169364929
warmup-time = 39.14214086532593
all-measurements = [ 37.07042145729065, 36.80058169364929, 38.537757396698,]
