best-result = 30.77211022377014
warmup-time = 30.741002798080444
all-measurements = [ 30.800896167755127, 31.298838138580322, 30.77211022377014,]
