best-result = 259.2081663608551
warmup-time = 265.8591206073761
all-measurements = [ 260.9130747318268, 261.07839155197144, 259.2081663608551,]
