best-result = 36.12785458564758
warmup-time = 36.91791868209839
all-measurements = [ 37.27267360687256, 36.936012744903564, 36.12785458564758,]
