best-result = 117.65150499343872
warmup-time = 121.44712829589844
all-measurements = [ 120.42202091217041, 117.65150499343872, 120.80312919616699,]
