best-result = 40.14612364768982
warmup-time = 41.32127833366394
all-measurements = [ 40.610973834991455, 40.14612364768982, 40.33386540412903,]
