best-result = 47.728126764297485
warmup-time = 50.85745906829834
all-measurements = [ 47.728126764297485, 48.74247407913208, 50.41127634048462,]
