best-result = 33.686044216156006
warmup-time = 33.356550455093384
all-measurements = [ 33.686044216156006, 34.24225878715515, 33.91847372055054,]
