best-result = 35.974127531051636
warmup-time = 37.631319522857666
all-measurements = [ 36.33779835700989, 37.91154718399048, 35.974127531051636,]
