best-result = 58.63392758369446
warmup-time = 63.83499789237976
all-measurements = [ 60.45016598701477, 63.25210499763489, 58.63392758369446,]
