best-result = 229.0086932182312
warmup-time = 229.14362835884094
all-measurements = [ 229.79776239395142, 233.18292999267578, 229.0086932182312,]
