best-result = 513.73788189888
warmup-time = 520.6518838405609
all-measurements = [ 513.73788189888, 535.7402701377869, 516.5941336154938,]
