best-result = 35.940622091293335
warmup-time = 37.27972602844238
all-measurements = [ 35.940622091293335, 37.21272087097168, 36.10148644447327,]
