best-result = 27.84359574317932
warmup-time = 29.282808780670166
all-measurements = [ 29.09085202217102, 29.164960384368896, 27.84359574317932,]
