best-result = 73.8016197681427
warmup-time = 75.35939335823059
all-measurements = [ 73.8016197681427, 80.04407978057861, 80.96555185317993,]
