best-result = 62.89919304847717
warmup-time = 62.443530559539795
all-measurements = [ 62.928696155548096, 63.54628562927246, 62.89919304847717,]
