best-result = 28.704896211624146
warmup-time = 28.962791919708252
all-measurements = [ 28.704896211624146, 29.064795970916748, 29.26339626312256,]
