best-result = 32.20984387397766
warmup-time = 35.22571539878845
all-measurements = [ 33.4347448348999, 35.06965661048889, 32.20984387397766,]
