best-result = 34.81096792221069
warmup-time = 34.91989850997925
all-measurements = [ 35.79341959953308, 34.81096792221069, 35.32111477851868,]
