best-result = 42.289116859436035
warmup-time = 43.08678984642029
all-measurements = [ 44.36678457260132, 42.289116859436035, 43.61259126663208,]
