best-result = 94.92141723632812
warmup-time = 100.71274280548096
all-measurements = [ 95.08573698997498, 97.78255414962769, 94.92141723632812,]
