best-result = 28.118330240249634
warmup-time = 29.590651512145996
all-measurements = [ 29.98425006866455, 28.118330240249634, 28.239675521850586,]
