best-result = 34.76147389411926
warmup-time = 32.76060223579407
all-measurements = [ 34.89045858383179, 34.76147389411926, 35.02116799354553,]
