best-result = 92.3262722492218
warmup-time = 88.11444044113159
all-measurements = [ 99.63777780532837, 93.06475877761841, 92.3262722492218,]
