best-result = 40.789865016937256
warmup-time = 39.715160846710205
all-measurements = [ 41.346983671188354, 40.88919234275818, 40.789865016937256,]
