best-result = 44.593989610672
warmup-time = 46.24034333229065
all-measurements = [ 44.593989610672, 45.47922372817993, 45.07697105407715,]
