best-result = 28.275145769119263
warmup-time = 28.420941829681396
all-measurements = [ 28.6624972820282, 28.773692846298218, 28.275145769119263,]
