best-result = 663.334371805191
warmup-time = 720.2074718475342
all-measurements = [ 669.8590767383575, 663.334371805191, 674.0719661712646,]
