best-result = 174.79713702201843
warmup-time = 174.24306392669678
all-measurements = [ 175.8766326904297, 174.79713702201843, 178.22596335411072,]
