best-result = 55.913986921310425
warmup-time = 65.76031017303467
all-measurements = [ 69.72602844238281, 64.40797519683838, 55.913986921310425,]
