best-result = 22.569697380065918
warmup-time = 22.502958059310913
all-measurements = [ 22.741835594177246, 22.569697380065918, 22.575485467910767,]
