best-result = 46.64208936691284
warmup-time = 63.92704129219055
all-measurements = [ 46.64208936691284, 46.69699478149414, 47.10433650016785,]
