best-result = 46.32861852645874
warmup-time = 59.00980734825134
all-measurements = [ 46.87744379043579, 46.32861852645874, 46.45426297187805,]
