best-result = 931.0307245254517
warmup-time = 1122.3884108066559
all-measurements = [ 931.0307245254517, 931.1614875793457, 937.344377040863,]
