best-result = 84.77129411697388
warmup-time = 100.10491800308228
all-measurements = [ 86.03788447380066, 84.77129411697388, 85.53838086128235,]
