best-result = 82.10645866394043
warmup-time = 104.38940048217773
all-measurements = [ 82.44556260108948, 82.10645866394043, 82.41255402565002,]
