best-result = 69.8897659778595
warmup-time = 91.35697817802429
all-measurements = [ 69.8897659778595, 70.1910457611084, 70.18775200843811,]
