best-result = 91.10035037994385
warmup-time = 106.88609743118286
all-measurements = [ 91.81341314315796, 91.79495358467102, 91.10035037994385,]
