best-result = 642.787281036377
warmup-time = 658.7204368114471
all-measurements = [ 644.0348324775696, 647.782763004303, 642.787281036377,]
