best-result = 63.89841103553772
warmup-time = 79.86779808998108
all-measurements = [ 64.72718048095703, 63.89841103553772, 63.99383068084717,]
