best-result = 212.48271989822388
warmup-time = 366.96768450737
all-measurements = [ 212.48271989822388, 214.67670893669128, 213.67858362197876,]
