best-result = 437.85061478614807
warmup-time = 875.8579471111298
all-measurements = [ 437.85061478614807, 442.3122296333313, 440.6666069030762,]
