best-result = 61.64610934257507
warmup-time = 76.13895559310913
all-measurements = [ 62.50634169578552, 62.2864625453949, 61.64610934257507,]
