best-result = 140.2215919494629
warmup-time = 163.0816752910614
all-measurements = [ 140.2215919494629, 140.52697443962097, 141.73370099067688,]
