best-result = 890.4106869697571
warmup-time = 910.0470731258392
all-measurements = [ 890.4106869697571, 893.9602220058441, 917.024908542633,]
