best-result = 27.343730449676514
warmup-time = 37.03387522697449
all-measurements = [ 27.343730449676514, 27.923425674438477, 27.59913730621338,]
