best-result = 58.52496314048767
warmup-time = 69.10003066062927
all-measurements = [ 58.52496314048767, 58.847179889678955, 58.78969883918762,]
