best-result = 59.24142670631409
warmup-time = 73.45673370361328
all-measurements = [ 59.24142670631409, 59.29648232460022, 59.86473774909973,]
