best-result = 110.88755440711975
warmup-time = 137.05867052078247
all-measurements = [ 110.88755440711975, 111.30688619613647, 110.98221802711487,]
