best-result = 787.9361069202423
warmup-time = 860.0417590141296
all-measurements = [ 791.256897687912, 787.9361069202423, 791.0086181163788,]
