best-result = 33.40695786476135
warmup-time = 42.664960861206055
all-measurements = [ 33.456831216812134, 33.40695786476135, 33.81472659111023,]
