best-result = 54.84709119796753
warmup-time = 70.92192339897156
all-measurements = [ 55.28383779525757, 54.84709119796753, 54.94827628135681,]
