best-result = 2474.881525039673
warmup-time = 3116.3325605392456
all-measurements = [ 2786.6040065288544, 3663.773163795471, 2474.881525039673,]
