best-result = 49.296688079833984
warmup-time = 70.54796624183655
all-measurements = [ 49.296688079833984, 49.769840240478516, 49.707892656326294,]
