best-result = 78.17033386230469
warmup-time = 98.76322531700134
all-measurements = [ 78.45005536079407, 78.69051599502563, 78.17033386230469,]
