best-result = 36.68943381309509
warmup-time = 46.83718705177307
all-measurements = [ 36.68943381309509, 36.753068923950195, 36.740466833114624,]
