best-result = 354.10293674468994
warmup-time = 483.6895270347595
all-measurements = [ 361.0819389820099, 354.10293674468994, 358.3686728477478,]
