best-result = 58.901172161102295
warmup-time = 60.2065167427063
all-measurements = [ 59.24147081375122, 58.901172161102295, 59.435750246047974,]
