best-result = 22.96993637084961
warmup-time = 23.370906352996826
all-measurements = [ 23.491984844207764, 24.120959758758545, 22.96993637084961,]
