best-result = 46.659942626953125
warmup-time = 65.02511835098267
all-measurements = [ 46.7978298664093, 46.659942626953125, 47.41595911979675,]
