best-result = 46.303454637527466
warmup-time = 58.864337682724
all-measurements = [ 46.46054935455322, 46.32321000099182, 46.303454637527466,]
