best-result = 896.005411863327
warmup-time = 1103.241676568985
all-measurements = [ 896.005411863327, 920.994202375412, 896.7092876434326,]
