best-result = 86.24289083480835
warmup-time = 100.06174993515015
all-measurements = [ 86.24289083480835, 86.60996174812317, 86.68374991416931,]
