best-result = 986.0499703884125
warmup-time = 1007.6293091773987
all-measurements = [ 986.0499703884125, 986.2172396183014, 989.1358389854431,]
