best-result = 82.56205940246582
warmup-time = 103.52959156036377
all-measurements = [ 83.59282112121582, 82.56205940246582, 83.04939866065979,]
