best-result = 67.527090549469
warmup-time = 88.39219260215759
all-measurements = [ 68.5797209739685, 67.527090549469, 67.89677596092224,]
