best-result = 91.64967346191406
warmup-time = 106.17558884620667
all-measurements = [ 91.64967346191406, 91.91829133033752, 91.99095368385315,]
