best-result = 645.820207118988
warmup-time = 657.2757287025452
all-measurements = [ 652.1179914474487, 645.820207118988, 646.6818706989288,]
