best-result = 61.550281047821045
warmup-time = 76.58296298980713
all-measurements = [ 61.83937382698059, 61.550281047821045, 61.90402579307556,]
