best-result = 204.0418519973755
warmup-time = 366.3373603820801
all-measurements = [ 204.0418519973755, 204.8091278076172, 205.51512551307678,]
