best-result = 424.75064158439636
warmup-time = 866.0697000026703
all-measurements = [ 425.4574730396271, 426.15030312538147, 424.75064158439636,]
