best-result = 62.43153190612793
warmup-time = 82.50900721549988
all-measurements = [ 63.57184171676636, 62.43153190612793, 63.47384023666382,]
