best-result = 40.50247240066528
warmup-time = 48.073383808135986
all-measurements = [ 40.65336298942566, 40.50247240066528, 40.60493612289429,]
