best-result = 134.84341144561768
warmup-time = 167.59241819381714
all-measurements = [ 135.36553072929382, 134.84341144561768, 135.15713787078857,]
