best-result = 917.734218120575
warmup-time = 969.0304629802704
all-measurements = [ 917.734218120575, 925.1062841415405, 919.2598371505737,]
