best-result = 27.976824522018433
warmup-time = 35.52483057975769
all-measurements = [ 27.976824522018433, 28.195289850234985, 28.403836727142334,]
