best-result = 57.329906940460205
warmup-time = 69.9803831577301
all-measurements = [ 57.40656638145447, 57.57715582847595, 57.329906940460205,]
