best-result = 60.071173429489136
warmup-time = 74.152512550354
all-measurements = [ 61.0590398311615, 60.56651711463928, 60.071173429489136,]
