best-result = 109.69572472572327
warmup-time = 137.10610365867615
all-measurements = [ 110.87341833114624, 110.39840984344482, 109.69572472572327,]
