best-result = 780.3678121566772
warmup-time = 847.4513607025146
all-measurements = [ 780.5413537025452, 780.3678121566772, 780.455240726471,]
