best-result = 33.97571516036987
warmup-time = 42.34279131889343
all-measurements = [ 33.97571516036987, 34.105270862579346, 34.53703284263611,]
