best-result = 55.49168610572815
warmup-time = 72.72655844688416
all-measurements = [ 55.49168610572815, 55.49409294128418, 55.61757802963257,]
