best-result = 1711.4756190776825
warmup-time = 2218.090998649597
all-measurements = [ 2105.92231965065, 1711.4756190776825, 2045.9824750423431,]
