best-result = 48.508612871170044
warmup-time = 69.1467113494873
all-measurements = [ 49.14396262168884, 48.508612871170044, 49.121424198150635,]
