best-result = 78.52335095405579
warmup-time = 97.22282409667969
all-measurements = [ 78.85161471366882, 78.6025140285492, 78.52335095405579,]
