best-result = 36.95264267921448
warmup-time = 46.69813370704651
all-measurements = [ 37.02611184120178, 37.8528094291687, 36.95264267921448,]
