best-result = 334.16928219795227
warmup-time = 477.7361390590668
all-measurements = [ 338.0281684398651, 334.16928219795227, 334.3384413719177,]
