best-result = 58.461679220199585
warmup-time = 59.381616830825806
all-measurements = [ 58.461679220199585, 58.977659940719604, 59.51737713813782,]
