best-result = 22.220215320587158
warmup-time = 22.55223298072815
all-measurements = [ 22.47845220565796, 22.722092390060425, 22.220215320587158,]
