best-result = 46.85597085952759
warmup-time = 64.28581762313843
all-measurements = [ 47.117687940597534, 46.85597085952759, 47.03927731513977,]
