best-result = 46.19832134246826
warmup-time = 57.61970496177673
all-measurements = [ 46.19832134246826, 46.37121391296387, 46.39791512489319,]
