best-result = 921.3933832645416
warmup-time = 1123.5068526268005
all-measurements = [ 921.3933832645416, 924.4110150337219, 944.3088762760162,]
