best-result = 84.57996153831482
warmup-time = 101.67930507659912
all-measurements = [ 84.57996153831482, 85.37831425666809, 84.92033743858337,]
