best-result = 81.77994084358215
warmup-time = 101.98617005348206
all-measurements = [ 81.77994084358215, 82.42632150650024, 82.3539776802063,]
