best-result = 70.0880765914917
warmup-time = 90.66469812393188
all-measurements = [ 70.53099298477173, 70.0880765914917, 70.15708088874817,]
