best-result = 91.07662343978882
warmup-time = 106.78309774398804
all-measurements = [ 91.60473465919495, 91.51117730140686, 91.07662343978882,]
