best-result = 642.2776639461517
warmup-time = 659.4532272815704
all-measurements = [ 664.2022137641907, 642.2776639461517, 643.4719784259796,]
