best-result = 64.05609798431396
warmup-time = 77.57525110244751
all-measurements = [ 64.7034080028534, 64.05609798431396, 64.62587285041809,]
