best-result = 210.48525547981262
warmup-time = 365.61705327033997
all-measurements = [ 210.48525547981262, 211.71001601219177, 213.3354992866516,]
