best-result = 431.7918264865875
warmup-time = 877.1731748580933
all-measurements = [ 434.40799474716187, 431.7918264865875, 435.9011664390564,]
