best-result = 61.95392847061157
warmup-time = 81.14360737800598
all-measurements = [ 61.98027038574219, 61.95392847061157, 62.35640287399292,]
