best-result = 140.47569751739502
warmup-time = 168.14761900901794
all-measurements = [ 140.84716987609863, 140.47569751739502, 140.84455728530884,]
