best-result = 889.2762250900269
warmup-time = 920.8331968784332
all-measurements = [ 889.2762250900269, 890.3048646450043, 890.9279341697693,]
