best-result = 27.241952657699585
warmup-time = 36.3001389503479
all-measurements = [ 27.241952657699585, 27.33275580406189, 27.48327612876892,]
