best-result = 58.49795699119568
warmup-time = 69.57206606864929
all-measurements = [ 58.49795699119568, 59.01309657096863, 59.08187699317932,]
