best-result = 58.94324207305908
warmup-time = 73.4438693523407
all-measurements = [ 58.94324207305908, 59.78607940673828, 59.496788024902344,]
