best-result = 110.11994624137878
warmup-time = 157.13417434692383
all-measurements = [ 117.63002276420593, 110.11994624137878, 111.01720333099365,]
