best-result = 785.6921572685242
warmup-time = 854.3084225654602
all-measurements = [ 785.6921572685242, 786.8109555244446, 789.9048843383789,]
