best-result = 34.01513361930847
warmup-time = 40.67465877532959
all-measurements = [ 34.27984666824341, 34.07221984863281, 34.01513361930847,]
