best-result = 55.13844537734985
warmup-time = 72.5705246925354
all-measurements = [ 55.44261693954468, 55.59165382385254, 55.13844537734985,]
