best-result = 2745.7406425476074
warmup-time = 1972.6676297187805
all-measurements = [ 2774.828402042389, 3421.0365660190582, 2745.7406425476074,]
