best-result = 49.14466404914856
warmup-time = 72.23868179321289
all-measurements = [ 49.14466404914856, 49.421435832977295, 49.50644516944885,]
