best-result = 78.16965079307556
warmup-time = 97.9106388092041
all-measurements = [ 78.92215585708618, 78.20984816551208, 78.16965079307556,]
