best-result = 36.68689274787903
warmup-time = 46.494789123535156
all-measurements = [ 36.68689274787903, 36.90068030357361, 37.051472187042236,]
