best-result = 351.44755816459656
warmup-time = 480.08356738090515
all-measurements = [ 352.3818109035492, 353.6891088485718, 351.44755816459656,]
