best-result = 59.057624101638794
warmup-time = 60.151119232177734
all-measurements = [ 59.1595983505249, 60.007843017578125, 59.057624101638794,]
