best-result = 25.844944953918457
warmup-time = 26.29626750946045
all-measurements = [ 25.854365825653076, 26.412782907485962, 25.844944953918457,]
