best-result = 38.955153942108154
warmup-time = 38.875800132751465
all-measurements = [ 38.996644020080566, 38.955153942108154, 39.663280725479126,]
