best-result = 30.120630264282227
warmup-time = 31.817392587661743
all-measurements = [ 32.062357902526855, 30.120630264282227, 31.782456398010254,]
