best-result = 257.8617880344391
warmup-time = 265.44211530685425
all-measurements = [ 260.1092038154602, 258.267778635025, 257.8617880344391,]
