best-result = 35.780391454696655
warmup-time = 38.16339612007141
all-measurements = [ 35.780391454696655, 36.87229132652283, 37.05663442611694,]
