best-result = 120.07641005516052
warmup-time = 122.22750997543335
all-measurements = [ 120.07641005516052, 122.10922527313232, 120.66490888595581,]
