best-result = 40.104859352111816
warmup-time = 40.93151354789734
all-measurements = [ 40.104859352111816, 40.88493275642395, 40.271488666534424,]
