best-result = 47.76853799819946
warmup-time = 48.68821382522583
all-measurements = [ 49.18789291381836, 47.76853799819946, 48.3720223903656,]
