best-result = 34.20829892158508
warmup-time = 34.83680176734924
all-measurements = [ 34.71721148490906, 34.56823515892029, 34.20829892158508,]
