best-result = 36.915180683135986
warmup-time = 37.889678716659546
all-measurements = [ 38.04409956932068, 37.42834734916687, 36.915180683135986,]
