best-result = 58.730852365493774
warmup-time = 60.28338289260864
all-measurements = [ 59.84185433387756, 58.730852365493774, 61.28602433204651,]
