best-result = 227.34704494476318
warmup-time = 229.76158142089844
all-measurements = [ 230.1913092136383, 252.58345699310303, 227.34704494476318,]
