best-result = 517.6892235279083
warmup-time = 520.6269054412842
all-measurements = [ 518.114476442337, 517.6892235279083, 517.82204246521,]
