best-result = 35.5913360118866
warmup-time = 37.45794868469238
all-measurements = [ 35.5913360118866, 36.46622920036316, 36.91350603103638,]
