best-result = 29.029481172561646
warmup-time = 29.5471351146698
all-measurements = [ 29.626991033554077, 29.029481172561646, 29.74214005470276,]
