best-result = 70.44667506217957
warmup-time = 74.21824502944946
all-measurements = [ 70.44667506217957, 77.78515315055847, 82.50724148750305,]
