best-result = 61.01512289047241
warmup-time = 64.2196147441864
all-measurements = [ 61.86886954307556, 62.83299994468689, 61.01512289047241,]
