best-result = 29.55884623527527
warmup-time = 29.287678241729736
all-measurements = [ 29.55884623527527, 29.618170261383057, 29.819462537765503,]
