best-result = 35.54999136924744
warmup-time = 36.08502769470215
all-measurements = [ 35.56925559043884, 35.59191870689392, 35.54999136924744,]
