best-result = 35.26922273635864
warmup-time = 34.860013484954834
all-measurements = [ 35.62925577163696, 35.5697546005249, 35.26922273635864,]
