best-result = 42.872377157211304
warmup-time = 42.942328214645386
all-measurements = [ 43.970778942108154, 44.450241804122925, 42.872377157211304,]
