best-result = 96.76143193244934
warmup-time = 98.57052206993103
all-measurements = [ 96.76143193244934, 97.21062874794006, 96.84311819076538,]
