best-result = 28.54789090156555
warmup-time = 30.6485116481781
all-measurements = [ 28.54789090156555, 30.142719268798828, 30.286089181900024,]
