best-result = 34.87615084648132
warmup-time = 35.56030201911926
all-measurements = [ 34.87615084648132, 35.02142643928528, 35.510775089263916,]
