best-result = 88.0586884021759
warmup-time = 88.88176155090332
all-measurements = [ 91.09643197059631, 88.0586884021759, 89.79932284355164,]
