best-result = 39.27558159828186
warmup-time = 39.568639039993286
all-measurements = [ 39.8971962928772, 39.27558159828186, 39.52615571022034,]
