best-result = 44.59927177429199
warmup-time = 45.157891273498535
all-measurements = [ 45.79747915267944, 45.81709861755371, 44.59927177429199,]
