best-result = 27.56249213218689
warmup-time = 28.633731842041016
all-measurements = [ 27.81145215034485, 27.56249213218689, 29.269099473953247,]
