best-result = 656.7002947330475
warmup-time = 696.0242004394531
all-measurements = [ 656.7002947330475, 661.8601777553558, 657.6355004310608,]
