best-result = 171.48619675636292
warmup-time = 171.61596417427063
all-measurements = [ 173.55345821380615, 171.48619675636292, 173.7928307056427,]
