best-result = 59.65506172180176
warmup-time = 62.01619219779968
all-measurements = [ 69.58530306816101, 60.99884009361267, 59.65506172180176,]
