best-result = 25.767976760864258
warmup-time = 26.279052257537842
all-measurements = [ 26.03218364715576, 26.278498649597168, 25.767976760864258,]
