best-result = 35.57697796821594
warmup-time = 37.32447171211243
all-measurements = [ 35.57697796821594, 36.13726282119751, 37.52818560600281,]
