best-result = 31.24641180038452
warmup-time = 31.549269914627075
all-measurements = [ 32.112849712371826, 31.611433744430542, 31.24641180038452,]
