best-result = 252.05861115455627
warmup-time = 262.024005651474
all-measurements = [ 252.05861115455627, 255.89028358459473, 253.76993107795715,]
