best-result = 35.60900163650513
warmup-time = 37.274301052093506
all-measurements = [ 35.60900163650513, 36.05861711502075, 37.073984146118164,]
