best-result = 111.95475482940674
warmup-time = 117.89992451667786
all-measurements = [ 111.95475482940674, 115.56005883216858, 112.32989048957825,]
