best-result = 40.927064180374146
warmup-time = 40.96535301208496
all-measurements = [ 41.452709436416626, 42.415361642837524, 40.927064180374146,]
