best-result = 48.26320457458496
warmup-time = 48.64352512359619
all-measurements = [ 48.43415284156799, 48.294370889663696, 48.26320457458496,]
