best-result = 33.28983783721924
warmup-time = 34.7300238609314
all-measurements = [ 34.35045766830444, 33.83727288246155, 33.28983783721924,]
