best-result = 36.10781931877136
warmup-time = 38.14214301109314
all-measurements = [ 37.44999670982361, 37.671913385391235, 36.10781931877136,]
