best-result = 58.466392517089844
warmup-time = 57.64325976371765
all-measurements = [ 63.93526840209961, 58.466392517089844, 61.63531804084778,]
