best-result = 220.90538501739502
warmup-time = 224.42299604415894
all-measurements = [ 227.49512791633606, 220.90538501739502, 223.21605277061462,]
