best-result = 511.2235517501831
warmup-time = 516.0965218544006
all-measurements = [ 511.2235517501831, 515.3016872406006, 518.9366052150726,]
