best-result = 35.35330104827881
warmup-time = 35.75462222099304
all-measurements = [ 35.35330104827881, 35.89001798629761, 37.18000507354736,]
