best-result = 28.667661905288696
warmup-time = 28.77601933479309
all-measurements = [ 28.757700204849243, 28.667661905288696, 29.046719789505005,]
