best-result = 74.50566983222961
warmup-time = 71.33479571342468
all-measurements = [ 74.50566983222961, 78.09579730033875, 79.87749743461609,]
