best-result = 61.977811336517334
warmup-time = 61.90709590911865
all-measurements = [ 62.51154160499573, 61.977811336517334, 62.88907837867737,]
