best-result = 27.40993571281433
warmup-time = 28.409022569656372
all-measurements = [ 27.862449169158936, 27.40993571281433, 27.793874740600586,]
