best-result = 34.945266008377075
warmup-time = 32.97978901863098
all-measurements = [ 35.65526032447815, 35.14906978607178, 34.945266008377075,]
