best-result = 33.5335910320282
warmup-time = 34.45599412918091
all-measurements = [ 33.92884540557861, 33.5335910320282, 34.02331328392029,]
