best-result = 43.051490783691406
warmup-time = 44.44482088088989
all-measurements = [ 43.92439794540405, 44.27481436729431, 43.051490783691406,]
