best-result = 95.24791741371155
warmup-time = 97.49188804626465
all-measurements = [ 97.43909621238708, 96.2281231880188, 95.24791741371155,]
