best-result = 27.66518521308899
warmup-time = 28.003891706466675
all-measurements = [ 27.66518521308899, 28.4574236869812, 28.442376136779785,]
