best-result = 33.80292582511902
warmup-time = 33.78599262237549
all-measurements = [ 33.80292582511902, 34.31301999092102, 34.04927611351013,]
