best-result = 87.55086708068848
warmup-time = 97.02327156066895
all-measurements = [ 95.25212478637695, 87.55086708068848, 96.77241945266724,]
