best-result = 37.82283353805542
warmup-time = 39.015989542007446
all-measurements = [ 38.04889416694641, 39.90323829650879, 37.82283353805542,]
