best-result = 44.34417700767517
warmup-time = 45.648975133895874
all-measurements = [ 44.69722604751587, 44.67259073257446, 44.34417700767517,]
