best-result = 28.58368730545044
warmup-time = 28.411022424697876
all-measurements = [ 28.650100708007812, 28.58368730545044, 28.67521619796753,]
