best-result = 620.3245210647583
warmup-time = 670.649240732193
all-measurements = [ 631.0660498142242, 620.3245210647583, 631.0096397399902,]
