best-result = 170.55965876579285
warmup-time = 178.14865255355835
all-measurements = [ 170.55965876579285, 171.24413061141968, 171.64915490150452,]
