best-result = 55.43199396133423
warmup-time = 58.95431470870972
all-measurements = [ 55.43199396133423, 64.58779454231262, 69.95481896400452,]
