best-result = 25.156639337539673
warmup-time = 25.97745108604431
all-measurements = [ 25.343914031982422, 25.156639337539673, 25.92487597465515,]
