best-result = 36.08317995071411
warmup-time = 37.469788789749146
all-measurements = [ 36.18189001083374, 36.268216371536255, 36.08317995071411,]
