best-result = 30.232186794281006
warmup-time = 32.222474336624146
all-measurements = [ 30.66028141975403, 31.487637758255005, 30.232186794281006,]
