best-result = 263.1409909725189
warmup-time = 267.6576759815216
all-measurements = [ 264.31158781051636, 264.44742941856384, 263.1409909725189,]
