best-result = 36.35932993888855
warmup-time = 37.35270094871521
all-measurements = [ 36.35932993888855, 36.5258355140686, 36.54441452026367,]
