best-result = 41.4019832611084
warmup-time = 41.60848355293274
all-measurements = [ 42.25222992897034, 41.4019832611084, 41.42211937904358,]
