best-result = 49.38925123214722
warmup-time = 50.288493394851685
all-measurements = [ 49.84987449645996, 49.38925123214722, 49.72017288208008,]
