best-result = 32.418708086013794
warmup-time = 33.52332353591919
all-measurements = [ 32.418708086013794, 34.830533027648926, 33.48045563697815,]
