best-result = 36.810306787490845
warmup-time = 37.3949556350708
all-measurements = [ 37.223976850509644, 36.810306787490845, 37.73110771179199,]
