best-result = 64.63109588623047
warmup-time = 62.81931138038635
all-measurements = [ 64.75453472137451, 64.63109588623047, 65.311687707901,]
