best-result = 224.23406076431274
warmup-time = 230.99246048927307
all-measurements = [ 228.68502569198608, 224.23406076431274, 227.08886575698853,]
