best-result = 520.0610659122467
warmup-time = 523.8335695266724
all-measurements = [ 521.2388782501221, 520.9111926555634, 520.0610659122467,]
