best-result = 35.230754137039185
warmup-time = 36.07327747344971
all-measurements = [ 36.58115029335022, 35.230754137039185, 36.938958168029785,]
