best-result = 73.49193692207336
warmup-time = 86.30001759529114
all-measurements = [ 77.2843816280365, 80.64113473892212, 73.49193692207336,]
