best-result = 61.03785228729248
warmup-time = 64.85808372497559
all-measurements = [ 62.19622588157654, 61.03785228729248, 61.132304430007935,]
