best-result = 27.366568565368652
warmup-time = 28.19404435157776
all-measurements = [ 27.366568565368652, 28.142290592193604, 28.10847544670105,]
