best-result = 32.593355894088745
warmup-time = 35.2638680934906
all-measurements = [ 32.593355894088745, 35.55528426170349, 34.91431260108948,]
