best-result = 32.652182817459106
warmup-time = 34.029048204422
all-measurements = [ 34.41784715652466, 32.652182817459106, 33.145795583724976,]
