best-result = 41.39228868484497
warmup-time = 44.253477334976196
all-measurements = [ 43.922444105148315, 42.74261116981506, 41.39228868484497,]
