best-result = 97.47826433181763
warmup-time = 97.75938582420349
all-measurements = [ 99.54097962379456, 97.55525636672974, 97.47826433181763,]
