best-result = 29.039811372756958
warmup-time = 27.76054883003235
all-measurements = [ 29.039811372756958, 29.15726327896118, 29.393221616744995,]
