best-result = 34.017330169677734
warmup-time = 33.65984606742859
all-measurements = [ 34.017330169677734, 34.33035326004028, 35.051419734954834,]
