best-result = 86.45017433166504
warmup-time = 99.23263716697693
all-measurements = [ 90.75848746299744, 86.45017433166504, 87.06504249572754,]
