best-result = 39.52589774131775
warmup-time = 39.0298867225647
all-measurements = [ 39.52589774131775, 39.796382665634155, 39.67673850059509,]
