best-result = 44.4082190990448
warmup-time = 46.532100200653076
all-measurements = [ 44.49292612075806, 45.13860273361206, 44.4082190990448,]
