best-result = 28.037867307662964
warmup-time = 29.063839435577393
all-measurements = [ 28.207919597625732, 28.28368353843689, 28.037867307662964,]
