best-result = 695.6607828140259
warmup-time = 728.4887959957123
all-measurements = [ 695.6607828140259, 726.9706468582153, 697.8757565021515,]
