best-result = 173.76617193222046
warmup-time = 173.70553994178772
all-measurements = [ 175.949640750885, 173.76617193222046, 174.56495571136475,]
