best-result = 59.28681302070618
warmup-time = 71.50847578048706
all-measurements = [ 66.23006796836853, 59.28681302070618, 67.49740505218506,]
