best-result = 21.059555292129517
warmup-time = 21.33391523361206
all-measurements = [ 21.33008646965027, 21.059555292129517, 21.507140636444092,]
