best-result = 46.700658321380615
warmup-time = 63.765645265579224
all-measurements = [ 47.30869674682617, 46.774787187576294, 46.700658321380615,]
