best-result = 46.183703899383545
warmup-time = 58.73600149154663
all-measurements = [ 46.45647668838501, 46.614341497421265, 46.183703899383545,]
