best-result = 975.9004876613617
warmup-time = 1167.307109117508
all-measurements = [ 987.153356552124, 975.9004876613617, 984.4922630786896,]
