best-result = 81.54464030265808
warmup-time = 96.59031867980957
all-measurements = [ 82.47996735572815, 81.54464030265808, 82.16837954521179,]
