best-result = 78.15539693832397
warmup-time = 100.01149320602417
all-measurements = [ 78.15539693832397, 78.42683815956116, 78.40244555473328,]
