best-result = 68.58593702316284
warmup-time = 94.31235885620117
all-measurements = [ 68.85674595832825, 69.94653129577637, 68.58593702316284,]
