best-result = 84.14724135398865
warmup-time = 98.7151825428009
all-measurements = [ 84.34999704360962, 84.14724135398865, 84.35652923583984,]
