best-result = 591.8816192150116
warmup-time = 606.8078713417053
all-measurements = [ 592.67236328125, 591.8816192150116, 594.502278804779,]
