best-result = 61.6620614528656
warmup-time = 77.42301058769226
all-measurements = [ 61.92697262763977, 62.017109870910645, 61.6620614528656,]
