best-result = 232.08029222488403
warmup-time = 396.1788775920868
all-measurements = [ 233.88977193832397, 234.04743766784668, 232.08029222488403,]
