best-result = 441.5240225791931
warmup-time = 910.6671240329742
all-measurements = [ 445.7102994918823, 442.9428412914276, 441.5240225791931,]
