best-result = 59.43876934051514
warmup-time = 74.59749174118042
all-measurements = [ 59.623943567276, 59.754132986068726, 59.43876934051514,]
