best-result = 866.6237506866455
warmup-time = 893.0886414051056
all-measurements = [ 871.3989658355713, 867.7234904766083, 866.6237506866455,]
