best-result = 26.564453601837158
warmup-time = 34.979682207107544
all-measurements = [ 26.782352924346924, 27.310985326766968, 26.564453601837158,]
