best-result = 57.80951237678528
warmup-time = 71.59436821937561
all-measurements = [ 57.80951237678528, 58.23065543174744, 58.316293716430664,]
