best-result = 55.28488111495972
warmup-time = 66.61711740493774
all-measurements = [ 55.79951214790344, 55.28488111495972, 55.657240867614746,]
