best-result = 109.04381108283997
warmup-time = 136.12035989761353
all-measurements = [ 109.16271829605103, 109.60370969772339, 109.04381108283997,]
