best-result = 774.5805339813232
warmup-time = 838.0207812786102
all-measurements = [ 774.7523863315582, 775.3347148895264, 774.5805339813232,]
