best-result = 33.19714331626892
warmup-time = 40.8278124332428
all-measurements = [ 33.80642294883728, 33.19714331626892, 33.231645584106445,]
