best-result = 55.666263818740845
warmup-time = 67.60328602790833
all-measurements = [ 61.81946539878845, 60.774184465408325, 55.666263818740845,]
