best-result = 49.44781184196472
warmup-time = 71.38055491447449
all-measurements = [ 49.44781184196472, 49.53628587722778, 49.598681688308716,]
