best-result = 78.17494535446167
warmup-time = 96.99446606636047
all-measurements = [ 79.82087707519531, 79.46861696243286, 78.17494535446167,]
