best-result = 35.021199464797974
warmup-time = 44.76850128173828
all-measurements = [ 35.11666464805603, 35.021199464797974, 35.491355180740356,]
