best-result = 349.33717799186707
warmup-time = 495.375718832016
all-measurements = [ 351.2906744480133, 365.3227164745331, 349.33717799186707,]
