best-result = 102.43372964859009
warmup-time = 101.5524799823761
all-measurements = [ 103.47802972793579, 103.1722195148468, 102.43372964859009,]
