best-result = 25.365845918655396
warmup-time = 26.00898551940918
all-measurements = [ 26.51994800567627, 25.834870100021362, 25.365845918655396,]
