best-result = 34.731865644454956
warmup-time = 37.98779010772705
all-measurements = [ 34.731865644454956, 36.00296354293823, 37.320425271987915,]
