best-result = 30.507887840270996
warmup-time = 31.005687952041626
all-measurements = [ 31.29962658882141, 30.507887840270996, 31.49390435218811,]
