best-result = 253.18195366859436
warmup-time = 259.30475521087646
all-measurements = [ 253.18195366859436, 255.61171174049377, 254.57577419281006,]
