best-result = 36.46278953552246
warmup-time = 34.844916582107544
all-measurements = [ 36.903077125549316, 36.46278953552246, 36.521873235702515,]
