best-result = 111.9998106956482
warmup-time = 113.50067281723022
all-measurements = [ 111.9998106956482, 112.04868912696838, 114.58502960205078,]
