best-result = 34.55768918991089
warmup-time = 35.572829246520996
all-measurements = [ 34.55768918991089, 36.3811559677124, 36.22995090484619,]
