best-result = 40.027636766433716
warmup-time = 41.32567286491394
all-measurements = [ 40.027636766433716, 41.48323321342468, 40.25067639350891,]
