best-result = 47.13076400756836
warmup-time = 48.18050694465637
all-measurements = [ 47.13076400756836, 48.8525185585022, 48.676297187805176,]
