best-result = 33.462010622024536
warmup-time = 33.2380850315094
all-measurements = [ 33.462010622024536, 33.99069547653198, 34.276243925094604,]
