best-result = 35.9719443321228
warmup-time = 38.30933141708374
all-measurements = [ 38.01825666427612, 35.9719443321228, 37.39790964126587,]
