best-result = 60.99253177642822
warmup-time = 62.73954129219055
all-measurements = [ 60.99253177642822, 63.36823749542236, 62.95392870903015,]
