best-result = 225.10166335105896
warmup-time = 227.2419548034668
all-measurements = [ 225.23336815834045, 225.10166335105896, 227.4844455718994,]
