best-result = 511.9472737312317
warmup-time = 516.2235879898071
all-measurements = [ 514.0179686546326, 515.3039982318878, 511.9472737312317,]
