best-result = 36.05850291252136
warmup-time = 36.44518184661865
all-measurements = [ 36.384878635406494, 36.05850291252136, 36.834845542907715,]
