best-result = 28.90517568588257
warmup-time = 29.574729681015015
all-measurements = [ 28.90517568588257, 29.52847409248352, 28.905949592590332,]
