best-result = 75.68048119544983
warmup-time = 78.18105030059814
all-measurements = [ 75.68048119544983, 80.7247405052185, 81.79451441764832,]
