best-result = 61.21026921272278
warmup-time = 62.499924421310425
all-measurements = [ 61.21026921272278, 62.363200426101685, 61.32203435897827,]
