best-result = 27.525502920150757
warmup-time = 28.654098987579346
all-measurements = [ 29.147210836410522, 29.261171579360962, 27.525502920150757,]
