best-result = 32.49532389640808
warmup-time = 33.26446032524109
all-measurements = [ 32.49532389640808, 35.46305441856384, 36.171393156051636,]
