best-result = 33.397631883621216
warmup-time = 32.413020849227905
all-measurements = [ 33.50846767425537, 34.19034028053284, 33.397631883621216,]
