best-result = 42.08846664428711
warmup-time = 42.78477740287781
all-measurements = [ 43.25987672805786, 42.08846664428711, 44.20073223114014,]
