best-result = 93.66998100280762
warmup-time = 96.64877319335938
all-measurements = [ 95.89813232421875, 94.22035217285156, 93.66998100280762,]
