best-result = 28.088820219039917
warmup-time = 29.804032802581787
all-measurements = [ 28.088820219039917, 28.926162719726562, 29.5383403301239,]
