best-result = 32.77976655960083
warmup-time = 34.06043100357056
all-measurements = [ 32.77976655960083, 34.41599631309509, 35.470731019973755,]
