best-result = 86.76699137687683
warmup-time = 94.96595287322998
all-measurements = [ 86.76699137687683, 90.41449022293091, 96.74650168418884,]
