best-result = 38.865344524383545
warmup-time = 39.644484758377075
all-measurements = [ 38.865344524383545, 39.72886514663696, 39.34270238876343,]
