best-result = 43.696643114089966
warmup-time = 46.2291624546051
all-measurements = [ 43.696643114089966, 44.52593994140625, 43.888506174087524,]
