best-result = 49.7634391784668
warmup-time = 50.38173747062683
all-measurements = [ 49.7634391784668, 50.77787637710571, 49.788838148117065,]
