best-result = 28.10654592514038
warmup-time = 29.27343201637268
all-measurements = [ 28.10654592514038, 29.115503072738647, 28.8303701877594,]
