best-result = 638.9243347644806
warmup-time = 684.1857805252075
all-measurements = [ 649.5292029380798, 640.6854288578033, 638.9243347644806,]
