best-result = 170.6209099292755
warmup-time = 172.33047032356262
all-measurements = [ 173.85926246643066, 172.32063341140747, 170.6209099292755,]
