best-result = 66.18914437294006
warmup-time = 58.291677474975586
all-measurements = [ 68.70939111709595, 67.57571172714233, 66.18914437294006,]
