best-result = 23.29088830947876
warmup-time = 23.26327109336853
all-measurements = [ 23.33267068862915, 23.29088830947876, 23.347460508346558,]
