best-result = 46.90477538108826
warmup-time = 63.59266424179077
all-measurements = [ 47.00840091705322, 47.042973279953, 46.90477538108826,]
