best-result = 47.19977951049805
warmup-time = 57.8615882396698
all-measurements = [ 47.45199131965637, 47.19977951049805, 47.843648195266724,]
