best-result = 877.0499486923218
warmup-time = 1057.3661892414093
all-measurements = [ 880.7634346485138, 889.3027215003967, 877.0499486923218,]
