best-result = 85.30185389518738
warmup-time = 99.28050637245178
all-measurements = [ 85.38254141807556, 86.09917521476746, 85.30185389518738,]
