best-result = 984.2937457561493
warmup-time = 1013.8713569641113
all-measurements = [ 984.2937457561493, 987.0238015651703, 985.4092528820038,]
