best-result = 66.03815722465515
warmup-time = 80.63785099983215
all-measurements = [ 66.03815722465515, 66.79102611541748, 67.72508025169373,]
