best-result = 83.25690865516663
warmup-time = 104.54165720939636
all-measurements = [ 84.16960191726685, 84.28806948661804, 83.25690865516663,]
