best-result = 68.9897792339325
warmup-time = 88.24142265319824
all-measurements = [ 69.14954829216003, 69.35950875282288, 68.9897792339325,]
