best-result = 91.2470235824585
warmup-time = 104.37996244430542
all-measurements = [ 91.2470235824585, 92.0163311958313, 91.8982002735138,]
