best-result = 641.9788181781769
warmup-time = 652.0457961559296
all-measurements = [ 641.9788181781769, 642.6675596237183, 642.1221380233765,]
