best-result = 62.39895462989807
warmup-time = 79.73345160484314
all-measurements = [ 62.39895462989807, 63.11992073059082, 62.674288272857666,]
