best-result = 189.18283939361572
warmup-time = 341.2687072753906
all-measurements = [ 190.94182467460632, 192.1898877620697, 189.18283939361572,]
