best-result = 385.50559401512146
warmup-time = 827.574798822403
all-measurements = [ 387.9083499908447, 386.71617460250854, 385.50559401512146,]
