best-result = 62.4916570186615
warmup-time = 79.55005669593811
all-measurements = [ 63.245909690856934, 62.4916570186615, 62.62853932380676,]
