best-result = 40.198829650878906
warmup-time = 48.41539406776428
all-measurements = [ 40.786839962005615, 40.198829650878906, 40.84407925605774,]
