best-result = 135.1867036819458
warmup-time = 165.93381571769714
all-measurements = [ 135.2751657962799, 135.1867036819458, 136.188866853714,]
