best-result = 922.04234623909
warmup-time = 980.1443753242493
all-measurements = [ 922.04234623909, 926.7733306884766, 925.3422062397003,]
