best-result = 28.211451053619385
warmup-time = 36.73008704185486
all-measurements = [ 28.57997179031372, 28.652968406677246, 28.211451053619385,]
