best-result = 58.716389656066895
warmup-time = 72.144686460495
all-measurements = [ 59.73299527168274, 58.716389656066895, 59.42888307571411,]
