best-result = 60.042235374450684
warmup-time = 73.83901834487915
all-measurements = [ 61.884121894836426, 60.78629660606384, 60.042235374450684,]
