best-result = 110.2112226486206
warmup-time = 136.8903408050537
all-measurements = [ 110.50245404243469, 110.2112226486206, 111.10066962242126,]
