best-result = 766.6501469612122
warmup-time = 833.4826617240906
all-measurements = [ 766.6501469612122, 769.9542708396912, 767.862731218338,]
