best-result = 35.05348086357117
warmup-time = 41.2292902469635
all-measurements = [ 35.05348086357117, 35.09294867515564, 35.30687975883484,]
