best-result = 56.15187358856201
warmup-time = 74.6965651512146
all-measurements = [ 69.19827485084534, 60.375091314315796, 56.15187358856201,]
