best-result = 1566.439658164978
warmup-time = 2179.3216190338135
all-measurements = [ 2592.8426196575165, 1566.439658164978, 1936.4730715751648,]
