best-result = 49.04488801956177
warmup-time = 68.55042028427124
all-measurements = [ 49.55023956298828, 49.75093984603882, 49.04488801956177,]
