best-result = 83.39085793495178
warmup-time = 100.6527168750763
all-measurements = [ 83.78518557548523, 83.90816235542297, 83.39085793495178,]
