best-result = 93.48419451713562
warmup-time = 115.36132025718689
all-measurements = [ 93.59743094444275, 93.82610297203064, 93.48419451713562,]
