best-result = 37.65919303894043
warmup-time = 46.67169117927551
all-measurements = [ 38.182154178619385, 38.714311361312866, 37.65919303894043,]
