best-result = 313.02278184890747
warmup-time = 452.0882375240326
all-measurements = [ 321.25254487991333, 314.37285232543945, 313.02278184890747,]
