best-result = 60.54405212402344
warmup-time = 60.866811990737915
all-measurements = [ 60.81994128227234, 60.6599760055542, 60.54405212402344,]
