best-result = 22.656035661697388
warmup-time = 23.62139105796814
all-measurements = [ 22.656035661697388, 23.35268998146057, 23.04912233352661,]
