best-result = 46.26744842529297
warmup-time = 63.240601539611816
all-measurements = [ 47.114956855773926, 46.26744842529297, 46.598188400268555,]
