best-result = 45.92643857002258
warmup-time = 58.25715208053589
all-measurements = [ 46.468233823776245, 45.92643857002258, 46.14469861984253,]
