best-result = 896.2698855400085
warmup-time = 1083.3068046569824
all-measurements = [ 896.7209599018097, 917.6530463695526, 896.2698855400085,]
