best-result = 85.21156287193298
warmup-time = 99.05546545982361
all-measurements = [ 85.21156287193298, 85.68375515937805, 85.24573755264282,]
