best-result = 979.581027507782
warmup-time = 1007.6873052120209
all-measurements = [ 979.581027507782, 980.9276492595673, 984.4592716693878,]
