best-result = 81.92841291427612
warmup-time = 103.18402123451233
all-measurements = [ 81.92841291427612, 82.40703558921814, 82.29652047157288,]
