best-result = 67.16837549209595
warmup-time = 86.59338641166687
all-measurements = [ 67.743093252182, 67.16837549209595, 67.3472466468811,]
