best-result = 90.94288086891174
warmup-time = 105.9453136920929
all-measurements = [ 90.94288086891174, 91.17150139808655, 91.72679424285889,]
