best-result = 640.0382828712463
warmup-time = 655.9662711620331
all-measurements = [ 640.0382828712463, 647.6951253414154, 641.4542293548584,]
