best-result = 61.21546530723572
warmup-time = 76.85643076896667
all-measurements = [ 61.45249080657959, 61.21546530723572, 61.25149750709534,]
