best-result = 203.32575225830078
warmup-time = 359.012020111084
all-measurements = [ 204.52070212364197, 203.32575225830078, 203.89967727661133,]
