best-result = 423.0827126502991
warmup-time = 858.6335806846619
all-measurements = [ 423.0827126502991, 426.8655598163605, 426.00512981414795,]
