best-result = 62.236032485961914
warmup-time = 78.97727560997009
all-measurements = [ 62.73655080795288, 62.66153812408447, 62.236032485961914,]
