best-result = 39.56796979904175
warmup-time = 48.91244697570801
all-measurements = [ 39.56796979904175, 40.25609374046326, 39.925175189971924,]
