best-result = 134.50014448165894
warmup-time = 165.93795680999756
all-measurements = [ 134.50014448165894, 135.00674724578857, 135.05763030052185,]
