best-result = 900.8733294010162
warmup-time = 953.8616058826447
all-measurements = [ 901.3053059577942, 900.8733294010162, 901.0946938991547,]
