best-result = 27.476969242095947
warmup-time = 36.247344732284546
all-measurements = [ 27.476969242095947, 27.696015119552612, 28.674299478530884,]
