best-result = 56.79808163642883
warmup-time = 70.03121280670166
all-measurements = [ 56.79808163642883, 56.937071800231934, 57.156479597091675,]
