best-result = 59.15911817550659
warmup-time = 74.96567869186401
all-measurements = [ 59.15911817550659, 59.57680630683899, 60.703280210494995,]
