best-result = 109.42751669883728
warmup-time = 135.90272426605225
all-measurements = [ 109.42751669883728, 110.45888137817383, 110.49388027191162,]
