best-result = 770.2037916183472
warmup-time = 845.2418169975281
all-measurements = [ 770.2037916183472, 776.9787361621857, 776.4426662921906,]
