best-result = 33.65843176841736
warmup-time = 42.36979389190674
all-measurements = [ 33.813908100128174, 34.606160402297974, 33.65843176841736,]
