best-result = 54.86834955215454
warmup-time = 70.57361936569214
all-measurements = [ 55.404998779296875, 54.86834955215454, 55.16500520706177,]
