best-result = 1506.1473217010498
warmup-time = 2274.5979855060577
all-measurements = [ 2141.7623856067657, 1879.3724672794342, 1506.1473217010498,]
