best-result = 48.21803641319275
warmup-time = 68.53238153457642
all-measurements = [ 48.21803641319275, 48.572747230529785, 48.221254110336304,]
