best-result = 77.69820880889893
warmup-time = 98.17271184921265
all-measurements = [ 78.12637591362, 77.69820880889893, 78.94681859016418,]
