best-result = 36.56190633773804
warmup-time = 46.14488244056702
all-measurements = [ 36.973347425460815, 36.97006821632385, 36.56190633773804,]
