best-result = 335.38188099861145
warmup-time = 475.7655966281891
all-measurements = [ 342.53041315078735, 339.5557351112366, 335.38188099861145,]
