best-result = 58.099395513534546
warmup-time = 59.671245098114014
all-measurements = [ 58.40213131904602, 58.62558078765869, 58.099395513534546,]
