best-result = 25.997467756271362
warmup-time = 26.438292980194092
all-measurements = [ 26.257054567337036, 26.36065411567688, 25.997467756271362,]
