best-result = 35.96516823768616
warmup-time = 35.54964590072632
all-measurements = [ 39.370821475982666, 37.2100784778595, 35.96516823768616,]
