best-result = 30.32454800605774
warmup-time = 31.08632183074951
all-measurements = [ 31.647593021392822, 32.80881357192993, 30.32454800605774,]
