best-result = 257.99613666534424
warmup-time = 268.7749493122101
all-measurements = [ 257.99613666534424, 258.2687726020813, 259.8324227333069,]
