best-result = 37.176923751831055
warmup-time = 36.828107595443726
all-measurements = [ 37.323846101760864, 37.176923751831055, 37.35085082054138,]
