best-result = 112.42658877372742
warmup-time = 113.76885890960693
all-measurements = [ 113.1007912158966, 112.42658877372742, 112.91537547111511,]
