best-result = 39.70060968399048
warmup-time = 41.1795928478241
all-measurements = [ 39.70060968399048, 40.919121503829956, 40.01671767234802,]
