best-result = 46.46042990684509
warmup-time = 48.0720751285553
all-measurements = [ 47.20941948890686, 46.46042990684509, 48.35575866699219,]
