best-result = 33.84753751754761
warmup-time = 34.18748140335083
all-measurements = [ 34.24211812019348, 34.27298021316528, 33.84753751754761,]
