best-result = 36.858134269714355
warmup-time = 37.86434578895569
all-measurements = [ 37.13100862503052, 36.92919683456421, 36.858134269714355,]
