best-result = 60.19303798675537
warmup-time = 63.35281300544739
all-measurements = [ 61.81578087806702, 60.19303798675537, 61.7698872089386,]
