best-result = 224.6279308795929
warmup-time = 227.35621213912964
all-measurements = [ 226.07926535606384, 224.6279308795929, 224.74053025245667,]
