best-result = 511.9716782569885
warmup-time = 518.2359356880188
all-measurements = [ 512.9279963970184, 512.0463461875916, 511.9716782569885,]
