best-result = 36.80837345123291
warmup-time = 37.845502614974976
all-measurements = [ 37.70781683921814, 36.80837345123291, 37.90149402618408,]
