best-result = 28.744877099990845
warmup-time = 29.145883798599243
all-measurements = [ 28.956161975860596, 28.868626356124878, 28.744877099990845,]
