best-result = 73.96971011161804
warmup-time = 84.66077399253845
all-measurements = [ 77.12254738807678, 73.96971011161804, 78.14508581161499,]
