best-result = 63.0608434677124
warmup-time = 75.1674394607544
all-measurements = [ 65.00475192070007, 64.71391344070435, 63.0608434677124,]
