best-result = 27.780662298202515
warmup-time = 29.418689489364624
all-measurements = [ 28.488969564437866, 28.76033926010132, 27.780662298202515,]
