best-result = 35.05905508995056
warmup-time = 35.61768937110901
all-measurements = [ 35.43359851837158, 35.05905508995056, 35.17922377586365,]
