best-result = 33.31820034980774
warmup-time = 33.99207377433777
all-measurements = [ 33.31820034980774, 33.59161615371704, 34.57146692276001,]
