best-result = 42.64903140068054
warmup-time = 43.627493381500244
all-measurements = [ 42.64903140068054, 43.18833947181702, 43.04007625579834,]
