best-result = 95.50425004959106
warmup-time = 97.6378984451294
all-measurements = [ 98.12281918525696, 95.50425004959106, 96.19937801361084,]
