best-result = 27.771141290664673
warmup-time = 29.638424396514893
all-measurements = [ 27.946349620819092, 27.771141290664673, 29.823888778686523,]
