best-result = 32.794891119003296
warmup-time = 35.04371762275696
all-measurements = [ 36.19900059700012, 35.54113793373108, 32.794891119003296,]
