best-result = 85.21661281585693
warmup-time = 91.92565107345581
all-measurements = [ 86.85739970207214, 85.21661281585693, 95.46415209770203,]
