best-result = 38.58158588409424
warmup-time = 39.48313570022583
all-measurements = [ 38.58158588409424, 38.67051982879639, 39.52659821510315,]
