best-result = 44.66542649269104
warmup-time = 46.773025035858154
all-measurements = [ 45.04252481460571, 44.66542649269104, 44.7477171421051,]
