best-result = 27.695716619491577
warmup-time = 28.167192220687866
all-measurements = [ 29.418994903564453, 27.695716619491577, 28.50280785560608,]
