best-result = 640.8844349384308
warmup-time = 677.8041968345642
all-measurements = [ 640.8844349384308, 652.2642843723297, 644.3117361068726,]
