best-result = 170.1305856704712
warmup-time = 175.25830006599426
all-measurements = [ 175.48498678207397, 170.1305856704712, 175.52581548690796,]
