best-result = 55.88848280906677
warmup-time = 57.15990900993347
all-measurements = [ 66.73264002799988, 66.80435514450073, 55.88848280906677,]
