best-result = 23.44965124130249
warmup-time = 23.95655131340027
all-measurements = [ 23.631814002990723, 24.079388856887817, 23.44965124130249,]
