best-result = 47.74518632888794
warmup-time = 64.74726033210754
all-measurements = [ 47.974108934402466, 47.74518632888794, 47.89872193336487,]
