best-result = 47.52372431755066
warmup-time = 59.50056600570679
all-measurements = [ 47.52372431755066, 48.08459830284119, 47.560943603515625,]
