best-result = 904.8540635108948
warmup-time = 1070.6099405288696
all-measurements = [ 909.0000786781311, 919.4608845710754, 904.8540635108948,]
