best-result = 85.83805060386658
warmup-time = 100.28126955032349
all-measurements = [ 86.73518800735474, 86.01707720756531, 85.83805060386658,]
