best-result = 882.6950175762177
warmup-time = 912.949031829834
all-measurements = [ 889.0059447288513, 882.6950175762177, 886.1098198890686,]
