best-result = 67.43338131904602
warmup-time = 80.76629185676575
all-measurements = [ 68.04077410697937, 67.43338131904602, 68.61513161659241,]
