best-result = 86.41317677497864
warmup-time = 106.13995313644409
all-measurements = [ 86.41317677497864, 86.92955780029297, 87.19640779495239,]
