best-result = 69.54043745994568
warmup-time = 92.11934876441956
all-measurements = [ 69.54043745994568, 69.62017488479614, 69.57632541656494,]
