best-result = 88.0894763469696
warmup-time = 102.0521981716156
all-measurements = [ 88.47898602485657, 88.51172399520874, 88.0894763469696,]
