best-result = 655.9721601009369
warmup-time = 668.8098571300507
all-measurements = [ 681.6244206428528, 655.9721601009369, 658.5996701717377,]
