best-result = 64.0280237197876
warmup-time = 78.90638041496277
all-measurements = [ 65.0687665939331, 64.0280237197876, 64.80243706703186,]
