best-result = 193.19756364822388
warmup-time = 347.8792214393616
all-measurements = [ 193.19756364822388, 193.34705138206482, 194.49246287345886,]
