best-result = 397.0710303783417
warmup-time = 835.6454393863678
all-measurements = [ 397.0710303783417, 398.0629506111145, 398.2307081222534,]
