best-result = 64.66468358039856
warmup-time = 79.75156593322754
all-measurements = [ 64.66468358039856, 64.7509777545929, 65.05542969703674,]
