best-result = 41.64240550994873
warmup-time = 49.45388627052307
all-measurements = [ 41.64240550994873, 42.42120862007141, 42.10094404220581,]
