best-result = 137.8871033191681
warmup-time = 164.37938928604126
all-measurements = [ 138.09052562713623, 138.41589832305908, 137.8871033191681,]
