best-result = 955.7923247814178
warmup-time = 983.1291069984436
all-measurements = [ 963.3985068798065, 955.7923247814178, 958.0370049476624,]
