best-result = 28.28810214996338
warmup-time = 36.32061553001404
all-measurements = [ 28.28810214996338, 29.129729509353638, 28.67580246925354,]
