best-result = 60.56223201751709
warmup-time = 72.96282052993774
all-measurements = [ 61.55879068374634, 60.964109659194946, 60.56223201751709,]
