best-result = 60.786784172058105
warmup-time = 75.4206428527832
all-measurements = [ 61.09081530570984, 60.786784172058105, 60.832197427749634,]
