best-result = 110.97891449928284
warmup-time = 138.67574453353882
all-measurements = [ 110.97891449928284, 111.44453716278076, 111.0932035446167,]
