best-result = 785.7073426246643
warmup-time = 856.7542402744293
all-measurements = [ 786.4173390865326, 785.7073426246643, 785.7168078422546,]
