best-result = 35.00013971328735
warmup-time = 42.01353645324707
all-measurements = [ 35.35983967781067, 35.272268295288086, 35.00013971328735,]
