best-result = 56.918389320373535
warmup-time = 74.58099389076233
all-measurements = [ 56.918389320373535, 57.287341356277466, 57.206429958343506,]
