best-result = 2622.2110624313354
warmup-time = 4116.822355270386
all-measurements = [ 2813.4460892677307, 3559.3560314178467, 2622.2110624313354,]
