best-result = 50.219324350357056
warmup-time = 71.6630506515503
all-measurements = [ 50.663954973220825, 50.219324350357056, 50.45465445518494,]
