best-result = 83.35221099853516
warmup-time = 102.07423257827759
all-measurements = [ 83.89790344238281, 83.35221099853516, 84.2960786819458,]
