best-result = 94.23635482788086
warmup-time = 117.2119996547699
all-measurements = [ 95.78664445877075, 94.45277810096741, 94.23635482788086,]
