best-result = 38.846235275268555
warmup-time = 48.02138066291809
all-measurements = [ 38.90814423561096, 39.2670111656189, 38.846235275268555,]
