best-result = 319.79143500328064
warmup-time = 480.2389998435974
all-measurements = [ 334.2532904148102, 320.108304977417, 319.79143500328064,]
