best-result = 61.73607802391052
warmup-time = 62.1473343372345
all-measurements = [ 62.22978734970093, 61.73607802391052, 62.31547927856445,]
