best-result = 25.977905750274658
warmup-time = 26.309056043624878
all-measurements = [ 25.977905750274658, 27.104215621948242, 26.727232933044434,]
