best-result = 37.557817697525024
warmup-time = 39.28402328491211
all-measurements = [ 39.00937008857727, 37.557817697525024, 38.421218395233154,]
