best-result = 30.14009690284729
warmup-time = 32.33190059661865
all-measurements = [ 31.135527849197388, 30.14009690284729, 31.527531623840332,]
