best-result = 252.1536636352539
warmup-time = 263.1948187351227
all-measurements = [ 258.2655863761902, 256.1956031322479, 252.1536636352539,]
