best-result = 35.43793487548828
warmup-time = 37.51804232597351
all-measurements = [ 37.49059271812439, 35.43793487548828, 36.78450131416321,]
