best-result = 112.64473056793213
warmup-time = 116.28988122940063
all-measurements = [ 115.59315586090088, 112.84607648849487, 112.64473056793213,]
