best-result = 34.9259352684021
warmup-time = 36.10352802276611
all-measurements = [ 34.9259352684021, 34.986286878585815, 35.660815477371216,]
