best-result = 40.28344964981079
warmup-time = 42.27048993110657
all-measurements = [ 43.204455852508545, 40.28344964981079, 41.6268515586853,]
