best-result = 47.6300585269928
warmup-time = 47.8204550743103
all-measurements = [ 47.991068601608276, 47.6300585269928, 48.079500675201416,]
