best-result = 33.20823931694031
warmup-time = 32.62369346618652
all-measurements = [ 33.46137571334839, 34.19606971740723, 33.20823931694031,]
