best-result = 35.7928729057312
warmup-time = 38.67240810394287
all-measurements = [ 37.36431837081909, 35.7928729057312, 36.99857425689697,]
