best-result = 59.892212867736816
warmup-time = 63.554601430892944
all-measurements = [ 59.892212867736816, 61.49978065490723, 61.6022686958313,]
