best-result = 223.77075123786926
warmup-time = 224.40313863754272
all-measurements = [ 225.84854698181152, 224.93062615394592, 223.77075123786926,]
