best-result = 514.5811750888824
warmup-time = 521.09974360466
all-measurements = [ 514.5811750888824, 517.1122994422913, 516.4890518188477,]
