best-result = 36.29222655296326
warmup-time = 37.57364845275879
all-measurements = [ 36.29222655296326, 45.70533514022827, 38.81893873214722,]
