best-result = 29.305254697799683
warmup-time = 32.97725033760071
all-measurements = [ 29.305254697799683, 29.542047023773193, 29.412697553634644,]
