best-result = 75.52353930473328
warmup-time = 77.8890471458435
all-measurements = [ 80.0809874534607, 75.52353930473328, 79.20311498641968,]
