best-result = 61.38289189338684
warmup-time = 61.89412307739258
all-measurements = [ 62.39005136489868, 61.38289189338684, 61.384820222854614,]
