best-result = 28.364166021347046
warmup-time = 28.480040550231934
all-measurements = [ 28.735601902008057, 28.52305030822754, 28.364166021347046,]
