best-result = 32.70177412033081
warmup-time = 35.11823034286499
all-measurements = [ 35.131704807281494, 32.70177412033081, 35.613365650177,]
