best-result = 31.328866004943848
warmup-time = 33.821228981018066
all-measurements = [ 31.328866004943848, 32.09929585456848, 34.22499370574951,]
