best-result = 42.66405177116394
warmup-time = 44.53941321372986
all-measurements = [ 42.66405177116394, 43.05510997772217, 42.842041015625,]
