best-result = 94.26714539527893
warmup-time = 96.69957995414734
all-measurements = [ 94.26714539527893, 97.32247734069824, 97.0272147655487,]
