best-result = 28.169105052947998
warmup-time = 28.734819412231445
all-measurements = [ 29.431127071380615, 29.09618830680847, 28.169105052947998,]
