best-result = 33.786258935928345
warmup-time = 35.58644771575928
all-measurements = [ 33.786258935928345, 35.718833208084106, 34.867095947265625,]
