best-result = 85.6245436668396
warmup-time = 90.9997341632843
all-measurements = [ 87.08823585510254, 96.02256870269775, 85.6245436668396,]
