best-result = 38.181209325790405
warmup-time = 40.488951444625854
all-measurements = [ 40.04545044898987, 39.090662717819214, 38.181209325790405,]
