best-result = 42.849693298339844
warmup-time = 44.36095666885376
all-measurements = [ 43.515531063079834, 42.849693298339844, 44.711525201797485,]
