best-result = 50.37281918525696
warmup-time = 50.100144147872925
all-measurements = [ 50.74381756782532, 50.8028621673584, 50.37281918525696,]
