best-result = 28.99785280227661
warmup-time = 28.30485439300537
all-measurements = [ 29.005013704299927, 28.99785280227661, 29.0362389087677,]
