best-result = 643.7289209365845
warmup-time = 682.5319581031799
all-measurements = [ 648.6519572734833, 652.4680461883545, 643.7289209365845,]
