best-result = 170.41417694091797
warmup-time = 173.1068844795227
all-measurements = [ 172.78352665901184, 171.94918608665466, 170.41417694091797,]
