best-result = 63.50160503387451
warmup-time = 68.40897035598755
all-measurements = [ 64.83251285552979, 63.50160503387451, 66.46779561042786,]
