best-result = 25.828898906707764
warmup-time = 26.45052146911621
all-measurements = [ 26.28149175643921, 25.828898906707764, 26.458313703536987,]
