best-result = 35.84509634971619
warmup-time = 34.797773361206055
all-measurements = [ 35.84509634971619, 37.98629188537598, 36.59903168678284,]
