best-result = 30.434479236602783
warmup-time = 32.07372307777405
all-measurements = [ 31.868221759796143, 31.509215354919434, 30.434479236602783,]
