best-result = 231.38235425949097
warmup-time = 236.03643441200256
all-measurements = [ 233.00565481185913, 231.58219933509827, 231.38235425949097,]
