best-result = 36.86826157569885
warmup-time = 36.88069272041321
all-measurements = [ 36.883230209350586, 37.125529766082764, 36.86826157569885,]
