best-result = 112.14585471153259
warmup-time = 112.51887822151184
all-measurements = [ 115.75450110435486, 113.02640342712402, 112.14585471153259,]
