best-result = 34.057701110839844
warmup-time = 34.988158226013184
all-measurements = [ 34.057701110839844, 35.713157176971436, 34.94270420074463,]
