best-result = 39.689265727996826
warmup-time = 43.037458181381226
all-measurements = [ 39.689265727996826, 40.97958421707153, 40.434969902038574,]
