best-result = 47.58217906951904
warmup-time = 47.85150456428528
all-measurements = [ 48.52527904510498, 47.58217906951904, 48.33068585395813,]
