best-result = 33.19306135177612
warmup-time = 33.97948145866394
all-measurements = [ 33.19306135177612, 33.79324293136597, 33.98869466781616,]
