best-result = 37.7016818523407
warmup-time = 37.913463830947876
all-measurements = [ 37.85264825820923, 37.7016818523407, 37.784992694854736,]
