best-result = 58.686339378356934
warmup-time = 64.1396164894104
all-measurements = [ 58.686339378356934, 59.92955660820007, 60.350359201431274,]
