best-result = 220.3256757259369
warmup-time = 225.86652183532715
all-measurements = [ 221.683185338974, 221.96059346199036, 220.3256757259369,]
