best-result = 502.3209478855133
warmup-time = 506.4546756744385
all-measurements = [ 505.99787759780884, 504.3079240322113, 502.3209478855133,]
