best-result = 36.27120232582092
warmup-time = 37.68938136100769
all-measurements = [ 37.366907358169556, 36.27120232582092, 36.40121030807495,]
