best-result = 28.64343810081482
warmup-time = 29.112398147583008
all-measurements = [ 28.917155027389526, 28.64343810081482, 29.064466953277588,]
