best-result = 66.54505133628845
warmup-time = 75.01094579696655
all-measurements = [ 66.54505133628845, 72.6472053527832, 78.76628589630127,]
