best-result = 61.661844968795776
warmup-time = 64.09930801391602
all-measurements = [ 61.661844968795776, 62.717122077941895, 62.423102140426636,]
