best-result = 28.42301893234253
warmup-time = 28.297062873840332
all-measurements = [ 28.645269632339478, 28.641300201416016, 28.42301893234253,]
