best-result = 34.74407076835632
warmup-time = 35.80809688568115
all-measurements = [ 35.641127586364746, 35.9478554725647, 34.74407076835632,]
