best-result = 33.37231707572937
warmup-time = 33.442986726760864
all-measurements = [ 33.37231707572937, 33.38074326515198, 33.642369747161865,]
