best-result = 41.38201284408569
warmup-time = 43.52922511100769
all-measurements = [ 44.589826583862305, 41.38201284408569, 42.42542576789856,]
