best-result = 93.76524639129639
warmup-time = 94.32733631134033
all-measurements = [ 93.76524639129639, 94.74366307258606, 96.0086681842804,]
