best-result = 27.811474084854126
warmup-time = 27.830191612243652
all-measurements = [ 29.75081205368042, 29.42230534553528, 27.811474084854126,]
