best-result = 33.615063190460205
warmup-time = 34.12667512893677
all-measurements = [ 33.615063190460205, 35.22870373725891, 34.31710982322693,]
