best-result = 92.95536184310913
warmup-time = 95.21470189094543
all-measurements = [ 94.81783866882324, 92.95536184310913, 95.60746335983276,]
