best-result = 38.354036808013916
warmup-time = 39.64223504066467
all-measurements = [ 38.46915936470032, 38.66137218475342, 38.354036808013916,]
