best-result = 44.602766036987305
warmup-time = 43.77797770500183
all-measurements = [ 45.01211667060852, 44.602766036987305, 45.13467979431152,]
