best-result = 50.440157651901245
warmup-time = 51.89552187919617
all-measurements = [ 50.98659610748291, 51.28964018821716, 50.440157651901245,]
