best-result = 27.604186058044434
warmup-time = 28.844913005828857
all-measurements = [ 27.604186058044434, 29.106837272644043, 29.139745235443115,]
