best-result = 632.9859163761139
warmup-time = 685.5339074134827
all-measurements = [ 632.9859163761139, 635.2870466709137, 635.0176465511322,]
