best-result = 166.5179512500763
warmup-time = 171.14938855171204
all-measurements = [ 166.5179512500763, 170.62827515602112, 170.0568687915802,]
