best-result = 55.27993154525757
warmup-time = 57.571601152420044
all-measurements = [ 65.919597864151, 55.27993154525757, 67.99250912666321,]
