best-result = 22.271152019500732
warmup-time = 22.54005527496338
all-measurements = [ 22.678030014038086, 22.271152019500732, 22.473877668380737,]
