best-result = 46.23133063316345
warmup-time = 64.36138963699341
all-measurements = [ 46.459781646728516, 46.23133063316345, 46.98066687583923,]
