best-result = 46.11988115310669
warmup-time = 57.21950030326843
all-measurements = [ 46.22868728637695, 46.33160042762756, 46.11988115310669,]
