best-result = 915.4634430408478
warmup-time = 1118.8352961540222
all-measurements = [ 936.402711391449, 915.4634430408478, 921.6890799999237,]
