best-result = 84.65105676651001
warmup-time = 99.19544744491577
all-measurements = [ 85.21033310890198, 84.65105676651001, 84.86030530929565,]
