best-result = 82.18654274940491
warmup-time = 103.25447607040405
all-measurements = [ 82.18654274940491, 82.5660605430603, 82.65329813957214,]
