best-result = 69.40450096130371
warmup-time = 91.06037759780884
all-measurements = [ 69.6649763584137, 69.78878474235535, 69.40450096130371,]
