best-result = 90.86943411827087
warmup-time = 104.67527031898499
all-measurements = [ 91.38040733337402, 91.53511118888855, 90.86943411827087,]
