best-result = 642.345769405365
warmup-time = 656.4274570941925
all-measurements = [ 648.0671565532684, 642.345769405365, 642.793924331665,]
