best-result = 63.3352792263031
warmup-time = 76.94232392311096
all-measurements = [ 64.26213455200195, 63.488895416259766, 63.3352792263031,]
