best-result = 209.11714482307434
warmup-time = 374.9118514060974
all-measurements = [ 209.11714482307434, 211.70372033119202, 211.54266214370728,]
