best-result = 424.913521528244
warmup-time = 862.3430783748627
all-measurements = [ 427.44609332084656, 427.24971652030945, 424.913521528244,]
