best-result = 61.714914083480835
warmup-time = 78.00652384757996
all-measurements = [ 62.04203224182129, 62.92006874084473, 61.714914083480835,]
