best-result = 39.108702182769775
warmup-time = 48.11137342453003
all-measurements = [ 39.108702182769775, 39.657819986343384, 39.25706076622009,]
