best-result = 139.17479157447815
warmup-time = 159.67756414413452
all-measurements = [ 140.38557648658752, 139.17479157447815, 140.3172791004181,]
