best-result = 902.0518062114716
warmup-time = 936.4817249774933
all-measurements = [ 902.0518062114716, 906.0038502216339, 902.5068874359131,]
