best-result = 27.130107879638672
warmup-time = 34.94447445869446
all-measurements = [ 27.31637454032898, 27.89808177947998, 27.130107879638672,]
