best-result = 58.34873604774475
warmup-time = 68.73262357711792
all-measurements = [ 58.34873604774475, 59.57312297821045, 58.40828609466553,]
