best-result = 59.00140070915222
warmup-time = 74.44131803512573
all-measurements = [ 59.00140070915222, 59.93198275566101, 59.304155111312866,]
