best-result = 110.558340549469
warmup-time = 139.57938146591187
all-measurements = [ 110.7940628528595, 110.558340549469, 111.39478635787964,]
