best-result = 781.7964468002319
warmup-time = 857.423168182373
all-measurements = [ 787.7035486698151, 781.7964468002319, 787.3137834072113,]
