best-result = 33.46042823791504
warmup-time = 40.955392360687256
all-measurements = [ 33.60457372665405, 33.46042823791504, 33.90161871910095,]
