best-result = 54.683796882629395
warmup-time = 71.49517893791199
all-measurements = [ 55.32543635368347, 54.683796882629395, 55.143158197402954,]
