best-result = 1264.2658262252808
warmup-time = 1894.3345849514008
all-measurements = [ 1414.20845079422, 1264.2658262252808, 1808.017830133438,]
