best-result = 49.13218355178833
warmup-time = 70.45986533164978
all-measurements = [ 49.67936587333679, 49.253472566604614, 49.13218355178833,]
