best-result = 77.9798264503479
warmup-time = 96.873117685318
all-measurements = [ 77.9798264503479, 78.05832624435425, 78.09841322898865,]
