best-result = 36.71081042289734
warmup-time = 45.09236168861389
all-measurements = [ 36.71081042289734, 37.438003063201904, 36.78958463668823,]
