best-result = 346.22139978408813
warmup-time = 514.8438596725464
all-measurements = [ 347.2941086292267, 347.07300996780396, 346.22139978408813,]
