best-result = 58.942970275878906
warmup-time = 59.43553948402405
all-measurements = [ 59.065165519714355, 59.62009143829346, 58.942970275878906,]
