best-result = 25.783634424209595
warmup-time = 26.056774854660034
all-measurements = [ 25.783634424209595, 25.798397541046143, 25.985353231430054,]
