best-result = 37.26364231109619
warmup-time = 36.770265340805054
all-measurements = [ 39.36613488197327, 37.26364231109619, 37.407737016677856,]
