best-result = 30.68834614753723
warmup-time = 32.11741662025452
all-measurements = [ 31.44866442680359, 30.68834614753723, 31.10466766357422,]
