best-result = 263.65180683135986
warmup-time = 270.77337074279785
all-measurements = [ 264.7502932548523, 263.65180683135986, 265.74024271965027,]
