best-result = 36.725911140441895
warmup-time = 37.11078119277954
all-measurements = [ 37.1641149520874, 36.725911140441895, 36.90455341339111,]
