best-result = 41.50306820869446
warmup-time = 41.63339972496033
all-measurements = [ 42.89125108718872, 41.50306820869446, 41.95220875740051,]
