best-result = 49.15198254585266
warmup-time = 50.46166443824768
all-measurements = [ 50.55364465713501, 49.15198254585266, 49.32595086097717,]
