best-result = 33.49705529212952
warmup-time = 34.343185901641846
all-measurements = [ 33.49705529212952, 34.975462675094604, 34.85504341125488,]
