best-result = 37.28795647621155
warmup-time = 36.042853355407715
all-measurements = [ 37.69708251953125, 37.35891771316528, 37.28795647621155,]
