best-result = 63.00891184806824
warmup-time = 64.12024641036987
all-measurements = [ 67.61114430427551, 63.00891184806824, 63.9047634601593,]
