best-result = 225.71175503730774
warmup-time = 227.27074813842773
all-measurements = [ 227.61515092849731, 228.6507592201233, 225.71175503730774,]
