best-result = 519.7808797359467
warmup-time = 526.9409708976746
all-measurements = [ 526.9902908802032, 526.8254976272583, 519.7808797359467,]
