best-result = 36.34260678291321
warmup-time = 36.458168268203735
all-measurements = [ 36.35902190208435, 36.57454752922058, 36.34260678291321,]
