best-result = 78.74470353126526
warmup-time = 87.13363313674927
all-measurements = [ 88.89359784126282, 78.74470353126526, 79.77597546577454,]
