best-result = 62.174787282943726
warmup-time = 63.54072976112366
all-measurements = [ 62.17601466178894, 62.437997817993164, 62.174787282943726,]
