best-result = 27.86480188369751
warmup-time = 27.55184531211853
all-measurements = [ 28.253140449523926, 27.86480188369751, 27.887015104293823,]
