best-result = 35.55804967880249
warmup-time = 35.611284255981445
all-measurements = [ 35.55804967880249, 35.67188835144043, 35.663575887680054,]
