best-result = 32.320886850357056
warmup-time = 34.39826965332031
all-measurements = [ 32.320886850357056, 34.21452188491821, 32.90024709701538,]
