best-result = 42.34788513183594
warmup-time = 42.82984948158264
all-measurements = [ 44.09824252128601, 44.23948621749878, 42.34788513183594,]
