best-result = 95.14400839805603
warmup-time = 96.3747136592865
all-measurements = [ 96.92792987823486, 95.14400839805603, 98.18550705909729,]
