best-result = 29.22266411781311
warmup-time = 27.873793601989746
all-measurements = [ 29.365445852279663, 29.280896186828613, 29.22266411781311,]
