best-result = 34.81350040435791
warmup-time = 34.48150706291199
all-measurements = [ 34.81350040435791, 35.6568558216095, 35.43730926513672,]
