best-result = 89.38020896911621
warmup-time = 96.84597420692444
all-measurements = [ 89.38020896911621, 98.60915803909302, 96.42356848716736,]
