best-result = 39.219228744506836
warmup-time = 39.96325087547302
all-measurements = [ 39.73960328102112, 39.51672697067261, 39.219228744506836,]
