best-result = 44.068355321884155
warmup-time = 45.51015496253967
all-measurements = [ 45.12153506278992, 44.068355321884155, 44.23995661735535,]
