best-result = 28.975313663482666
warmup-time = 28.4207603931427
all-measurements = [ 29.011909246444702, 29.266879081726074, 28.975313663482666,]
