best-result = 694.2607975006104
warmup-time = 731.3391556739807
all-measurements = [ 709.9468703269958, 706.0722663402557, 694.2607975006104,]
