best-result = 172.96443724632263
warmup-time = 178.4287838935852
all-measurements = [ 172.96443724632263, 174.46789979934692, 177.03018927574158,]
