best-result = 64.92030167579651
warmup-time = 69.82500791549683
all-measurements = [ 64.92030167579651, 68.09757924079895, 67.29520583152771,]
