best-result = 23.39517331123352
warmup-time = 23.44246244430542
all-measurements = [ 23.39517331123352, 23.67550492286682, 23.426883697509766,]
