best-result = 47.14099478721619
warmup-time = 64.90525531768799
all-measurements = [ 47.14099478721619, 47.154799938201904, 47.43549036979675,]
