best-result = 47.21026110649109
warmup-time = 58.66073513031006
all-measurements = [ 47.26355457305908, 47.554802894592285, 47.21026110649109,]
