best-result = 871.6296846866608
warmup-time = 1056.695606470108
all-measurements = [ 875.9873206615448, 871.6296846866608, 878.6686737537384,]
