best-result = 85.78780364990234
warmup-time = 100.75231409072876
all-measurements = [ 85.78780364990234, 86.43597674369812, 87.28832268714905,]
