best-result = 985.5901868343353
warmup-time = 1010.5721380710602
all-measurements = [ 985.5901868343353, 986.052830696106, 995.0545110702515,]
