best-result = 84.36042976379395
warmup-time = 105.22412371635437
all-measurements = [ 84.36042976379395, 85.41852903366089, 84.97637891769409,]
