best-result = 68.0962507724762
warmup-time = 88.33070850372314
all-measurements = [ 68.61763429641724, 68.0962507724762, 69.22746324539185,]
