best-result = 92.34808444976807
warmup-time = 105.93463110923767
all-measurements = [ 92.95432138442993, 92.34808444976807, 92.74813961982727,]
