best-result = 649.8320350646973
warmup-time = 661.0716602802277
all-measurements = [ 649.8320350646973, 651.3166613578796, 654.46648478508,]
