best-result = 62.69200897216797
warmup-time = 75.22080492973328
all-measurements = [ 62.69200897216797, 63.04889893531799, 63.335370779037476,]
