best-result = 193.11232352256775
warmup-time = 344.02954936027527
all-measurements = [ 193.23564457893372, 193.11232352256775, 193.52413058280945,]
