best-result = 383.8151762485504
warmup-time = 823.919086933136
all-measurements = [ 383.8151762485504, 386.7216103076935, 390.342453956604,]
