best-result = 63.16693377494812
warmup-time = 80.32715964317322
all-measurements = [ 63.16693377494812, 63.76806139945984, 63.43504476547241,]
