best-result = 40.63788986206055
warmup-time = 48.090888023376465
all-measurements = [ 40.63788986206055, 40.800719261169434, 41.20245838165283,]
