best-result = 135.87551522254944
warmup-time = 159.80916786193848
all-measurements = [ 135.9887809753418, 135.87551522254944, 135.8888599872589,]
