best-result = 930.8585484027863
warmup-time = 956.1536197662354
all-measurements = [ 955.5597109794617, 941.2294194698334, 930.8585484027863,]
