best-result = 28.434479236602783
warmup-time = 35.67906141281128
all-measurements = [ 28.434479236602783, 29.039337158203125, 28.729683876037598,]
