best-result = 58.684831857681274
warmup-time = 72.29767799377441
all-measurements = [ 59.45918321609497, 59.131574869155884, 58.684831857681274,]
