best-result = 60.623400926589966
warmup-time = 74.98081159591675
all-measurements = [ 61.84518790245056, 60.623400926589966, 60.85200095176697,]
