best-result = 110.4769401550293
warmup-time = 138.18472480773926
all-measurements = [ 110.97013664245605, 110.59310364723206, 110.4769401550293,]
