best-result = 773.7813959121704
warmup-time = 842.993150472641
all-measurements = [ 776.5353424549103, 773.7895030975342, 773.7813959121704,]
