best-result = 34.53206515312195
warmup-time = 41.69570779800415
all-measurements = [ 34.68285131454468, 34.53206515312195, 34.67591714859009,]
