best-result = 56.30506896972656
warmup-time = 71.04820275306702
all-measurements = [ 56.30506896972656, 56.45604944229126, 56.314692735672,]
