best-result = 1670.9853355884552
warmup-time = 1795.3355553150177
all-measurements = [ 2099.94695186615, 3201.0279953479767, 1670.9853355884552,]
