best-result = 49.14453387260437
warmup-time = 71.10874080657959
all-measurements = [ 49.61794567108154, 50.269371509552, 49.14453387260437,]
