best-result = 82.4273087978363
warmup-time = 101.91521906852722
all-measurements = [ 82.69700121879578, 82.4273087978363, 83.09199070930481,]
