best-result = 38.39178204536438
warmup-time = 47.19461441040039
all-measurements = [ 38.39178204536438, 38.73836302757263, 38.77106499671936,]
