best-result = 306.7860186100006
warmup-time = 477.86049222946167
all-measurements = [ 320.4622793197632, 307.10435009002686, 306.7860186100006,]
