best-result = 60.318994998931885
warmup-time = 60.63172674179077
all-measurements = [ 60.81491160392761, 60.363229751586914, 60.318994998931885,]
