best-result = 22.080543041229248
warmup-time = 22.971709966659546
all-measurements = [ 22.080543041229248, 22.319700956344604, 22.175539255142212,]
