best-result = 47.38830590248108
warmup-time = 63.51958250999451
all-measurements = [ 47.43169546127319, 47.38830590248108, 48.31224822998047,]
