best-result = 47.334872245788574
warmup-time = 59.930639028549194
all-measurements = [ 47.48376417160034, 47.334872245788574, 47.54578137397766,]
