best-result = 989.1690793037415
warmup-time = 1212.6279563903809
all-measurements = [ 1003.9936773777008, 992.6589884757996, 989.1690793037415,]
