best-result = 82.18017339706421
warmup-time = 98.55698251724243
all-measurements = [ 82.7547402381897, 82.19228219985962, 82.18017339706421,]
