best-result = 79.2219500541687
warmup-time = 102.96765398979187
all-measurements = [ 79.2219500541687, 79.62570309638977, 79.54989647865295,]
