best-result = 69.81089067459106
warmup-time = 93.59584379196167
all-measurements = [ 69.81089067459106, 70.99451780319214, 69.99227261543274,]
