best-result = 85.25287890434265
warmup-time = 101.02965474128723
all-measurements = [ 86.70661687850952, 86.25656795501709, 85.25287890434265,]
