best-result = 601.2812480926514
warmup-time = 616.0896198749542
all-measurements = [ 601.2812480926514, 602.1591153144836, 603.4449355602264,]
