best-result = 62.93617582321167
warmup-time = 81.81696724891663
all-measurements = [ 62.93617582321167, 63.057071685791016, 63.987560510635376,]
