best-result = 231.83723950386047
warmup-time = 439.1670343875885
all-measurements = [ 231.83723950386047, 234.02987504005432, 232.0127305984497,]
