best-result = 439.0715808868408
warmup-time = 969.8598313331604
all-measurements = [ 447.6370539665222, 439.0715808868408, 446.52019739151,]
