best-result = 60.07442760467529
warmup-time = 77.71569848060608
all-measurements = [ 60.45458722114563, 60.07442760467529, 60.421022176742554,]
