best-result = 880.369745016098
warmup-time = 924.6301839351654
all-measurements = [ 882.7481842041016, 880.369745016098, 880.601508140564,]
