best-result = 27.351014137268066
warmup-time = 36.41920471191406
all-measurements = [ 27.351014137268066, 28.13405179977417, 28.437697410583496,]
