best-result = 60.458773136138916
warmup-time = 71.96329379081726
all-measurements = [ 60.83555364608765, 60.684041023254395, 60.458773136138916,]
