best-result = 56.15952396392822
warmup-time = 71.03999876976013
all-measurements = [ 56.34746789932251, 57.490448236465454, 56.15952396392822,]
