best-result = 109.95620226860046
warmup-time = 142.08193254470825
all-measurements = [ 109.95620226860046, 110.1056318283081, 111.15437436103821,]
