best-result = 777.6607966423035
warmup-time = 857.9312784671783
all-measurements = [ 777.6607966423035, 778.6638813018799, 779.646478176117,]
