best-result = 33.81411933898926
warmup-time = 43.330379247665405
all-measurements = [ 34.07630133628845, 35.365161418914795, 33.81411933898926,]
