best-result = 53.71690058708191
warmup-time = 69.36637139320374
all-measurements = [ 53.71690058708191, 54.58059000968933, 53.821239948272705,]
