best-result = 50.32751226425171
warmup-time = 70.17863655090332
all-measurements = [ 50.587745904922485, 50.42020559310913, 50.32751226425171,]
