best-result = 79.25983142852783
warmup-time = 101.3404712677002
all-measurements = [ 79.25983142852783, 80.14356303215027, 79.72322869300842,]
