best-result = 35.60540699958801
warmup-time = 45.76930570602417
all-measurements = [ 35.904481649398804, 35.60540699958801, 36.69453406333923,]
