best-result = 355.8618915081024
warmup-time = 511.25979566574097
all-measurements = [ 355.8618915081024, 358.6196825504303, 357.8122456073761,]
