best-result = 103.72344017028809
warmup-time = 103.90590405464172
all-measurements = [ 104.35531854629517, 103.72344017028809, 104.42925000190735,]
