best-result = 23.10133647918701
warmup-time = 23.50132393836975
all-measurements = [ 23.165231704711914, 23.440649271011353, 23.10133647918701,]
