best-result = 46.527403831481934
warmup-time = 63.131592750549316
all-measurements = [ 46.59570837020874, 46.527403831481934, 46.8452091217041,]
