best-result = 46.740349531173706
warmup-time = 57.52596592903137
all-measurements = [ 46.90225672721863, 46.740349531173706, 47.08568596839905,]
