best-result = 875.2468852996826
warmup-time = 1080.1550941467285
all-measurements = [ 875.2468852996826, 880.2590456008911, 878.636271238327,]
