best-result = 85.54018139839172
warmup-time = 98.43515634536743
all-measurements = [ 85.54018139839172, 85.85872220993042, 85.58907866477966,]
