best-result = 983.0422382354736
warmup-time = 1006.6106677055359
all-measurements = [ 986.2059352397919, 984.5985598564148, 983.0422382354736,]
