best-result = 65.22360110282898
warmup-time = 81.91416597366333
all-measurements = [ 66.67522621154785, 65.22360110282898, 66.37230587005615,]
