best-result = 83.54509377479553
warmup-time = 104.84447932243347
all-measurements = [ 84.70401263237, 83.59824466705322, 83.54509377479553,]
