best-result = 68.41981840133667
warmup-time = 89.52891397476196
all-measurements = [ 68.45082998275757, 68.52711939811707, 68.41981840133667,]
