best-result = 90.53678011894226
warmup-time = 104.4568202495575
all-measurements = [ 90.53678011894226, 91.46457552909851, 90.63497877120972,]
