best-result = 637.5614287853241
warmup-time = 656.0512337684631
all-measurements = [ 638.6877601146698, 639.9007897377014, 637.5614287853241,]
