best-result = 62.38771104812622
warmup-time = 76.55110430717468
all-measurements = [ 62.38771104812622, 62.406673192977905, 62.43959832191467,]
