best-result = 191.21886801719666
warmup-time = 342.8834538459778
all-measurements = [ 191.30124759674072, 191.21886801719666, 191.90597915649414,]
