best-result = 385.35672307014465
warmup-time = 825.449893951416
all-measurements = [ 385.6833505630493, 389.2943584918976, 385.35672307014465,]
