best-result = 62.29035711288452
warmup-time = 77.56286978721619
all-measurements = [ 63.406240940093994, 62.29035711288452, 63.12131929397583,]
