best-result = 40.280354499816895
warmup-time = 47.85922813415527
all-measurements = [ 40.280354499816895, 40.4683141708374, 40.51615524291992,]
