best-result = 134.2066991329193
warmup-time = 158.7980728149414
all-measurements = [ 134.2066991329193, 134.36917757987976, 135.79136061668396,]
