best-result = 911.0398180484772
warmup-time = 945.2080979347229
all-measurements = [ 927.2629373073578, 911.0398180484772, 923.5316998958588,]
