best-result = 28.13564133644104
warmup-time = 37.00949811935425
all-measurements = [ 28.2647762298584, 29.08411979675293, 28.13564133644104,]
