best-result = 58.73059678077698
warmup-time = 71.62001919746399
all-measurements = [ 59.90814733505249, 58.73059678077698, 59.07257652282715,]
