best-result = 60.178422689437866
warmup-time = 72.8809540271759
all-measurements = [ 60.178422689437866, 60.99472904205322, 60.19927740097046,]
