best-result = 109.61983728408813
warmup-time = 138.07444715499878
all-measurements = [ 109.92682099342346, 110.17629647254944, 109.61983728408813,]
