best-result = 763.8560235500336
warmup-time = 838.0476787090302
all-measurements = [ 765.5283026695251, 768.38791847229, 763.8560235500336,]
