best-result = 34.324655532836914
warmup-time = 41.19981575012207
all-measurements = [ 34.833499908447266, 34.324655532836914, 34.38392519950867,]
