best-result = 55.79359698295593
warmup-time = 70.5760509967804
all-measurements = [ 56.07676362991333, 55.79359698295593, 55.861255168914795,]
