best-result = 1486.4763627052307
warmup-time = 1697.4830918312073
all-measurements = [ 2272.7055191993713, 2655.9242236614227, 1486.4763627052307,]
