best-result = 49.3438458442688
warmup-time = 70.15583634376526
all-measurements = [ 49.3438458442688, 49.7922842502594, 49.72080874443054,]
