best-result = 81.79070401191711
warmup-time = 101.38686728477478
all-measurements = [ 81.79070401191711, 82.07380223274231, 82.38365602493286,]
