best-result = 93.48287534713745
warmup-time = 115.11298847198486
all-measurements = [ 93.48287534713745, 93.89183807373047, 93.7341079711914,]
