best-result = 37.440256118774414
warmup-time = 47.552600622177124
all-measurements = [ 37.85679244995117, 37.440256118774414, 38.18177056312561,]
