best-result = 305.6938762664795
warmup-time = 456.98845863342285
all-measurements = [ 316.62154722213745, 305.6938762664795, 329.7028751373291,]
