best-result = 60.330400228500366
warmup-time = 60.795846700668335
all-measurements = [ 61.395233154296875, 60.330400228500366, 60.72318625450134,]
