best-result = 25.53039574623108
warmup-time = 26.638274431228638
all-measurements = [ 25.53039574623108, 26.447097539901733, 25.710779666900635,]
