best-result = 36.15971326828003
warmup-time = 36.611992835998535
all-measurements = [ 37.60376524925232, 38.10630416870117, 36.15971326828003,]
