best-result = 30.67509174346924
warmup-time = 31.41258716583252
all-measurements = [ 31.87909460067749, 30.67509174346924, 31.68139338493347,]
