best-result = 278.0063009262085
warmup-time = 281.5275411605835
all-measurements = [ 278.0063009262085, 279.6605312824249, 278.74861097335815,]
