best-result = 36.423964738845825
warmup-time = 37.868762493133545
all-measurements = [ 36.51267147064209, 36.59406137466431, 36.423964738845825,]
