best-result = 111.44865989685059
warmup-time = 114.18909215927124
all-measurements = [ 114.83469891548157, 111.44865989685059, 112.70243978500366,]
