best-result = 40.05999684333801
warmup-time = 43.51083850860596
all-measurements = [ 41.084229946136475, 40.523656368255615, 40.05999684333801,]
