best-result = 49.42902851104736
warmup-time = 49.51515197753906
all-measurements = [ 49.42902851104736, 50.48646402359009, 49.544042348861694,]
