best-result = 33.88247060775757
warmup-time = 34.22318768501282
all-measurements = [ 34.19765853881836, 34.03913974761963, 33.88247060775757,]
