best-result = 60.174396991729736
warmup-time = 61.47907114028931
all-measurements = [ 60.174396991729736, 60.73032331466675, 62.79998254776001,]
