best-result = 237.3615300655365
warmup-time = 243.37758111953735
all-measurements = [ 237.3615300655365, 238.65661597251892, 243.45129251480103,]
