best-result = 542.0255901813507
warmup-time = 550.0734422206879
all-measurements = [ 544.3963923454285, 544.294529914856, 542.0255901813507,]
