best-result = 35.50260615348816
warmup-time = 38.08466291427612
all-measurements = [ 35.50260615348816, 36.974138021469116, 36.21859121322632,]
