best-result = 28.75283932685852
warmup-time = 28.283628702163696
all-measurements = [ 28.952686548233032, 28.75283932685852, 29.026509761810303,]
