best-result = 73.01002073287964
warmup-time = 76.13168525695801
all-measurements = [ 73.01002073287964, 78.24540209770203, 73.57879328727722,]
