best-result = 61.826770305633545
warmup-time = 63.40442681312561
all-measurements = [ 64.8423581123352, 61.826770305633545, 62.4287965297699,]
