best-result = 27.784263372421265
warmup-time = 28.904356002807617
all-measurements = [ 27.99072289466858, 27.784263372421265, 28.024357557296753,]
