best-result = 32.36429715156555
warmup-time = 35.68553042411804
all-measurements = [ 35.537121057510376, 32.36429715156555, 35.46389603614807,]
