best-result = 33.62720990180969
warmup-time = 34.477429151535034
all-measurements = [ 33.70930361747742, 33.62720990180969, 34.10249137878418,]
