best-result = 43.549551248550415
warmup-time = 43.957420110702515
all-measurements = [ 44.17643165588379, 43.549551248550415, 43.64518117904663,]
