best-result = 98.90826749801636
warmup-time = 99.4443747997284
all-measurements = [ 102.41164445877075, 98.90826749801636, 101.75337266921997,]
