best-result = 27.937788486480713
warmup-time = 28.0628182888031
all-measurements = [ 27.937788486480713, 29.688316106796265, 28.598774909973145,]
