best-result = 33.35702896118164
warmup-time = 35.49238920211792
all-measurements = [ 33.35702896118164, 34.79487609863281, 35.12490963935852,]
