best-result = 88.41730856895447
warmup-time = 92.01235008239746
all-measurements = [ 90.74327349662781, 88.41730856895447, 90.27575707435608,]
