best-result = 39.063499450683594
warmup-time = 38.935596227645874
all-measurements = [ 39.063499450683594, 39.38987708091736, 39.27582621574402,]
