best-result = 44.333998918533325
warmup-time = 45.44033718109131
all-measurements = [ 46.36880564689636, 44.333998918533325, 46.02105784416199,]
