best-result = 28.758395671844482
warmup-time = 29.14639449119568
all-measurements = [ 28.758395671844482, 29.120991706848145, 29.313435077667236,]
