best-result = 720.2331779003143
warmup-time = 760.8693535327911
all-measurements = [ 726.137407541275, 728.177791595459, 720.2331779003143,]
