best-result = 182.4314980506897
warmup-time = 188.40815114974976
all-measurements = [ 182.4314980506897, 185.82064986228943, 184.4410536289215,]
