best-result = 68.41921353340149
warmup-time = 69.3331847190857
all-measurements = [ 69.34943962097168, 70.90128374099731, 68.41921353340149,]
