best-result = 22.223654747009277
warmup-time = 24.58107829093933
all-measurements = [ 22.59249782562256, 22.223654747009277, 22.604196310043335,]
memory-traffic = 278
