best-result = 46.38248324394226
warmup-time = 65.25036859512329
all-measurements = [ 46.51704668998718, 47.03720712661743, 46.38248324394226,]
memory-traffic = 3699
