best-result = 45.80040955543518
warmup-time = 59.86426281929016
all-measurements = [ 46.236687898635864, 45.80040955543518, 46.261228799819946,]
memory-traffic = 3331
