best-result = 939.1786410808563
warmup-time = 1132.7640426158905
all-measurements = [ 939.1786410808563, 950.2936890125275, 963.8095383644104,]
