best-result = 81.1634635925293
warmup-time = 97.85117316246033
all-measurements = [ 81.1634635925293, 82.82923293113708, 82.24553632736206,]
memory-traffic = 6769
