best-result = 77.89475464820862
warmup-time = 101.04353356361389
all-measurements = [ 78.05139374732971, 78.37309193611145, 77.89475464820862,]
