best-result = 68.13852262496948
warmup-time = 93.27532005310059
all-measurements = [ 68.50927019119263, 68.50397753715515, 68.13852262496948,]
memory-traffic = 5968
