best-result = 83.80547404289246
warmup-time = 99.81045317649841
all-measurements = [ 83.80547404289246, 85.23744320869446, 84.63292121887207,]
memory-traffic = 6806
