best-result = 597.7212002277374
warmup-time = 603.3542203903198
all-measurements = [ 597.7212002277374, 597.8167977333069, 598.7916252613068,]
memory-traffic = 55819
