best-result = 61.48535203933716
warmup-time = 77.01819467544556
all-measurements = [ 61.981115102767944, 61.48535203933716, 61.57343935966492,]
memory-traffic = 3663
