best-result = 221.2618372440338
warmup-time = 379.9134421348572
all-measurements = [ 222.75326323509216, 221.2618372440338, 221.9610435962677,]
memory-traffic = 17162
