best-result = 437.33880829811096
warmup-time = 882.652083158493
all-measurements = [ 442.02252316474915, 437.33880829811096, 439.6702802181244,]
memory-traffic = 25890
