best-result = 60.144757986068726
warmup-time = 77.0480785369873
all-measurements = [ 60.144757986068726, 60.75666308403015, 60.40427851676941,]
memory-traffic = 3687
