best-result = 854.3032653331757
warmup-time = 882.0746462345123
all-measurements = [ 855.6905858516693, 854.3032653331757, 855.7217669487,]
memory-traffic = 97437
