best-result = 26.418262243270874
warmup-time = 36.65945363044739
all-measurements = [ 26.418262243270874, 26.480045795440674, 26.718157529830933,]
memory-traffic = 786
