best-result = 56.70074534416199
warmup-time = 72.13780546188354
all-measurements = [ 56.80417990684509, 56.70074534416199, 57.1959445476532,]
memory-traffic = 4004
