best-result = 55.801934242248535
warmup-time = 72.02809166908264
all-measurements = [ 55.801934242248535, 56.05363655090332, 55.877923250198364,]
memory-traffic = 3044
