best-result = 107.9013020992279
warmup-time = 138.9912405014038
all-measurements = [ 107.9013020992279, 108.43373584747314, 107.94870495796204,]
memory-traffic = 10282
