best-result = 763.1879661083221
warmup-time = 833.6407883167267
all-measurements = [ 767.4904577732086, 763.1879661083221, 766.9010987281799,]
memory-traffic = 68042
