best-result = 33.246021032333374
warmup-time = 45.75361347198486
all-measurements = [ 33.44765067100525, 33.98374557495117, 33.246021032333374,]
memory-traffic = 1313
