best-result = 52.7654869556427
warmup-time = 69.32966566085815
all-measurements = [ 52.7654869556427, 53.41094446182251, 52.92111849784851,]
memory-traffic = 3756
