best-result = 1386.9803774356842
warmup-time = 1726.430830001831
all-measurements = [ 1776.125028371811, 1386.9803774356842, 2112.037465572357,]
