best-result = 48.441022634506226
warmup-time = 70.3548231124878
all-measurements = [ 48.441022634506226, 48.76439833641052, 48.62913918495178,]
memory-traffic = 3699
