best-result = 78.88369035720825
warmup-time = 100.88695025444031
all-measurements = [ 78.88369035720825, 79.72648501396179, 80.25096726417542,]
memory-traffic = 6418
