best-result = 35.35426568984985
warmup-time = 45.52040910720825
all-measurements = [ 35.464898347854614, 35.35426568984985, 35.47396969795227,]
memory-traffic = 1784
