best-result = 334.2531487941742
warmup-time = 471.59445095062256
all-measurements = [ 334.2531487941742, 335.48723340034485, 336.59984850883484,]
memory-traffic = 31213
