best-result = 120.06252956390381
warmup-time = 129.7037844657898
all-measurements = [ 124.87683916091919, 120.06252956390381, 123.99016284942627,]
memory-traffic = 9209
