best-result = 25.547154188156128
warmup-time = 25.465314626693726
all-measurements = [ 25.813173294067383, 26.68309712409973, 25.547154188156128,]
