best-result = 35.96699929237366
warmup-time = 41.069432973861694
all-measurements = [ 35.96699929237366, 38.09526705741882, 36.75635290145874,]
