best-result = 32.39423847198486
warmup-time = 31.830796003341675
all-measurements = [ 32.71453356742859, 32.81168079376221, 32.39423847198486,]
