best-result = 278.6720042228699
warmup-time = 282.80147194862366
all-measurements = [ 281.66927099227905, 278.6720042228699, 281.68441915512085,]
