best-result = 35.91827988624573
warmup-time = 36.41283559799194
all-measurements = [ 36.62968349456787, 35.91827988624573, 36.66670632362366,]
