best-result = 42.25660800933838
warmup-time = 42.86234450340271
all-measurements = [ 42.25660800933838, 44.17023491859436, 42.5494818687439,]
