best-result = 50.79378080368042
warmup-time = 51.765355825424194
all-measurements = [ 51.45757555961609, 50.79378080368042, 52.9844388961792,]
