best-result = 34.87295174598694
warmup-time = 35.02484369277954
all-measurements = [ 35.414305210113525, 34.87295174598694, 34.95758414268494,]
