best-result = 38.3581326007843
warmup-time = 39.08204650878906
all-measurements = [ 39.58756756782532, 39.77986240386963, 38.3581326007843,]
