best-result = 57.66264533996582
warmup-time = 63.11962652206421
all-measurements = [ 57.66264533996582, 62.04077482223511, 61.078752517700195,]
