best-result = 250.26328539848328
warmup-time = 249.18242144584656
all-measurements = [ 250.92591786384583, 250.66256952285767, 250.26328539848328,]
