best-result = 568.5512735843658
warmup-time = 570.422997713089
all-measurements = [ 569.2319693565369, 568.5512735843658, 569.9714596271515,]
