best-result = 37.311121225357056
warmup-time = 38.002647161483765
all-measurements = [ 38.19748544692993, 38.511202573776245, 37.311121225357056,]
