best-result = 66.20315480232239
warmup-time = 67.55339121818542
all-measurements = [ 68.65824961662292, 66.20315480232239, 66.4277663230896,]
