best-result = 27.162886381149292
warmup-time = 28.695966482162476
all-measurements = [ 27.162886381149292, 28.153658628463745, 29.090978622436523,]
