best-result = 33.61272406578064
warmup-time = 37.02000284194946
all-measurements = [ 36.84825110435486, 33.61272406578064, 36.69831681251526,]
