best-result = 32.45962953567505
warmup-time = 34.8699107170105
all-measurements = [ 33.72585201263428, 33.347604513168335, 32.45962953567505,]
