best-result = 42.736663818359375
warmup-time = 44.942606687545776
all-measurements = [ 44.69352650642395, 42.736663818359375, 43.99131917953491,]
