best-result = 101.72569632530212
warmup-time = 103.82804417610168
all-measurements = [ 101.72569632530212, 101.963045835495, 101.91177439689636,]
