best-result = 27.868027210235596
warmup-time = 27.565661191940308
all-measurements = [ 27.868027210235596, 29.617884874343872, 29.61717677116394,]
