best-result = 33.52477526664734
warmup-time = 36.208191871643066
all-measurements = [ 33.52477526664734, 34.03816509246826, 35.03258419036865,]
