best-result = 40.642091274261475
warmup-time = 41.224656105041504
all-measurements = [ 40.642091274261475, 41.62015080451965, 41.939841985702515,]
