best-result = 43.96603274345398
warmup-time = 45.361045837402344
all-measurements = [ 46.05099391937256, 43.96603274345398, 46.26925039291382,]
