best-result = 28.765307188034058
warmup-time = 27.898008346557617
all-measurements = [ 29.2778799533844, 29.353543996810913, 28.765307188034058,]
