best-result = 712.0788650512695
warmup-time = 737.142539024353
all-measurements = [ 717.6779093742371, 717.5054874420166, 712.0788650512695,]
