best-result = 188.44162559509277
warmup-time = 191.58584451675415
all-measurements = [ 189.09665417671204, 188.44162559509277, 188.89303994178772,]
