best-result = 42.66282272338867
warmup-time = 43.14399743080139
all-measurements = [ 42.66282272338867, 44.30014419555664, 44.44149613380432,]
