best-result = 22.87722373008728
warmup-time = 22.696808099746704
all-measurements = [ 23.290101766586304, 22.87722373008728, 23.115467071533203,]
