best-result = 46.70526885986328
warmup-time = 63.24225044250488
all-measurements = [ 46.70526885986328, 46.974897384643555, 47.075156927108765,]
