best-result = 46.541259765625
warmup-time = 58.48237586021423
all-measurements = [ 46.58150315284729, 46.541259765625, 46.70199751853943,]
