best-result = 898.2420742511749
warmup-time = 1080.0130331516266
all-measurements = [ 898.2420742511749, 899.8079693317413, 918.4649169445038,]
