best-result = 85.26902437210083
warmup-time = 98.4482171535492
all-measurements = [ 85.26902437210083, 85.45377039909363, 85.79748201370239,]
