best-result = 988.8916807174683
warmup-time = 1014.0305902957916
all-measurements = [ 995.4344251155853, 990.021190404892, 988.8916807174683,]
