best-result = 82.4793610572815
warmup-time = 102.74511480331421
all-measurements = [ 82.88741087913513, 83.65789103507996, 82.4793610572815,]
