best-result = 67.61522841453552
warmup-time = 87.37607908248901
all-measurements = [ 67.96656608581543, 67.61522841453552, 67.90912532806396,]
