best-result = 91.36274147033691
warmup-time = 104.8042323589325
all-measurements = [ 91.36274147033691, 91.74919152259827, 92.01809668540955,]
