best-result = 647.6093385219574
warmup-time = 662.4928345680237
all-measurements = [ 647.6093385219574, 650.1766712665558, 649.9978618621826,]
