best-result = 61.36495113372803
warmup-time = 75.31534600257874
all-measurements = [ 61.36495113372803, 62.39422917366028, 61.76557970046997,]
