best-result = 207.20475125312805
warmup-time = 361.56194376945496
all-measurements = [ 207.20475125312805, 208.51866126060486, 210.47950148582458,]
