best-result = 423.79939794540405
warmup-time = 865.1899552345276
all-measurements = [ 425.89344573020935, 423.79939794540405, 427.9108588695526,]
