best-result = 63.11235427856445
warmup-time = 79.17459201812744
all-measurements = [ 63.82076597213745, 63.47011709213257, 63.11235427856445,]
