best-result = 40.09363341331482
warmup-time = 47.864771366119385
all-measurements = [ 40.09363341331482, 40.35195446014404, 40.23354959487915,]
