best-result = 135.38236618041992
warmup-time = 166.07711839675903
all-measurements = [ 135.71452641487122, 135.38236618041992, 136.62996888160706,]
