best-result = 910.4232308864594
warmup-time = 946.7219586372375
all-measurements = [ 916.5471594333649, 911.1194791793823, 910.4232308864594,]
