best-result = 27.839448928833008
warmup-time = 35.169716596603394
all-measurements = [ 28.46060299873352, 27.839448928833008, 28.53635573387146,]
