best-result = 57.137261629104614
warmup-time = 70.56938529014587
all-measurements = [ 57.137261629104614, 57.91470742225647, 57.38461518287659,]
