best-result = 59.704371213912964
warmup-time = 73.25798511505127
all-measurements = [ 60.1127769947052, 59.99822473526001, 59.704371213912964,]
