best-result = 110.04980397224426
warmup-time = 146.76680946350098
all-measurements = [ 128.78460216522217, 110.04980397224426, 110.15243124961853,]
