best-result = 777.7445142269135
warmup-time = 847.0766229629517
all-measurements = [ 777.7445142269135, 782.0385184288025, 786.2044177055359,]
