best-result = 33.94253897666931
warmup-time = 41.74181914329529
all-measurements = [ 33.97974920272827, 34.81757068634033, 33.94253897666931,]
