best-result = 55.76847863197327
warmup-time = 70.8124349117279
all-measurements = [ 55.76847863197327, 56.18847632408142, 56.14562392234802,]
