best-result = 2020.5159847736359
warmup-time = 1529.779103755951
all-measurements = [ 2348.646565437317, 2342.838906288147, 2020.5159847736359,]
