best-result = 48.544962644577026
warmup-time = 67.84883952140808
all-measurements = [ 48.544962644577026, 48.84026098251343, 49.16110706329346,]
