best-result = 81.02018070220947
warmup-time = 98.18847513198853
all-measurements = [ 81.57926273345947, 81.02018070220947, 81.13918972015381,]
