best-result = 37.081238746643066
warmup-time = 45.52612018585205
all-measurements = [ 37.46128559112549, 37.28855919837952, 37.081238746643066,]
