best-result = 334.89136815071106
warmup-time = 477.9596199989319
all-measurements = [ 334.89136815071106, 336.88830494880676, 342.4163348674774,]
