best-result = 58.8900363445282
warmup-time = 59.563408613204956
all-measurements = [ 59.240142583847046, 59.007261753082275, 58.8900363445282,]
