best-result = 22.303033113479614
warmup-time = 23.442829847335815
all-measurements = [ 22.303033113479614, 22.593156337738037, 23.608543872833252,]
