best-result = 47.84237480163574
warmup-time = 66.41264915466309
all-measurements = [ 47.84237480163574, 48.445905685424805, 49.10436010360718,]
