best-result = 47.50913691520691
warmup-time = 59.99679374694824
all-measurements = [ 48.155118465423584, 48.559447050094604, 47.50913691520691,]
