best-result = 1001.963871717453
warmup-time = 1222.4903695583344
all-measurements = [ 1005.178432226181, 1005.955495595932, 1001.963871717453,]
