best-result = 82.67896842956543
warmup-time = 96.8964855670929
all-measurements = [ 83.54443860054016, 82.67896842956543, 83.70552682876587,]
