best-result = 78.94965648651123
warmup-time = 103.62543272972107
all-measurements = [ 78.94965648651123, 80.02346420288086, 78.98168087005615,]
