best-result = 70.62069416046143
warmup-time = 95.16097164154053
all-measurements = [ 70.62069416046143, 71.18551659584045, 71.12668442726135,]
