best-result = 85.93828129768372
warmup-time = 101.04795575141907
all-measurements = [ 85.93828129768372, 86.00024938583374, 86.66481876373291,]
