best-result = 599.0689642429352
warmup-time = 618.713484287262
all-measurements = [ 599.0689642429352, 602.0310342311859, 599.4846425056458,]
