best-result = 64.1661331653595
warmup-time = 81.09288620948792
all-measurements = [ 64.7505030632019, 64.1661331653595, 65.55833745002747,]
