best-result = 235.3802146911621
warmup-time = 417.0317506790161
all-measurements = [ 237.22543096542358, 236.66213512420654, 235.3802146911621,]
