best-result = 441.02834963798523
warmup-time = 960.1964013576508
all-measurements = [ 441.02834963798523, 444.8019733428955, 443.5291633605957,]
