best-result = 61.38027024269104
warmup-time = 79.13527321815491
all-measurements = [ 61.88431668281555, 61.38027024269104, 61.577513217926025,]
