best-result = 884.226306438446
warmup-time = 931.0662846565247
all-measurements = [ 896.919347524643, 918.8085336685181, 884.226306438446,]
