best-result = 27.69762134552002
warmup-time = 36.10196495056152
all-measurements = [ 28.02063298225403, 27.69762134552002, 28.28277826309204,]
