best-result = 59.94025015830994
warmup-time = 75.35386848449707
all-measurements = [ 60.36660432815552, 59.94025015830994, 61.4583957195282,]
