best-result = 56.64183759689331
warmup-time = 71.19732308387756
all-measurements = [ 56.64183759689331, 56.70776700973511, 57.58726692199707,]
