best-result = 110.8301739692688
warmup-time = 143.63987231254578
all-measurements = [ 110.8301739692688, 111.05732774734497, 112.37326121330261,]
