best-result = 778.5694131851196
warmup-time = 855.8796200752258
all-measurements = [ 781.5869338512421, 778.5694131851196, 780.0317239761353,]
