best-result = 34.223257064819336
warmup-time = 41.752169132232666
all-measurements = [ 34.223257064819336, 35.715630769729614, 34.460904359817505,]
