best-result = 54.18778085708618
warmup-time = 69.89042043685913
all-measurements = [ 54.18778085708618, 54.85934567451477, 54.271838665008545,]
