best-result = 50.933401346206665
warmup-time = 71.29302620887756
all-measurements = [ 50.933401346206665, 51.95707368850708, 51.031420946121216,]
