best-result = 80.21204710006714
warmup-time = 101.10657954216003
all-measurements = [ 80.21204710006714, 80.3687698841095, 80.4353358745575,]
