best-result = 36.33121466636658
warmup-time = 46.22144556045532
all-measurements = [ 38.013580083847046, 36.33121466636658, 36.63650703430176,]
