best-result = 359.3472502231598
warmup-time = 522.2788751125336
all-measurements = [ 359.3472502231598, 365.4678816795349, 364.8435833454132,]
