best-result = 104.75879573822021
warmup-time = 104.94430184364319
all-measurements = [ 104.75879573822021, 107.75215339660645, 105.0282690525055,]
