best-result = 24.885982036590576
warmup-time = 25.000061511993408
all-measurements = [ 24.885982036590576, 24.903035402297974, 24.911085605621338,]
