best-result = 36.436227321624756
warmup-time = 37.28260016441345
all-measurements = [ 36.436227321624756, 37.34672236442566, 37.259642601013184,]
