best-result = 31.006250143051147
warmup-time = 31.18937373161316
all-measurements = [ 31.006250143051147, 32.133248805999756, 32.28896951675415,]
