best-result = 272.3280608654022
warmup-time = 276.3289985656738
all-measurements = [ 272.3280608654022, 279.4518790245056, 275.0613510608673,]
