best-result = 35.20921206474304
warmup-time = 36.054381370544434
all-measurements = [ 35.20921206474304, 36.51578211784363, 36.35022211074829,]
