best-result = 41.466423749923706
warmup-time = 40.60186791419983
all-measurements = [ 41.99467706680298, 42.27228379249573, 41.466423749923706,]
