best-result = 49.47378706932068
warmup-time = 50.28560519218445
all-measurements = [ 49.47378706932068, 52.25198006629944, 49.95445942878723,]
