best-result = 33.8625910282135
warmup-time = 34.50200939178467
all-measurements = [ 35.49907946586609, 34.39457178115845, 33.8625910282135,]
