best-result = 37.46161079406738
warmup-time = 38.165557622909546
all-measurements = [ 37.46161079406738, 37.73107647895813, 37.76374554634094,]
