best-result = 59.904733657836914
warmup-time = 61.056941509246826
all-measurements = [ 62.6244010925293, 59.904733657836914, 63.15588974952698,]
