best-result = 241.22904300689697
warmup-time = 243.45017075538635
all-measurements = [ 243.72767686843872, 241.25359058380127, 241.22904300689697,]
