best-result = 545.2532725334167
warmup-time = 548.3617205619812
all-measurements = [ 545.2532725334167, 563.8569192886353, 550.459089756012,]
