best-result = 36.73696756362915
warmup-time = 36.15051317214966
all-measurements = [ 36.73696756362915, 36.75922179222107, 37.29964208602905,]
