best-result = 64.61993551254272
warmup-time = 65.24581360816956
all-measurements = [ 64.61993551254272, 65.4774022102356, 65.1170072555542,]
