best-result = 26.88259983062744
warmup-time = 26.936390161514282
all-measurements = [ 28.21969985961914, 26.88259983062744, 27.232969760894775,]
