best-result = 33.06164240837097
warmup-time = 36.29711699485779
all-measurements = [ 33.61131525039673, 33.06164240837097, 33.37275290489197,]
