best-result = 31.960643768310547
warmup-time = 33.395219564437866
all-measurements = [ 33.503050327301025, 33.7123327255249, 31.960643768310547,]
