best-result = 43.55964970588684
warmup-time = 44.24486541748047
all-measurements = [ 44.5439989566803, 43.55964970588684, 44.19239020347595,]
