best-result = 98.52905941009521
warmup-time = 97.71212887763977
all-measurements = [ 98.52905941009521, 99.62548184394836, 101.16227054595947,]
