best-result = 28.03287386894226
warmup-time = 27.574588537216187
all-measurements = [ 29.281620025634766, 28.03287386894226, 28.332624673843384,]
