best-result = 33.92430377006531
warmup-time = 35.79530429840088
all-measurements = [ 34.19249510765076, 33.97533297538757, 33.92430377006531,]
