best-result = 38.56922888755798
warmup-time = 39.866108655929565
all-measurements = [ 39.05151653289795, 39.74493336677551, 38.56922888755798,]
