best-result = 44.04911947250366
warmup-time = 44.41643953323364
all-measurements = [ 44.04911947250366, 44.1518394947052, 45.40772891044617,]
