best-result = 27.60352325439453
warmup-time = 26.822864770889282
all-measurements = [ 28.3267343044281, 28.218372344970703, 27.60352325439453,]
