best-result = 698.532205581665
warmup-time = 713.9061574935913
all-measurements = [ 698.532205581665, 700.3026413917542, 702.2733907699585,]
