best-result = 179.89697742462158
warmup-time = 180.3993284702301
all-measurements = [ 183.00262093544006, 179.89697742462158, 180.10690021514893,]
