best-result = 43.32681465148926
warmup-time = 46.43630933761597
all-measurements = [ 44.595908641815186, 45.32470345497131, 43.32681465148926,]
