best-result = 22.412108182907104
warmup-time = 22.428698301315308
all-measurements = [ 22.412108182907104, 22.71795916557312, 22.63140058517456,]
