best-result = 47.894206047058105
warmup-time = 65.94556522369385
all-measurements = [ 48.003753423690796, 47.894206047058105, 48.345324993133545,]
