best-result = 47.55588626861572
warmup-time = 61.0708909034729
all-measurements = [ 47.55588626861572, 48.123538970947266, 48.1603786945343,]
