best-result = 1002.3217873573303
warmup-time = 1229.6867487430573
all-measurements = [ 1020.2027277946472, 1003.5508906841278, 1002.3217873573303,]
