best-result = 83.04244303703308
warmup-time = 97.5958993434906
all-measurements = [ 83.0921540260315, 83.04244303703308, 84.36531710624695,]
