best-result = 78.85229539871216
warmup-time = 102.11700797080994
all-measurements = [ 78.85229539871216, 78.92960214614868, 79.09764099121094,]
