best-result = 69.76179814338684
warmup-time = 93.6148567199707
all-measurements = [ 69.80867218971252, 70.74259066581726, 69.76179814338684,]
