best-result = 86.12511444091797
warmup-time = 103.6142168045044
all-measurements = [ 86.12511444091797, 86.45558571815491, 86.6303608417511,]
