best-result = 598.434529542923
warmup-time = 617.1703500747681
all-measurements = [ 598.434529542923, 600.3820595741272, 607.6889379024506,]
