best-result = 63.875036001205444
warmup-time = 78.26242136955261
all-measurements = [ 64.01298213005066, 63.875036001205444, 64.59935665130615,]
