best-result = 237.81367254257202
warmup-time = 420.3175935745239
all-measurements = [ 237.91855311393738, 238.1192500591278, 237.81367254257202,]
