best-result = 439.49723768234253
warmup-time = 958.2963621616364
all-measurements = [ 439.9960563182831, 442.27889227867126, 439.49723768234253,]
