best-result = 60.58653402328491
warmup-time = 79.83753418922424
all-measurements = [ 60.58653402328491, 60.90784549713135, 61.33540320396423,]
