best-result = 886.8783485889435
warmup-time = 921.109457731247
all-measurements = [ 887.2604191303253, 886.8783485889435, 889.9522902965546,]
