best-result = 27.841181993484497
warmup-time = 36.90367650985718
all-measurements = [ 28.03473138809204, 27.841181993484497, 28.0627179145813,]
