best-result = 56.8107168674469
warmup-time = 70.1919493675232
all-measurements = [ 56.8107168674469, 57.30624771118164, 58.07257127761841,]
