best-result = 110.82037806510925
warmup-time = 144.14355397224426
all-measurements = [ 111.09565782546997, 110.82037806510925, 112.79198956489563,]
