best-result = 779.276291847229
warmup-time = 854.3796236515045
all-measurements = [ 783.5075211524963, 779.3192822933197, 779.276291847229,]
