best-result = 34.48837876319885
warmup-time = 43.200218200683594
all-measurements = [ 34.48837876319885, 34.62944793701172, 35.18327260017395,]
