best-result = 54.02240490913391
warmup-time = 69.86590337753296
all-measurements = [ 54.34541964530945, 54.4216046333313, 54.02240490913391,]
