best-result = 50.71662402153015
warmup-time = 70.93751645088196
all-measurements = [ 50.71662402153015, 51.604387521743774, 51.28748846054077,]
