best-result = 79.89193606376648
warmup-time = 99.99173188209534
all-measurements = [ 79.89193606376648, 80.64135479927063, 80.39926314353943,]
