best-result = 36.1250376701355
warmup-time = 45.251715898513794
all-measurements = [ 36.38560914993286, 36.1250376701355, 36.61413788795471,]
