best-result = 355.42144083976746
warmup-time = 515.729380607605
all-measurements = [ 361.2133684158325, 366.67257618904114, 355.42144083976746,]
