best-result = 104.46886157989502
warmup-time = 104.61335015296936
all-measurements = [ 104.48522639274597, 104.64462804794312, 104.46886157989502,]
