best-result = 26.252000093460083
warmup-time = 26.343463897705078
all-measurements = [ 26.50209879875183, 26.252000093460083, 26.81898331642151,]
