best-result = 35.98153591156006
warmup-time = 38.317604541778564
all-measurements = [ 36.96115517616272, 36.84486651420593, 35.98153591156006,]
