best-result = 30.1379075050354
warmup-time = 31.260048866271973
all-measurements = [ 31.74283480644226, 31.48346495628357, 30.1379075050354,]
