best-result = 257.02965569496155
warmup-time = 262.5791471004486
all-measurements = [ 258.71470046043396, 257.02965569496155, 257.36432361602783,]
