best-result = 36.00807285308838
warmup-time = 36.97163200378418
all-measurements = [ 36.70526576042175, 36.00807285308838, 36.15400695800781,]
