best-result = 112.29545474052429
warmup-time = 115.47792267799377
all-measurements = [ 113.73245906829834, 112.92839813232422, 112.29545474052429,]
