best-result = 40.29540944099426
warmup-time = 41.54877805709839
all-measurements = [ 40.41013789176941, 40.29540944099426, 42.074851512908936,]
