best-result = 47.56776261329651
warmup-time = 47.515944957733154
all-measurements = [ 48.64963746070862, 49.179962158203125, 47.56776261329651,]
