best-result = 33.41428470611572
warmup-time = 33.1870059967041
all-measurements = [ 33.59467267990112, 33.41428470611572, 34.107004165649414,]
