best-result = 36.76925587654114
warmup-time = 37.524630546569824
all-measurements = [ 38.35539245605469, 37.49487042427063, 36.76925587654114,]
