best-result = 61.60406517982483
warmup-time = 64.0914044380188
all-measurements = [ 62.689669609069824, 61.718507528305054, 61.60406517982483,]
