best-result = 222.74647545814514
warmup-time = 227.21684002876282
all-measurements = [ 223.66196298599243, 224.18693852424622, 222.74647545814514,]
