best-result = 512.4914276599884
warmup-time = 522.5382478237152
all-measurements = [ 514.9237534999847, 512.4914276599884, 514.8600895404816,]
