best-result = 35.48411178588867
warmup-time = 37.74701142311096
all-measurements = [ 35.48411178588867, 35.634053230285645, 35.912029504776,]
