best-result = 29.218565702438354
warmup-time = 28.944878816604614
all-measurements = [ 29.218565702438354, 29.4535493850708, 29.258858919143677,]
