best-result = 74.95703911781311
warmup-time = 76.99302697181702
all-measurements = [ 79.33492302894592, 80.41123223304749, 74.95703911781311,]
