best-result = 61.32327651977539
warmup-time = 62.12990856170654
all-measurements = [ 63.59634852409363, 61.32327651977539, 63.43641495704651,]
