best-result = 28.070224285125732
warmup-time = 28.844858407974243
all-measurements = [ 29.188894987106323, 28.403987169265747, 28.070224285125732,]
