best-result = 35.46824049949646
warmup-time = 35.475319385528564
all-measurements = [ 35.72746682167053, 35.46824049949646, 35.59966564178467,]
