best-result = 33.33497428894043
warmup-time = 34.632378578186035
all-measurements = [ 33.465699911117554, 33.35935568809509, 33.33497428894043,]
