best-result = 42.28172755241394
warmup-time = 43.0510573387146
all-measurements = [ 44.28512978553772, 42.28172755241394, 44.96555185317993,]
