best-result = 95.39695143699646
warmup-time = 98.99922513961792
all-measurements = [ 97.63288688659668, 95.39695143699646, 96.19212079048157,]
