best-result = 27.77507758140564
warmup-time = 28.30860924720764
all-measurements = [ 29.57639217376709, 27.77507758140564, 29.195542335510254,]
