best-result = 33.76380109786987
warmup-time = 33.13479423522949
all-measurements = [ 33.76380109786987, 34.33591413497925, 34.99489092826843,]
