best-result = 88.66780543327332
warmup-time = 86.04042744636536
all-measurements = [ 93.5586473941803, 96.20010352134705, 88.66780543327332,]
