best-result = 38.0041823387146
warmup-time = 38.85877299308777
all-measurements = [ 38.0041823387146, 38.596213579177856, 38.1338472366333,]
