best-result = 44.55801200866699
warmup-time = 45.05268096923828
all-measurements = [ 46.64546585083008, 44.86860990524292, 44.55801200866699,]
