best-result = 27.52337908744812
warmup-time = 28.85521411895752
all-measurements = [ 30.135432243347168, 28.960760831832886, 27.52337908744812,]
