best-result = 627.2402291297913
warmup-time = 679.8444426059723
all-measurements = [ 637.1430926322937, 629.4130239486694, 627.2402291297913,]
