best-result = 171.85034584999084
warmup-time = 174.9146385192871
all-measurements = [ 175.07507991790771, 171.85034584999084, 173.7957158088684,]
