best-result = 58.274372577667236
warmup-time = 64.853750705719
all-measurements = [ 68.94640803337097, 66.81410717964172, 58.274372577667236,]
