best-result = 23.15928840637207
warmup-time = 23.26631450653076
all-measurements = [ 23.393998622894287, 23.15928840637207, 23.510262727737427,]
