best-result = 46.76156973838806
warmup-time = 63.09019875526428
all-measurements = [ 46.95733380317688, 47.04161834716797, 46.76156973838806,]
