best-result = 46.773197650909424
warmup-time = 59.43866944313049
all-measurements = [ 46.89169096946716, 46.773197650909424, 47.09842038154602,]
