best-result = 876.2941100597382
warmup-time = 1067.5560595989227
all-measurements = [ 905.9380176067352, 876.2941100597382, 886.0719501972198,]
