best-result = 85.72764420509338
warmup-time = 99.78763318061829
all-measurements = [ 86.16397023200989, 85.72764420509338, 86.87705159187317,]
