best-result = 984.6049427986145
warmup-time = 1013.7788846492767
all-measurements = [ 984.6049427986145, 992.5709302425385, 988.1206841468811,]
