best-result = 85.25439786911011
warmup-time = 103.73625636100769
all-measurements = [ 85.39311051368713, 85.45122361183167, 85.25439786911011,]
