best-result = 68.1054105758667
warmup-time = 86.82301449775696
all-measurements = [ 69.07705116271973, 68.76749420166016, 68.1054105758667,]
