best-result = 91.76395297050476
warmup-time = 105.19612741470337
all-measurements = [ 92.2927086353302, 92.0325391292572, 91.76395297050476,]
