best-result = 648.4843516349792
warmup-time = 661.6567938327789
all-measurements = [ 648.4843516349792, 652.6686298847198, 649.6455788612366,]
