best-result = 62.27999520301819
warmup-time = 78.08908224105835
all-measurements = [ 62.27999520301819, 62.82092261314392, 62.892181158065796,]
