best-result = 192.2284553050995
warmup-time = 341.43524622917175
all-measurements = [ 192.2284553050995, 192.44110751152039, 193.09904861450195,]
