best-result = 388.1081643104553
warmup-time = 824.8465156555176
all-measurements = [ 389.0506362915039, 388.1081643104553, 392.1237223148346,]
