best-result = 62.55575370788574
warmup-time = 79.43965411186218
all-measurements = [ 62.57259154319763, 63.04877281188965, 62.55575370788574,]
