best-result = 40.71706986427307
warmup-time = 48.261845111846924
all-measurements = [ 41.003602027893066, 40.71706986427307, 41.050562620162964,]
