best-result = 134.83018040657043
warmup-time = 162.33089303970337
all-measurements = [ 136.59636235237122, 135.8960554599762, 134.83018040657043,]
