best-result = 929.7214183807373
warmup-time = 961.211035490036
all-measurements = [ 930.6615092754364, 929.7214183807373, 932.4978775978088,]
