best-result = 28.021536588668823
warmup-time = 36.72014284133911
all-measurements = [ 28.021536588668823, 28.59573984146118, 28.13169813156128,]
