best-result = 59.14005517959595
warmup-time = 72.60203886032104
all-measurements = [ 59.14005517959595, 60.05378699302673, 60.094844341278076,]
