best-result = 60.88030505180359
warmup-time = 73.74937772750854
all-measurements = [ 61.28818154335022, 60.88030505180359, 60.96275472640991,]
