best-result = 110.5209059715271
warmup-time = 139.44680523872375
all-measurements = [ 110.77954459190369, 110.5209059715271, 111.01826548576355,]
