best-result = 770.7382266521454
warmup-time = 844.0849757194519
all-measurements = [ 778.7578620910645, 806.9965553283691, 770.7382266521454,]
