best-result = 34.378870248794556
warmup-time = 41.3381245136261
all-measurements = [ 34.427300691604614, 34.378870248794556, 35.21185755729675,]
