best-result = 55.931581020355225
warmup-time = 71.62851572036743
all-measurements = [ 56.48899984359741, 56.22855567932129, 55.931581020355225,]
