best-result = 1450.1835677623749
warmup-time = 1607.2203602790833
all-measurements = [ 1450.1835677623749, 2478.3825969696045, 2029.5822794437408,]
