best-result = 49.300888538360596
warmup-time = 69.75825810432434
all-measurements = [ 49.72956442832947, 49.35190153121948, 49.300888538360596,]
