best-result = 82.73671817779541
warmup-time = 102.63429284095764
all-measurements = [ 83.20378637313843, 82.73671817779541, 83.20889258384705,]
