best-result = 92.3670551776886
warmup-time = 116.13807916641235
all-measurements = [ 93.9035964012146, 93.75173211097717, 92.3670551776886,]
