best-result = 38.25350570678711
warmup-time = 47.40392708778381
all-measurements = [ 38.2776563167572, 38.283469915390015, 38.25350570678711,]
