best-result = 314.35512137413025
warmup-time = 455.19122529029846
all-measurements = [ 314.35512137413025, 314.4636826515198, 321.2351326942444,]
