best-result = 60.578845262527466
warmup-time = 60.27669930458069
all-measurements = [ 60.578845262527466, 61.10155010223389, 60.62015128135681,]
