best-result = 24.868164777755737
warmup-time = 25.210075616836548
all-measurements = [ 24.868164777755737, 25.550275325775146, 25.134952783584595,]
