best-result = 35.28394937515259
warmup-time = 39.95645570755005
all-measurements = [ 36.56782913208008, 38.95281791687012, 35.28394937515259,]
