best-result = 31.36167287826538
warmup-time = 31.206986904144287
all-measurements = [ 32.45363235473633, 32.29421901702881, 31.36167287826538,]
