best-result = 275.0239887237549
warmup-time = 277.9708557128906
all-measurements = [ 275.375581741333, 275.0239887237549, 275.0719184875488,]
