best-result = 35.35010242462158
warmup-time = 36.45179867744446
all-measurements = [ 36.41872024536133, 35.98257350921631, 35.35010242462158,]
