best-result = 40.51581120491028
warmup-time = 42.021623611450195
all-measurements = [ 40.73132300376892, 40.51581120491028, 41.63537096977234,]
