best-result = 50.08769488334656
warmup-time = 53.0110981464386
all-measurements = [ 50.08769488334656, 51.00057125091553, 50.9224009513855,]
