best-result = 34.10877966880798
warmup-time = 34.15146017074585
all-measurements = [ 34.28197002410889, 34.10877966880798, 34.5461802482605,]
