best-result = 37.142101526260376
warmup-time = 38.301438331604004
all-measurements = [ 38.584423303604126, 37.89451241493225, 37.142101526260376,]
