best-result = 56.876793384552
warmup-time = 59.18848633766174
all-measurements = [ 58.628939628601074, 56.876793384552, 56.993112087249756,]
