best-result = 240.85344171524048
warmup-time = 244.18635082244873
all-measurements = [ 240.85344171524048, 242.32295775413513, 245.25693106651306,]
