best-result = 547.5542857646942
warmup-time = 562.2587571144104
all-measurements = [ 562.9522452354431, 548.7115232944489, 547.5542857646942,]
