best-result = 34.70675182342529
warmup-time = 37.0358247756958
all-measurements = [ 36.15523409843445, 34.70675182342529, 37.0197479724884,]
