best-result = 64.75452327728271
warmup-time = 66.59198069572449
all-measurements = [ 66.08006477355957, 67.03284168243408, 64.75452327728271,]
