best-result = 28.07921266555786
warmup-time = 27.18940758705139
all-measurements = [ 28.17197823524475, 28.07921266555786, 28.620892763137817,]
