best-result = 33.17786121368408
warmup-time = 36.07353687286377
all-measurements = [ 36.22000288963318, 33.17786121368408, 35.99655747413635,]
