best-result = 32.044660568237305
warmup-time = 33.57234263420105
all-measurements = [ 32.98152041435242, 35.27222561836243, 32.044660568237305,]
