best-result = 42.596333026885986
warmup-time = 43.844236612319946
all-measurements = [ 42.596333026885986, 44.46929597854614, 43.73714280128479,]
