best-result = 98.16376399993896
warmup-time = 101.59566402435303
all-measurements = [ 98.57076811790466, 99.49888682365417, 98.16376399993896,]
