best-result = 27.917592525482178
warmup-time = 29.024715900421143
all-measurements = [ 28.537755489349365, 28.64453101158142, 27.917592525482178,]
