best-result = 33.59311127662659
warmup-time = 34.02915358543396
all-measurements = [ 33.59311127662659, 33.99574613571167, 34.05634546279907,]
