best-result = 38.29519009590149
warmup-time = 40.02460432052612
all-measurements = [ 39.62034320831299, 38.29519009590149, 40.40987849235535,]
