best-result = 44.749775886535645
warmup-time = 43.27507948875427
all-measurements = [ 44.749775886535645, 45.75538206100464, 46.43689727783203,]
