best-result = 27.089776515960693
warmup-time = 28.543579816818237
all-measurements = [ 27.564570903778076, 27.253970861434937, 27.089776515960693,]
