best-result = 703.2241699695587
warmup-time = 700.8864727020264
all-measurements = [ 703.2241699695587, 716.0751752853394, 706.3902699947357,]
