best-result = 181.58122611045837
warmup-time = 182.9231903553009
all-measurements = [ 181.74593663215637, 181.58122611045837, 181.84756016731262,]
