best-result = 43.40864276885986
warmup-time = 43.71152973175049
all-measurements = [ 44.73978543281555, 44.093520402908325, 43.40864276885986,]
