best-result = 22.739261865615845
warmup-time = 23.07939648628235
all-measurements = [ 22.982248544692993, 22.739261865615845, 23.323588132858276,]
