best-result = 46.67117619514465
warmup-time = 64.07582259178162
all-measurements = [ 46.86718225479126, 46.67117619514465, 46.82433557510376,]
