best-result = 46.33363342285156
warmup-time = 58.171152114868164
all-measurements = [ 46.33683371543884, 46.33363342285156, 46.34314155578613,]
