best-result = 898.6397104263306
warmup-time = 1082.260283946991
all-measurements = [ 899.2877032756805, 898.6397104263306, 919.6515159606934,]
