best-result = 84.62104606628418
warmup-time = 100.40830087661743
all-measurements = [ 85.72845530509949, 85.0431399345398, 84.62104606628418,]
