best-result = 977.7314908504486
warmup-time = 1006.5026142597198
all-measurements = [ 984.7510118484497, 985.7380130290985, 977.7314908504486,]
