best-result = 82.08099007606506
warmup-time = 103.48146796226501
all-measurements = [ 82.08099007606506, 82.80531644821167, 82.16579270362854,]
