best-result = 67.13407397270203
warmup-time = 86.63776016235352
all-measurements = [ 67.64693760871887, 67.13407397270203, 67.90725207328796,]
