best-result = 91.20564389228821
warmup-time = 105.69534111022949
all-measurements = [ 92.0312192440033, 91.2202479839325, 91.20564389228821,]
