best-result = 640.2586693763733
warmup-time = 660.9219400882721
all-measurements = [ 644.7897069454193, 641.7378931045532, 640.2586693763733,]
