best-result = 61.596230030059814
warmup-time = 71.9717206954956
all-measurements = [ 61.596230030059814, 61.695395708084106, 61.73853158950806,]
