best-result = 204.72007656097412
warmup-time = 357.76150941848755
all-measurements = [ 204.72007656097412, 207.46347641944885, 205.03956508636475,]
