best-result = 423.50942754745483
warmup-time = 858.5906491279602
all-measurements = [ 426.1125829219818, 426.4226989746094, 423.50942754745483,]
