best-result = 61.79120492935181
warmup-time = 78.06358790397644
all-measurements = [ 62.86134457588196, 61.79120492935181, 62.56877088546753,]
