best-result = 39.524466037750244
warmup-time = 48.520236015319824
all-measurements = [ 40.198917388916016, 39.524466037750244, 40.10843253135681,]
