best-result = 134.69437885284424
warmup-time = 161.96542024612427
all-measurements = [ 135.51702284812927, 134.69437885284424, 135.28945589065552,]
