best-result = 891.5396192073822
warmup-time = 931.4674599170685
all-measurements = [ 891.5396192073822, 897.8032910823822, 918.6564891338348,]
