best-result = 27.531904697418213
warmup-time = 36.7846999168396
all-measurements = [ 27.531904697418213, 27.834827184677124, 27.837698936462402,]
