best-result = 56.73973321914673
warmup-time = 66.74734544754028
all-measurements = [ 57.21383261680603, 57.256985664367676, 56.73973321914673,]
