best-result = 59.453672647476196
warmup-time = 73.31397867202759
all-measurements = [ 59.512179374694824, 59.453672647476196, 59.581135749816895,]
