best-result = 109.32978892326355
warmup-time = 135.45458793640137
all-measurements = [ 110.21536111831665, 109.32978892326355, 109.6478099822998,]
