best-result = 774.3051924705505
warmup-time = 836.4835674762726
all-measurements = [ 775.1823892593384, 778.1641125679016, 774.3051924705505,]
