best-result = 33.897162437438965
warmup-time = 42.40848231315613
all-measurements = [ 34.25783681869507, 34.113383769989014, 33.897162437438965,]
