best-result = 55.41984224319458
warmup-time = 69.46304178237915
all-measurements = [ 55.713178873062134, 55.43629217147827, 55.41984224319458,]
