best-result = 1538.911744594574
warmup-time = 2721.2133395671844
all-measurements = [ 1849.7067167758942, 1641.8147027492523, 1538.911744594574,]
