best-result = 47.85413312911987
warmup-time = 68.74677538871765
all-measurements = [ 48.09411287307739, 48.238680839538574, 47.85413312911987,]
