best-result = 78.09730863571167
warmup-time = 95.0148515701294
all-measurements = [ 78.09730863571167, 78.13423109054565, 78.40341925621033,]
