best-result = 36.53598642349243
warmup-time = 47.54305982589722
all-measurements = [ 36.63492178916931, 37.15330219268799, 36.53598642349243,]
