best-result = 335.004243850708
warmup-time = 480.02767062187195
all-measurements = [ 335.004243850708, 336.9899821281433, 338.67168402671814,]
