best-result = 58.67700934410095
warmup-time = 59.314563274383545
all-measurements = [ 58.67700934410095, 59.319912910461426, 59.33086013793945,]
