best-result = 26.10158109664917
warmup-time = 26.545861959457397
all-measurements = [ 26.19878888130188, 26.10158109664917, 26.9730441570282,]
