best-result = 35.79920172691345
warmup-time = 38.020166873931885
all-measurements = [ 37.92958378791809, 35.79920172691345, 36.67172837257385,]
