best-result = 31.339215755462646
warmup-time = 31.34429669380188
all-measurements = [ 31.465298414230347, 31.339215755462646, 32.14615440368652,]
