best-result = 232.38091373443604
warmup-time = 234.04014444351196
all-measurements = [ 235.5190212726593, 234.3796935081482, 232.38091373443604,]
