best-result = 36.94594430923462
warmup-time = 37.02722120285034
all-measurements = [ 37.104183197021484, 36.94594430923462, 37.270485162734985,]
