best-result = 111.87344717979431
warmup-time = 113.5673246383667
all-measurements = [ 113.21171021461487, 111.87344717979431, 113.0801169872284,]
