best-result = 35.041985511779785
warmup-time = 35.06138300895691
all-measurements = [ 35.041985511779785, 35.49657583236694, 35.467998027801514,]
