best-result = 40.42940616607666
warmup-time = 39.8736252784729
all-measurements = [ 40.727274656295776, 40.42940616607666, 42.23014974594116,]
