best-result = 47.810513734817505
warmup-time = 48.26901912689209
all-measurements = [ 48.52450203895569, 47.810513734817505, 48.05066251754761,]
