best-result = 33.7979052066803
warmup-time = 33.95501232147217
all-measurements = [ 34.45282316207886, 33.7979052066803, 33.824896574020386,]
