best-result = 37.42384743690491
warmup-time = 37.94487285614014
all-measurements = [ 37.99811506271362, 38.245741844177246, 37.42384743690491,]
