best-result = 59.61919903755188
warmup-time = 60.36737561225891
all-measurements = [ 59.61919903755188, 61.40549874305725, 64.29887056350708,]
