best-result = 220.45569252967834
warmup-time = 222.8919162750244
all-measurements = [ 220.45569252967834, 221.71218538284302, 221.44845533370972,]
