best-result = 503.3968622684479
warmup-time = 508.5765781402588
all-measurements = [ 503.3968622684479, 507.6572721004486, 503.8708288669586,]
