best-result = 34.00253915786743
warmup-time = 37.78987741470337
all-measurements = [ 34.00253915786743, 38.63592004776001, 35.69259595870972,]
