best-result = 28.855730295181274
warmup-time = 29.145915508270264
all-measurements = [ 28.855730295181274, 29.501174449920654, 29.547439575195312,]
