best-result = 76.56547975540161
warmup-time = 77.08215022087097
all-measurements = [ 76.68289852142334, 76.56547975540161, 79.95498204231262,]
