best-result = 60.287344217300415
warmup-time = 61.35377383232117
all-measurements = [ 60.287344217300415, 62.379698038101196, 61.448466062545776,]
