best-result = 27.511019945144653
warmup-time = 28.33838701248169
all-measurements = [ 29.357219457626343, 27.90751624107361, 27.511019945144653,]
