best-result = 35.25757932662964
warmup-time = 35.1768217086792
all-measurements = [ 36.230725049972534, 35.25757932662964, 35.61650490760803,]
