best-result = 33.41068148612976
warmup-time = 33.987950801849365
all-measurements = [ 34.292404890060425, 33.41068148612976, 33.45515704154968,]
