best-result = 41.989798069000244
warmup-time = 43.05373787879944
all-measurements = [ 43.19453191757202, 43.03608989715576, 41.989798069000244,]
