best-result = 95.51905918121338
warmup-time = 98.1367723941803
all-measurements = [ 95.51905918121338, 96.14154052734375, 97.35558819770813,]
