best-result = 29.24449133872986
warmup-time = 29.735662698745728
all-measurements = [ 29.24449133872986, 29.53262209892273, 30.029645442962646,]
