best-result = 34.66014122962952
warmup-time = 35.301692485809326
all-measurements = [ 34.86946654319763, 35.13263964653015, 34.66014122962952,]
