best-result = 86.36951494216919
warmup-time = 95.50940322875977
all-measurements = [ 87.34732699394226, 87.92471241950989, 86.36951494216919,]
