best-result = 39.16673254966736
warmup-time = 40.19556164741516
all-measurements = [ 39.16673254966736, 39.30118680000305, 39.532092809677124,]
