best-result = 43.317336320877075
warmup-time = 46.02914524078369
all-measurements = [ 44.445831537246704, 43.39433789253235, 43.317336320877075,]
