best-result = 50.36400246620178
warmup-time = 51.673640966415405
all-measurements = [ 50.38956642150879, 51.428274154663086, 50.36400246620178,]
