best-result = 28.725056409835815
warmup-time = 28.985461235046387
all-measurements = [ 28.885064601898193, 28.725056409835815, 28.766249418258667,]
