best-result = 658.3761892318726
warmup-time = 720.6174981594086
all-measurements = [ 666.0919632911682, 675.3029601573944, 658.3761892318726,]
