best-result = 166.51224994659424
warmup-time = 170.50585770606995
all-measurements = [ 166.9982466697693, 167.54250407218933, 166.51224994659424,]
