best-result = 58.263477087020874
warmup-time = 69.29811024665833
all-measurements = [ 58.263477087020874, 66.89343690872192, 67.87120699882507,]
