best-result = 25.761361598968506
warmup-time = 27.498578310012817
all-measurements = [ 26.3072669506073, 25.9239981174469, 25.761361598968506,]
