best-result = 36.27095007896423
warmup-time = 38.101560831069946
all-measurements = [ 36.27095007896423, 36.58978462219238, 37.55732321739197,]
