best-result = 31.17173433303833
warmup-time = 30.824892044067383
all-measurements = [ 32.01751494407654, 31.17173433303833, 31.653266429901123,]
