best-result = 256.53836393356323
warmup-time = 265.9418029785156
all-measurements = [ 260.1055853366852, 258.2781927585602, 256.53836393356323,]
