best-result = 36.166226863861084
warmup-time = 36.285868883132935
all-measurements = [ 36.76317524909973, 36.166226863861084, 36.87925863265991,]
