best-result = 113.06342911720276
warmup-time = 115.84937500953674
all-measurements = [ 113.06342911720276, 113.34324359893799, 113.26415205001831,]
