best-result = 34.676957845687866
warmup-time = 36.09392976760864
all-measurements = [ 35.934412240982056, 35.25721549987793, 34.676957845687866,]
