best-result = 40.11116671562195
warmup-time = 41.56529760360718
all-measurements = [ 41.8724000453949, 41.59902763366699, 40.11116671562195,]
