best-result = 47.6223566532135
warmup-time = 49.22663331031799
all-measurements = [ 47.6223566532135, 48.38172721862793, 49.59451699256897,]
