best-result = 32.365755558013916
warmup-time = 33.33795166015625
all-measurements = [ 33.75261354446411, 32.365755558013916, 32.633129835128784,]
