best-result = 37.10857129096985
warmup-time = 37.883633613586426
all-measurements = [ 37.77155876159668, 37.10857129096985, 37.69623303413391,]
