best-result = 59.2890088558197
warmup-time = 63.3960964679718
all-measurements = [ 60.055710315704346, 64.27858424186707, 59.2890088558197,]
