best-result = 220.22360920906067
warmup-time = 231.33517694473267
all-measurements = [ 220.22360920906067, 223.47587728500366, 222.3653221130371,]
