best-result = 514.1424491405487
warmup-time = 517.9635524749756
all-measurements = [ 515.6766221523285, 516.6268305778503, 514.1424491405487,]
