best-result = 35.506123065948486
warmup-time = 38.06074404716492
all-measurements = [ 35.872939348220825, 36.442410469055176, 35.506123065948486,]
