best-result = 28.85668110847473
warmup-time = 28.683029174804688
all-measurements = [ 29.09819531440735, 29.001681804656982, 28.85668110847473,]
