best-result = 73.33554196357727
warmup-time = 74.92515873908997
all-measurements = [ 77.2584125995636, 73.33554196357727, 79.83574557304382,]
