best-result = 60.82740616798401
warmup-time = 63.55060887336731
all-measurements = [ 63.00633096694946, 62.749632835388184, 60.82740616798401,]
