best-result = 29.18923568725586
warmup-time = 28.846681833267212
all-measurements = [ 29.18923568725586, 34.46300220489502, 32.81844878196716,]
