best-result = 35.57007884979248
warmup-time = 41.281949281692505
all-measurements = [ 36.90232729911804, 35.57007884979248, 35.67272686958313,]
