best-result = 33.3593270778656
warmup-time = 33.87403392791748
all-measurements = [ 34.54416871070862, 33.55689549446106, 33.3593270778656,]
