best-result = 41.983551263809204
warmup-time = 42.16411542892456
all-measurements = [ 41.983551263809204, 43.51270937919617, 43.22784996032715,]
