best-result = 94.15729594230652
warmup-time = 95.37285113334656
all-measurements = [ 96.30789542198181, 94.44015264511108, 94.15729594230652,]
