best-result = 28.68180227279663
warmup-time = 28.54152488708496
all-measurements = [ 28.68180227279663, 29.34257936477661, 29.364879846572876,]
