best-result = 34.53680086135864
warmup-time = 34.97732710838318
all-measurements = [ 35.12095904350281, 34.53680086135864, 34.6340594291687,]
