best-result = 87.02149438858032
warmup-time = 97.03527355194092
all-measurements = [ 87.02149438858032, 91.05420017242432, 90.3379180431366,]
