best-result = 38.13490056991577
warmup-time = 38.74904465675354
all-measurements = [ 38.32931351661682, 39.62460231781006, 38.13490056991577,]
