best-result = 43.40756368637085
warmup-time = 45.727269649505615
all-measurements = [ 45.280335903167725, 43.40756368637085, 43.46761107444763,]
