best-result = 50.376375913619995
warmup-time = 50.271238803863525
all-measurements = [ 50.91985058784485, 50.45533990859985, 50.376375913619995,]
