best-result = 28.636680126190186
warmup-time = 29.461549997329712
all-measurements = [ 28.636680126190186, 29.00893473625183, 29.311244010925293,]
