best-result = 639.0700042247772
warmup-time = 694.4984316825867
all-measurements = [ 644.8954961299896, 639.0700042247772, 645.7475807666779,]
