best-result = 168.5587968826294
warmup-time = 169.89415860176086
all-measurements = [ 169.2958209514618, 169.23317670822144, 168.5587968826294,]
