best-result = 65.75373578071594
warmup-time = 54.762815952301025
all-measurements = [ 69.61045503616333, 68.04545831680298, 65.75373578071594,]
