best-result = 25.35864782333374
warmup-time = 25.62278413772583
all-measurements = [ 25.68007254600525, 26.561177730560303, 25.35864782333374,]
