best-result = 36.16881322860718
warmup-time = 38.18340873718262
all-measurements = [ 38.80154204368591, 36.16881322860718, 37.37303161621094,]
