best-result = 30.455812215805054
warmup-time = 31.93098735809326
all-measurements = [ 30.455812215805054, 31.095808029174805, 31.544488430023193,]
