best-result = 263.5134515762329
warmup-time = 270.6186418533325
all-measurements = [ 265.5886552333832, 263.5134515762329, 263.9023666381836,]
