best-result = 37.164939641952515
warmup-time = 36.52921152114868
all-measurements = [ 37.265676736831665, 37.164939641952515, 37.789106369018555,]
