best-result = 40.23923993110657
warmup-time = 41.976337909698486
all-measurements = [ 40.76413106918335, 40.23923993110657, 42.74050426483154,]
