best-result = 49.542407274246216
warmup-time = 49.621044397354126
all-measurements = [ 50.365273237228394, 49.542407274246216, 50.108787298202515,]
