best-result = 31.77494478225708
warmup-time = 33.03824782371521
all-measurements = [ 33.861671447753906, 31.77494478225708, 33.48304891586304,]
