best-result = 36.74633240699768
warmup-time = 36.8024537563324
all-measurements = [ 37.07559943199158, 37.1329243183136, 36.74633240699768,]
