best-result = 59.23064613342285
warmup-time = 58.09415578842163
all-measurements = [ 63.78416991233826, 64.41440224647522, 59.23064613342285,]
