best-result = 226.4611792564392
warmup-time = 231.400151014328
all-measurements = [ 226.65767788887024, 226.5765895843506, 226.4611792564392,]
