best-result = 517.6607301235199
warmup-time = 524.2695631980896
all-measurements = [ 517.6607301235199, 520.9606494903564, 521.0685489177704,]
