best-result = 35.48119926452637
warmup-time = 37.079488039016724
all-measurements = [ 36.52298164367676, 36.505911350250244, 35.48119926452637,]
