best-result = 28.399534940719604
warmup-time = 28.59426474571228
all-measurements = [ 28.757877826690674, 28.58941102027893, 28.399534940719604,]
