best-result = 75.94286108016968
warmup-time = 79.43083095550537
all-measurements = [ 76.66362500190735, 79.63475060462952, 75.94286108016968,]
