best-result = 61.57700252532959
warmup-time = 61.708394050598145
all-measurements = [ 62.841126918792725, 62.938037157058716, 61.57700252532959,]
