best-result = 26.75535750389099
warmup-time = 29.313920974731445
all-measurements = [ 26.75535750389099, 29.05087685585022, 27.718833208084106,]
