best-result = 35.34591746330261
warmup-time = 35.56680965423584
all-measurements = [ 35.34591746330261, 35.795666217803955, 35.43863224983215,]
