best-result = 32.74376440048218
warmup-time = 34.084744930267334
all-measurements = [ 33.31811785697937, 32.74376440048218, 34.968186140060425,]
