best-result = 41.35440993309021
warmup-time = 43.94881343841553
all-measurements = [ 41.75152015686035, 41.56364583969116, 41.35440993309021,]
