best-result = 95.05659341812134
warmup-time = 98.75396037101746
all-measurements = [ 96.92718195915222, 95.05659341812134, 98.55683827400208,]
