best-result = 27.39037799835205
warmup-time = 29.418375730514526
all-measurements = [ 28.582201719284058, 27.39037799835205, 29.10034990310669,]
