best-result = 34.51719117164612
warmup-time = 34.140007734298706
all-measurements = [ 35.51151371002197, 35.21311163902283, 34.51719117164612,]
