best-result = 87.4735758304596
warmup-time = 96.87827253341675
all-measurements = [ 87.4735758304596, 88.25560069084167, 87.68068861961365,]
