best-result = 38.5900993347168
warmup-time = 39.08241629600525
all-measurements = [ 38.5900993347168, 39.48273324966431, 38.94318079948425,]
