best-result = 43.497878551483154
warmup-time = 43.38336229324341
all-measurements = [ 44.7959463596344, 43.497878551483154, 44.73540472984314,]
