best-result = 28.09601330757141
warmup-time = 27.276639223098755
all-measurements = [ 28.422175645828247, 28.21091103553772, 28.09601330757141,]
