best-result = 694.4921033382416
warmup-time = 729.0877163410187
all-measurements = [ 694.4921033382416, 698.7992613315582, 698.4500603675842,]
