best-result = 174.07866787910461
warmup-time = 176.0719223022461
all-measurements = [ 174.07866787910461, 176.73873019218445, 174.60300183296204,]
