best-result = 62.47775983810425
warmup-time = 67.33712601661682
all-measurements = [ 68.74052882194519, 65.98360824584961, 62.47775983810425,]
