best-result = 22.82378888130188
warmup-time = 22.791374444961548
all-measurements = [ 22.8347008228302, 22.82378888130188, 22.977739095687866,]
