best-result = 46.61766171455383
warmup-time = 63.986215591430664
all-measurements = [ 46.61766171455383, 46.998194456100464, 46.79474878311157,]
