best-result = 46.6961624622345
warmup-time = 57.52172327041626
all-measurements = [ 46.77653217315674, 46.84054660797119, 46.6961624622345,]
