best-result = 931.8220467567444
warmup-time = 1130.926442861557
all-measurements = [ 942.7257657051086, 959.1954646110535, 931.8220467567444,]
