best-result = 85.55782675743103
warmup-time = 99.44665503501892
all-measurements = [ 85.7461531162262, 85.55782675743103, 85.7606213092804,]
