best-result = 82.1930615901947
warmup-time = 104.36019039154053
all-measurements = [ 82.1930615901947, 83.06871914863586, 82.6715874671936,]
