best-result = 70.58066153526306
warmup-time = 92.40686392784119
all-measurements = [ 70.75344657897949, 70.849862575531, 70.58066153526306,]
