best-result = 91.34571623802185
warmup-time = 105.95510864257812
all-measurements = [ 92.06707644462585, 92.56647109985352, 91.34571623802185,]
