best-result = 636.8432219028473
warmup-time = 653.985429763794
all-measurements = [ 637.956444978714, 637.589394569397, 636.8432219028473,]
