best-result = 64.55645823478699
warmup-time = 78.89675498008728
all-measurements = [ 65.0006513595581, 64.55645823478699, 65.41905283927917,]
