best-result = 224.67059111595154
warmup-time = 374.8710858821869
all-measurements = [ 224.67059111595154, 225.83423280715942, 227.94759964942932,]
