best-result = 440.3326675891876
warmup-time = 899.6954951286316
all-measurements = [ 443.7026689052582, 444.94599652290344, 440.3326675891876,]
