best-result = 62.14513301849365
warmup-time = 80.04892611503601
all-measurements = [ 62.14513301849365, 62.18456244468689, 62.14588236808777,]
