best-result = 143.09947395324707
warmup-time = 177.84235644340515
all-measurements = [ 144.15912008285522, 143.09947395324707, 144.48394918441772,]
