best-result = 887.7171492576599
warmup-time = 916.195259809494
all-measurements = [ 887.7171492576599, 892.1011116504669, 890.8881177902222,]
