best-result = 27.021808624267578
warmup-time = 36.291481256484985
all-measurements = [ 27.021808624267578, 27.114779949188232, 27.97659969329834,]
