best-result = 58.84609341621399
warmup-time = 72.1875376701355
all-measurements = [ 58.84609341621399, 59.09834623336792, 59.06466007232666,]
