best-result = 59.21002721786499
warmup-time = 72.67847418785095
all-measurements = [ 59.21002721786499, 59.6678683757782, 60.24772906303406,]
