best-result = 111.02577757835388
warmup-time = 140.04599380493164
all-measurements = [ 112.4924385547638, 111.02577757835388, 111.8532247543335,]
