best-result = 788.0957787036896
warmup-time = 861.6944217681885
all-measurements = [ 816.7144751548767, 788.0957787036896, 792.7506461143494,]
