best-result = 34.02380561828613
warmup-time = 40.83232402801514
all-measurements = [ 34.35085105895996, 34.02380561828613, 34.213719844818115,]
