best-result = 54.86293148994446
warmup-time = 71.47069263458252
all-measurements = [ 55.33947134017944, 54.86293148994446, 55.17054486274719,]
