best-result = 1969.5294585227966
warmup-time = 2878.3000252246857
all-measurements = [ 1969.5294585227966, 2506.217793703079, 2867.507147550583,]
