best-result = 49.32390594482422
warmup-time = 70.82241559028625
all-measurements = [ 49.32390594482422, 50.301300287246704, 49.74821615219116,]
