best-result = 78.50229620933533
warmup-time = 97.25449395179749
all-measurements = [ 78.5868878364563, 78.50229620933533, 78.58919668197632,]
