best-result = 36.847777366638184
warmup-time = 46.12924289703369
all-measurements = [ 36.847777366638184, 36.94005632400513, 37.10453724861145,]
