best-result = 361.55013394355774
warmup-time = 495.1359374523163
all-measurements = [ 369.69155955314636, 361.55013394355774, 363.65310645103455,]
