best-result = 58.77820920944214
warmup-time = 59.82457160949707
all-measurements = [ 60.35730028152466, 59.01883053779602, 58.77820920944214,]
