best-result = 25.44103169441223
warmup-time = 25.815638303756714
all-measurements = [ 25.8952534198761, 25.44103169441223, 25.641321420669556,]
