best-result = 36.98560976982117
warmup-time = 39.66047787666321
all-measurements = [ 36.98560976982117, 39.28299880027771, 38.41168212890625,]
