best-result = 32.10736155509949
warmup-time = 32.315393924713135
all-measurements = [ 32.32939696311951, 33.15147113800049, 32.10736155509949,]
