best-result = 282.92847752571106
warmup-time = 287.5505485534668
all-measurements = [ 284.0201120376587, 283.9491391181946, 282.92847752571106,]
