best-result = 36.11482501029968
warmup-time = 36.938488721847534
all-measurements = [ 36.227102279663086, 36.21473956108093, 36.11482501029968,]
