best-result = 43.127254486083984
warmup-time = 44.10791754722595
all-measurements = [ 45.32140398025513, 43.792129039764404, 43.127254486083984,]
