best-result = 51.470645904541016
warmup-time = 52.37292289733887
all-measurements = [ 52.69579315185547, 51.470645904541016, 52.0251042842865,]
