best-result = 34.7090630531311
warmup-time = 35.08356070518494
all-measurements = [ 36.019556522369385, 34.7090630531311, 34.73718214035034,]
