best-result = 39.24721622467041
warmup-time = 39.996269941329956
all-measurements = [ 39.34595704078674, 40.078577756881714, 39.24721622467041,]
