best-result = 63.881786823272705
warmup-time = 61.274343967437744
all-measurements = [ 64.38861083984375, 63.881786823272705, 64.33833336830139,]
