best-result = 249.581684589386
warmup-time = 252.63503074645996
all-measurements = [ 249.581684589386, 255.51158809661865, 254.05675601959229,]
