best-result = 577.4550139904022
warmup-time = 585.1775901317596
all-measurements = [ 577.4550139904022, 580.3280684947968, 581.3259046077728,]
