best-result = 37.07305717468262
warmup-time = 36.478617429733276
all-measurements = [ 37.07305717468262, 37.23036980628967, 37.323951721191406,]
