best-result = 66.96266889572144
warmup-time = 69.46595740318298
all-measurements = [ 66.96266889572144, 67.3871386051178, 69.26754450798035,]
