best-result = 27.32228946685791
warmup-time = 27.75821352005005
all-measurements = [ 27.32228946685791, 28.14070987701416, 29.294893264770508,]
