best-result = 34.47240447998047
warmup-time = 36.81150031089783
all-measurements = [ 34.47240447998047, 37.00860142707825, 34.63803243637085,]
