best-result = 32.89585542678833
warmup-time = 33.71915626525879
all-measurements = [ 32.89585542678833, 34.314648151397705, 35.06813073158264,]
