best-result = 44.36452770233154
warmup-time = 43.45285439491272
all-measurements = [ 44.36452770233154, 44.85096836090088, 45.0626745223999,]
