best-result = 101.70210456848145
warmup-time = 101.33537220954895
all-measurements = [ 101.70210456848145, 105.50758409500122, 102.2441816329956,]
