best-result = 27.386132955551147
warmup-time = 27.393284559249878
all-measurements = [ 29.11659550666809, 28.790099382400513, 27.386132955551147,]
