best-result = 35.09904384613037
warmup-time = 33.249043226242065
all-measurements = [ 35.44702696800232, 35.45180559158325, 35.09904384613037,]
