best-result = 40.381046295166016
warmup-time = 40.67753195762634
all-measurements = [ 41.022172689437866, 40.381046295166016, 41.99656629562378,]
