best-result = 44.69503331184387
warmup-time = 45.31297278404236
all-measurements = [ 45.812071084976196, 44.69503331184387, 47.35261583328247,]
