best-result = 27.299217700958252
warmup-time = 28.831316232681274
all-measurements = [ 27.866248607635498, 27.299217700958252, 28.47291851043701,]
