best-result = 725.0738871097565
warmup-time = 723.5787563323975
all-measurements = [ 725.9124937057495, 727.0721549987793, 725.0738871097565,]
