best-result = 191.67230033874512
warmup-time = 190.1361382007599
all-measurements = [ 193.88647937774658, 194.65597987174988, 191.67230033874512,]
