best-result = 45.41498041152954
warmup-time = 45.53773903846741
all-measurements = [ 45.62507939338684, 45.41498041152954, 45.62280893325806,]
