best-result = 25.06778883934021
warmup-time = 26.20497417449951
all-measurements = [ 25.06778883934021, 25.111381769180298, 25.356433153152466,]
memory-traffic = 1244
