best-result = 37.069178104400635
warmup-time = 38.74977684020996
all-measurements = [ 38.28028988838196, 37.40149664878845, 37.069178104400635,]
memory-traffic = 1189
