best-result = 32.08834719657898
warmup-time = 34.68101406097412
all-measurements = [ 32.89057517051697, 32.08834719657898, 32.62323975563049,]
memory-traffic = 995
