best-result = 272.2482123374939
warmup-time = 280.1840479373932
all-measurements = [ 272.2482123374939, 272.689701795578, 272.82608556747437,]
memory-traffic = 15549
