best-result = 35.80522012710571
warmup-time = 38.53398871421814
all-measurements = [ 35.80522012710571, 35.94444704055786, 36.14298486709595,]
memory-traffic = 971
