best-result = 41.8647837638855
warmup-time = 43.680126905441284
all-measurements = [ 43.08729839324951, 42.917309522628784, 41.8647837638855,]
memory-traffic = 1540
