best-result = 49.30264210700989
warmup-time = 55.04380249977112
all-measurements = [ 50.09910011291504, 49.30264210700989, 52.111074686050415,]
memory-traffic = 2278
