best-result = 34.03521490097046
warmup-time = 37.40249562263489
all-measurements = [ 34.572041034698486, 35.796595096588135, 34.03521490097046,]
memory-traffic = 1027
