best-result = 37.3175106048584
warmup-time = 40.00204014778137
all-measurements = [ 38.932822704315186, 37.49803328514099, 37.3175106048584,]
memory-traffic = 1241
