best-result = 61.75599145889282
warmup-time = 65.38358974456787
all-measurements = [ 64.27294206619263, 61.75599145889282, 62.31832766532898,]
memory-traffic = 2474
