best-result = 233.34316420555115
warmup-time = 235.57291388511658
all-measurements = [ 236.51772141456604, 233.34316420555115, 234.61951112747192,]
memory-traffic = 12139
