best-result = 545.0253524780273
warmup-time = 551.7950737476349
all-measurements = [ 545.0253524780273, 547.1386659145355, 545.1326327323914,]
memory-traffic = 36100
