best-result = 35.41917943954468
warmup-time = 37.458375692367554
all-measurements = [ 35.51130175590515, 36.36109137535095, 35.41917943954468,]
memory-traffic = 1226
