best-result = 64.42979168891907
warmup-time = 65.59685158729553
all-measurements = [ 66.68946409225464, 64.93338918685913, 64.42979168891907,]
memory-traffic = 2992
