best-result = 26.808159351348877
warmup-time = 30.06017565727234
all-measurements = [ 26.808159351348877, 28.10161542892456, 28.53111457824707,]
memory-traffic = 597
