best-result = 33.46755361557007
warmup-time = 37.59590744972229
all-measurements = [ 35.75846719741821, 35.885483503341675, 33.46755361557007,]
memory-traffic = 863
