best-result = 33.415759563446045
warmup-time = 35.52095150947571
all-measurements = [ 34.180819272994995, 35.117748498916626, 33.415759563446045,]
memory-traffic = 1047
