best-result = 44.46367359161377
warmup-time = 47.12046027183533
all-measurements = [ 44.46367359161377, 44.67717742919922, 44.53137183189392,]
memory-traffic = 1837
