best-result = 98.51391696929932
warmup-time = 101.75756168365479
all-measurements = [ 98.51391696929932, 99.00324273109436, 99.82389450073242,]
memory-traffic = 5397
