best-result = 28.82850456237793
warmup-time = 30.855726718902588
all-measurements = [ 28.852069854736328, 28.82850456237793, 28.899631023406982,]
memory-traffic = 587
