best-result = 34.925880432128906
warmup-time = 35.93732285499573
all-measurements = [ 35.29907202720642, 35.03452181816101, 34.925880432128906,]
memory-traffic = 1027
