best-result = 88.0767068862915
warmup-time = 91.72518229484558
all-measurements = [ 88.0767068862915, 93.13061428070068, 91.91111016273499,]
memory-traffic = 7051
