best-result = 38.92340421676636
warmup-time = 41.675763845443726
all-measurements = [ 39.86272215843201, 40.565701961517334, 38.92340421676636,]
memory-traffic = 1390
