best-result = 44.920103549957275
warmup-time = 45.261592864990234
all-measurements = [ 44.920103549957275, 45.66537141799927, 46.295995235443115,]
memory-traffic = 1507
