best-result = 28.3639395236969
warmup-time = 30.074599266052246
all-measurements = [ 28.619467735290527, 28.852302074432373, 28.3639395236969,]
memory-traffic = 632
