best-result = 708.3191468715668
warmup-time = 733.4637567996979
all-measurements = [ 709.1373777389526, 710.1173167228699, 708.3191468715668,]
