best-result = 182.68476557731628
warmup-time = 183.85748481750488
all-measurements = [ 182.78903770446777, 182.95149850845337, 182.68476557731628,]
memory-traffic = 11250
