best-result = 44.39576506614685
warmup-time = 45.49148440361023
all-measurements = [ 44.418654441833496, 44.39576506614685, 45.31994414329529,]
memory-traffic = 1744
