best-result = 22.593796730041504
warmup-time = 22.98318576812744
all-measurements = [ 22.72022795677185, 22.593796730041504, 22.730749130249023,]
