best-result = 47.0631160736084
warmup-time = 63.31133055686951
all-measurements = [ 47.0631160736084, 48.05169749259949, 47.529406785964966,]
