best-result = 46.716750144958496
warmup-time = 59.80724310874939
all-measurements = [ 46.72332143783569, 46.716750144958496, 46.71791958808899,]
