best-result = 946.0218675136566
warmup-time = 1151.8789973258972
all-measurements = [ 961.0488431453705, 969.8984880447388, 946.0218675136566,]
