best-result = 84.57089447975159
warmup-time = 98.41322898864746
all-measurements = [ 84.70426058769226, 85.21350145339966, 84.57089447975159,]
