best-result = 80.63454246520996
warmup-time = 101.80512547492981
all-measurements = [ 81.08307576179504, 80.63454246520996, 81.09553217887878,]
