best-result = 69.39275550842285
warmup-time = 91.99228310585022
all-measurements = [ 69.43984603881836, 69.39275550842285, 69.68473362922668,]
