best-result = 89.87401270866394
warmup-time = 104.64791131019592
all-measurements = [ 89.87401270866394, 90.54992270469666, 90.22903275489807,]
