best-result = 615.984913110733
warmup-time = 631.1967556476593
all-measurements = [ 615.984913110733, 620.5898478031158, 617.9035828113556,]
