best-result = 63.53175497055054
warmup-time = 77.2766420841217
all-measurements = [ 63.53175497055054, 63.785749673843384, 63.798126220703125,]
