best-result = 221.9005937576294
warmup-time = 371.89582872390747
all-measurements = [ 223.4172010421753, 221.9005937576294, 222.6966905593872,]
