best-result = 445.07059121131897
warmup-time = 881.4651625156403
all-measurements = [ 445.07059121131897, 446.2262899875641, 448.99054408073425,]
