best-result = 61.467875480651855
warmup-time = 79.23952674865723
all-measurements = [ 61.62671780586243, 62.08451700210571, 61.467875480651855,]
