best-result = 859.6770548820496
warmup-time = 888.2707545757294
all-measurements = [ 859.6770548820496, 867.091222524643, 860.4273192882538,]
