best-result = 27.200562238693237
warmup-time = 36.280659437179565
all-measurements = [ 27.200562238693237, 27.256627559661865, 27.301149368286133,]
