best-result = 57.55576038360596
warmup-time = 71.77602171897888
all-measurements = [ 57.818045139312744, 58.49029874801636, 57.55576038360596,]
