best-result = 59.10430836677551
warmup-time = 71.55726790428162
all-measurements = [ 59.10430836677551, 59.37066125869751, 59.5383620262146,]
