best-result = 109.23064756393433
warmup-time = 137.97123003005981
all-measurements = [ 109.23064756393433, 110.13532781600952, 110.37679100036621,]
