best-result = 773.7586386203766
warmup-time = 842.5276021957397
all-measurements = [ 779.4038872718811, 773.7586386203766, 775.6377038955688,]
