best-result = 33.833348989486694
warmup-time = 42.48090219497681
all-measurements = [ 34.77948498725891, 33.833348989486694, 34.31703758239746,]
