best-result = 53.83670425415039
warmup-time = 69.20275664329529
all-measurements = [ 53.83670425415039, 54.16042137145996, 54.12531566619873,]
