best-result = 1931.0984325408936
warmup-time = 2266.1566684246063
all-measurements = [ 2282.9476051330566, 2326.555876016617, 1931.0984325408936,]
