best-result = 49.4694037437439
warmup-time = 70.18823599815369
all-measurements = [ 49.4694037437439, 50.2217812538147, 49.526211977005005,]
