best-result = 80.59169888496399
warmup-time = 101.29477500915527
all-measurements = [ 80.91448712348938, 80.83298897743225, 80.59169888496399,]
