best-result = 36.281187295913696
warmup-time = 46.31957983970642
all-measurements = [ 36.281187295913696, 36.46237921714783, 36.327207803726196,]
