best-result = 346.6393530368805
warmup-time = 473.9147381782532
all-measurements = [ 346.6393530368805, 348.8046863079071, 353.32848954200745,]
