best-result = 103.99815702438354
warmup-time = 104.6133143901825
all-measurements = [ 104.04303932189941, 104.46077847480774, 103.99815702438354,]
