best-result = 23.41878366470337
warmup-time = 24.180641174316406
all-measurements = [ 23.41878366470337, 23.988710165023804, 23.435259580612183,]
