best-result = 47.01625156402588
warmup-time = 63.00924253463745
all-measurements = [ 47.01625156402588, 47.547057151794434, 47.68798327445984,]
