best-result = 47.378320932388306
warmup-time = 59.02832579612732
all-measurements = [ 48.01449799537659, 47.378320932388306, 47.82415294647217,]
