best-result = 905.1297364234924
warmup-time = 1061.958973646164
all-measurements = [ 910.9344835281372, 905.1297364234924, 908.6523127555847,]
