best-result = 85.2093346118927
warmup-time = 97.32984948158264
all-measurements = [ 85.28772306442261, 85.30003643035889, 85.2093346118927,]
