best-result = 883.4879460334778
warmup-time = 911.9989852905273
all-measurements = [ 883.4879460334778, 884.346666097641, 887.1294276714325,]
