best-result = 67.24866843223572
warmup-time = 81.10991168022156
all-measurements = [ 68.0403344631195, 67.24866843223572, 68.34259462356567,]
