best-result = 84.72891688346863
warmup-time = 105.67897248268127
all-measurements = [ 84.72891688346863, 85.35747599601746, 85.17957091331482,]
