best-result = 69.72767424583435
warmup-time = 89.7385036945343
all-measurements = [ 69.75583577156067, 69.72767424583435, 70.52800035476685,]
