best-result = 87.85241723060608
warmup-time = 101.46400117874146
all-measurements = [ 87.95520162582397, 88.76813840866089, 87.85241723060608,]
