best-result = 658.7582461833954
warmup-time = 666.8656196594238
all-measurements = [ 658.7582461833954, 669.731288433075, 662.0698390007019,]
