best-result = 63.760090351104736
warmup-time = 76.06952118873596
all-measurements = [ 64.22801208496094, 63.760090351104736, 64.00940155982971,]
