best-result = 190.6187334060669
warmup-time = 345.7393763065338
all-measurements = [ 190.6187334060669, 192.6888234615326, 194.7860507965088,]
