best-result = 390.4988751411438
warmup-time = 827.3495020866394
all-measurements = [ 390.4988751411438, 393.1523094177246, 392.00377774238586,]
