best-result = 63.251495599746704
warmup-time = 80.76166272163391
all-measurements = [ 63.251495599746704, 63.60609221458435, 63.43253421783447,]
