best-result = 41.37909722328186
warmup-time = 49.43230414390564
all-measurements = [ 41.47869396209717, 41.494831562042236, 41.37909722328186,]
