best-result = 136.41188192367554
warmup-time = 168.8686466217041
all-measurements = [ 136.41188192367554, 136.61123609542847, 136.78366589546204,]
