best-result = 934.8713581562042
warmup-time = 974.872635602951
all-measurements = [ 939.1931700706482, 941.90034532547, 934.8713581562042,]
