best-result = 28.00454068183899
warmup-time = 36.353139877319336
all-measurements = [ 28.263378620147705, 28.00454068183899, 28.854187965393066,]
