best-result = 60.414177656173706
warmup-time = 73.17150926589966
all-measurements = [ 60.723400831222534, 60.414177656173706, 60.55251908302307,]
