best-result = 59.96008491516113
warmup-time = 72.45123839378357
all-measurements = [ 59.96008491516113, 61.339667558670044, 61.36802363395691,]
