best-result = 110.03963160514832
warmup-time = 137.2476770877838
all-measurements = [ 110.03963160514832, 110.81436944007874, 111.08017325401306,]
