best-result = 778.223926782608
warmup-time = 846.3638257980347
all-measurements = [ 781.7497982978821, 780.7938342094421, 778.223926782608,]
