best-result = 34.84273409843445
warmup-time = 43.36942100524902
all-measurements = [ 35.21742010116577, 35.058753490448, 34.84273409843445,]
