best-result = 56.426905393600464
warmup-time = 72.73839974403381
all-measurements = [ 57.141929149627686, 56.426905393600464, 56.64003014564514,]
