best-result = 2398.3739292621613
warmup-time = 1822.6619341373444
all-measurements = [ 2502.721753835678, 2816.8303418159485, 2398.3739292621613,]
