best-result = 49.86617398262024
warmup-time = 69.80651354789734
all-measurements = [ 49.86617398262024, 50.06819462776184, 50.07529854774475,]
