best-result = 83.16252112388611
warmup-time = 114.40970516204834
all-measurements = [ 92.36765956878662, 83.16252112388611, 83.6369981765747,]
