best-result = 93.48895215988159
warmup-time = 116.628671169281
all-measurements = [ 94.01906204223633, 93.48895215988159, 93.99621820449829,]
