best-result = 38.54323363304138
warmup-time = 46.855337381362915
all-measurements = [ 38.54323363304138, 39.00075674057007, 38.614646911621094,]
