best-result = 320.3958237171173
warmup-time = 462.19235491752625
all-measurements = [ 326.88350009918213, 320.3958237171173, 321.6744050979614,]
