best-result = 61.27021765708923
warmup-time = 62.527003049850464
all-measurements = [ 62.229979038238525, 61.89255905151367, 61.27021765708923,]
