best-result = 21.35671091079712
warmup-time = 21.708097219467163
all-measurements = [ 21.35671091079712, 21.44833779335022, 21.368468046188354,]
