best-result = 46.77048420906067
warmup-time = 63.511348724365234
all-measurements = [ 46.77048420906067, 47.163429260253906, 46.92916178703308,]
