best-result = 46.63314390182495
warmup-time = 58.62389826774597
all-measurements = [ 47.10153102874756, 46.843318700790405, 46.63314390182495,]
