best-result = 976.965812921524
warmup-time = 1170.6187705993652
all-measurements = [ 976.965812921524, 985.0322592258453, 978.8614156246185,]
