best-result = 81.95521283149719
warmup-time = 95.16749882698059
all-measurements = [ 82.34137654304504, 82.20950174331665, 81.95521283149719,]
