best-result = 77.94253206253052
warmup-time = 98.91135549545288
all-measurements = [ 78.1768844127655, 78.56616830825806, 77.94253206253052,]
