best-result = 68.45025372505188
warmup-time = 91.36985373497009
all-measurements = [ 68.85049343109131, 69.05566215515137, 68.45025372505188,]
