best-result = 83.71552753448486
warmup-time = 99.09974670410156
all-measurements = [ 84.99823093414307, 84.97165656089783, 83.71552753448486,]
