best-result = 592.7968606948853
warmup-time = 609.5964193344116
all-measurements = [ 594.8584380149841, 595.725474357605, 592.7968606948853,]
