best-result = 61.385863065719604
warmup-time = 74.82380890846252
all-measurements = [ 62.240702867507935, 62.27620244026184, 61.385863065719604,]
