best-result = 229.95209050178528
warmup-time = 401.8201243877411
all-measurements = [ 230.83021068572998, 229.95209050178528, 230.02362394332886,]
