best-result = 442.4799449443817
warmup-time = 929.1418244838715
all-measurements = [ 444.67068123817444, 442.4799449443817, 443.4707872867584,]
