best-result = 59.6301589012146
warmup-time = 75.31849122047424
all-measurements = [ 59.6301589012146, 59.78299808502197, 59.7743718624115,]
