best-result = 859.8471820354462
warmup-time = 895.3056631088257
all-measurements = [ 861.8182730674744, 863.473103761673, 859.8471820354462,]
