best-result = 26.483430862426758
warmup-time = 35.396069288253784
all-measurements = [ 26.914108991622925, 26.767988204956055, 26.483430862426758,]
