best-result = 57.565224170684814
warmup-time = 71.8416895866394
all-measurements = [ 57.79400444030762, 58.5720317363739, 57.565224170684814,]
