best-result = 55.08310031890869
warmup-time = 68.95707440376282
all-measurements = [ 55.12607455253601, 55.41530752182007, 55.08310031890869,]
