best-result = 108.56565856933594
warmup-time = 136.58407473564148
all-measurements = [ 108.87176060676575, 108.56565856933594, 108.65925312042236,]
