best-result = 771.7693829536438
warmup-time = 842.5298752784729
all-measurements = [ 774.6341009140015, 772.17138671875, 771.7693829536438,]
