best-result = 34.740180253982544
warmup-time = 47.35965919494629
all-measurements = [ 38.538535833358765, 36.98516583442688, 34.740180253982544,]
