best-result = 52.668720960617065
warmup-time = 69.29384803771973
all-measurements = [ 52.668720960617065, 52.78122067451477, 53.360697507858276,]
