best-result = 49.086894512176514
warmup-time = 68.72073149681091
all-measurements = [ 50.00130271911621, 50.17328405380249, 49.086894512176514,]
