best-result = 78.90805268287659
warmup-time = 97.42796587944031
all-measurements = [ 78.90805268287659, 80.23365831375122, 79.95176959037781,]
