best-result = 35.2421236038208
warmup-time = 43.25496554374695
all-measurements = [ 35.2421236038208, 35.5664439201355, 35.88156199455261,]
