best-result = 347.1113438606262
warmup-time = 502.0437476634979
all-measurements = [ 351.5642192363739, 347.1113438606262, 350.1347665786743,]
