best-result = 102.43892669677734
warmup-time = 103.07208728790283
all-measurements = [ 103.4183931350708, 102.43892669677734, 102.54682540893555,]
