best-result = 25.97148036956787
warmup-time = 26.472442865371704
all-measurements = [ 26.281469106674194, 25.97148036956787, 26.32087540626526,]
