best-result = 37.27315926551819
warmup-time = 37.26744556427002
all-measurements = [ 38.253411054611206, 38.130910873413086, 37.27315926551819,]
