best-result = 30.96674370765686
warmup-time = 31.509684324264526
all-measurements = [ 30.96674370765686, 31.931903839111328, 31.851717472076416,]
