best-result = 230.6867470741272
warmup-time = 232.2891492843628
all-measurements = [ 230.6867470741272, 233.1599690914154, 237.01281833648682,]
