best-result = 36.943814754486084
warmup-time = 38.00524878501892
all-measurements = [ 37.12101483345032, 36.943814754486084, 37.40307664871216,]
