best-result = 112.19178819656372
warmup-time = 114.50919365882874
all-measurements = [ 114.422189950943, 112.19178819656372, 113.51255869865417,]
