best-result = 34.40707850456238
warmup-time = 35.55036520957947
all-measurements = [ 34.40707850456238, 35.03689169883728, 35.35826134681702,]
