best-result = 40.651408672332764
warmup-time = 41.16539931297302
all-measurements = [ 40.69755268096924, 41.541431188583374, 40.651408672332764,]
