best-result = 48.09623670578003
warmup-time = 48.70106291770935
all-measurements = [ 49.783084869384766, 48.09623670578003, 48.4080126285553,]
