best-result = 33.86852741241455
warmup-time = 32.48331880569458
all-measurements = [ 34.3455023765564, 33.86852741241455, 34.565136194229126,]
