best-result = 37.05949831008911
warmup-time = 38.77720355987549
all-measurements = [ 37.05949831008911, 37.67911624908447, 38.051283836364746,]
