best-result = 59.135260343551636
warmup-time = 65.4676730632782
all-measurements = [ 59.135260343551636, 59.66677403450012, 62.56166410446167,]
