best-result = 219.72899293899536
warmup-time = 222.41293001174927
all-measurements = [ 221.1910469532013, 222.79836130142212, 219.72899293899536,]
