best-result = 504.9366943836212
warmup-time = 503.48564434051514
all-measurements = [ 505.1465096473694, 508.03085350990295, 504.9366943836212,]
