best-result = 35.48314690589905
warmup-time = 37.76213502883911
all-measurements = [ 35.48314690589905, 36.99033164978027, 37.05639410018921,]
