best-result = 29.109283208847046
warmup-time = 29.349506378173828
all-measurements = [ 29.121578216552734, 29.109283208847046, 29.72805404663086,]
