best-result = 73.12208271026611
warmup-time = 75.80166888237
all-measurements = [ 77.07979202270508, 73.12208271026611, 79.66940426826477,]
