best-result = 61.106602907180786
warmup-time = 61.909075021743774
all-measurements = [ 61.106602907180786, 62.15109992027283, 61.9117329120636,]
