best-result = 28.085476875305176
warmup-time = 30.353037357330322
all-measurements = [ 29.10346031188965, 28.085476875305176, 30.051510334014893,]
