best-result = 32.78055286407471
warmup-time = 35.50205135345459
all-measurements = [ 32.78055286407471, 35.5231556892395, 35.216153144836426,]
