best-result = 32.877150535583496
warmup-time = 33.180033683776855
all-measurements = [ 32.877150535583496, 33.81425070762634, 34.869616746902466,]
