best-result = 43.378173828125
warmup-time = 44.62961149215698
all-measurements = [ 43.55192828178406, 43.378173828125, 44.4786856174469,]
