best-result = 96.08801293373108
warmup-time = 96.66110897064209
all-measurements = [ 96.08801293373108, 96.47046875953674, 97.24335169792175,]
