best-result = 28.49873661994934
warmup-time = 29.782777309417725
all-measurements = [ 28.49873661994934, 29.304238080978394, 29.51578187942505,]
