best-result = 34.63490605354309
warmup-time = 35.342063188552856
all-measurements = [ 34.63490605354309, 34.97699975967407, 35.575907945632935,]
