best-result = 93.86260175704956
warmup-time = 88.28734111785889
all-measurements = [ 93.86260175704956, 94.31695628166199, 94.72338390350342,]
