best-result = 38.501511096954346
warmup-time = 40.1336784362793
all-measurements = [ 38.501511096954346, 40.12483882904053, 39.18078970909119,]
