best-result = 43.049696922302246
warmup-time = 45.86405301094055
all-measurements = [ 45.31227707862854, 44.46211791038513, 43.049696922302246,]
