best-result = 50.52719211578369
warmup-time = 51.29580879211426
all-measurements = [ 51.80943775177002, 51.613032579422, 50.52719211578369,]
