best-result = 28.88536310195923
warmup-time = 29.76476788520813
all-measurements = [ 28.926169395446777, 29.016966342926025, 28.88536310195923,]
