best-result = 662.1037697792053
warmup-time = 705.6212284564972
all-measurements = [ 673.044251203537, 681.797949552536, 662.1037697792053,]
