best-result = 166.19706988334656
warmup-time = 169.980610370636
all-measurements = [ 167.54851150512695, 167.7634038925171, 166.19706988334656,]
