best-result = 57.26474666595459
warmup-time = 67.46742677688599
all-measurements = [ 67.64662194252014, 70.04378509521484, 57.26474666595459,]
