best-result = 22.756237030029297
warmup-time = 22.760404348373413
all-measurements = [ 22.979885816574097, 22.756237030029297, 23.23503851890564,]
