best-result = 46.97689151763916
warmup-time = 62.67712426185608
all-measurements = [ 46.97689151763916, 47.63672733306885, 47.56925010681152,]
