best-result = 46.744587659835815
warmup-time = 57.963680267333984
all-measurements = [ 46.744587659835815, 46.90091395378113, 46.88735485076904,]
