best-result = 949.5703320503235
warmup-time = 1147.9491527080536
all-measurements = [ 949.8825314044952, 954.6742498874664, 949.5703320503235,]
