best-result = 84.62027883529663
warmup-time = 99.96425104141235
all-measurements = [ 85.61043882369995, 84.62027883529663, 84.77368664741516,]
