best-result = 80.37847232818604
warmup-time = 101.9869818687439
all-measurements = [ 80.41315913200378, 80.37847232818604, 80.67643213272095,]
