best-result = 70.87001037597656
warmup-time = 92.02218008041382
all-measurements = [ 71.31653594970703, 70.97949957847595, 70.87001037597656,]
