best-result = 89.6924958229065
warmup-time = 105.28015685081482
all-measurements = [ 89.6924958229065, 90.51631450653076, 90.15888381004333,]
