best-result = 616.2996685504913
warmup-time = 623.2274355888367
all-measurements = [ 618.0007338523865, 617.2958333492279, 616.2996685504913,]
