best-result = 63.799147605895996
warmup-time = 77.150625705719
all-measurements = [ 64.50132822990417, 63.799147605895996, 64.49953174591064,]
