best-result = 219.52983117103577
warmup-time = 371.094642162323
all-measurements = [ 223.3137755393982, 219.52983117103577, 222.94119381904602,]
