best-result = 443.4062867164612
warmup-time = 882.5549786090851
all-measurements = [ 449.04554986953735, 443.4062867164612, 445.5112452507019,]
