best-result = 61.07420992851257
warmup-time = 78.61649656295776
all-measurements = [ 62.004974365234375, 61.07420992851257, 61.9183566570282,]
