best-result = 858.0113677978516
warmup-time = 889.1074507236481
all-measurements = [ 862.3230361938477, 858.0113677978516, 859.1521935462952,]
