best-result = 26.980342388153076
warmup-time = 35.70351576805115
all-measurements = [ 27.428624629974365, 27.391268014907837, 26.980342388153076,]
