best-result = 57.95877408981323
warmup-time = 68.3205783367157
all-measurements = [ 58.5437593460083, 57.95877408981323, 58.20399713516235,]
