best-result = 58.361215114593506
warmup-time = 88.11936497688293
all-measurements = [ 63.15013265609741, 59.61997056007385, 58.361215114593506,]
