best-result = 109.24969244003296
warmup-time = 138.25595617294312
all-measurements = [ 109.24969244003296, 111.05984425544739, 109.40021467208862,]
