best-result = 776.1399989128113
warmup-time = 839.938723564148
all-measurements = [ 777.889176607132, 776.1399989128113, 780.0570025444031,]
