best-result = 34.08840727806091
warmup-time = 42.44585704803467
all-measurements = [ 34.482134103775024, 34.40704679489136, 34.08840727806091,]
