best-result = 53.19508504867554
warmup-time = 67.77255916595459
all-measurements = [ 54.10168242454529, 53.19508504867554, 54.50643754005432,]
