best-result = 1266.1779696941376
warmup-time = 1861.9079520702362
all-measurements = [ 1925.7986528873444, 1266.1779696941376, 1763.2698545455933,]
