best-result = 49.497992753982544
warmup-time = 71.35582113265991
all-measurements = [ 49.754399061203, 49.497992753982544, 49.87498235702515,]
