best-result = 81.40040636062622
warmup-time = 99.68844056129456
all-measurements = [ 81.40040636062622, 82.37422251701355, 81.82286715507507,]
