best-result = 36.456262826919556
warmup-time = 44.70897459983826
all-measurements = [ 36.456262826919556, 36.95756959915161, 36.64126205444336,]
