best-result = 340.9087827205658
warmup-time = 484.93080854415894
all-measurements = [ 344.0046052932739, 340.9087827205658, 344.685138463974,]
