best-result = 103.80310726165771
warmup-time = 104.61197829246521
all-measurements = [ 104.92630887031555, 104.74104976654053, 103.80310726165771,]
