best-result = 25.846686124801636
warmup-time = 26.15008544921875
all-measurements = [ 25.846686124801636, 26.33105969429016, 26.058287143707275,]
