best-result = 35.89950084686279
warmup-time = 38.64947199821472
all-measurements = [ 35.93484807014465, 37.392537117004395, 35.89950084686279,]
