best-result = 29.9558207988739
warmup-time = 30.378504037857056
all-measurements = [ 29.9558207988739, 31.41836977005005, 31.32096767425537,]
