best-result = 257.2385959625244
warmup-time = 262.1948301792145
all-measurements = [ 257.6197564601898, 257.528767824173, 257.2385959625244,]
