best-result = 36.005043745040894
warmup-time = 38.20878744125366
all-measurements = [ 36.005043745040894, 37.20443034172058, 37.552666664123535,]
