best-result = 111.37669348716736
warmup-time = 114.35961318016052
all-measurements = [ 112.21806073188782, 111.37669348716736, 111.42882823944092,]
