best-result = 40.39337420463562
warmup-time = 40.25709056854248
all-measurements = [ 40.6973991394043, 40.39337420463562, 42.363566637039185,]
