best-result = 46.45701479911804
warmup-time = 47.96587419509888
all-measurements = [ 46.45701479911804, 46.62508225440979, 47.730374336242676,]
