best-result = 33.025054693222046
warmup-time = 34.64191484451294
all-measurements = [ 33.025054693222046, 33.2597074508667, 34.861634254455566,]
