best-result = 36.48967432975769
warmup-time = 36.948745250701904
all-measurements = [ 37.13110303878784, 36.48967432975769, 37.41616415977478,]
