best-result = 60.521289110183716
warmup-time = 61.34184670448303
all-measurements = [ 60.521289110183716, 63.053075075149536, 61.0333936214447,]
