best-result = 223.57680821418762
warmup-time = 228.97519969940186
all-measurements = [ 223.57680821418762, 223.60569620132446, 224.2240607738495,]
