best-result = 511.6952223777771
warmup-time = 517.4223942756653
all-measurements = [ 511.6952223777771, 513.0269501209259, 513.5095820426941,]
