best-result = 35.125370264053345
warmup-time = 37.93085074424744
all-measurements = [ 36.68923854827881, 35.125370264053345, 37.60383343696594,]
