best-result = 28.883057117462158
warmup-time = 28.565807580947876
all-measurements = [ 29.01210308074951, 28.883057117462158, 28.92301845550537,]
