best-result = 69.34270286560059
warmup-time = 74.54250454902649
all-measurements = [ 75.07814073562622, 69.34270286560059, 76.93957734107971,]
