best-result = 62.28065276145935
warmup-time = 62.567941188812256
all-measurements = [ 69.34649324417114, 70.1898422241211, 62.28065276145935,]
