best-result = 27.375417709350586
warmup-time = 29.00613021850586
all-measurements = [ 27.93465518951416, 27.375417709350586, 29.025628566741943,]
