best-result = 32.3198025226593
warmup-time = 35.56534934043884
all-measurements = [ 35.66952657699585, 32.3198025226593, 35.2839560508728,]
