best-result = 32.622499227523804
warmup-time = 33.62958335876465
all-measurements = [ 34.40539884567261, 33.12280607223511, 32.622499227523804,]
