best-result = 41.81820750236511
warmup-time = 43.049156665802
all-measurements = [ 41.81820750236511, 42.576200008392334, 43.14540910720825,]
