best-result = 93.88574171066284
warmup-time = 96.73723244667053
all-measurements = [ 97.77471494674683, 93.88574171066284, 94.66782093048096,]
