best-result = 28.56842350959778
warmup-time = 29.929262399673462
all-measurements = [ 28.56842350959778, 29.492919206619263, 29.40638279914856,]
