best-result = 33.75561451911926
warmup-time = 35.12114429473877
all-measurements = [ 35.556267976760864, 34.91066098213196, 33.75561451911926,]
