best-result = 86.99085593223572
warmup-time = 97.70683932304382
all-measurements = [ 94.91827201843262, 87.31553745269775, 86.99085593223572,]
