best-result = 38.243590354919434
warmup-time = 37.70677423477173
all-measurements = [ 38.49710988998413, 38.243590354919434, 38.44634532928467,]
