best-result = 43.7268283367157
warmup-time = 43.5610990524292
all-measurements = [ 47.04494762420654, 43.7268283367157, 44.09158372879028,]
