best-result = 27.425973653793335
warmup-time = 28.62771964073181
all-measurements = [ 27.425973653793335, 27.690056324005127, 28.95375967025757,]
