best-result = 633.7132658958435
warmup-time = 670.6987555027008
all-measurements = [ 654.6146957874298, 643.4119236469269, 633.7132658958435,]
