best-result = 172.41192817687988
warmup-time = 175.2998251914978
all-measurements = [ 174.07656025886536, 177.95412302017212, 172.41192817687988,]
