best-result = 58.12010598182678
warmup-time = 65.920978307724
all-measurements = [ 68.54863786697388, 58.12010598182678, 65.38370752334595,]
