best-result = 26.18791389465332
warmup-time = 26.554656505584717
all-measurements = [ 26.52771496772766, 26.18791389465332, 26.2496178150177,]
