best-result = 37.283135175704956
warmup-time = 42.250985860824585
all-measurements = [ 39.902233600616455, 37.283135175704956, 39.646573066711426,]
