best-result = 33.78535509109497
warmup-time = 34.068000078201294
all-measurements = [ 33.807130336761475, 33.78535509109497, 34.7882764339447,]
