best-result = 285.72655391693115
warmup-time = 287.2917733192444
all-measurements = [ 285.72655391693115, 290.45896673202515, 286.49560141563416,]
