best-result = 36.043148040771484
warmup-time = 37.67428278923035
all-measurements = [ 37.35513377189636, 39.05045509338379, 36.043148040771484,]
