best-result = 43.90679383277893
warmup-time = 44.74465847015381
all-measurements = [ 44.159215688705444, 45.084370851516724, 43.90679383277893,]
