best-result = 52.477861166000366
warmup-time = 54.192583322525024
all-measurements = [ 52.477861166000366, 54.00338125228882, 55.35582876205444,]
