best-result = 35.172893047332764
warmup-time = 36.075096130371094
all-measurements = [ 35.172893047332764, 35.35564637184143, 36.46092247962952,]
