best-result = 38.1656289100647
warmup-time = 40.400296211242676
all-measurements = [ 40.70520305633545, 41.140843629837036, 38.1656289100647,]
