best-result = 63.367220401763916
warmup-time = 64.18040132522583
all-measurements = [ 63.367220401763916, 63.768372774124146, 65.87541365623474,]
