best-result = 257.1651403903961
warmup-time = 255.06259846687317
all-measurements = [ 257.1651403903961, 258.9435133934021, 258.898318529129,]
