best-result = 596.8580338954926
warmup-time = 601.0700919628143
all-measurements = [ 598.5370032787323, 597.3174331188202, 596.8580338954926,]
