best-result = 37.162018060684204
warmup-time = 41.50921702384949
all-measurements = [ 38.06481409072876, 37.57610273361206, 37.162018060684204,]
