best-result = 66.98794031143188
warmup-time = 68.47567844390869
all-measurements = [ 68.4867045879364, 70.24813318252563, 66.98794031143188,]
