best-result = 27.848228216171265
warmup-time = 30.31894278526306
all-measurements = [ 27.848228216171265, 30.77065873146057, 29.583210945129395,]
