best-result = 34.648009061813354
warmup-time = 35.287113189697266
all-measurements = [ 38.50699472427368, 34.648009061813354, 37.856725215911865,]
