best-result = 33.06675910949707
warmup-time = 34.77317237854004
all-measurements = [ 33.06675910949707, 35.00574326515198, 34.87305808067322,]
