best-result = 44.37963843345642
warmup-time = 46.92419981956482
all-measurements = [ 44.76164937019348, 46.277631521224976, 44.37963843345642,]
