best-result = 106.27790427207947
warmup-time = 107.72561120986938
all-measurements = [ 106.71750354766846, 108.0683434009552, 106.27790427207947,]
