best-result = 27.8303382396698
warmup-time = 28.324613094329834
all-measurements = [ 27.8303382396698, 29.973411083221436, 29.415335416793823,]
