best-result = 35.26171112060547
warmup-time = 36.57056474685669
all-measurements = [ 35.26171112060547, 36.204222202301025, 36.33010196685791,]
