best-result = 40.49194526672363
warmup-time = 42.66580843925476
all-measurements = [ 41.69981598854065, 42.218297481536865, 40.49194526672363,]
