best-result = 45.834203004837036
warmup-time = 47.629260540008545
all-measurements = [ 46.3835232257843, 45.834203004837036, 47.29821586608887,]
