best-result = 29.1485857963562
warmup-time = 29.58987331390381
all-measurements = [ 30.577531099319458, 29.1485857963562, 29.247180938720703,]
