best-result = 739.6347777843475
warmup-time = 741.0449025630951
all-measurements = [ 741.4662866592407, 742.5238695144653, 739.6347777843475,]
