best-result = 195.16958713531494
warmup-time = 198.38803482055664
all-measurements = [ 195.16958713531494, 198.48703503608704, 197.47857642173767,]
