best-result = 45.33063459396362
warmup-time = 45.06208348274231
all-measurements = [ 46.77533721923828, 45.33063459396362, 47.95445919036865,]
