best-result = 25.797308444976807
warmup-time = 26.021886587142944
all-measurements = [ 25.797308444976807, 26.207822799682617, 26.56202006340027,]
