best-result = 36.012826442718506
warmup-time = 38.17347288131714
all-measurements = [ 36.012826442718506, 37.45421481132507, 38.51355242729187,]
