best-result = 30.188079833984375
warmup-time = 31.144538402557373
all-measurements = [ 31.272550582885742, 31.018157243728638, 30.188079833984375,]
