best-result = 258.79383420944214
warmup-time = 266.12422800064087
all-measurements = [ 259.7005784511566, 261.7692518234253, 258.79383420944214,]
