best-result = 35.458179235458374
warmup-time = 37.50199747085571
all-measurements = [ 35.458179235458374, 36.56982111930847, 36.74438714981079,]
