best-result = 110.15350461006165
warmup-time = 115.65036225318909
all-measurements = [ 110.15350461006165, 112.87483286857605, 111.50088286399841,]
