best-result = 40.45908212661743
warmup-time = 40.972379207611084
all-measurements = [ 40.86163258552551, 42.18703508377075, 40.45908212661743,]
