best-result = 47.40311312675476
warmup-time = 47.28047490119934
all-measurements = [ 47.40311312675476, 47.566081285476685, 48.649168252944946,]
