best-result = 33.33344888687134
warmup-time = 33.65273594856262
all-measurements = [ 34.23041391372681, 34.65188527107239, 33.33344888687134,]
