best-result = 37.178664445877075
warmup-time = 36.91655206680298
all-measurements = [ 37.271517276763916, 37.178664445877075, 37.322521686553955,]
