best-result = 57.70615220069885
warmup-time = 58.97181463241577
all-measurements = [ 58.340073585510254, 57.70615220069885, 63.34391713142395,]
