best-result = 223.75563549995422
warmup-time = 228.12030601501465
all-measurements = [ 223.75563549995422, 225.02656769752502, 225.62517476081848,]
