best-result = 510.75766587257385
warmup-time = 518.2534031867981
all-measurements = [ 510.75766587257385, 512.1455359458923, 515.7323789596558,]
