best-result = 36.06810426712036
warmup-time = 36.06177043914795
all-measurements = [ 38.51758098602295, 36.06810426712036, 36.84112215042114,]
