best-result = 28.571732997894287
warmup-time = 28.873217582702637
all-measurements = [ 28.571732997894287, 28.802697896957397, 28.87229633331299,]
