best-result = 77.64911365509033
warmup-time = 75.82356357574463
all-measurements = [ 77.64911365509033, 78.67882061004639, 91.06161689758301,]
