best-result = 60.33882164955139
warmup-time = 68.74083685874939
all-measurements = [ 61.86451601982117, 63.91687798500061, 60.33882164955139,]
