best-result = 27.476091146469116
warmup-time = 28.77060079574585
all-measurements = [ 27.476091146469116, 27.957799673080444, 27.71253752708435,]
