best-result = 34.78609299659729
warmup-time = 35.692848682403564
all-measurements = [ 35.46757650375366, 34.78609299659729, 35.1238968372345,]
