best-result = 33.89089751243591
warmup-time = 34.404977560043335
all-measurements = [ 34.01401925086975, 33.89089751243591, 34.55584716796875,]
