best-result = 41.14673113822937
warmup-time = 41.727935791015625
all-measurements = [ 41.14673113822937, 43.10615825653076, 42.86649990081787,]
