best-result = 93.40320205688477
warmup-time = 97.06835436820984
all-measurements = [ 96.63705682754517, 93.80619764328003, 93.40320205688477,]
