best-result = 27.871989250183105
warmup-time = 29.12628936767578
all-measurements = [ 28.616626501083374, 28.865722179412842, 27.871989250183105,]
