best-result = 34.02843523025513
warmup-time = 34.654292345047
all-measurements = [ 34.02843523025513, 34.43453621864319, 35.53707528114319,]
