best-result = 85.86385893821716
warmup-time = 91.49415588378906
all-measurements = [ 90.84629654884338, 95.67751097679138, 85.86385893821716,]
