best-result = 37.91725444793701
warmup-time = 38.79670524597168
all-measurements = [ 37.91725444793701, 38.983524560928345, 38.81164908409119,]
