best-result = 43.594693183898926
warmup-time = 45.336726903915405
all-measurements = [ 43.98692011833191, 43.594693183898926, 43.81398582458496,]
