best-result = 28.51141905784607
warmup-time = 27.690348148345947
all-measurements = [ 29.034466981887817, 28.65007710456848, 28.51141905784607,]
