best-result = 644.4580228328705
warmup-time = 669.0122344493866
all-measurements = [ 645.9133706092834, 644.4580228328705, 650.1817758083344,]
