best-result = 172.3656189441681
warmup-time = 175.5583336353302
all-measurements = [ 173.4791157245636, 177.67226219177246, 172.3656189441681,]
