best-result = 58.45855498313904
warmup-time = 67.17399740219116
all-measurements = [ 58.45855498313904, 66.27505779266357, 69.00243735313416,]
