best-result = 22.832414150238037
warmup-time = 22.996657371520996
all-measurements = [ 23.21438765525818, 22.832414150238037, 22.952537298202515,]
