best-result = 45.96849846839905
warmup-time = 64.21333336830139
all-measurements = [ 46.478594064712524, 46.62329888343811, 45.96849846839905,]
