best-result = 46.00600719451904
warmup-time = 57.62894010543823
all-measurements = [ 46.40709638595581, 46.00600719451904, 46.42496681213379,]
