best-result = 892.9620501995087
warmup-time = 1122.5033185482025
all-measurements = [ 906.7536211013794, 897.8432655334473, 892.9620501995087,]
