best-result = 85.01643466949463
warmup-time = 99.45479416847229
all-measurements = [ 85.01643466949463, 85.40221667289734, 85.1622703075409,]
