best-result = 977.2995748519897
warmup-time = 1006.0548593997955
all-measurements = [ 985.6034998893738, 977.2995748519897, 980.2765829563141,]
