best-result = 81.92339730262756
warmup-time = 103.07124972343445
all-measurements = [ 82.09443712234497, 81.92339730262756, 83.13913059234619,]
