best-result = 67.05500864982605
warmup-time = 87.21280789375305
all-measurements = [ 67.16498947143555, 67.05500864982605, 67.48214673995972,]
