best-result = 90.93358397483826
warmup-time = 106.38080763816833
all-measurements = [ 91.33514952659607, 91.76641798019409, 90.93358397483826,]
