best-result = 641.7394754886627
warmup-time = 661.8636984825134
all-measurements = [ 641.7394754886627, 645.8858504295349, 646.3833096027374,]
