best-result = 61.029566287994385
warmup-time = 74.07259583473206
all-measurements = [ 61.91941714286804, 61.210418701171875, 61.029566287994385,]
