best-result = 205.32804918289185
warmup-time = 360.8983585834503
all-measurements = [ 206.9306137561798, 208.1188826560974, 205.32804918289185,]
