best-result = 417.25819969177246
warmup-time = 868.2869310379028
all-measurements = [ 423.5121932029724, 417.25819969177246, 426.2740988731384,]
