best-result = 61.93967604637146
warmup-time = 79.48464798927307
all-measurements = [ 62.39109182357788, 62.27393698692322, 61.93967604637146,]
