best-result = 39.36992931365967
warmup-time = 48.38884139060974
all-measurements = [ 39.893638134002686, 39.98991847038269, 39.36992931365967,]
