best-result = 132.32090711593628
warmup-time = 160.75796604156494
all-measurements = [ 133.70304226875305, 133.4002594947815, 132.32090711593628,]
