best-result = 897.4800016880035
warmup-time = 928.8998985290527
all-measurements = [ 898.3441417217255, 897.4800016880035, 898.1650364398956,]
