best-result = 27.699825048446655
warmup-time = 36.47675609588623
all-measurements = [ 27.735925674438477, 27.74610471725464, 27.699825048446655,]
