best-result = 57.302488565444946
warmup-time = 67.46420645713806
all-measurements = [ 57.4756977558136, 57.914007902145386, 57.302488565444946,]
