best-result = 64.46228098869324
warmup-time = 73.80219268798828
all-measurements = [ 67.99885702133179, 69.37944197654724, 64.46228098869324,]
