best-result = 109.90270256996155
warmup-time = 137.33797526359558
all-measurements = [ 110.00246024131775, 110.06877398490906, 109.90270256996155,]
