best-result = 774.5517292022705
warmup-time = 843.8042969703674
all-measurements = [ 777.7954499721527, 776.3365750312805, 774.5517292022705,]
