best-result = 33.44242882728577
warmup-time = 42.45607829093933
all-measurements = [ 33.94818878173828, 33.44242882728577, 33.895461559295654,]
