best-result = 55.054503440856934
warmup-time = 69.72914505004883
all-measurements = [ 55.054503440856934, 55.40967035293579, 55.30311393737793,]
