best-result = 1437.3421692848206
warmup-time = 1583.5497295856476
all-measurements = [ 1564.856776714325, 1656.4776146411896, 1437.3421692848206,]
