best-result = 48.33774280548096
warmup-time = 69.07982134819031
all-measurements = [ 48.33774280548096, 48.55642127990723, 48.46430802345276,]
