best-result = 77.728360414505
warmup-time = 96.28449201583862
all-measurements = [ 77.728360414505, 77.89952039718628, 77.87136793136597,]
