best-result = 36.71162152290344
warmup-time = 45.35859537124634
all-measurements = [ 36.71162152290344, 37.39518928527832, 37.875017404556274,]
