best-result = 338.3646750450134
warmup-time = 468.4323284626007
all-measurements = [ 345.9852147102356, 341.411239862442, 338.3646750450134,]
