best-result = 58.782707929611206
warmup-time = 59.39272928237915
all-measurements = [ 58.782707929611206, 59.026769161224365, 59.083248138427734,]
