best-result = 26.010367155075073
warmup-time = 26.378434658050537
all-measurements = [ 26.010367155075073, 26.95567560195923, 26.36127758026123,]
