best-result = 35.31543254852295
warmup-time = 38.76876497268677
all-measurements = [ 35.31543254852295, 37.26778554916382, 37.50950050354004,]
