best-result = 30.928581953048706
warmup-time = 32.35958290100098
all-measurements = [ 31.53537940979004, 30.928581953048706, 31.8069851398468,]
