best-result = 231.8270652294159
warmup-time = 236.81705379486084
all-measurements = [ 231.8270652294159, 233.24867725372314, 232.22541165351868,]
