best-result = 36.76205134391785
warmup-time = 37.22477316856384
all-measurements = [ 37.053284645080566, 36.76205134391785, 36.961477756500244,]
