best-result = 112.7939670085907
warmup-time = 114.52611994743347
all-measurements = [ 113.54848885536194, 112.7939670085907, 114.47492837905884,]
