best-result = 35.013773679733276
warmup-time = 36.47708559036255
all-measurements = [ 35.013773679733276, 35.06864523887634, 36.036696672439575,]
