best-result = 41.118573904037476
warmup-time = 41.225789308547974
all-measurements = [ 42.98143219947815, 41.118573904037476, 42.03964424133301,]
