best-result = 46.45270323753357
warmup-time = 49.79928016662598
all-measurements = [ 49.31043863296509, 46.45270323753357, 48.14343333244324,]
