best-result = 33.72898054122925
warmup-time = 35.93895864486694
all-measurements = [ 34.18283176422119, 35.04208421707153, 33.72898054122925,]
