best-result = 36.972355365753174
warmup-time = 37.091145515441895
all-measurements = [ 38.39220905303955, 37.300721645355225, 36.972355365753174,]
