best-result = 60.4332230091095
warmup-time = 58.84099841117859
all-measurements = [ 65.14168190956116, 60.4332230091095, 64.19996809959412,]
