best-result = 220.40120935440063
warmup-time = 221.79472184181213
all-measurements = [ 223.14994740486145, 220.40120935440063, 221.49805641174316,]
