best-result = 501.6013686656952
warmup-time = 507.0224235057831
all-measurements = [ 501.6013686656952, 502.83050656318665, 506.6940143108368,]
