best-result = 36.2581353187561
warmup-time = 37.09726142883301
all-measurements = [ 36.2581353187561, 38.112415075302124, 37.580296993255615,]
