best-result = 28.884278774261475
warmup-time = 29.180303812026978
all-measurements = [ 28.884278774261475, 29.460444688796997, 28.88848066329956,]
