best-result = 70.01033425331116
warmup-time = 78.92341184616089
all-measurements = [ 78.5489227771759, 70.01033425331116, 76.8933048248291,]
