best-result = 60.92233610153198
warmup-time = 61.906665325164795
all-measurements = [ 60.92233610153198, 61.889578342437744, 62.13458442687988,]
