best-result = 27.792713165283203
warmup-time = 28.00066041946411
all-measurements = [ 28.096691131591797, 29.40230679512024, 27.792713165283203,]
