best-result = 35.44699740409851
warmup-time = 35.349445104599
all-measurements = [ 35.44699740409851, 35.90618848800659, 35.528444051742554,]
