best-result = 33.35033202171326
warmup-time = 33.28454399108887
all-measurements = [ 33.93643283843994, 33.35033202171326, 35.06377410888672,]
