best-result = 42.92691373825073
warmup-time = 41.97935652732849
all-measurements = [ 42.92691373825073, 43.59672427177429, 43.71170091629028,]
