best-result = 94.19134879112244
warmup-time = 96.40641236305237
all-measurements = [ 94.75950765609741, 96.59904193878174, 94.19134879112244,]
