best-result = 27.572007179260254
warmup-time = 29.915234088897705
all-measurements = [ 27.572007179260254, 29.449679613113403, 27.857773780822754,]
