best-result = 35.003318548202515
warmup-time = 34.25850963592529
all-measurements = [ 35.003318548202515, 35.20531105995178, 35.55767798423767,]
