best-result = 85.45341038703918
warmup-time = 86.51793718338013
all-measurements = [ 85.45341038703918, 89.8271746635437, 95.5402684211731,]
