best-result = 38.268693685531616
warmup-time = 40.389811992645264
all-measurements = [ 38.74130153656006, 38.268693685531616, 39.063058853149414,]
