best-result = 44.148924589157104
warmup-time = 44.8648247718811
all-measurements = [ 44.148924589157104, 45.58665227890015, 45.07847619056702,]
