best-result = 50.34198331832886
warmup-time = 50.94383192062378
all-measurements = [ 51.43477702140808, 50.34198331832886, 50.706124782562256,]
