best-result = 28.049927234649658
warmup-time = 29.30703592300415
all-measurements = [ 28.104883909225464, 28.794554471969604, 28.049927234649658,]
