best-result = 662.9923045635223
warmup-time = 711.9506840705872
all-measurements = [ 668.4042675495148, 676.7106654644012, 662.9923045635223,]
