best-result = 165.18760323524475
warmup-time = 169.42607069015503
all-measurements = [ 168.94030022621155, 169.6921043395996, 165.18760323524475,]
