best-result = 66.42237067222595
warmup-time = 70.21193766593933
all-measurements = [ 67.8242757320404, 67.2317566871643, 66.42237067222595,]
