best-result = 25.553746700286865
warmup-time = 26.41182780265808
all-measurements = [ 25.553746700286865, 25.762345552444458, 25.72520661354065,]
