best-result = 37.10023379325867
warmup-time = 38.74211573600769
all-measurements = [ 37.10023379325867, 37.75442147254944, 38.67135500907898,]
