best-result = 30.242913961410522
warmup-time = 31.309624910354614
all-measurements = [ 30.242913961410522, 31.553536891937256, 30.46982192993164,]
