best-result = 263.49147152900696
warmup-time = 269.7637388706207
all-measurements = [ 263.49147152900696, 263.77211594581604, 267.4559745788574,]
