best-result = 36.83154892921448
warmup-time = 36.70062828063965
all-measurements = [ 37.72871255874634, 36.83154892921448, 37.0081512928009,]
