best-result = 40.97297477722168
warmup-time = 41.27327346801758
all-measurements = [ 40.97297477722168, 41.30861234664917, 41.69580698013306,]
