best-result = 49.81747364997864
warmup-time = 50.819894313812256
all-measurements = [ 50.62932109832764, 49.81747364997864, 50.08442306518555,]
