best-result = 32.9916877746582
warmup-time = 34.37469720840454
all-measurements = [ 33.95817565917969, 33.581887006759644, 32.9916877746582,]
