best-result = 36.95037007331848
warmup-time = 37.656267404556274
all-measurements = [ 37.2383246421814, 37.16955518722534, 36.95037007331848,]
