best-result = 61.46487784385681
warmup-time = 65.06560921669006
all-measurements = [ 64.5420413017273, 61.46487784385681, 64.9905652999878,]
