best-result = 223.9433627128601
warmup-time = 230.71668004989624
all-measurements = [ 228.17430186271667, 224.90119576454163, 223.9433627128601,]
