best-result = 521.3640990257263
warmup-time = 523.4240493774414
all-measurements = [ 521.3640990257263, 523.3326497077942, 527.7054624557495,]
