best-result = 34.851818561553955
warmup-time = 39.2802894115448
all-measurements = [ 34.851818561553955, 38.54069232940674, 37.77629041671753,]
