best-result = 77.5609040260315
warmup-time = 85.86515951156616
all-measurements = [ 83.20173764228821, 77.5609040260315, 81.25516939163208,]
