best-result = 62.01283860206604
warmup-time = 63.62161040306091
all-measurements = [ 62.05736327171326, 62.464739084243774, 62.01283860206604,]
