best-result = 27.445903539657593
warmup-time = 28.118142127990723
all-measurements = [ 27.47505474090576, 27.708667516708374, 27.445903539657593,]
