best-result = 32.275848150253296
warmup-time = 35.55072021484375
all-measurements = [ 35.584017276763916, 32.275848150253296, 35.73938703536987,]
