best-result = 32.71179509162903
warmup-time = 34.483306646347046
all-measurements = [ 32.71179509162903, 33.37397289276123, 33.89401888847351,]
