best-result = 42.425249338150024
warmup-time = 43.502445936203
all-measurements = [ 42.67362642288208, 42.425249338150024, 43.37827491760254,]
