best-result = 97.03755760192871
warmup-time = 99.54542589187622
all-measurements = [ 97.03755760192871, 97.13930535316467, 100.53966426849365,]
