best-result = 27.567639350891113
warmup-time = 29.038467168807983
all-measurements = [ 27.79048204421997, 27.567639350891113, 28.818533420562744,]
