best-result = 33.90916299819946
warmup-time = 34.9581618309021
all-measurements = [ 33.90916299819946, 35.14365816116333, 35.31794595718384,]
