best-result = 87.4186532497406
warmup-time = 87.28533053398132
all-measurements = [ 90.80662894248962, 87.4186532497406, 93.62635493278503,]
