best-result = 38.442299365997314
warmup-time = 39.775357484817505
all-measurements = [ 39.69369173049927, 39.56771183013916, 38.442299365997314,]
