best-result = 45.383676528930664
warmup-time = 45.47304105758667
all-measurements = [ 46.43744373321533, 45.383676528930664, 45.506340980529785,]
