best-result = 27.488077878952026
warmup-time = 28.12990093231201
all-measurements = [ 28.815690517425537, 27.488077878952026, 28.79967474937439,]
