best-result = 709.2165780067444
warmup-time = 739.9221165180206
all-measurements = [ 718.7702808380127, 715.8697175979614, 709.2165780067444,]
