best-result = 174.63554430007935
warmup-time = 175.9403703212738
all-measurements = [ 175.15208959579468, 175.39030528068542, 174.63554430007935,]
