best-result = 64.18793988227844
warmup-time = 68.59916543960571
all-measurements = [ 64.18793988227844, 69.05395340919495, 67.0010039806366,]
