best-result = 25.043962478637695
warmup-time = 25.009326696395874
all-measurements = [ 25.28386402130127, 25.49069356918335, 25.043962478637695,]
