best-result = 37.338871002197266
warmup-time = 37.64821267127991
all-measurements = [ 37.52893686294556, 38.11013722419739, 37.338871002197266,]
