best-result = 31.8176052570343
warmup-time = 32.271835803985596
all-measurements = [ 32.24877667427063, 31.954428911209106, 31.8176052570343,]
