best-result = 274.50347781181335
warmup-time = 277.4948453903198
all-measurements = [ 274.7100467681885, 276.2218019962311, 274.50347781181335,]
