best-result = 36.03946280479431
warmup-time = 35.409579277038574
all-measurements = [ 36.48597002029419, 36.73136758804321, 36.03946280479431,]
