best-result = 41.64396381378174
warmup-time = 42.910743951797485
all-measurements = [ 41.79953718185425, 41.64396381378174, 41.845139265060425,]
