best-result = 50.743465423583984
warmup-time = 50.768874645233154
all-measurements = [ 52.76534628868103, 50.743465423583984, 50.982192039489746,]
