best-result = 33.14749765396118
warmup-time = 34.66374611854553
all-measurements = [ 34.54666876792908, 33.14749765396118, 33.602325201034546,]
