best-result = 37.64398741722107
warmup-time = 38.107712268829346
all-measurements = [ 38.730674743652344, 37.64398741722107, 37.668028831481934,]
