best-result = 58.497103214263916
warmup-time = 62.1301326751709
all-measurements = [ 60.02621412277222, 60.41380596160889, 58.497103214263916,]
