best-result = 243.2771017551422
warmup-time = 244.5115954875946
all-measurements = [ 243.2771017551422, 243.67376494407654, 245.71998000144958,]
