best-result = 547.450893163681
warmup-time = 551.7232604026794
all-measurements = [ 547.450893163681, 548.3873188495636, 549.5372455120087,]
