best-result = 34.95887064933777
warmup-time = 36.67629313468933
all-measurements = [ 37.16852021217346, 34.95887064933777, 35.988457679748535,]
