best-result = 65.24015545845032
warmup-time = 65.96894526481628
all-measurements = [ 65.24015545845032, 67.54121589660645, 66.45168876647949,]
