best-result = 26.99785852432251
warmup-time = 27.646881580352783
all-measurements = [ 27.070083141326904, 26.99785852432251, 27.29749846458435,]
