best-result = 33.02029871940613
warmup-time = 36.47394824028015
all-measurements = [ 36.70571208000183, 33.02029871940613, 36.09355926513672,]
