best-result = 33.55233716964722
warmup-time = 33.18153405189514
all-measurements = [ 33.55233716964722, 33.5784056186676, 33.6617271900177,]
