best-result = 43.54980802536011
warmup-time = 42.84591102600098
all-measurements = [ 44.024312257766724, 43.54980802536011, 45.5725314617157,]
