best-result = 98.791419506073
warmup-time = 97.80616903305054
all-measurements = [ 99.98799324035645, 98.791419506073, 100.39783692359924,]
