best-result = 27.110264778137207
warmup-time = 28.331010818481445
all-measurements = [ 28.58779788017273, 28.757965326309204, 27.110264778137207,]
