best-result = 33.172491788864136
warmup-time = 32.536686420440674
all-measurements = [ 34.46359181404114, 33.172491788864136, 35.00490045547485,]
