best-result = 39.505664348602295
warmup-time = 39.79551649093628
all-measurements = [ 39.97264742851257, 39.505664348602295, 39.56982660293579,]
