best-result = 43.77826952934265
warmup-time = 47.76434898376465
all-measurements = [ 45.062889099121094, 45.28057599067688, 43.77826952934265,]
