best-result = 27.75835943222046
warmup-time = 27.745052099227905
all-measurements = [ 28.33046579360962, 27.75835943222046, 28.639719486236572,]
