best-result = 700.4171814918518
warmup-time = 700.9904026985168
all-measurements = [ 704.6198260784149, 712.8721745014191, 700.4171814918518,]
