best-result = 181.08139204978943
warmup-time = 184.51079869270325
all-measurements = [ 182.1135721206665, 183.2477171421051, 181.08139204978943,]
