best-result = 43.03124451637268
warmup-time = 44.19581699371338
all-measurements = [ 45.89484643936157, 44.54374980926514, 43.03124451637268,]
