best-result = 25.311543703079224
warmup-time = 26.56843090057373
all-measurements = [ 25.86371159553528, 26.451334714889526, 25.311543703079224,]
