best-result = 35.29994201660156
warmup-time = 37.71244788169861
all-measurements = [ 35.29994201660156, 37.6506233215332, 38.14683246612549,]
