best-result = 31.326550483703613
warmup-time = 32.054808139801025
all-measurements = [ 32.4751181602478, 31.326550483703613, 31.597718477249146,]
