best-result = 263.0938594341278
warmup-time = 271.6911976337433
all-measurements = [ 263.0938594341278, 267.08729243278503, 269.18817234039307,]
