best-result = 36.107994556427
warmup-time = 36.30942130088806
all-measurements = [ 37.02781963348389, 36.668373584747314, 36.107994556427,]
