best-result = 41.74370241165161
warmup-time = 41.571054220199585
all-measurements = [ 42.38540577888489, 42.877556800842285, 41.74370241165161,]
