best-result = 49.694926738739014
warmup-time = 50.19620680809021
all-measurements = [ 50.27557158470154, 53.334282875061035, 49.694926738739014,]
