best-result = 34.15800356864929
warmup-time = 34.49271106719971
all-measurements = [ 34.15800356864929, 34.78327202796936, 35.483829736709595,]
