best-result = 37.221208333969116
warmup-time = 38.724280834198
all-measurements = [ 38.4147584438324, 37.91884160041809, 37.221208333969116,]
