best-result = 61.95057010650635
warmup-time = 59.183326959609985
all-measurements = [ 64.60844492912292, 63.54210638999939, 61.95057010650635,]
