best-result = 228.98834943771362
warmup-time = 233.93963837623596
all-measurements = [ 229.97687578201294, 230.98595213890076, 228.98834943771362,]
