best-result = 523.3218996524811
warmup-time = 529.8727006912231
all-measurements = [ 527.2276570796967, 527.8940124511719, 523.3218996524811,]
