best-result = 38.1568763256073
warmup-time = 38.25045442581177
all-measurements = [ 39.44182777404785, 38.1568763256073, 38.55707025527954,]
