best-result = 78.13142418861389
warmup-time = 82.38411140441895
all-measurements = [ 78.13142418861389, 84.17917060852051, 82.37252902984619,]
