best-result = 63.04540801048279
warmup-time = 65.74689722061157
all-measurements = [ 63.69883418083191, 63.04540801048279, 64.40624332427979,]
