best-result = 27.265856504440308
warmup-time = 27.422314643859863
all-measurements = [ 27.748058557510376, 27.265856504440308, 28.12292170524597,]
