best-result = 36.06996011734009
warmup-time = 36.67483115196228
all-measurements = [ 36.06996011734009, 36.72621464729309, 36.173938512802124,]
