best-result = 33.01842522621155
warmup-time = 34.19441223144531
all-measurements = [ 33.39060711860657, 33.01842522621155, 33.76308846473694,]
