best-result = 43.76821327209473
warmup-time = 44.4734570980072
all-measurements = [ 44.41540336608887, 44.83341121673584, 43.76821327209473,]
