best-result = 96.90952014923096
warmup-time = 97.22268223762512
all-measurements = [ 98.58503723144531, 98.56690263748169, 96.90952014923096,]
