best-result = 27.701329708099365
warmup-time = 28.95967960357666
all-measurements = [ 27.701329708099365, 28.75118923187256, 28.79064631462097,]
