best-result = 34.036107778549194
warmup-time = 34.66906690597534
all-measurements = [ 34.265114068984985, 34.036107778549194, 35.466623067855835,]
