best-result = 89.22483849525452
warmup-time = 99.16872382164001
all-measurements = [ 91.39600014686584, 91.3616738319397, 89.22483849525452,]
