best-result = 39.5951886177063
warmup-time = 39.96151113510132
all-measurements = [ 40.158807039260864, 39.5951886177063, 40.145933389663696,]
