best-result = 42.614423513412476
warmup-time = 45.68812394142151
all-measurements = [ 42.80799865722656, 42.614423513412476, 45.41580605506897,]
