best-result = 27.15221929550171
warmup-time = 28.47709059715271
all-measurements = [ 27.546618938446045, 28.6498544216156, 27.15221929550171,]
