best-result = 691.6733596324921
warmup-time = 724.602719783783
all-measurements = [ 698.5657098293304, 698.1081893444061, 691.6733596324921,]
