best-result = 173.75562000274658
warmup-time = 176.05795574188232
all-measurements = [ 175.77414321899414, 176.52590465545654, 173.75562000274658,]
