best-result = 43.117677211761475
warmup-time = 46.18716478347778
all-measurements = [ 44.35302782058716, 44.868735551834106, 43.117677211761475,]
