best-result = 56.1490957736969
warmup-time = 69.80746245384216
all-measurements = [ 56.1490957736969, 65.56194257736206, 58.311339139938354,]
