best-result = 22.67721176147461
warmup-time = 23.161351680755615
all-measurements = [ 22.78176259994507, 22.67721176147461, 23.198946952819824,]
