best-result = 46.613489389419556
warmup-time = 64.38318920135498
all-measurements = [ 46.613489389419556, 46.95851373672485, 47.32320833206177,]
