best-result = 46.393723487854004
warmup-time = 59.74813508987427
all-measurements = [ 46.513649225234985, 46.393723487854004, 46.87307167053223,]
