best-result = 934.9497244358063
warmup-time = 1128.9585449695587
all-measurements = [ 934.9497244358063, 940.6370599269867, 936.9598655700684,]
