best-result = 84.9902503490448
warmup-time = 100.70102000236511
all-measurements = [ 85.53060865402222, 87.12736487388611, 84.9902503490448,]
