best-result = 82.20650553703308
warmup-time = 103.31585955619812
all-measurements = [ 82.28547739982605, 82.20650553703308, 83.35094738006592,]
