best-result = 70.27620267868042
warmup-time = 92.61883735656738
all-measurements = [ 70.53063488006592, 70.27620267868042, 70.56477642059326,]
