best-result = 91.04529213905334
warmup-time = 104.61328363418579
all-measurements = [ 91.04529213905334, 91.66950416564941, 91.96755456924438,]
