best-result = 632.9749462604523
warmup-time = 647.8231763839722
all-measurements = [ 637.4875214099884, 634.5380806922913, 632.9749462604523,]
