best-result = 63.85057282447815
warmup-time = 77.51890444755554
all-measurements = [ 64.70443964004517, 63.85057282447815, 64.81389212608337,]
