best-result = 224.46651005744934
warmup-time = 369.888409614563
all-measurements = [ 225.25631093978882, 224.99616026878357, 224.46651005744934,]
