best-result = 440.32085394859314
warmup-time = 882.2694022655487
all-measurements = [ 442.72329545021057, 444.8986370563507, 440.32085394859314,]
