best-result = 62.31524181365967
warmup-time = 78.4176516532898
all-measurements = [ 62.31524181365967, 62.455578088760376, 62.75784516334534,]
