best-result = 140.64685893058777
warmup-time = 171.14503073692322
all-measurements = [ 140.88698816299438, 140.64685893058777, 141.11091113090515,]
