best-result = 885.5781810283661
warmup-time = 907.2076742649078
all-measurements = [ 893.0169532299042, 885.5781810283661, 887.4753160476685,]
