best-result = 27.362552404403687
warmup-time = 36.64870548248291
all-measurements = [ 27.52320170402527, 27.95137095451355, 27.362552404403687,]
