best-result = 58.48700928688049
warmup-time = 72.49943256378174
all-measurements = [ 58.48700928688049, 59.566840171813965, 60.14286541938782,]
