best-result = 59.23600959777832
warmup-time = 74.17030239105225
all-measurements = [ 61.93115258216858, 59.70949602127075, 59.23600959777832,]
