best-result = 111.16715478897095
warmup-time = 140.66485142707825
all-measurements = [ 111.16715478897095, 111.82255673408508, 111.79650592803955,]
