best-result = 785.5509524345398
warmup-time = 850.7027761936188
all-measurements = [ 816.6254563331604, 785.5509524345398, 792.6551361083984,]
