best-result = 33.5633499622345
warmup-time = 41.45187425613403
all-measurements = [ 33.5633499622345, 33.86175537109375, 33.80878496170044,]
