best-result = 55.285699129104614
warmup-time = 71.98636531829834
all-measurements = [ 55.863709449768066, 55.285699129104614, 55.739359617233276,]
