best-result = 2634.9656088352203
warmup-time = 3950.091859102249
all-measurements = [ 2863.2455739974976, 3008.221024751663, 2634.9656088352203,]
