best-result = 49.43750977516174
warmup-time = 71.57312345504761
all-measurements = [ 50.04430365562439, 49.43750977516174, 49.95190238952637,]
