best-result = 77.8718798160553
warmup-time = 98.13651919364929
all-measurements = [ 78.26052069664001, 78.06649518013, 77.8718798160553,]
