best-result = 36.73267912864685
warmup-time = 47.21595597267151
all-measurements = [ 37.04312705993652, 37.051124811172485, 36.73267912864685,]
