best-result = 352.5654921531677
warmup-time = 488.9321231842041
all-measurements = [ 357.327663898468, 352.5654921531677, 354.6959888935089,]
