best-result = 59.087356090545654
warmup-time = 59.879759073257446
all-measurements = [ 59.727822065353394, 59.087356090545654, 59.33521819114685,]
