best-result = 21.352341413497925
warmup-time = 22.060219526290894
all-measurements = [ 21.352341413497925, 21.455145359039307, 21.396758317947388,]
