best-result = 46.84879422187805
warmup-time = 61.13485097885132
all-measurements = [ 47.56124305725098, 47.70687198638916, 46.84879422187805,]
