best-result = 46.342156410217285
warmup-time = 58.52346205711365
all-measurements = [ 46.53055238723755, 46.342156410217285, 46.62046265602112,]
