best-result = 970.1379773616791
warmup-time = 1165.299705505371
all-measurements = [ 970.1379773616791, 981.2345449924469, 978.1145083904266,]
