best-result = 81.26011872291565
warmup-time = 96.08595895767212
all-measurements = [ 81.9821503162384, 81.26011872291565, 82.20397353172302,]
