best-result = 78.43173027038574
warmup-time = 100.48622155189514
all-measurements = [ 79.25099182128906, 78.68656849861145, 78.43173027038574,]
