best-result = 68.84032464027405
warmup-time = 89.96158957481384
all-measurements = [ 69.43493890762329, 68.84032464027405, 68.87966465950012,]
