best-result = 83.89443945884705
warmup-time = 97.44128775596619
all-measurements = [ 84.99324703216553, 83.89443945884705, 83.94842028617859,]
