best-result = 590.531902551651
warmup-time = 629.1738851070404
all-measurements = [ 594.7592408657074, 590.531902551651, 591.9201481342316,]
