best-result = 61.619553089141846
warmup-time = 75.31487226486206
all-measurements = [ 61.619553089141846, 61.73245573043823, 62.49294328689575,]
