best-result = 228.30994749069214
warmup-time = 395.61135482788086
all-measurements = [ 231.12404680252075, 231.7728090286255, 228.30994749069214,]
