best-result = 441.24015522003174
warmup-time = 910.2138946056366
all-measurements = [ 441.24015522003174, 442.62740659713745, 443.7183048725128,]
