best-result = 59.9308660030365
warmup-time = 74.80550575256348
all-measurements = [ 59.9308660030365, 60.344069957733154, 60.50806474685669,]
