best-result = 855.4772047996521
warmup-time = 890.2873520851135
all-measurements = [ 855.4772047996521, 862.2182507514954, 861.8930394649506,]
