best-result = 26.720350742340088
warmup-time = 35.29742884635925
all-measurements = [ 26.98573088645935, 27.217743635177612, 26.720350742340088,]
