best-result = 58.11874961853027
warmup-time = 69.86576581001282
all-measurements = [ 58.413450717926025, 58.60208868980408, 58.11874961853027,]
