best-result = 55.701475858688354
warmup-time = 69.88399696350098
all-measurements = [ 56.02493906021118, 55.701475858688354, 56.0783429145813,]
