best-result = 108.13221764564514
warmup-time = 138.23564076423645
all-measurements = [ 109.57597279548645, 108.13221764564514, 108.7240686416626,]
