best-result = 768.5647852420807
warmup-time = 837.9163866043091
all-measurements = [ 769.6347236633301, 768.5647852420807, 769.7162897586823,]
