best-result = 33.24730634689331
warmup-time = 42.18467116355896
all-measurements = [ 33.24730634689331, 33.63084840774536, 34.10237503051758,]
