best-result = 52.95636606216431
warmup-time = 67.64374566078186
all-measurements = [ 53.38797998428345, 53.786871671676636, 52.95636606216431,]
