best-result = 49.29804039001465
warmup-time = 68.32572150230408
all-measurements = [ 50.026241064071655, 50.36467385292053, 49.29804039001465,]
