best-result = 78.63197135925293
warmup-time = 98.60317897796631
all-measurements = [ 78.97774147987366, 78.63197135925293, 79.43466210365295,]
