best-result = 35.307374715805054
warmup-time = 45.080238819122314
all-measurements = [ 35.307374715805054, 36.319931745529175, 35.49933743476868,]
