best-result = 347.46450209617615
warmup-time = 493.25439381599426
all-measurements = [ 351.2183783054352, 348.8458185195923, 347.46450209617615,]
