best-result = 102.5755774974823
warmup-time = 102.77350163459778
all-measurements = [ 102.5755774974823, 103.55872011184692, 103.64428234100342,]
