best-result = 25.346044540405273
warmup-time = 26.024598598480225
all-measurements = [ 25.572223901748657, 25.346044540405273, 25.507965326309204,]
