best-result = 37.45221662521362
warmup-time = 36.81795954704285
all-measurements = [ 37.45221662521362, 38.76089143753052, 37.58384943008423,]
