best-result = 30.96996760368347
warmup-time = 32.02721190452576
all-measurements = [ 31.471298456192017, 30.96996760368347, 31.980905532836914,]
