best-result = 261.1372072696686
warmup-time = 268.1771340370178
all-measurements = [ 266.15083837509155, 265.8494188785553, 261.1372072696686,]
