best-result = 36.398096799850464
warmup-time = 36.39762759208679
all-measurements = [ 36.398096799850464, 36.7577428817749, 37.1108283996582,]
