best-result = 40.35350203514099
warmup-time = 40.07212710380554
all-measurements = [ 40.35350203514099, 42.44564986228943, 40.41705870628357,]
