best-result = 48.40204858779907
warmup-time = 50.72091197967529
all-measurements = [ 49.33182168006897, 49.03229641914368, 48.40204858779907,]
