best-result = 33.03815174102783
warmup-time = 33.77034282684326
all-measurements = [ 33.49336290359497, 33.03815174102783, 33.502119064331055,]
