best-result = 36.5022873878479
warmup-time = 38.40173387527466
all-measurements = [ 36.5022873878479, 37.09236478805542, 37.73650097846985,]
