best-result = 59.22519850730896
warmup-time = 67.059725522995
all-measurements = [ 64.15084862709045, 65.07746267318726, 59.22519850730896,]
