best-result = 226.87888407707214
warmup-time = 231.72106051445007
all-measurements = [ 229.22128558158875, 229.1664366722107, 226.87888407707214,]
