best-result = 522.3938994407654
warmup-time = 526.6001489162445
all-measurements = [ 522.3938994407654, 526.5494480133057, 527.777327299118,]
