best-result = 36.374756813049316
warmup-time = 35.807673931121826
all-measurements = [ 36.45654106140137, 36.374756813049316, 37.252354860305786,]
