best-result = 81.32982993125916
warmup-time = 76.41065740585327
all-measurements = [ 81.48345279693604, 82.84480571746826, 81.32982993125916,]
