best-result = 61.93140697479248
warmup-time = 63.984822511672974
all-measurements = [ 61.93140697479248, 61.99665594100952, 63.733638048172,]
