best-result = 28.137516498565674
warmup-time = 28.065670251846313
all-measurements = [ 29.298455476760864, 28.137516498565674, 28.660887718200684,]
