best-result = 32.44246244430542
warmup-time = 35.77112340927124
all-measurements = [ 35.381091594696045, 32.44246244430542, 35.54188656806946,]
