best-result = 33.24018359184265
warmup-time = 35.08348512649536
all-measurements = [ 33.74790143966675, 33.490802526474, 33.24018359184265,]
