best-result = 41.89206504821777
warmup-time = 41.89857506752014
all-measurements = [ 42.42672801017761, 42.29610586166382, 41.89206504821777,]
