best-result = 96.93822407722473
warmup-time = 95.76380515098572
all-measurements = [ 96.93822407722473, 99.53521394729614, 97.13872694969177,]
