best-result = 27.34857940673828
warmup-time = 27.658782958984375
all-measurements = [ 29.19767665863037, 27.34857940673828, 29.675785779953003,]
