best-result = 32.46193981170654
warmup-time = 32.53186297416687
all-measurements = [ 35.923394203186035, 32.46193981170654, 34.79423975944519,]
