best-result = 87.76501607894897
warmup-time = 88.83782863616943
all-measurements = [ 96.65995764732361, 87.76501607894897, 93.10382318496704,]
