best-result = 37.7081081867218
warmup-time = 40.03248643875122
all-measurements = [ 38.807100772857666, 37.7081081867218, 40.21701693534851,]
