best-result = 43.74690365791321
warmup-time = 43.704365253448486
all-measurements = [ 43.74690365791321, 44.236772775650024, 45.367799282073975,]
