best-result = 27.93332839012146
warmup-time = 27.644007682800293
all-measurements = [ 27.93332839012146, 28.763229370117188, 28.870320558547974,]
