best-result = 699.6445462703705
warmup-time = 729.2633397579193
all-measurements = [ 703.6295921802521, 706.3615646362305, 699.6445462703705,]
