best-result = 174.97457671165466
warmup-time = 179.02339363098145
all-measurements = [ 176.96242952346802, 178.28679513931274, 174.97457671165466,]
