best-result = 44.04034423828125
warmup-time = 43.78102731704712
all-measurements = [ 45.08011245727539, 44.04034423828125, 44.643049240112305,]
