best-result = 56.994088649749756
warmup-time = 66.48931932449341
all-measurements = [ 59.804572343826294, 67.97508835792542, 56.994088649749756,]
