best-result = 22.34972310066223
warmup-time = 22.141422748565674
all-measurements = [ 22.57270646095276, 22.34972310066223, 23.199436902999878,]
