best-result = 47.687925577163696
warmup-time = 65.6343731880188
all-measurements = [ 48.40691590309143, 47.687925577163696, 48.26965284347534,]
