best-result = 47.250715494155884
warmup-time = 60.86168360710144
all-measurements = [ 47.250715494155884, 47.60447907447815, 47.28495764732361,]
