best-result = 997.0857870578766
warmup-time = 1214.3730857372284
all-measurements = [ 1012.6254677772522, 997.0857870578766, 1012.6312997341156,]
