best-result = 82.4357442855835
warmup-time = 98.22080159187317
all-measurements = [ 82.4357442855835, 82.7501962184906, 83.66764330863953,]
