best-result = 79.24698090553284
warmup-time = 101.63478207588196
all-measurements = [ 80.02241897583008, 79.4333221912384, 79.24698090553284,]
