best-result = 69.63106393814087
warmup-time = 92.39734959602356
all-measurements = [ 69.65011191368103, 69.63106393814087, 71.08916139602661,]
