best-result = 85.64419054985046
warmup-time = 101.56666469573975
all-measurements = [ 85.99668860435486, 85.76990032196045, 85.64419054985046,]
