best-result = 600.0943520069122
warmup-time = 610.5291795730591
all-measurements = [ 604.0117509365082, 600.0943520069122, 601.4704205989838,]
