best-result = 63.52683615684509
warmup-time = 81.97714400291443
all-measurements = [ 63.940253257751465, 63.52683615684509, 64.04772996902466,]
