best-result = 233.59846019744873
warmup-time = 428.92922735214233
all-measurements = [ 233.59846019744873, 233.9340443611145, 235.9436056613922,]
