best-result = 440.9115662574768
warmup-time = 965.7352919578552
all-measurements = [ 450.1246802806854, 440.9115662574768, 443.03670954704285,]
