best-result = 60.128419637680054
warmup-time = 78.13087797164917
all-measurements = [ 60.42126202583313, 60.128419637680054, 60.535584449768066,]
