best-result = 878.4930624961853
warmup-time = 924.7389676570892
all-measurements = [ 883.7532744407654, 881.610719203949, 878.4930624961853,]
