best-result = 27.51897168159485
warmup-time = 37.68277883529663
all-measurements = [ 27.722074508666992, 27.51897168159485, 28.563796281814575,]
