best-result = 59.85099148750305
warmup-time = 74.67888259887695
all-measurements = [ 60.89652228355408, 59.85099148750305, 59.85248279571533,]
