best-result = 56.5356240272522
warmup-time = 72.34567546844482
all-measurements = [ 57.22271680831909, 56.71881031990051, 56.5356240272522,]
