best-result = 110.32101035118103
warmup-time = 143.27802395820618
all-measurements = [ 110.75931429862976, 110.62784552574158, 110.32101035118103,]
