best-result = 775.8287258148193
warmup-time = 861.2286775112152
all-measurements = [ 775.8287258148193, 778.337833404541, 776.5555543899536,]
