best-result = 33.994699239730835
warmup-time = 42.13751459121704
all-measurements = [ 34.37448525428772, 33.994699239730835, 34.22816252708435,]
