best-result = 53.564828395843506
warmup-time = 70.17048764228821
all-measurements = [ 53.97537970542908, 53.564828395843506, 54.501591205596924,]
