best-result = 50.32640790939331
warmup-time = 71.36253190040588
all-measurements = [ 50.32640790939331, 51.4352343082428, 50.58100247383118,]
