best-result = 79.42679071426392
warmup-time = 100.8227105140686
all-measurements = [ 79.42679071426392, 79.82403349876404, 79.75890707969666,]
