best-result = 36.222299575805664
warmup-time = 45.53279495239258
all-measurements = [ 36.222299575805664, 37.0919234752655, 36.33067870140076,]
