best-result = 357.7477262020111
warmup-time = 511.43211603164673
all-measurements = [ 365.2902309894562, 357.7477262020111, 359.22894620895386,]
