best-result = 104.12300276756287
warmup-time = 104.02136182785034
all-measurements = [ 104.12300276756287, 104.53868985176086, 104.29581022262573,]
