best-result = 23.30781102180481
warmup-time = 23.515087604522705
all-measurements = [ 23.74135947227478, 23.62655782699585, 23.30781102180481,]
