best-result = 47.06400227546692
warmup-time = 62.053266286849976
all-measurements = [ 47.560816049575806, 47.06400227546692, 47.68928265571594,]
