best-result = 46.69430184364319
warmup-time = 58.77917218208313
all-measurements = [ 47.0456280708313, 46.69430184364319, 47.24483251571655,]
