best-result = 889.2053060531616
warmup-time = 1106.108479499817
all-measurements = [ 903.9761550426483, 889.2053060531616, 896.0592339038849,]
