best-result = 86.10818290710449
warmup-time = 101.4900209903717
all-measurements = [ 87.5294132232666, 86.10818290710449, 86.46643567085266,]
