best-result = 987.3267786502838
warmup-time = 1017.2449433803558
all-measurements = [ 989.8600387573242, 994.1333146095276, 987.3267786502838,]
