best-result = 84.30927324295044
warmup-time = 104.04355788230896
all-measurements = [ 84.30927324295044, 84.49367666244507, 84.66928601264954,]
