best-result = 68.37205839157104
warmup-time = 88.0178074836731
all-measurements = [ 68.54958915710449, 68.90597486495972, 68.37205839157104,]
