best-result = 92.14784097671509
warmup-time = 104.03110098838806
all-measurements = [ 92.63682794570923, 92.14784097671509, 93.26125025749207,]
