best-result = 649.9491193294525
warmup-time = 662.0308470726013
all-measurements = [ 659.9796357154846, 651.0291504859924, 649.9491193294525,]
