best-result = 61.725196838378906
warmup-time = 78.41040539741516
all-measurements = [ 62.89311099052429, 62.50193643569946, 61.725196838378906,]
