best-result = 205.16443634033203
warmup-time = 356.9329516887665
all-measurements = [ 205.16443634033203, 205.88756203651428, 207.4442663192749,]
