best-result = 387.5291106700897
warmup-time = 829.7524373531342
all-measurements = [ 387.5291106700897, 389.0741672515869, 391.0651707649231,]
