best-result = 62.958709955215454
warmup-time = 80.34149813652039
all-measurements = [ 63.15871548652649, 63.483952045440674, 62.958709955215454,]
