best-result = 41.148802757263184
warmup-time = 56.65059280395508
all-measurements = [ 47.28492331504822, 43.23797798156738, 41.148802757263184,]
