best-result = 135.2965407371521
warmup-time = 164.471173286438
all-measurements = [ 136.6412489414215, 136.1652090549469, 135.2965407371521,]
