best-result = 931.7910439968109
warmup-time = 961.4528234004974
all-measurements = [ 944.0944426059723, 940.2169780731201, 931.7910439968109,]
