best-result = 28.096378087997437
warmup-time = 37.276917934417725
all-measurements = [ 28.096378087997437, 28.759907007217407, 28.510841608047485,]
