best-result = 57.800058126449585
warmup-time = 70.31019282341003
all-measurements = [ 57.800058126449585, 58.06164526939392, 58.35316467285156,]
