best-result = 60.74158430099487
warmup-time = 75.26020216941833
all-measurements = [ 61.06917953491211, 60.74158430099487, 60.820250511169434,]
