best-result = 109.77238774299622
warmup-time = 136.99822688102722
all-measurements = [ 110.74098825454712, 111.46088194847107, 109.77238774299622,]
