best-result = 776.9775750637054
warmup-time = 844.7320771217346
all-measurements = [ 776.9775750637054, 778.042040348053, 778.571742773056,]
