best-result = 34.195876359939575
warmup-time = 42.494216203689575
all-measurements = [ 35.032734632492065, 34.195876359939575, 34.47016429901123,]
