best-result = 56.0383186340332
warmup-time = 71.09678936004639
all-measurements = [ 56.0383186340332, 57.069621562957764, 56.30394768714905,]
