best-result = 1491.5514018535614
warmup-time = 1600.3090372085571
all-measurements = [ 1491.5514018535614, 2225.71168589592, 1706.7491943836212,]
