best-result = 48.940449714660645
warmup-time = 68.64006996154785
all-measurements = [ 49.738407373428345, 48.940449714660645, 49.392701148986816,]
