best-result = 83.40461993217468
warmup-time = 101.89227962493896
all-measurements = [ 83.40461993217468, 83.68274116516113, 83.44988226890564,]
