best-result = 38.037291526794434
warmup-time = 46.12727236747742
all-measurements = [ 38.037291526794434, 38.383381843566895, 38.62504267692566,]
