best-result = 333.87115144729614
warmup-time = 478.1772828102112
all-measurements = [ 342.4333760738373, 336.80614137649536, 333.87115144729614,]
