best-result = 58.59996294975281
warmup-time = 59.34231781959534
all-measurements = [ 59.63119387626648, 59.62272882461548, 58.59996294975281,]
