best-result = 26.76707696914673
warmup-time = 27.23816180229187
all-measurements = [ 27.319965839385986, 27.180763721466064, 26.76707696914673,]
