best-result = 37.80651497840881
warmup-time = 39.75009250640869
all-measurements = [ 40.808075189590454, 37.80651497840881, 39.44916749000549,]
