best-result = 33.75654578208923
warmup-time = 34.24590516090393
all-measurements = [ 34.09444546699524, 35.21191883087158, 33.75654578208923,]
