best-result = 288.2269206047058
warmup-time = 292.3788492679596
all-measurements = [ 288.2269206047058, 290.7225887775421, 290.803382396698,]
