best-result = 38.28038477897644
warmup-time = 38.09769034385681
all-measurements = [ 38.28038477897644, 39.406604528427124, 38.4276008605957,]
