best-result = 43.82943034172058
warmup-time = 47.53637099266052
all-measurements = [ 44.49993562698364, 43.82943034172058, 45.9038360118866,]
