best-result = 52.84388875961304
warmup-time = 52.9292893409729
all-measurements = [ 53.68727493286133, 52.84388875961304, 53.9138970375061,]
