best-result = 37.26368498802185
warmup-time = 38.59428262710571
all-measurements = [ 37.368842363357544, 37.26368498802185, 38.726402282714844,]
