best-result = 41.210044145584106
warmup-time = 39.867982625961304
all-measurements = [ 41.210044145584106, 41.532726764678955, 42.06454539299011,]
