best-result = 62.50817513465881
warmup-time = 67.28812980651855
all-measurements = [ 62.50817513465881, 65.39377641677856, 65.89451622962952,]
