best-result = 258.05420541763306
warmup-time = 256.30624437332153
all-measurements = [ 258.05420541763306, 261.1200113296509, 260.1394691467285,]
