best-result = 595.7526063919067
warmup-time = 599.2787463665009
all-measurements = [ 599.570374250412, 595.7526063919067, 596.3096389770508,]
