best-result = 38.84880018234253
warmup-time = 39.634846448898315
all-measurements = [ 40.597676038742065, 39.247087240219116, 38.84880018234253,]
