best-result = 67.66298365592957
warmup-time = 67.68438363075256
all-measurements = [ 67.66298365592957, 69.86826825141907, 67.66780304908752,]
