best-result = 28.833882570266724
warmup-time = 31.468297004699707
all-measurements = [ 28.921719312667847, 28.833882570266724, 30.289958000183105,]
