best-result = 38.025742530822754
warmup-time = 38.348365783691406
all-measurements = [ 38.553694009780884, 38.025742530822754, 39.07486653327942,]
