best-result = 35.5262086391449
warmup-time = 35.70853614807129
all-measurements = [ 35.5262086391449, 35.599623680114746, 35.7438006401062,]
