best-result = 47.06074571609497
warmup-time = 46.03980255126953
all-measurements = [ 47.06074571609497, 47.498780488967896, 47.07210564613342,]
