best-result = 106.60577058792114
warmup-time = 107.65024495124817
all-measurements = [ 106.82126092910767, 109.73286271095276, 106.60577058792114,]
