best-result = 29.921491622924805
warmup-time = 30.53358769416809
all-measurements = [ 30.56101393699646, 29.921491622924805, 30.792680740356445,]
