best-result = 36.45351529121399
warmup-time = 38.06397247314453
all-measurements = [ 38.492111682891846, 36.74526810646057, 36.45351529121399,]
