best-result = 43.1763858795166
warmup-time = 42.48391652107239
all-measurements = [ 43.56663393974304, 43.1763858795166, 44.08597135543823,]
