best-result = 45.698925256729126
warmup-time = 49.11535716056824
all-measurements = [ 45.698925256729126, 47.17833471298218, 46.33901238441467,]
