best-result = 28.782087564468384
warmup-time = 29.01129126548767
all-measurements = [ 29.65923047065735, 28.782087564468384, 29.05854034423828,]
