best-result = 739.2012717723846
warmup-time = 744.2525990009308
all-measurements = [ 758.3796193599701, 739.2012717723846, 740.6880004405975,]
