best-result = 196.464040517807
warmup-time = 197.7483811378479
all-measurements = [ 197.71172547340393, 196.464040517807, 198.3566632270813,]
