best-result = 46.88656973838806
warmup-time = 46.016504764556885
all-measurements = [ 46.88656973838806, 48.22235441207886, 47.51513862609863,]
