best-result = 24.839622735977173
warmup-time = 25.56154179573059
all-measurements = [ 25.022998094558716, 25.619800567626953, 24.839622735977173,]
