best-result = 35.250852823257446
warmup-time = 35.860082149505615
all-measurements = [ 36.47203254699707, 35.250852823257446, 36.429492235183716,]
