best-result = 31.46089816093445
warmup-time = 32.34656524658203
all-measurements = [ 33.208736419677734, 32.05178952217102, 31.46089816093445,]
