best-result = 262.22899532318115
warmup-time = 270.37410950660706
all-measurements = [ 265.7700481414795, 262.22899532318115, 266.3784201145172,]
