best-result = 36.16655659675598
warmup-time = 36.53180003166199
all-measurements = [ 36.16655659675598, 36.37411689758301, 36.9723482131958,]
