best-result = 41.92312216758728
warmup-time = 41.61034607887268
all-measurements = [ 41.92312216758728, 43.09020972251892, 42.14353799819946,]
