best-result = 49.92010521888733
warmup-time = 51.03007459640503
all-measurements = [ 51.40871071815491, 50.37866735458374, 49.92010521888733,]
