best-result = 33.01838660240173
warmup-time = 33.90111708641052
all-measurements = [ 33.98068141937256, 34.45769238471985, 33.01838660240173,]
