best-result = 37.18796968460083
warmup-time = 37.40328097343445
all-measurements = [ 37.266019105911255, 38.35066080093384, 37.18796968460083,]
