best-result = 58.265830755233765
warmup-time = 61.82037663459778
all-measurements = [ 60.41235065460205, 58.265830755233765, 61.14326596260071,]
