best-result = 229.27994632720947
warmup-time = 233.38964533805847
all-measurements = [ 229.87215447425842, 230.4128429889679, 229.27994632720947,]
