best-result = 522.465811252594
warmup-time = 528.474338054657
all-measurements = [ 522.465811252594, 524.1905393600464, 525.1904239654541,]
