best-result = 35.2045156955719
warmup-time = 37.21684241294861
all-measurements = [ 35.74026131629944, 35.2045156955719, 36.50711393356323,]
