best-result = 64.24880409240723
warmup-time = 63.01462531089783
all-measurements = [ 64.67038011550903, 65.1512041091919, 64.24880409240723,]
