best-result = 26.86732316017151
warmup-time = 27.63942050933838
all-measurements = [ 27.62478756904602, 28.424236297607422, 26.86732316017151,]
