best-result = 33.10008931159973
warmup-time = 35.90738368034363
all-measurements = [ 36.58195924758911, 33.10008931159973, 35.94824719429016,]
