best-result = 33.51840686798096
warmup-time = 32.78754258155823
all-measurements = [ 33.51840686798096, 34.529218673706055, 33.96986436843872,]
