best-result = 42.032166719436646
warmup-time = 44.85560870170593
all-measurements = [ 42.97105073928833, 43.98813509941101, 42.032166719436646,]
