best-result = 97.8548231124878
warmup-time = 97.54709076881409
all-measurements = [ 98.63691759109497, 98.74208903312683, 97.8548231124878,]
