best-result = 26.421261310577393
warmup-time = 28.922152519226074
all-measurements = [ 26.421261310577393, 26.68879747390747, 26.881022453308105,]
