best-result = 33.05462670326233
warmup-time = 33.763705015182495
all-measurements = [ 34.06720423698425, 33.13610243797302, 33.05462670326233,]
