best-result = 86.61298203468323
warmup-time = 96.2547378540039
all-measurements = [ 86.61298203468323, 87.67131090164185, 91.59191751480103,]
