best-result = 38.66406989097595
warmup-time = 39.013270139694214
all-measurements = [ 38.66406989097595, 39.699193239212036, 40.13577198982239,]
