best-result = 42.937437772750854
warmup-time = 43.74098610877991
all-measurements = [ 42.937437772750854, 45.51163983345032, 45.017454385757446,]
