best-result = 27.82402777671814
warmup-time = 28.110310554504395
all-measurements = [ 28.273999214172363, 27.82402777671814, 28.524728775024414,]
