best-result = 678.6545598506927
warmup-time = 749.6791820526123
all-measurements = [ 678.6545598506927, 686.5538120269775, 678.6707448959351,]
