best-result = 175.44502687454224
warmup-time = 180.01840996742249
all-measurements = [ 176.64244747161865, 175.44502687454224, 178.29241275787354,]
