best-result = 42.282355308532715
warmup-time = 45.89350366592407
all-measurements = [ 43.32975435256958, 42.282355308532715, 45.146750688552856,]
