best-result = 25.912495136260986
warmup-time = 26.51508116722107
all-measurements = [ 25.912495136260986, 25.918641567230225, 25.954992532730103,]
