best-result = 38.761247396469116
warmup-time = 41.44910502433777
all-measurements = [ 38.761247396469116, 38.840476989746094, 39.38972020149231,]
