best-result = 33.31256437301636
warmup-time = 33.980191230773926
all-measurements = [ 33.848379611968994, 33.31256437301636, 34.18511152267456,]
