best-result = 283.10124588012695
warmup-time = 284.14017248153687
all-measurements = [ 286.02987813949585, 287.52726578712463, 283.10124588012695,]
