best-result = 37.253530740737915
warmup-time = 37.374462604522705
all-measurements = [ 37.253530740737915, 37.693143367767334, 37.35432243347168,]
