best-result = 43.98178148269653
warmup-time = 44.75355648994446
all-measurements = [ 45.28227496147156, 44.335209369659424, 43.98178148269653,]
