best-result = 52.81052899360657
warmup-time = 52.793426513671875
all-measurements = [ 52.930302143096924, 53.23539161682129, 52.81052899360657,]
