best-result = 35.62022686004639
warmup-time = 37.07383608818054
all-measurements = [ 35.62022686004639, 37.30860090255737, 37.08086371421814,]
