best-result = 39.8572781085968
warmup-time = 40.33426904678345
all-measurements = [ 39.8572781085968, 39.959965467453, 39.97800302505493,]
