best-result = 60.76379609107971
warmup-time = 65.12109327316284
all-measurements = [ 67.4636812210083, 61.096266984939575, 60.76379609107971,]
