best-result = 256.2003901004791
warmup-time = 257.3904571533203
all-measurements = [ 256.6409330368042, 256.2003901004791, 256.6403753757477,]
