best-result = 596.3651859760284
warmup-time = 598.0116291046143
all-measurements = [ 599.2889790534973, 596.3651859760284, 596.4239699840546,]
