best-result = 37.338467597961426
warmup-time = 39.04904079437256
all-measurements = [ 38.42830944061279, 38.014811754226685, 37.338467597961426,]
