best-result = 67.23289084434509
warmup-time = 67.83337116241455
all-measurements = [ 69.00979232788086, 67.92687678337097, 67.23289084434509,]
