best-result = 28.018382787704468
warmup-time = 28.386635780334473
all-measurements = [ 28.018382787704468, 28.317225217819214, 28.05027747154236,]
