best-result = 37.87950539588928
warmup-time = 34.27029347419739
all-measurements = [ 38.19078540802002, 38.040284156799316, 37.87950539588928,]
