best-result = 34.27758502960205
warmup-time = 36.14028239250183
all-measurements = [ 34.27758502960205, 34.55757260322571, 35.35783076286316,]
