best-result = 45.43904972076416
warmup-time = 44.59754729270935
all-measurements = [ 46.09896540641785, 45.43904972076416, 46.15761470794678,]
