best-result = 105.08305144309998
warmup-time = 107.40496683120728
all-measurements = [ 105.08305144309998, 108.014888048172, 108.74842381477356,]
