best-result = 29.468469381332397
warmup-time = 30.75357484817505
all-measurements = [ 29.468469381332397, 30.102635383605957, 30.632817029953003,]
