best-result = 35.866955518722534
warmup-time = 36.817357778549194
all-measurements = [ 35.866955518722534, 36.050681829452515, 35.98017978668213,]
