best-result = 41.00592017173767
warmup-time = 42.7995285987854
all-measurements = [ 42.49758291244507, 41.00592017173767, 41.82961344718933,]
