best-result = 45.06406927108765
warmup-time = 46.525487184524536
all-measurements = [ 45.06406927108765, 46.39393901824951, 46.29459047317505,]
