best-result = 29.012263774871826
warmup-time = 29.96529459953308
all-measurements = [ 29.47732949256897, 29.012263774871826, 29.75315523147583,]
