best-result = 733.1948843002319
warmup-time = 734.389702796936
all-measurements = [ 754.5542778968811, 733.1948843002319, 741.0855708122253,]
