best-result = 194.50435209274292
warmup-time = 197.8632252216339
all-measurements = [ 194.50435209274292, 200.83183240890503, 200.19261860847473,]
