best-result = 45.7184317111969
warmup-time = 46.836974143981934
all-measurements = [ 45.7184317111969, 46.45533990859985, 47.42180061340332,]
