best-result = 24.722445249557495
warmup-time = 24.84698462486267
all-measurements = [ 25.175935745239258, 24.722445249557495, 25.160783767700195,]
