best-result = 36.068113565444946
warmup-time = 39.40245795249939
all-measurements = [ 37.88729524612427, 36.068113565444946, 37.680009841918945,]
