best-result = 31.13520359992981
warmup-time = 31.54937434196472
all-measurements = [ 32.075955867767334, 31.13520359992981, 32.370365619659424,]
