best-result = 273.92198061943054
warmup-time = 277.2389063835144
all-measurements = [ 274.03465247154236, 274.34011125564575, 273.92198061943054,]
