best-result = 35.46266269683838
warmup-time = 36.22789692878723
all-measurements = [ 36.455703020095825, 35.46266269683838, 36.71863269805908,]
