best-result = 40.95441913604736
warmup-time = 41.864734172821045
all-measurements = [ 40.95441913604736, 42.18678522109985, 41.46356010437012,]
