best-result = 49.85381746292114
warmup-time = 51.88288187980652
all-measurements = [ 51.37672472000122, 49.85381746292114, 50.803844928741455,]
