best-result = 33.683454751968384
warmup-time = 34.269784688949585
all-measurements = [ 33.90807127952576, 33.683454751968384, 35.43294882774353,]
