best-result = 36.894625663757324
warmup-time = 38.076666831970215
all-measurements = [ 36.97663474082947, 36.894625663757324, 38.275370359420776,]
