best-result = 60.202078342437744
warmup-time = 63.228776693344116
all-measurements = [ 60.202078342437744, 61.47093439102173, 62.072243213653564,]
