best-result = 239.46211123466492
warmup-time = 245.774240732193
all-measurements = [ 241.68255496025085, 242.32246565818787, 239.46211123466492,]
