best-result = 544.610592842102
warmup-time = 548.4085233211517
all-measurements = [ 544.610592842102, 547.0089921951294, 545.3063824176788,]
