best-result = 35.568581104278564
warmup-time = 36.884310245513916
all-measurements = [ 36.24255895614624, 35.568581104278564, 35.890716552734375,]
