best-result = 64.90799522399902
warmup-time = 65.02411842346191
all-measurements = [ 66.09746837615967, 67.68887996673584, 64.90799522399902,]
