best-result = 26.646449089050293
warmup-time = 26.971638679504395
all-measurements = [ 26.646449089050293, 27.613413333892822, 27.04658603668213,]
