best-result = 35.82661151885986
warmup-time = 36.607980489730835
all-measurements = [ 35.82661151885986, 36.24228239059448, 36.10626673698425,]
