best-result = 31.79519295692444
warmup-time = 32.52244782447815
all-measurements = [ 32.19876742362976, 31.79519295692444, 32.69849491119385,]
