best-result = 42.94775342941284
warmup-time = 43.88337182998657
all-measurements = [ 42.94775342941284, 43.08917427062988, 43.56910157203674,]
