best-result = 98.85963249206543
warmup-time = 101.50696992874146
all-measurements = [ 100.94994115829468, 98.85963249206543, 99.29315638542175,]
