best-result = 28.062654495239258
warmup-time = 27.79711627960205
all-measurements = [ 28.55241298675537, 28.308007955551147, 28.062654495239258,]
