best-result = 34.186858892440796
warmup-time = 33.29911828041077
all-measurements = [ 34.186858892440796, 34.956411600112915, 34.72990012168884,]
