best-result = 39.37587881088257
warmup-time = 39.4490122795105
all-measurements = [ 39.37587881088257, 39.458436489105225, 39.39381647109985,]
