best-result = 42.216967821121216
warmup-time = 44.0823655128479
all-measurements = [ 42.216967821121216, 45.437854051589966, 42.917524099349976,]
