best-result = 27.740525484085083
warmup-time = 27.525282382965088
all-measurements = [ 28.652538299560547, 27.740525484085083, 28.04393243789673,]
