best-result = 704.28963971138
warmup-time = 732.9366753101349
all-measurements = [ 704.6651592254639, 707.9047837257385, 704.28963971138,]
