best-result = 180.60074591636658
warmup-time = 181.2160918712616
all-measurements = [ 180.60074591636658, 182.6217851638794, 181.99314427375793,]
