best-result = 42.81906080245972
warmup-time = 43.81880497932434
all-measurements = [ 45.801942110061646, 43.58703112602234, 42.81906080245972,]
