best-result = 26.337506532669067
warmup-time = 26.869996070861816
all-measurements = [ 26.556396007537842, 27.012414932250977, 26.337506532669067,]
