best-result = 37.367024421691895
warmup-time = 37.2422149181366
all-measurements = [ 37.367024421691895, 38.242197036743164, 38.599703788757324,]
