best-result = 30.883179664611816
warmup-time = 32.4960618019104
all-measurements = [ 30.883179664611816, 31.641241788864136, 32.590296268463135,]
