best-result = 231.18240523338318
warmup-time = 235.5541775226593
all-measurements = [ 235.8023464679718, 232.5421552658081, 231.18240523338318,]
