best-result = 36.7736382484436
warmup-time = 37.07392430305481
all-measurements = [ 36.7736382484436, 36.844584465026855, 37.008103370666504,]
