best-result = 112.8546302318573
warmup-time = 114.25876069068909
all-measurements = [ 112.8546302318573, 115.04620790481567, 113.4745512008667,]
