best-result = 35.540666580200195
warmup-time = 37.24667739868164
all-measurements = [ 36.06209349632263, 35.580479860305786, 35.540666580200195,]
