best-result = 41.200868129730225
warmup-time = 42.34264397621155
all-measurements = [ 42.07019329071045, 41.200868129730225, 42.290507555007935,]
