best-result = 48.41418170928955
warmup-time = 49.38263654708862
all-measurements = [ 50.60345697402954, 48.41418170928955, 49.05966782569885,]
