best-result = 33.032224893569946
warmup-time = 35.398818492889404
all-measurements = [ 34.086087703704834, 33.032224893569946, 34.05030822753906,]
