best-result = 36.810243129730225
warmup-time = 38.292969942092896
all-measurements = [ 36.99747037887573, 36.810243129730225, 38.28561091423035,]
