best-result = 59.03190755844116
warmup-time = 61.461342573165894
all-measurements = [ 61.68691301345825, 59.03190755844116, 66.50557708740234,]
