best-result = 221.04814529418945
warmup-time = 223.66769361495972
all-measurements = [ 221.18574380874634, 221.04814529418945, 221.79807710647583,]
