best-result = 504.0376422405243
warmup-time = 509.8461377620697
all-measurements = [ 506.8111503124237, 504.0376422405243, 505.75230884552,]
