best-result = 36.54251170158386
warmup-time = 37.42008423805237
all-measurements = [ 36.54251170158386, 36.68170642852783, 37.837817668914795,]
