best-result = 29.432855367660522
warmup-time = 29.727279663085938
all-measurements = [ 29.432855367660522, 29.466118574142456, 29.909506797790527,]
