best-result = 72.37941908836365
warmup-time = 77.785320520401
all-measurements = [ 74.80819201469421, 72.37941908836365, 80.7731785774231,]
