best-result = 61.200639724731445
warmup-time = 63.17011260986328
all-measurements = [ 62.737175703048706, 61.200639724731445, 62.38175940513611,]
