best-result = 28.522794008255005
warmup-time = 28.799812078475952
all-measurements = [ 29.572621822357178, 28.522794008255005, 29.502870082855225,]
