best-result = 33.76807141304016
warmup-time = 35.674582958221436
all-measurements = [ 35.86274528503418, 36.73850417137146, 33.76807141304016,]
