best-result = 33.075687885284424
warmup-time = 34.956103563308716
all-measurements = [ 33.075687885284424, 34.35122847557068, 34.49083852767944,]
