best-result = 43.91867542266846
warmup-time = 42.59972643852234
all-measurements = [ 44.3522846698761, 43.91867542266846, 44.303070306777954,]
