best-result = 92.98136496543884
warmup-time = 96.13841772079468
all-measurements = [ 96.32834434509277, 92.98136496543884, 95.63645434379578,]
