best-result = 29.587721347808838
warmup-time = 28.171963453292847
all-measurements = [ 29.587721347808838, 29.902145385742188, 30.400753021240234,]
