best-result = 34.143129110336304
warmup-time = 35.844120502471924
all-measurements = [ 34.143129110336304, 37.0206413269043, 34.589266777038574,]
