best-result = 88.67938899993896
warmup-time = 95.27653765678406
all-measurements = [ 94.90753316879272, 89.83637523651123, 88.67938899993896,]
