best-result = 38.850364208221436
warmup-time = 39.547173500061035
all-measurements = [ 40.01866412162781, 38.850364208221436, 40.29315161705017,]
