best-result = 42.64874577522278
warmup-time = 46.35551857948303
all-measurements = [ 42.64874577522278, 46.77273631095886, 44.298797607421875,]
