best-result = 51.22578430175781
warmup-time = 51.248117446899414
all-measurements = [ 51.22578430175781, 51.50833511352539, 54.57273459434509,]
