best-result = 29.458428859710693
warmup-time = 28.817167043685913
all-measurements = [ 29.537711143493652, 29.458428859710693, 29.6442449092865,]
