best-result = 658.958292722702
warmup-time = 709.7307703495026
all-measurements = [ 658.958292722702, 667.5768671035767, 661.7291898727417,]
