best-result = 165.9897975921631
warmup-time = 167.98608422279358
all-measurements = [ 165.9897975921631, 172.6621778011322, 168.59971475601196,]
