best-result = 67.30921077728271
warmup-time = 72.12202453613281
all-measurements = [ 67.54644179344177, 67.30921077728271, 70.0029776096344,]
