best-result = 22.858330726623535
warmup-time = 22.78367280960083
all-measurements = [ 22.993385076522827, 22.93949294090271, 22.858330726623535,]
