best-result = 46.71308398246765
warmup-time = 61.20933938026428
all-measurements = [ 46.91253161430359, 46.71308398246765, 46.87719011306763,]
