best-result = 46.54682159423828
warmup-time = 58.45613765716553
all-measurements = [ 46.68085336685181, 46.92191410064697, 46.54682159423828,]
