best-result = 921.8875370025635
warmup-time = 1131.1938321590424
all-measurements = [ 936.9852254390717, 921.8875370025635, 924.9975192546844,]
