best-result = 84.96502995491028
warmup-time = 98.94298815727234
all-measurements = [ 84.96502995491028, 85.56598687171936, 85.22770833969116,]
