best-result = 81.58575057983398
warmup-time = 103.89387607574463
all-measurements = [ 82.02092719078064, 82.25861835479736, 81.58575057983398,]
