best-result = 69.87943458557129
warmup-time = 92.48335313796997
all-measurements = [ 70.12914252281189, 69.87943458557129, 70.34294939041138,]
