best-result = 90.47661066055298
warmup-time = 104.46745324134827
all-measurements = [ 90.6186203956604, 90.47661066055298, 91.2053906917572,]
