best-result = 629.6068642139435
warmup-time = 641.6931345462799
all-measurements = [ 630.299528837204, 632.6080827713013, 629.6068642139435,]
