best-result = 64.46796703338623
warmup-time = 83.03677916526794
all-measurements = [ 64.46796703338623, 64.58814978599548, 65.01097631454468,]
