best-result = 222.1422517299652
warmup-time = 374.18972158432007
all-measurements = [ 224.9318609237671, 223.71938943862915, 222.1422517299652,]
