best-result = 443.19602251052856
warmup-time = 889.3165047168732
all-measurements = [ 443.19602251052856, 444.144229888916, 443.6214711666107,]
