best-result = 62.385889768600464
warmup-time = 80.40460896492004
all-measurements = [ 62.385889768600464, 62.7318012714386, 62.44117760658264,]
