best-result = 142.57152652740479
warmup-time = 174.84457421302795
all-measurements = [ 143.24595856666565, 142.6965160369873, 142.57152652740479,]
