best-result = 880.8110885620117
warmup-time = 911.6914901733398
all-measurements = [ 889.5335845947266, 880.8110885620117, 880.9100496768951,]
