best-result = 27.48989462852478
warmup-time = 36.80655574798584
all-measurements = [ 27.847883462905884, 27.48989462852478, 28.563348531723022,]
