best-result = 58.70533609390259
warmup-time = 71.88546895980835
all-measurements = [ 58.70533609390259, 59.11690640449524, 58.80097270011902,]
