best-result = 58.607938289642334
warmup-time = 74.49480414390564
all-measurements = [ 59.35525822639465, 58.607938289642334, 59.13979244232178,]
