best-result = 110.83230090141296
warmup-time = 140.33052468299866
all-measurements = [ 111.68788051605225, 110.83230090141296, 111.09520411491394,]
