best-result = 783.8725235462189
warmup-time = 883.23814868927
all-measurements = [ 790.6644937992096, 783.8725235462189, 788.6471371650696,]
