best-result = 33.64181423187256
warmup-time = 42.26365256309509
all-measurements = [ 33.64181423187256, 34.10191512107849, 33.714160442352295,]
