best-result = 55.14247941970825
warmup-time = 71.81659626960754
all-measurements = [ 55.20137619972229, 55.35675525665283, 55.14247941970825,]
