best-result = 2363.757004261017
warmup-time = 3065.59477519989
all-measurements = [ 3701.895488023758, 3830.881753921509, 2363.757004261017,]
