best-result = 49.22842574119568
warmup-time = 71.57773804664612
all-measurements = [ 49.22842574119568, 49.46020150184631, 49.867977142333984,]
