best-result = 78.95075964927673
warmup-time = 97.5531485080719
all-measurements = [ 79.14385795593262, 78.95075964927673, 79.05191707611084,]
