best-result = 36.76376557350159
warmup-time = 46.97341513633728
all-measurements = [ 36.816917181015015, 36.820775747299194, 36.76376557350159,]
