best-result = 349.4903664588928
warmup-time = 491.2900342941284
all-measurements = [ 349.4903664588928, 359.83652663230896, 367.22156167030334,]
