best-result = 58.489256381988525
warmup-time = 60.62305665016174
all-measurements = [ 60.07489895820618, 59.62374472618103, 58.489256381988525,]
