best-result = 25.701833486557007
warmup-time = 25.881508350372314
all-measurements = [ 26.393367052078247, 25.701833486557007, 25.974371433258057,]
