best-result = 36.66465091705322
warmup-time = 37.99598789215088
all-measurements = [ 36.66465091705322, 37.65130376815796, 36.954708099365234,]
