best-result = 30.23247194290161
warmup-time = 31.434622526168823
all-measurements = [ 30.23247194290161, 32.083858251571655, 30.97601294517517,]
