best-result = 255.81618404388428
warmup-time = 262.650518655777
all-measurements = [ 256.592800617218, 255.81618404388428, 257.68649458885193,]
