best-result = 36.12531018257141
warmup-time = 35.770371437072754
all-measurements = [ 36.12531018257141, 36.84670400619507, 36.48626208305359,]
