best-result = 111.18384051322937
warmup-time = 113.95459389686584
all-measurements = [ 112.47290563583374, 111.18384051322937, 114.56527400016785,]
