best-result = 33.89418649673462
warmup-time = 35.24159359931946
all-measurements = [ 35.87074685096741, 33.89418649673462, 36.509247064590454,]
