best-result = 39.01054000854492
warmup-time = 39.478808641433716
all-measurements = [ 39.01054000854492, 39.93258094787598, 42.47690534591675,]
