best-result = 47.520556926727295
warmup-time = 47.98898386955261
all-measurements = [ 47.76603555679321, 47.520556926727295, 47.77904725074768,]
