best-result = 32.9507417678833
warmup-time = 34.042726278305054
all-measurements = [ 33.502286195755005, 32.9507417678833, 33.38715624809265,]
