best-result = 36.93952202796936
warmup-time = 38.51333522796631
all-measurements = [ 37.866050004959106, 36.93952202796936, 37.24982213973999,]
