best-result = 57.33532476425171
warmup-time = 61.633649587631226
all-measurements = [ 58.8615882396698, 57.33532476425171, 62.16399049758911,]
