best-result = 223.5063717365265
warmup-time = 227.43375658988953
all-measurements = [ 224.72215628623962, 227.1623179912567, 223.5063717365265,]
