best-result = 514.3668370246887
warmup-time = 519.8469576835632
all-measurements = [ 514.9519822597504, 514.3668370246887, 518.3946206569672,]
