best-result = 36.152745723724365
warmup-time = 36.83950352668762
all-measurements = [ 36.63399600982666, 37.62435984611511, 36.152745723724365,]
