best-result = 28.845719575881958
warmup-time = 28.640496253967285
all-measurements = [ 28.845719575881958, 29.222426176071167, 29.249281406402588,]
