best-result = 73.08015656471252
warmup-time = 78.76677751541138
all-measurements = [ 73.08015656471252, 79.92418479919434, 78.38523435592651,]
