best-result = 61.552042722702026
warmup-time = 62.218557596206665
all-measurements = [ 61.72431802749634, 64.042959690094, 61.552042722702026,]
