best-result = 27.439964056015015
warmup-time = 27.11229968070984
all-measurements = [ 27.72531771659851, 28.39487385749817, 27.439964056015015,]
