best-result = 34.74374175071716
warmup-time = 35.25041890144348
all-measurements = [ 35.404075622558594, 34.74374175071716, 35.01416492462158,]
