best-result = 32.81594204902649
warmup-time = 32.90046453475952
all-measurements = [ 32.81594204902649, 33.52580523490906, 34.02449655532837,]
