best-result = 42.26832842826843
warmup-time = 42.46777963638306
all-measurements = [ 43.79719614982605, 43.116708755493164, 42.26832842826843,]
