best-result = 94.73850607872009
warmup-time = 97.24912285804749
all-measurements = [ 95.26537227630615, 94.73850607872009, 98.26405048370361,]
