best-result = 27.34178352355957
warmup-time = 29.570319890975952
all-measurements = [ 28.10976529121399, 28.869993448257446, 27.34178352355957,]
