best-result = 32.76894807815552
warmup-time = 34.15164875984192
all-measurements = [ 35.61180758476257, 35.54039978981018, 32.76894807815552,]
