best-result = 85.74012398719788
warmup-time = 97.87958216667175
all-measurements = [ 91.06544733047485, 87.79119038581848, 85.74012398719788,]
