best-result = 37.86050319671631
warmup-time = 38.310041427612305
all-measurements = [ 37.86050319671631, 38.60733675956726, 39.21820139884949,]
