best-result = 42.748066663742065
warmup-time = 44.84160089492798
all-measurements = [ 45.016449213027954, 44.240954875946045, 42.748066663742065,]
