best-result = 49.99328947067261
warmup-time = 50.08134937286377
all-measurements = [ 49.99328947067261, 50.454766511917114, 50.01530981063843,]
