best-result = 27.228237867355347
warmup-time = 29.267822742462158
all-measurements = [ 28.590521574020386, 27.228237867355347, 28.570204734802246,]
