best-result = 639.1734421253204
warmup-time = 672.0037431716919
all-measurements = [ 639.1734421253204, 643.0542919635773, 644.225282907486,]
