best-result = 170.54510617256165
warmup-time = 173.14273285865784
all-measurements = [ 170.54510617256165, 173.27459120750427, 174.98903942108154,]
