best-result = 55.06690716743469
warmup-time = 64.50265860557556
all-measurements = [ 68.872145652771, 59.05347919464111, 55.06690716743469,]
