best-result = 24.780264377593994
warmup-time = 25.34858751296997
all-measurements = [ 25.1952805519104, 24.780264377593994, 24.84047818183899,]
