best-result = 34.572654485702515
warmup-time = 37.52694606781006
all-measurements = [ 34.572654485702515, 36.76351547241211, 36.61328721046448,]
