best-result = 31.372682809829712
warmup-time = 32.62518048286438
all-measurements = [ 32.260302782058716, 31.372682809829712, 32.10032939910889,]
