best-result = 272.5879464149475
warmup-time = 275.8371205329895
all-measurements = [ 272.5879464149475, 275.5714695453644, 273.83512902259827,]
