best-result = 36.21111035346985
warmup-time = 37.312458753585815
all-measurements = [ 36.64204382896423, 36.21111035346985, 36.7966206073761,]
