best-result = 41.588271617889404
warmup-time = 43.4229052066803
all-measurements = [ 42.66548013687134, 42.0266854763031, 41.588271617889404,]
