best-result = 50.934720277786255
warmup-time = 50.018173933029175
all-measurements = [ 50.934720277786255, 51.53203248977661, 52.40157771110535,]
