best-result = 33.41942858695984
warmup-time = 35.02407503128052
all-measurements = [ 35.0081889629364, 33.41942858695984, 35.94633388519287,]
