best-result = 36.051074266433716
warmup-time = 37.82893085479736
all-measurements = [ 37.238322257995605, 36.78315281867981, 36.051074266433716,]
