best-result = 60.93823051452637
warmup-time = 60.424914598464966
all-measurements = [ 60.93823051452637, 61.85259127616882, 62.5695903301239,]
