best-result = 241.33733105659485
warmup-time = 245.4350299835205
all-measurements = [ 243.0002565383911, 242.6341197490692, 241.33733105659485,]
