best-result = 544.2390871047974
warmup-time = 547.7544662952423
all-measurements = [ 544.2390871047974, 547.6045577526093, 546.328152179718,]
