best-result = 35.91767859458923
warmup-time = 37.97448229789734
all-measurements = [ 37.252795696258545, 37.33673167228699, 35.91767859458923,]
