best-result = 66.21483182907104
warmup-time = 64.99697017669678
all-measurements = [ 66.7530882358551, 66.21483182907104, 66.87892055511475,]
