best-result = 27.05152988433838
warmup-time = 27.178998231887817
all-measurements = [ 27.541569709777832, 27.05152988433838, 27.460487604141235,]
