best-result = 35.669010162353516
warmup-time = 33.82226777076721
all-measurements = [ 36.081798791885376, 35.669010162353516, 37.76213622093201,]
