best-result = 33.29200553894043
warmup-time = 37.87822508811951
all-measurements = [ 37.873656034469604, 39.04376578330994, 33.29200553894043,]
