best-result = 41.52963590621948
warmup-time = 43.906594038009644
all-measurements = [ 44.73890256881714, 43.82451891899109, 41.52963590621948,]
