best-result = 99.30352878570557
warmup-time = 99.05594420433044
all-measurements = [ 99.30352878570557, 99.78031921386719, 100.97015905380249,]
