best-result = 27.10977578163147
warmup-time = 27.963276386260986
all-measurements = [ 27.292972087860107, 27.10977578163147, 27.884918928146362,]
