best-result = 33.32853317260742
warmup-time = 34.32101535797119
all-measurements = [ 33.430715560913086, 33.667309522628784, 33.32853317260742,]
