best-result = 38.98455786705017
warmup-time = 39.86961841583252
all-measurements = [ 38.98455786705017, 40.98436212539673, 39.84840154647827,]
