best-result = 43.30335021018982
warmup-time = 44.00180768966675
all-measurements = [ 45.02273941040039, 44.96133613586426, 43.30335021018982,]
