best-result = 26.5918288230896
warmup-time = 28.153428077697754
all-measurements = [ 27.465721368789673, 27.278839826583862, 26.5918288230896,]
