best-result = 697.8717272281647
warmup-time = 699.5025565624237
all-measurements = [ 697.8717272281647, 706.5581302642822, 709.0556349754333,]
