best-result = 179.23013138771057
warmup-time = 182.53524613380432
all-measurements = [ 181.6881103515625, 179.23013138771057, 181.63522505760193,]
