best-result = 42.80687069892883
warmup-time = 44.939727544784546
all-measurements = [ 43.398571491241455, 45.22970128059387, 42.80687069892883,]
