best-result = 21.248255729675293
warmup-time = 22.02914309501648
all-measurements = [ 21.42447280883789, 21.495200395584106, 21.248255729675293,]
