best-result = 46.91991114616394
warmup-time = 63.608612298965454
all-measurements = [ 46.91991114616394, 47.36448860168457, 47.334394693374634,]
