best-result = 46.375372886657715
warmup-time = 58.60344958305359
all-measurements = [ 46.45388698577881, 46.97403311729431, 46.375372886657715,]
