best-result = 972.0246033668518
warmup-time = 1172.2978539466858
all-measurements = [ 972.0246033668518, 976.5584545135498, 976.5868163108826,]
