best-result = 81.64885640144348
warmup-time = 96.86409139633179
all-measurements = [ 82.18697834014893, 81.64885640144348, 82.11288261413574,]
