best-result = 78.61621475219727
warmup-time = 98.48956966400146
all-measurements = [ 78.74295377731323, 78.61621475219727, 79.26309394836426,]
