best-result = 68.12331342697144
warmup-time = 90.82637596130371
all-measurements = [ 68.73365616798401, 68.71254706382751, 68.12331342697144,]
