best-result = 83.82544660568237
warmup-time = 98.17119908332825
all-measurements = [ 83.84203910827637, 83.82544660568237, 84.14905071258545,]
