best-result = 590.6268076896667
warmup-time = 617.9855659008026
all-measurements = [ 596.5097267627716, 594.8305532932281, 590.6268076896667,]
