best-result = 61.949427127838135
warmup-time = 76.1186830997467
all-measurements = [ 62.94294238090515, 61.949427127838135, 62.307687759399414,]
