best-result = 227.25504875183105
warmup-time = 392.99862813949585
all-measurements = [ 227.28318071365356, 227.25504875183105, 229.56477665901184,]
