best-result = 441.04369735717773
warmup-time = 905.9050064086914
all-measurements = [ 444.7762472629547, 441.04369735717773, 443.1385085582733,]
