best-result = 59.73128032684326
warmup-time = 76.24032783508301
all-measurements = [ 60.22217679023743, 60.02577877044678, 59.73128032684326,]
