best-result = 852.5920164585114
warmup-time = 886.6894309520721
all-measurements = [ 855.8459956645966, 852.5920164585114, 860.0494530200958,]
