best-result = 26.932310819625854
warmup-time = 35.01950192451477
all-measurements = [ 26.932310819625854, 26.942519187927246, 26.96466898918152,]
