best-result = 58.23578238487244
warmup-time = 71.21961545944214
all-measurements = [ 59.24011540412903, 58.23578238487244, 58.606170654296875,]
