best-result = 55.89947056770325
warmup-time = 69.11581873893738
all-measurements = [ 55.89947056770325, 56.279969215393066, 55.96005439758301,]
