best-result = 108.18568754196167
warmup-time = 138.3464560508728
all-measurements = [ 109.61490297317505, 108.18568754196167, 109.48403644561768,]
