best-result = 766.6706936359406
warmup-time = 838.540736913681
all-measurements = [ 766.6706936359406, 769.8944027423859, 768.2559540271759,]
