best-result = 33.96382284164429
warmup-time = 40.427767515182495
all-measurements = [ 34.03831958770752, 34.04413866996765, 33.96382284164429,]
