best-result = 53.23734641075134
warmup-time = 67.473299741745
all-measurements = [ 53.441492795944214, 53.46758198738098, 53.23734641075134,]
