best-result = 49.55005240440369
warmup-time = 68.33463978767395
all-measurements = [ 49.619722843170166, 49.55005240440369, 49.617937326431274,]
