best-result = 78.79442191123962
warmup-time = 95.87739539146423
all-measurements = [ 78.79442191123962, 79.24383783340454, 79.75212597846985,]
