best-result = 35.75715398788452
warmup-time = 44.695138692855835
all-measurements = [ 35.909008502960205, 35.75715398788452, 35.77048420906067,]
