best-result = 342.1916751861572
warmup-time = 483.04621148109436
all-measurements = [ 342.1916751861572, 345.02016496658325, 348.04469776153564,]
