best-result = 102.77568125724792
warmup-time = 103.12910723686218
all-measurements = [ 102.77568125724792, 102.89608430862427, 102.83779549598694,]
