best-result = 22.86413550376892
warmup-time = 23.138779878616333
all-measurements = [ 22.86413550376892, 23.011524200439453, 23.43079137802124,]
