best-result = 46.54975414276123
warmup-time = 62.64567041397095
all-measurements = [ 46.59178066253662, 47.07733631134033, 46.54975414276123,]
