best-result = 46.37384557723999
warmup-time = 57.860222816467285
all-measurements = [ 46.49817109107971, 46.37384557723999, 46.57073950767517,]
