best-result = 898.5008592605591
warmup-time = 1113.7367017269135
all-measurements = [ 908.8432493209839, 898.5008592605591, 903.0847978591919,]
