best-result = 85.80776190757751
warmup-time = 97.77766013145447
all-measurements = [ 86.87141489982605, 85.98212432861328, 85.80776190757751,]
