best-result = 980.9767391681671
warmup-time = 1013.4535098075867
all-measurements = [ 990.8271594047546, 983.107497215271, 980.9767391681671,]
