best-result = 82.16163945198059
warmup-time = 103.39735507965088
all-measurements = [ 82.74640393257141, 82.6300790309906, 82.16163945198059,]
