best-result = 67.6081874370575
warmup-time = 88.7956645488739
all-measurements = [ 67.70610737800598, 67.98353290557861, 67.6081874370575,]
