best-result = 91.31258201599121
warmup-time = 104.89742946624756
all-measurements = [ 91.31258201599121, 92.08185410499573, 92.2236156463623,]
