best-result = 647.959156036377
warmup-time = 664.1171462535858
all-measurements = [ 647.959156036377, 648.7387282848358, 652.7253031730652,]
