best-result = 62.05706572532654
warmup-time = 75.84011054039001
all-measurements = [ 62.15734243392944, 62.112420082092285, 62.05706572532654,]
