best-result = 206.36282467842102
warmup-time = 359.0978469848633
all-measurements = [ 209.68483710289001, 206.36282467842102, 210.2159402370453,]
