best-result = 426.7853214740753
warmup-time = 866.4018337726593
all-measurements = [ 427.37161135673523, 426.7853214740753, 427.31631541252136,]
