best-result = 63.38175916671753
warmup-time = 80.2817599773407
all-measurements = [ 63.38639712333679, 63.38175916671753, 63.97408151626587,]
