best-result = 40.08855223655701
warmup-time = 47.569506883621216
all-measurements = [ 40.08855223655701, 40.89809226989746, 40.20464277267456,]
