best-result = 135.1120045185089
warmup-time = 156.84222412109375
all-measurements = [ 136.07549834251404, 135.1120045185089, 137.40117144584656,]
