best-result = 915.5712866783142
warmup-time = 953.6278133392334
all-measurements = [ 915.5712866783142, 939.3366513252258, 930.330379486084,]
