best-result = 27.73879909515381
warmup-time = 36.72324538230896
all-measurements = [ 28.061578035354614, 27.920156240463257, 27.73879909515381,]
