best-result = 57.18656039237976
warmup-time = 69.54644465446472
all-measurements = [ 57.63935685157776, 57.18656039237976, 57.57326292991638,]
