best-result = 59.71612310409546
warmup-time = 73.52727198600769
all-measurements = [ 60.02301335334778, 60.51499533653259, 59.71612310409546,]
