best-result = 109.70589470863342
warmup-time = 137.57860159873962
all-measurements = [ 109.70589470863342, 110.09184527397156, 110.27408409118652,]
