best-result = 781.8590579032898
warmup-time = 850.9057288169861
all-measurements = [ 781.8590579032898, 804.7991831302643, 789.17915558815,]
