best-result = 33.94640135765076
warmup-time = 41.68258237838745
all-measurements = [ 33.94640135765076, 34.31123733520508, 34.32382321357727,]
