best-result = 55.366076707839966
warmup-time = 71.6996328830719
all-measurements = [ 56.044758319854736, 55.366076707839966, 55.95814251899719,]
