best-result = 1784.1013617515564
warmup-time = 1422.6792740821838
all-measurements = [ 1861.473562002182, 1784.1013617515564, 1973.1306037902832,]
