best-result = 48.269357442855835
warmup-time = 68.37835383415222
all-measurements = [ 48.269357442855835, 48.57638502120972, 48.69577622413635,]
