best-result = 81.57606935501099
warmup-time = 100.81268119812012
all-measurements = [ 81.75350880622864, 81.57606935501099, 81.57812428474426,]
