best-result = 37.12040901184082
warmup-time = 46.66044235229492
all-measurements = [ 37.87966871261597, 37.31539559364319, 37.12040901184082,]
