best-result = 332.16293573379517
warmup-time = 479.941269159317
all-measurements = [ 332.16293573379517, 339.51466131210327, 332.4160854816437,]
