best-result = 58.862441539764404
warmup-time = 59.40827178955078
all-measurements = [ 59.33610200881958, 59.172088861465454, 58.862441539764404,]
