best-result = 22.093553066253662
warmup-time = 23.039794445037842
all-measurements = [ 22.784780263900757, 22.59229278564453, 22.093553066253662,]
