best-result = 47.799906969070435
warmup-time = 65.57119917869568
all-measurements = [ 47.875741720199585, 47.799906969070435, 48.584628105163574,]
