best-result = 47.31931757926941
warmup-time = 61.282893657684326
all-measurements = [ 47.844074010849, 47.31931757926941, 47.82073259353638,]
