best-result = 1003.4426341056824
warmup-time = 1220.3495035171509
all-measurements = [ 1003.5781064033508, 1014.3707277774811, 1003.4426341056824,]
