best-result = 82.27504372596741
warmup-time = 97.19414710998535
all-measurements = [ 83.66394853591919, 82.27504372596741, 82.50781393051147,]
