best-result = 80.03109216690063
warmup-time = 106.27472519874573
all-measurements = [ 80.49790525436401, 80.03109216690063, 80.1621561050415,]
