best-result = 69.29399800300598
warmup-time = 93.79341387748718
all-measurements = [ 69.37342953681946, 69.29399800300598, 70.17069697380066,]
