best-result = 85.66912150382996
warmup-time = 102.33942103385925
all-measurements = [ 86.02061080932617, 86.70805358886719, 85.66912150382996,]
