best-result = 596.3276529312134
warmup-time = 617.5538349151611
all-measurements = [ 602.0511288642883, 596.3276529312134, 603.2446663379669,]
