best-result = 63.40130853652954
warmup-time = 80.37505030632019
all-measurements = [ 65.12111330032349, 63.40130853652954, 64.66916608810425,]
