best-result = 234.63256287574768
warmup-time = 416.66459465026855
all-measurements = [ 235.9938554763794, 237.01561641693115, 234.63256287574768,]
