best-result = 437.8543710708618
warmup-time = 959.6360394954681
all-measurements = [ 440.2614448070526, 437.8543710708618, 443.4874002933502,]
