best-result = 61.49242901802063
warmup-time = 80.0628571510315
all-measurements = [ 62.21265888214111, 61.49242901802063, 62.076355934143066,]
