best-result = 880.470162153244
warmup-time = 926.1626012325287
all-measurements = [ 891.3609380722046, 880.5466058254242, 880.470162153244,]
