best-result = 27.60980772972107
warmup-time = 35.81848859786987
all-measurements = [ 28.07262134552002, 27.60980772972107, 27.953939199447632,]
