best-result = 56.00155997276306
warmup-time = 72.94520854949951
all-measurements = [ 56.00155997276306, 56.45747685432434, 56.773258686065674,]
