best-result = 110.9093816280365
warmup-time = 141.1683588027954
all-measurements = [ 111.54769349098206, 110.9093816280365, 111.14026737213135,]
