best-result = 781.5386197566986
warmup-time = 861.4032964706421
all-measurements = [ 786.5630559921265, 782.8709194660187, 781.5386197566986,]
