best-result = 53.49621343612671
warmup-time = 70.48192286491394
all-measurements = [ 53.49621343612671, 53.57955288887024, 54.637189865112305,]
