best-result = 50.337167501449585
warmup-time = 70.59500741958618
all-measurements = [ 51.00078821182251, 51.13173866271973, 50.337167501449585,]
