best-result = 80.80322480201721
warmup-time = 100.71390128135681
all-measurements = [ 80.80322480201721, 82.01037096977234, 81.74604558944702,]
