best-result = 36.49513339996338
warmup-time = 45.752562046051025
all-measurements = [ 36.49513339996338, 36.73630094528198, 36.60583019256592,]
