best-result = 354.9356429576874
warmup-time = 517.7355668544769
all-measurements = [ 355.7449882030487, 368.48753452301025, 354.9356429576874,]
