best-result = 104.18338370323181
warmup-time = 104.37749123573303
all-measurements = [ 104.18338370323181, 104.97317910194397, 104.91758418083191,]
