best-result = 21.14859914779663
warmup-time = 21.35278630256653
all-measurements = [ 21.619455814361572, 21.42271375656128, 21.14859914779663,]
