best-result = 46.32423710823059
warmup-time = 62.109644174575806
all-measurements = [ 46.45267295837402, 46.32423710823059, 46.51005530357361,]
