best-result = 45.8593544960022
warmup-time = 58.20764207839966
all-measurements = [ 46.254737854003906, 46.57056403160095, 45.8593544960022,]
