best-result = 966.5692131519318
warmup-time = 1180.9154121875763
all-measurements = [ 986.3702919483185, 979.0175261497498, 966.5692131519318,]
