best-result = 81.22116160392761
warmup-time = 95.02359819412231
all-measurements = [ 81.31566739082336, 81.22116160392761, 81.58024048805237,]
