best-result = 77.67307019233704
warmup-time = 97.41521310806274
all-measurements = [ 77.67307019233704, 77.6841151714325, 77.86925268173218,]
