best-result = 67.9254240989685
warmup-time = 90.33746433258057
all-measurements = [ 69.50460481643677, 68.26768684387207, 67.9254240989685,]
