best-result = 83.43554353713989
warmup-time = 96.39695048332214
all-measurements = [ 83.57783150672913, 84.06027507781982, 83.43554353713989,]
