best-result = 587.0596718788147
warmup-time = 605.4700703620911
all-measurements = [ 589.3848607540131, 587.0596718788147, 588.7812564373016,]
