best-result = 61.61684536933899
warmup-time = 79.38172721862793
all-measurements = [ 61.78399848937988, 62.14919924736023, 61.61684536933899,]
