best-result = 229.00068378448486
warmup-time = 392.9320020675659
all-measurements = [ 234.55852103233337, 231.4009358882904, 229.00068378448486,]
