best-result = 438.2788345813751
warmup-time = 905.6923143863678
all-measurements = [ 444.37991285324097, 438.2788345813751, 438.34049701690674,]
