best-result = 59.43398690223694
warmup-time = 74.8294186592102
all-measurements = [ 59.73877501487732, 59.511555910110474, 59.43398690223694,]
