best-result = 856.8059639930725
warmup-time = 889.9213132858276
all-measurements = [ 879.55011510849, 856.8059639930725, 858.6819169521332,]
