best-result = 26.843914270401
warmup-time = 35.54486608505249
all-measurements = [ 26.94872546195984, 26.85988759994507, 26.843914270401,]
