best-result = 57.66410851478577
warmup-time = 71.92680621147156
all-measurements = [ 58.88920021057129, 57.66410851478577, 59.00762176513672,]
