best-result = 55.35029482841492
warmup-time = 68.87420225143433
all-measurements = [ 56.01101016998291, 55.35029482841492, 55.56495475769043,]
