best-result = 108.5920774936676
warmup-time = 135.84846758842468
all-measurements = [ 109.2331292629242, 109.20701384544373, 108.5920774936676,]
