best-result = 769.9600501060486
warmup-time = 832.7332754135132
all-measurements = [ 772.6594307422638, 769.9600501060486, 770.1521983146667,]
