best-result = 33.21348214149475
warmup-time = 39.77196216583252
all-measurements = [ 33.21348214149475, 33.370678424835205, 34.129384994506836,]
