best-result = 52.68684387207031
warmup-time = 67.06485271453857
all-measurements = [ 52.68684387207031, 52.97071671485901, 53.12943482398987,]
