best-result = 48.96731734275818
warmup-time = 69.1740665435791
all-measurements = [ 49.30220580101013, 49.2714946269989, 48.96731734275818,]
