best-result = 78.05920624732971
warmup-time = 94.62858510017395
all-measurements = [ 78.13675045967102, 78.98749232292175, 78.05920624732971,]
