best-result = 35.10929560661316
warmup-time = 43.980074882507324
all-measurements = [ 35.391454219818115, 35.10929560661316, 36.00196719169617,]
