best-result = 341.9746582508087
warmup-time = 483.28603768348694
all-measurements = [ 351.4943563938141, 341.9746582508087, 344.1978349685669,]
