best-result = 102.04852485656738
warmup-time = 102.0378086566925
all-measurements = [ 102.04852485656738, 102.65510892868042, 102.60686683654785,]
