best-result = 25.62987971305847
warmup-time = 26.118046760559082
all-measurements = [ 25.62987971305847, 25.859407901763916, 26.02159833908081,]
