best-result = 37.54767298698425
warmup-time = 39.20278477668762
all-measurements = [ 38.27182173728943, 37.98862862586975, 37.54767298698425,]
