best-result = 31.976123809814453
warmup-time = 32.58526301383972
all-measurements = [ 32.75954818725586, 31.976123809814453, 32.497477769851685,]
