best-result = 263.5387692451477
warmup-time = 269.6875915527344
all-measurements = [ 266.16478657722473, 263.5387692451477, 264.225457906723,]
