best-result = 36.72164750099182
warmup-time = 37.83202600479126
all-measurements = [ 36.73839521408081, 36.949021100997925, 36.72164750099182,]
