best-result = 41.10692358016968
warmup-time = 41.78826832771301
all-measurements = [ 41.403576612472534, 42.04731059074402, 41.10692358016968,]
