best-result = 49.507079124450684
warmup-time = 50.37812900543213
all-measurements = [ 50.505059242248535, 49.507079124450684, 52.46448111534119,]
