best-result = 34.46340298652649
warmup-time = 35.243640422821045
all-measurements = [ 34.46340298652649, 34.60452628135681, 34.69492268562317,]
