best-result = 37.78453969955444
warmup-time = 37.84262943267822
all-measurements = [ 38.63831543922424, 37.78453969955444, 38.45970153808594,]
