best-result = 65.02508234977722
warmup-time = 60.26709961891174
all-measurements = [ 66.37232565879822, 65.02508234977722, 67.36691331863403,]
