best-result = 230.23631596565247
warmup-time = 233.77976202964783
all-measurements = [ 230.979877948761, 231.9693078994751, 230.23631596565247,]
