best-result = 525.8962669372559
warmup-time = 533.5953187942505
all-measurements = [ 525.8962669372559, 527.6751058101654, 525.9317989349365,]
