best-result = 34.930543184280396
warmup-time = 36.97278547286987
all-measurements = [ 36.905014753341675, 34.930543184280396, 36.74623489379883,]
