best-result = 63.16736650466919
warmup-time = 65.71113920211792
all-measurements = [ 65.5767982006073, 63.16736650466919, 64.30523252487183,]
