best-result = 28.285685300827026
warmup-time = 28.95555067062378
all-measurements = [ 28.285685300827026, 28.83865714073181, 28.396263360977173,]
