best-result = 34.03031134605408
warmup-time = 36.87051320075989
all-measurements = [ 36.52915811538696, 34.03031134605408, 36.902682065963745,]
