best-result = 34.02818989753723
warmup-time = 33.49495315551758
all-measurements = [ 34.02818989753723, 35.06842851638794, 34.53382086753845,]
