best-result = 44.1912956237793
warmup-time = 43.69852876663208
all-measurements = [ 44.1912956237793, 44.312068700790405, 44.331621408462524,]
