best-result = 96.92811107635498
warmup-time = 99.09209418296814
all-measurements = [ 96.92811107635498, 99.41418313980103, 99.27900123596191,]
