best-result = 27.952513933181763
warmup-time = 28.135241508483887
all-measurements = [ 28.241088390350342, 29.950880765914917, 27.952513933181763,]
