best-result = 35.00202655792236
warmup-time = 34.84937119483948
all-measurements = [ 35.359880447387695, 35.00202655792236, 35.72006630897522,]
