best-result = 96.74936652183533
warmup-time = 88.9716420173645
all-measurements = [ 97.67945647239685, 99.14313912391663, 96.74936652183533,]
