best-result = 39.995037317276
warmup-time = 41.057798862457275
all-measurements = [ 39.995037317276, 41.07879590988159, 40.084683418273926,]
