best-result = 43.22893476486206
warmup-time = 45.81808567047119
all-measurements = [ 43.22893476486206, 44.37290835380554, 43.86603617668152,]
