best-result = 28.73848247528076
warmup-time = 29.117697954177856
all-measurements = [ 28.73848247528076, 29.47890043258667, 28.98427963256836,]
