best-result = 684.5897586345673
warmup-time = 719.7845435142517
all-measurements = [ 688.8068499565125, 688.1150238513947, 684.5897586345673,]
