best-result = 175.46389389038086
warmup-time = 178.75356268882751
all-measurements = [ 175.92556738853455, 175.46389389038086, 180.39717960357666,]
