best-result = 42.7400860786438
warmup-time = 42.867005586624146
all-measurements = [ 44.45504570007324, 43.95386505126953, 42.7400860786438,]
