best-result = 22.531111240386963
warmup-time = 22.78497290611267
all-measurements = [ 23.124732732772827, 23.158162355422974, 22.531111240386963,]
