best-result = 46.04417324066162
warmup-time = 62.98458504676819
all-measurements = [ 46.466142892837524, 46.26256990432739, 46.04417324066162,]
