best-result = 46.12372398376465
warmup-time = 56.74102544784546
all-measurements = [ 46.12748646736145, 46.12372398376465, 46.2628607749939,]
