best-result = 897.7605564594269
warmup-time = 1108.582460641861
all-measurements = [ 909.1867008209229, 897.7605564594269, 898.3986442089081,]
