best-result = 84.69632244110107
warmup-time = 98.9794237613678
all-measurements = [ 85.44257760047913, 85.30494999885559, 84.69632244110107,]
