best-result = 977.9834496974945
warmup-time = 1003.6383140087128
all-measurements = [ 982.5287704467773, 977.9834496974945, 980.235942363739,]
