best-result = 81.70957231521606
warmup-time = 102.96685481071472
all-measurements = [ 82.0429356098175, 81.70957231521606, 82.61090135574341,]
