best-result = 67.42423582077026
warmup-time = 86.69434404373169
all-measurements = [ 67.58066773414612, 67.42423582077026, 68.0144305229187,]
