best-result = 90.56040668487549
warmup-time = 105.03707003593445
all-measurements = [ 90.56040668487549, 91.70352077484131, 91.79828906059265,]
