best-result = 645.1771252155304
warmup-time = 662.1197426319122
all-measurements = [ 649.4853267669678, 645.3349475860596, 645.1771252155304,]
