best-result = 60.73557662963867
warmup-time = 76.76597332954407
all-measurements = [ 61.64658308029175, 60.73557662963867, 61.638689279556274,]
