best-result = 206.88354539871216
warmup-time = 361.0899410247803
all-measurements = [ 207.864319562912, 208.39985299110413, 206.88354539871216,]
