best-result = 420.8400628566742
warmup-time = 862.3375833034515
all-measurements = [ 420.8400628566742, 426.81046175956726, 421.93900847435,]
