best-result = 61.234769105911255
warmup-time = 80.91899394989014
all-measurements = [ 62.313220500946045, 61.66360950469971, 61.234769105911255,]
