best-result = 39.37093734741211
warmup-time = 48.20234251022339
all-measurements = [ 39.37093734741211, 40.36086416244507, 40.19917416572571,]
