best-result = 133.97728753089905
warmup-time = 168.14320611953735
all-measurements = [ 134.06568264961243, 134.85100865364075, 133.97728753089905,]
