best-result = 891.564581155777
warmup-time = 931.9211196899414
all-measurements = [ 901.318822145462, 908.5527820587158, 891.564581155777,]
