best-result = 27.39620041847229
warmup-time = 35.89272379875183
all-measurements = [ 27.39620041847229, 27.809516429901123, 28.305236101150513,]
