best-result = 57.0077486038208
warmup-time = 67.523024559021
all-measurements = [ 57.04477119445801, 57.89811420440674, 57.0077486038208,]
