best-result = 59.12638998031616
warmup-time = 73.31636714935303
all-measurements = [ 60.095726013183594, 59.12638998031616, 59.8151752948761,]
