best-result = 109.35944890975952
warmup-time = 139.36732840538025
all-measurements = [ 109.62061405181885, 109.35944890975952, 119.65880346298218,]
