best-result = 775.03977394104
warmup-time = 868.8828146457672
all-measurements = [ 775.9192683696747, 775.03977394104, 775.3591506481171,]
