best-result = 33.63545799255371
warmup-time = 43.00975751876831
all-measurements = [ 33.97575497627258, 33.63545799255371, 34.65916967391968,]
