best-result = 54.7244713306427
warmup-time = 71.56975507736206
all-measurements = [ 55.176918029785156, 54.7244713306427, 55.350796699523926,]
