best-result = 1433.6648454666138
warmup-time = 2640.5264372825623
all-measurements = [ 1433.6648454666138, 1722.8508641719818, 1549.4220752716064,]
