best-result = 48.049416303634644
warmup-time = 68.3726224899292
all-measurements = [ 48.049416303634644, 48.294798851013184, 48.145792961120605,]
