best-result = 78.44674491882324
warmup-time = 97.9236478805542
all-measurements = [ 78.66076517105103, 78.85645627975464, 78.44674491882324,]
