best-result = 36.709951400756836
warmup-time = 46.917616844177246
all-measurements = [ 36.721652030944824, 37.59668684005737, 36.709951400756836,]
