best-result = 333.1765367984772
warmup-time = 478.0416443347931
all-measurements = [ 333.1765367984772, 339.88980507850647, 337.09567499160767,]
