best-result = 58.31148815155029
warmup-time = 58.93905854225159
all-measurements = [ 58.31148815155029, 59.59074544906616, 58.65969514846802,]
