best-result = 25.3161678314209
warmup-time = 25.99547028541565
all-measurements = [ 25.981274366378784, 25.468511819839478, 25.3161678314209,]
memory-traffic = 866
