best-result = 35.80092477798462
warmup-time = 38.80997347831726
all-measurements = [ 35.80092477798462, 37.52002143859863, 37.73907518386841,]
memory-traffic = 1174
