best-result = 31.776405572891235
warmup-time = 34.95880126953125
all-measurements = [ 31.776405572891235, 32.886045932769775, 33.253151416778564,]
memory-traffic = 967
