best-result = 261.7243752479553
warmup-time = 270.7774658203125
all-measurements = [ 265.0060250759125, 265.9406623840332, 261.7243752479553,]
memory-traffic = 15246
