best-result = 36.809221267700195
warmup-time = 37.6913902759552
all-measurements = [ 37.679868936538696, 37.136781454086304, 36.809221267700195,]
memory-traffic = 944
