best-result = 40.84919476509094
warmup-time = 43.787837982177734
all-measurements = [ 43.296324253082275, 40.84919476509094, 42.013304710388184,]
memory-traffic = 1520
