best-result = 50.44910669326782
warmup-time = 54.254071950912476
all-measurements = [ 50.53996300697327, 50.477569818496704, 50.44910669326782,]
memory-traffic = 2271
