best-result = 34.03907012939453
warmup-time = 37.64851140975952
all-measurements = [ 34.18898916244507, 34.59247398376465, 34.03907012939453,]
memory-traffic = 1013
