best-result = 36.503944635391235
warmup-time = 39.69410037994385
all-measurements = [ 38.3441379070282, 36.503944635391235, 38.627073764801025,]
memory-traffic = 1235
