best-result = 62.92059326171875
warmup-time = 66.92673659324646
all-measurements = [ 65.91720342636108, 62.92059326171875, 66.42791175842285,]
memory-traffic = 2464
