best-result = 227.9613118171692
warmup-time = 232.8999845981598
all-measurements = [ 227.9613118171692, 228.06035995483398, 229.59331583976746,]
memory-traffic = 11861
