best-result = 523.8580479621887
warmup-time = 527.9908761978149
all-measurements = [ 524.1193222999573, 529.6232073307037, 523.8580479621887,]
memory-traffic = 35145
