best-result = 35.974631547927856
warmup-time = 36.8860023021698
all-measurements = [ 35.974631547927856, 36.95562982559204, 38.11009883880615,]
memory-traffic = 1210
