best-result = 62.903841733932495
warmup-time = 65.36486983299255
all-measurements = [ 64.63979983329773, 65.5610523223877, 62.903841733932495,]
memory-traffic = 2943
