best-result = 27.771408319473267
warmup-time = 31.25257420539856
all-measurements = [ 27.771408319473267, 28.122375011444092, 28.712152004241943,]
memory-traffic = 596
