best-result = 36.37544584274292
warmup-time = 38.55169367790222
all-measurements = [ 36.82350420951843, 36.37544584274292, 36.509087562561035,]
memory-traffic = 861
