best-result = 32.052958488464355
warmup-time = 36.309640645980835
all-measurements = [ 34.21583890914917, 34.69239521026611, 32.052958488464355,]
memory-traffic = 1016
