best-result = 44.051345109939575
warmup-time = 45.605387449264526
all-measurements = [ 45.026214838027954, 45.041752576828, 44.051345109939575,]
memory-traffic = 1788
