best-result = 97.29539060592651
warmup-time = 99.91444206237793
all-measurements = [ 101.41799807548523, 97.96266222000122, 97.29539060592651,]
memory-traffic = 5310
