best-result = 27.73100209236145
warmup-time = 31.12545609474182
all-measurements = [ 29.110162258148193, 27.73100209236145, 29.34486436843872,]
memory-traffic = 586
