best-result = 34.45658731460571
warmup-time = 36.5123655796051
all-measurements = [ 34.45658731460571, 35.3010048866272, 34.79609155654907,]
memory-traffic = 1018
