best-result = 88.78602600097656
warmup-time = 92.86257576942444
all-measurements = [ 88.78602600097656, 100.75588774681091, 96.21172738075256,]
memory-traffic = 6995
