best-result = 39.705341815948486
warmup-time = 42.59767293930054
all-measurements = [ 39.705341815948486, 40.15508770942688, 41.23864126205444,]
memory-traffic = 1330
