best-result = 44.06488347053528
warmup-time = 44.91244697570801
all-measurements = [ 44.77314043045044, 46.39377760887146, 44.06488347053528,]
memory-traffic = 1602
