best-result = 27.75677180290222
warmup-time = 30.574827909469604
all-measurements = [ 27.75677180290222, 27.971951723098755, 29.233831882476807,]
memory-traffic = 614
