best-result = 682.5321891307831
warmup-time = 716.9114594459534
all-measurements = [ 687.1954066753387, 682.5321891307831, 685.4390981197357,]
