best-result = 175.6433563232422
warmup-time = 176.9283254146576
all-measurements = [ 177.4300045967102, 175.6433563232422, 176.0061604976654,]
memory-traffic = 10934
