best-result = 44.936535596847534
warmup-time = 45.63699197769165
all-measurements = [ 44.936535596847534, 46.084892988204956, 45.30827474594116,]
memory-traffic = 1724
