best-result = 22.732967376708984
warmup-time = 22.429803133010864
all-measurements = [ 22.732967376708984, 22.747339248657227, 22.862866401672363,]
