best-result = 47.62067174911499
warmup-time = 66.21779274940491
all-measurements = [ 47.62067174911499, 48.59185242652893, 48.02106952667236,]
