best-result = 47.671579122543335
warmup-time = 61.05969977378845
all-measurements = [ 47.95907640457153, 48.800875425338745, 47.671579122543335,]
