best-result = 1004.6111681461334
warmup-time = 1206.1355743408203
all-measurements = [ 1004.9829390048981, 1004.6111681461334, 1011.7878749370575,]
