best-result = 82.26683807373047
warmup-time = 98.0427930355072
all-measurements = [ 83.95171689987183, 82.83992719650269, 82.26683807373047,]
