best-result = 78.66161751747131
warmup-time = 102.18324255943298
all-measurements = [ 78.66161751747131, 78.78069758415222, 80.448157787323,]
