best-result = 69.54719567298889
warmup-time = 92.98369812965393
all-measurements = [ 70.3363630771637, 69.54719567298889, 70.56680583953857,]
