best-result = 85.34801411628723
warmup-time = 103.46984648704529
all-measurements = [ 85.34801411628723, 85.43555283546448, 85.59387421607971,]
