best-result = 599.4569718837738
warmup-time = 606.0665090084076
all-measurements = [ 599.4569718837738, 601.2038877010345, 599.7309966087341,]
