best-result = 63.55276799201965
warmup-time = 76.46365857124329
all-measurements = [ 63.62334704399109, 64.37254118919373, 63.55276799201965,]
