best-result = 236.4458622932434
warmup-time = 411.05872774124146
all-measurements = [ 236.4458622932434, 238.43099856376648, 236.47431302070618,]
