best-result = 441.68511486053467
warmup-time = 957.4204094409943
all-measurements = [ 443.81287479400635, 441.68511486053467, 448.32036900520325,]
