best-result = 60.76834726333618
warmup-time = 79.13344693183899
all-measurements = [ 60.76834726333618, 61.761202335357666, 60.93542504310608,]
