best-result = 887.6270093917847
warmup-time = 913.5647003650665
all-measurements = [ 887.6270093917847, 889.9716010093689, 890.624947309494,]
