best-result = 27.87807869911194
warmup-time = 38.48710083961487
all-measurements = [ 28.334569454193115, 27.933491706848145, 27.87807869911194,]
