best-result = 55.780396461486816
warmup-time = 70.0697078704834
all-measurements = [ 56.106364488601685, 56.537888050079346, 55.780396461486816,]
