best-result = 111.9006085395813
warmup-time = 143.6732063293457
all-measurements = [ 112.08794593811035, 111.9006085395813, 112.01028037071228,]
