best-result = 776.5532038211823
warmup-time = 853.4756515026093
all-measurements = [ 781.6744141578674, 776.5532038211823, 780.974942445755,]
