best-result = 34.584871768951416
warmup-time = 42.71360993385315
all-measurements = [ 34.584871768951416, 34.70271158218384, 35.43356943130493,]
