best-result = 53.48273324966431
warmup-time = 69.5246934890747
all-measurements = [ 53.48273324966431, 55.11970329284668, 53.65785574913025,]
