best-result = 50.78508996963501
warmup-time = 71.69333529472351
all-measurements = [ 50.78508996963501, 51.46418285369873, 51.39881610870361,]
