best-result = 79.88820123672485
warmup-time = 99.28706455230713
all-measurements = [ 80.26591396331787, 79.94359731674194, 79.88820123672485,]
