best-result = 36.26924419403076
warmup-time = 46.50397992134094
all-measurements = [ 36.26924419403076, 36.540019512176514, 36.705649852752686,]
