best-result = 356.07444310188293
warmup-time = 508.17341327667236
all-measurements = [ 356.07444310188293, 356.59990644454956, 358.226327419281,]
