best-result = 104.87385654449463
warmup-time = 104.46638488769531
all-measurements = [ 105.73308801651001, 104.87385654449463, 105.9871826171875,]
