best-result = 22.471625328063965
warmup-time = 22.500208377838135
all-measurements = [ 22.771397829055786, 23.473984003067017, 22.471625328063965,]
