best-result = 47.42338466644287
warmup-time = 65.38399696350098
all-measurements = [ 47.99537229537964, 47.42338466644287, 47.50266695022583,]
