best-result = 46.84469032287598
warmup-time = 59.58474898338318
all-measurements = [ 46.84469032287598, 47.024470806121826, 47.1815881729126,]
