best-result = 976.8731055259705
warmup-time = 1185.3760385513306
all-measurements = [ 976.8731055259705, 1002.3221380710602, 985.1819036006927,]
