best-result = 84.63340044021606
warmup-time = 99.87985396385193
all-measurements = [ 85.15132570266724, 84.63340044021606, 85.7506902217865,]
