best-result = 990.0712847709656
warmup-time = 1020.262663602829
all-measurements = [ 990.0712847709656, 991.7462306022644, 994.6618719100952,]
