best-result = 82.53006482124329
warmup-time = 104.77236771583557
all-measurements = [ 83.93202614784241, 82.53006482124329, 82.90060067176819,]
