best-result = 69.88709688186646
warmup-time = 92.0514874458313
all-measurements = [ 70.96937441825867, 71.00064253807068, 69.88709688186646,]
