best-result = 90.43080520629883
warmup-time = 106.56460309028625
all-measurements = [ 91.72618460655212, 90.43080520629883, 91.01449632644653,]
