best-result = 63.125415563583374
warmup-time = 78.4153642654419
all-measurements = [ 63.59856367111206, 63.54733729362488, 63.125415563583374,]
