best-result = 218.42149806022644
warmup-time = 389.67675590515137
all-measurements = [ 218.42149806022644, 223.6506679058075, 221.11040115356445,]
