best-result = 431.0088109970093
warmup-time = 902.9293973445892
all-measurements = [ 437.93802785873413, 433.5648856163025, 431.0088109970093,]
