best-result = 62.32696890830994
warmup-time = 81.75819897651672
all-measurements = [ 62.62814688682556, 62.65433979034424, 62.32696890830994,]
