best-result = 39.409388303756714
warmup-time = 48.046653032302856
all-measurements = [ 39.958224058151245, 39.77840733528137, 39.409388303756714,]
