best-result = 139.89916586875916
warmup-time = 176.21538376808167
all-measurements = [ 139.89916586875916, 141.39463210105896, 140.3399679660797,]
