best-result = 907.319354057312
warmup-time = 941.9219663143158
all-measurements = [ 907.319354057312, 910.242600440979, 913.6093139648438,]
