best-result = 27.51597809791565
warmup-time = 37.14204812049866
all-measurements = [ 27.51597809791565, 27.53193688392639, 27.731534242630005,]
