best-result = 59.127851247787476
warmup-time = 70.03894710540771
all-measurements = [ 59.127851247787476, 59.493738412857056, 60.102821826934814,]
