best-result = 59.596739768981934
warmup-time = 74.48953533172607
all-measurements = [ 60.98552393913269, 60.21886920928955, 59.596739768981934,]
