best-result = 111.72495555877686
warmup-time = 140.16355729103088
all-measurements = [ 113.00608086585999, 111.72495555877686, 112.05538654327393,]
