best-result = 802.7537522315979
warmup-time = 872.4801950454712
all-measurements = [ 805.319925069809, 802.7537522315979, 802.9177732467651,]
