best-result = 33.48404622077942
warmup-time = 42.88807463645935
all-measurements = [ 33.48404622077942, 33.77108550071716, 33.858309268951416,]
