best-result = 55.11990475654602
warmup-time = 71.95093536376953
all-measurements = [ 55.11990475654602, 55.865246057510376, 55.656946420669556,]
