best-result = 1490.1278631687164
warmup-time = 1875.6264626979828
all-measurements = [ 1614.1042611598969, 1753.3777749538422, 1490.1278631687164,]
