best-result = 50.25231695175171
warmup-time = 71.89502906799316
all-measurements = [ 50.25231695175171, 50.51767706871033, 50.2542622089386,]
