best-result = 78.65205073356628
warmup-time = 98.3303689956665
all-measurements = [ 79.3072440624237, 78.65205073356628, 78.85177397727966,]
