best-result = 37.02472686767578
warmup-time = 45.436357498168945
all-measurements = [ 37.48925304412842, 37.6308274269104, 37.02472686767578,]
