best-result = 363.5370388031006
warmup-time = 516.9922301769257
all-measurements = [ 372.2564423084259, 363.5370388031006, 368.83433628082275,]
