best-result = 58.95171046257019
warmup-time = 59.65814542770386
all-measurements = [ 58.95171046257019, 59.087719440460205, 59.11058759689331,]
