best-result = 22.508995532989502
warmup-time = 22.447893619537354
all-measurements = [ 22.6516215801239, 22.508995532989502, 22.53693127632141,]
