best-result = 46.28669452667236
warmup-time = 63.32594919204712
all-measurements = [ 46.28669452667236, 47.06209349632263, 47.30148386955261,]
