best-result = 45.67509889602661
warmup-time = 57.071619749069214
all-measurements = [ 46.575281620025635, 46.31474804878235, 45.67509889602661,]
