best-result = 928.0315022468567
warmup-time = 1114.4722065925598
all-measurements = [ 931.8882188796997, 929.0517432689667, 928.0315022468567,]
