best-result = 84.07468295097351
warmup-time = 101.36671113967896
all-measurements = [ 85.23478984832764, 84.07468295097351, 85.84128451347351,]
