best-result = 81.62875699996948
warmup-time = 101.50173330307007
all-measurements = [ 81.98848938941956, 82.59942555427551, 81.62875699996948,]
