best-result = 69.6139304637909
warmup-time = 91.15876913070679
all-measurements = [ 69.6139304637909, 70.91011953353882, 70.56828212738037,]
