best-result = 90.83464860916138
warmup-time = 104.72367858886719
all-measurements = [ 90.88308620452881, 91.44829678535461, 90.83464860916138,]
