best-result = 643.9008088111877
warmup-time = 660.9661195278168
all-measurements = [ 644.9540610313416, 644.0455315113068, 643.9008088111877,]
