best-result = 63.765520334243774
warmup-time = 78.7963445186615
all-measurements = [ 63.98383617401123, 64.018869638443, 63.765520334243774,]
