best-result = 212.29872131347656
warmup-time = 367.9282262325287
all-measurements = [ 212.91229462623596, 212.29872131347656, 213.8772168159485,]
