best-result = 436.6586654186249
warmup-time = 880.204692363739
all-measurements = [ 436.6586654186249, 439.525691986084, 438.3977701663971,]
