best-result = 61.61850142478943
warmup-time = 79.90385413169861
all-measurements = [ 62.751253604888916, 61.61850142478943, 62.98600125312805,]
