best-result = 140.4753794670105
warmup-time = 166.2837724685669
all-measurements = [ 142.1269338130951, 140.4753794670105, 140.69037699699402,]
