best-result = 883.645809173584
warmup-time = 916.8682200908661
all-measurements = [ 885.8573017120361, 895.4533703327179, 883.645809173584,]
