best-result = 27.35737943649292
warmup-time = 36.42170739173889
all-measurements = [ 27.35737943649292, 27.645362377166748, 27.40973424911499,]
