best-result = 58.16659879684448
warmup-time = 72.1551947593689
all-measurements = [ 58.16659879684448, 58.228140354156494, 58.64833164215088,]
