best-result = 58.900477170944214
warmup-time = 74.78231763839722
all-measurements = [ 59.725401401519775, 59.61907744407654, 58.900477170944214,]
