best-result = 110.7541925907135
warmup-time = 159.82027292251587
all-measurements = [ 115.41247391700745, 110.7541925907135, 111.13988494873047,]
