best-result = 788.3022727966309
warmup-time = 856.8442287445068
all-measurements = [ 788.3022727966309, 790.8562676906586, 793.9208328723907,]
