best-result = 33.23419404029846
warmup-time = 43.303855419158936
all-measurements = [ 33.95077419281006, 33.23419404029846, 33.329243421554565,]
