best-result = 55.06918668746948
warmup-time = 73.00195980072021
all-measurements = [ 55.06918668746948, 55.25215411186218, 55.17568588256836,]
