best-result = 2786.1275203227997
warmup-time = 4167.372611761093
all-measurements = [ 3695.8186831474304, 4415.087388277054, 2786.1275203227997,]
