best-result = 49.28169798851013
warmup-time = 70.93478679656982
all-measurements = [ 49.93044996261597, 49.56012415885925, 49.28169798851013,]
