best-result = 78.50216698646545
warmup-time = 96.48862433433533
all-measurements = [ 78.86668062210083, 78.8996012210846, 78.50216698646545,]
