best-result = 36.76886773109436
warmup-time = 45.113988399505615
all-measurements = [ 36.76886773109436, 36.8320050239563, 36.86034893989563,]
