best-result = 353.09178256988525
warmup-time = 492.5455222129822
all-measurements = [ 358.17448234558105, 356.8051657676697, 353.09178256988525,]
