best-result = 58.977285385131836
warmup-time = 59.994248390197754
all-measurements = [ 59.09677314758301, 58.977285385131836, 59.32117795944214,]
