best-result = 27.058193922042847
warmup-time = 27.595935583114624
all-measurements = [ 27.212159633636475, 28.139265537261963, 27.058193922042847,]
