best-result = 37.890883922576904
warmup-time = 42.01182961463928
all-measurements = [ 37.890883922576904, 40.90715765953064, 41.69240593910217,]
