best-result = 35.0185112953186
warmup-time = 35.90134811401367
all-measurements = [ 35.282456159591675, 35.0185112953186, 35.54411292076111,]
