best-result = 286.56578850746155
warmup-time = 287.8256502151489
all-measurements = [ 286.56578850746155, 287.37435936927795, 290.0088918209076,]
