best-result = 38.26811194419861
warmup-time = 38.78111505508423
all-measurements = [ 38.26811194419861, 38.503108501434326, 39.31493139266968,]
