best-result = 45.465835094451904
warmup-time = 45.38512444496155
all-measurements = [ 46.06307244300842, 46.0547137260437, 45.465835094451904,]
