best-result = 53.03940773010254
warmup-time = 55.58664679527283
all-measurements = [ 55.112176179885864, 53.03940773010254, 54.75629687309265,]
