best-result = 36.243624210357666
warmup-time = 36.85498881340027
all-measurements = [ 36.243624210357666, 38.52594590187073, 36.91175150871277,]
