best-result = 41.25319027900696
warmup-time = 41.24179220199585
all-measurements = [ 41.25319027900696, 41.65055799484253, 41.45698833465576,]
