best-result = 62.150378942489624
warmup-time = 64.41736602783203
all-measurements = [ 66.25967788696289, 62.150378942489624, 66.69493651390076,]
