best-result = 255.5621988773346
warmup-time = 262.1114935874939
all-measurements = [ 255.5621988773346, 259.0541265010834, 257.9648220539093,]
