best-result = 595.0644688606262
warmup-time = 601.9166905879974
all-measurements = [ 595.0644688606262, 595.9367334842682, 597.8235392570496,]
