best-result = 38.71660089492798
warmup-time = 39.50348711013794
all-measurements = [ 39.94699573516846, 39.65604758262634, 38.71660089492798,]
