best-result = 68.72710013389587
warmup-time = 69.50238990783691
all-measurements = [ 70.52500319480896, 69.52824187278748, 68.72710013389587,]
