best-result = 28.910488843917847
warmup-time = 30.53028917312622
all-measurements = [ 28.910488843917847, 30.185214281082153, 29.816778659820557,]
