best-result = 38.9597442150116
warmup-time = 39.07458257675171
all-measurements = [ 39.158366680145264, 39.04487705230713, 38.9597442150116,]
