best-result = 35.440205574035645
warmup-time = 37.24979090690613
all-measurements = [ 35.440205574035645, 36.32468056678772, 35.587870597839355,]
