best-result = 47.07846522331238
warmup-time = 48.37495732307434
all-measurements = [ 47.07846522331238, 47.44449806213379, 47.24522089958191,]
