best-result = 106.24546527862549
warmup-time = 108.66785264015198
all-measurements = [ 108.22305536270142, 106.35938096046448, 106.24546527862549,]
