best-result = 29.674206018447876
warmup-time = 29.92408800125122
all-measurements = [ 29.674206018447876, 31.41568636894226, 30.452295303344727,]
