best-result = 36.76626467704773
warmup-time = 36.47653150558472
all-measurements = [ 38.4324095249176, 36.76626467704773, 39.61422157287598,]
