best-result = 42.73405599594116
warmup-time = 43.107089042663574
all-measurements = [ 43.587724447250366, 42.8650541305542, 42.73405599594116,]
