best-result = 46.04225993156433
warmup-time = 48.48163604736328
all-measurements = [ 46.04225993156433, 48.884527921676636, 47.431339740753174,]
