best-result = 30.271564722061157
warmup-time = 29.713136434555054
all-measurements = [ 30.549212217330933, 30.43203091621399, 30.271564722061157,]
