best-result = 739.4046494960785
warmup-time = 736.7691013813019
all-measurements = [ 742.307638168335, 745.3284561634064, 739.4046494960785,]
