best-result = 195.5088131427765
warmup-time = 198.0935094356537
all-measurements = [ 199.73509430885315, 200.70267629623413, 195.5088131427765,]
