best-result = 45.29416513442993
warmup-time = 49.286407709121704
all-measurements = [ 49.28470158576965, 45.29416513442993, 46.332807302474976,]
