best-result = 25.375576496124268
warmup-time = 26.451589584350586
all-measurements = [ 25.967243432998657, 25.375576496124268, 26.129230976104736,]
