best-result = 35.476983070373535
warmup-time = 37.670109272003174
all-measurements = [ 35.476983070373535, 37.34956669807434, 36.70977258682251,]
