best-result = 31.053446292877197
warmup-time = 31.01467204093933
all-measurements = [ 31.06575322151184, 31.177138328552246, 31.053446292877197,]
