best-result = 256.63490772247314
warmup-time = 264.43677139282227
all-measurements = [ 260.66902351379395, 256.63490772247314, 259.41649889945984,]
