best-result = 36.16817927360535
warmup-time = 36.3813362121582
all-measurements = [ 37.291895389556885, 36.16817927360535, 36.31968879699707,]
