best-result = 111.1349949836731
warmup-time = 114.75691938400269
all-measurements = [ 111.1349949836731, 112.94077682495117, 112.1397807598114,]
