best-result = 39.2539267539978
warmup-time = 40.333009004592896
all-measurements = [ 39.2539267539978, 41.29664897918701, 41.99092125892639,]
