best-result = 46.55858063697815
warmup-time = 47.020768880844116
all-measurements = [ 47.146294355392456, 47.17390847206116, 46.55858063697815,]
