best-result = 33.118494749069214
warmup-time = 33.88458728790283
all-measurements = [ 33.444260120391846, 34.78403615951538, 33.118494749069214,]
