best-result = 35.06997752189636
warmup-time = 37.8466682434082
all-measurements = [ 36.50926399230957, 37.128156423568726, 35.06997752189636,]
