best-result = 58.712220430374146
warmup-time = 60.13870120048523
all-measurements = [ 60.94978904724121, 58.712220430374146, 62.37770199775696,]
