best-result = 224.38748741149902
warmup-time = 225.29659414291382
all-measurements = [ 224.38748741149902, 226.50899052619934, 224.5175178050995,]
