best-result = 513.3729202747345
warmup-time = 520.3167634010315
all-measurements = [ 517.570592880249, 513.3729202747345, 514.7965159416199,]
