best-result = 34.85445261001587
warmup-time = 38.4188666343689
all-measurements = [ 34.85445261001587, 35.90475058555603, 35.398274660110474,]
