best-result = 28.382160425186157
warmup-time = 29.258949756622314
all-measurements = [ 28.531699895858765, 28.653741598129272, 28.382160425186157,]
