best-result = 73.29755353927612
warmup-time = 80.06597423553467
all-measurements = [ 80.01688075065613, 74.95072531700134, 73.29755353927612,]
