best-result = 61.637505769729614
warmup-time = 61.3837103843689
all-measurements = [ 61.66889238357544, 62.713111877441406, 61.637505769729614,]
