best-result = 27.800565004348755
warmup-time = 27.898744106292725
all-measurements = [ 27.800565004348755, 28.15873146057129, 34.69332480430603,]
