best-result = 32.26156759262085
warmup-time = 42.349733114242554
all-measurements = [ 41.271937131881714, 35.30579352378845, 32.26156759262085,]
