best-result = 32.46787214279175
warmup-time = 33.315295934677124
all-measurements = [ 34.4062294960022, 32.46787214279175, 33.79811120033264,]
