best-result = 42.18336367607117
warmup-time = 42.167600870132446
all-measurements = [ 42.307024002075195, 42.18336367607117, 42.462050437927246,]
