best-result = 95.15019392967224
warmup-time = 94.25323605537415
all-measurements = [ 97.19173836708069, 95.15019392967224, 98.2354953289032,]
