best-result = 27.94181990623474
warmup-time = 28.134896516799927
all-measurements = [ 29.621173858642578, 27.94181990623474, 28.92452120780945,]
