best-result = 34.38819408416748
warmup-time = 35.46059513092041
all-measurements = [ 34.38819408416748, 35.306973695755005, 34.449140787124634,]
