best-result = 85.9224693775177
warmup-time = 87.11862516403198
all-measurements = [ 96.96214127540588, 85.9224693775177, 94.20159029960632,]
