best-result = 37.75273633003235
warmup-time = 37.546427488327026
all-measurements = [ 38.05811667442322, 37.92195224761963, 37.75273633003235,]
