best-result = 43.888657331466675
warmup-time = 44.28060531616211
all-measurements = [ 43.888657331466675, 45.009819746017456, 45.82358264923096,]
