best-result = 28.62855815887451
warmup-time = 29.09191584587097
all-measurements = [ 28.911763429641724, 28.743698120117188, 28.62855815887451,]
