best-result = 637.9928774833679
warmup-time = 669.5335721969604
all-measurements = [ 637.9928774833679, 656.9239540100098, 641.2822744846344,]
