best-result = 170.77987003326416
warmup-time = 174.13203954696655
all-measurements = [ 170.77987003326416, 173.93722558021545, 173.39430499076843,]
