best-result = 56.39672231674194
warmup-time = 69.36669707298279
all-measurements = [ 56.39672231674194, 57.296568155288696, 64.83517789840698,]
