best-result = 25.580784559249878
warmup-time = 25.835204601287842
all-measurements = [ 25.70534634590149, 25.580784559249878, 25.643605947494507,]
