best-result = 36.795031785964966
warmup-time = 37.72714042663574
all-measurements = [ 37.389211893081665, 37.557926177978516, 36.795031785964966,]
