best-result = 32.129650831222534
warmup-time = 32.67830562591553
all-measurements = [ 32.129650831222534, 32.151358127593994, 32.670401096343994,]
