best-result = 262.4811725616455
warmup-time = 265.7814927101135
all-measurements = [ 266.4932689666748, 266.1961250305176, 262.4811725616455,]
