best-result = 35.882840156555176
warmup-time = 37.57244253158569
all-measurements = [ 35.882840156555176, 37.08916211128235, 36.673426389694214,]
