best-result = 42.26631164550781
warmup-time = 40.968427658081055
all-measurements = [ 43.23760485649109, 42.66477656364441, 42.26631164550781,]
