best-result = 49.44903206825256
warmup-time = 50.7115044593811
all-measurements = [ 50.600552797317505, 49.44903206825256, 53.43492031097412,]
