best-result = 33.432384967803955
warmup-time = 34.905083417892456
all-measurements = [ 34.919352293014526, 34.909196615219116, 33.432384967803955,]
