best-result = 37.91860628128052
warmup-time = 38.263646364212036
all-measurements = [ 39.35750484466553, 37.91860628128052, 38.59318804740906,]
