best-result = 60.35519552230835
warmup-time = 62.293256998062134
all-measurements = [ 66.2841432094574, 60.35519552230835, 61.64421725273132,]
