best-result = 227.9075734615326
warmup-time = 233.13569974899292
all-measurements = [ 227.9075734615326, 231.18370914459229, 230.74844336509705,]
