best-result = 524.7822177410126
warmup-time = 530.2212288379669
all-measurements = [ 526.4030654430389, 526.2103118896484, 524.7822177410126,]
