best-result = 36.200669050216675
warmup-time = 37.24700474739075
all-measurements = [ 38.123618602752686, 36.24562668800354, 36.200669050216675,]
