best-result = 63.746692180633545
warmup-time = 64.67244052886963
all-measurements = [ 64.00691628456116, 64.18966317176819, 63.746692180633545,]
