best-result = 28.72173285484314
warmup-time = 28.226094722747803
all-measurements = [ 29.47229242324829, 28.839754819869995, 28.72173285484314,]
