best-result = 33.4263653755188
warmup-time = 36.621042251586914
all-measurements = [ 33.92912673950195, 36.754658222198486, 33.4263653755188,]
