best-result = 33.83012914657593
warmup-time = 34.47343921661377
all-measurements = [ 34.150667905807495, 34.07680892944336, 33.83012914657593,]
