best-result = 44.373724699020386
warmup-time = 45.55183219909668
all-measurements = [ 44.373724699020386, 45.65485119819641, 44.51555109024048,]
