best-result = 97.21098399162292
warmup-time = 98.86749267578125
all-measurements = [ 97.21098399162292, 97.71656036376953, 98.18046164512634,]
