best-result = 27.441046714782715
warmup-time = 28.404950618743896
all-measurements = [ 27.968486785888672, 29.0949604511261, 27.441046714782715,]
