best-result = 35.0501914024353
warmup-time = 33.91914749145508
all-measurements = [ 35.0501914024353, 35.402862787246704, 35.28704833984375,]
