best-result = 87.83151483535767
warmup-time = 89.7633125782013
all-measurements = [ 91.8099513053894, 88.26217246055603, 87.83151483535767,]
