best-result = 40.89193654060364
warmup-time = 40.058348417282104
all-measurements = [ 40.89193654060364, 41.2868754863739, 40.90389657020569,]
