best-result = 44.2036018371582
warmup-time = 44.892849922180176
all-measurements = [ 44.2036018371582, 46.394673109054565, 45.671710729599,]
