best-result = 28.486259937286377
warmup-time = 27.880468368530273
all-measurements = [ 28.486259937286377, 28.96530842781067, 29.44037175178528,]
