best-result = 694.4214088916779
warmup-time = 720.846230506897
all-measurements = [ 703.7607119083405, 694.4214088916779, 695.698677778244,]
