best-result = 176.00114011764526
warmup-time = 178.18845462799072
all-measurements = [ 176.27838373184204, 176.00114011764526, 177.1238307952881,]
