best-result = 44.211684226989746
warmup-time = 46.07024335861206
all-measurements = [ 44.211684226989746, 44.616875886917114, 45.15226674079895,]
