best-result = 26.140353679656982
warmup-time = 26.446475744247437
all-measurements = [ 26.140353679656982, 26.26933240890503, 26.208751678466797,]
