best-result = 38.74761462211609
warmup-time = 41.59956645965576
all-measurements = [ 40.64754629135132, 39.4399836063385, 38.74761462211609,]
