best-result = 32.7813823223114
warmup-time = 33.45411777496338
all-measurements = [ 33.712775468826294, 33.44847273826599, 32.7813823223114,]
