best-result = 286.190554857254
warmup-time = 287.899897813797
all-measurements = [ 287.84001636505127, 290.19896602630615, 286.190554857254,]
