best-result = 37.03547382354736
warmup-time = 37.862812995910645
all-measurements = [ 37.22127819061279, 37.03547382354736, 37.8555691242218,]
