best-result = 42.720293045043945
warmup-time = 45.5141499042511
all-measurements = [ 42.720293045043945, 44.38971400260925, 44.212727069854736,]
