best-result = 51.95295691490173
warmup-time = 52.00448179244995
all-measurements = [ 51.95295691490173, 52.350117206573486, 52.483670711517334,]
