best-result = 35.65514349937439
warmup-time = 36.901755809783936
all-measurements = [ 35.65514349937439, 37.507944107055664, 35.77002692222595,]
