best-result = 39.896772146224976
warmup-time = 40.340510845184326
all-measurements = [ 41.129660844802856, 40.459805727005005, 39.896772146224976,]
