best-result = 61.01760935783386
warmup-time = 60.95929193496704
all-measurements = [ 61.11829400062561, 61.01760935783386, 62.24514198303223,]
