best-result = 254.57309198379517
warmup-time = 255.40475964546204
all-measurements = [ 259.74144673347473, 254.57309198379517, 256.64850974082947,]
