best-result = 596.4755308628082
warmup-time = 601.5796413421631
all-measurements = [ 596.4755308628082, 596.9747266769409, 598.91228556633,]
