best-result = 36.76792883872986
warmup-time = 37.094188928604126
all-measurements = [ 36.76792883872986, 37.208128452301025, 37.561298847198486,]
