best-result = 67.90044212341309
warmup-time = 69.12991309165955
all-measurements = [ 68.40528774261475, 69.19760704040527, 67.90044212341309,]
