best-result = 28.16115927696228
warmup-time = 28.187952756881714
all-measurements = [ 28.853378772735596, 28.94388222694397, 28.16115927696228,]
