best-result = 34.275941371917725
warmup-time = 34.82607173919678
all-measurements = [ 37.6662483215332, 38.13105893135071, 34.275941371917725,]
