best-result = 34.321961641311646
warmup-time = 34.589457750320435
all-measurements = [ 34.321961641311646, 34.86274266242981, 34.504860401153564,]
