best-result = 43.616283893585205
warmup-time = 45.668190717697144
all-measurements = [ 45.74561834335327, 45.721158266067505, 43.616283893585205,]
