best-result = 106.4933922290802
warmup-time = 106.7537031173706
all-measurements = [ 107.15434050559998, 106.4933922290802, 106.79104852676392,]
