best-result = 29.52898144721985
warmup-time = 28.720343589782715
all-measurements = [ 30.13896918296814, 29.52898144721985, 30.039979934692383,]
