best-result = 35.58360195159912
warmup-time = 35.842535972595215
all-measurements = [ 36.77987480163574, 35.58360195159912, 37.65177035331726,]
