best-result = 41.33656191825867
warmup-time = 41.779704570770264
all-measurements = [ 41.33656191825867, 41.64802694320679, 41.66109108924866,]
