best-result = 45.450382471084595
warmup-time = 45.90757942199707
all-measurements = [ 48.50336313247681, 46.21376419067383, 45.450382471084595,]
