best-result = 29.252829790115356
warmup-time = 29.86766242980957
all-measurements = [ 29.454412698745728, 29.252829790115356, 29.95265531539917,]
