best-result = 735.1218059062958
warmup-time = 746.9406535625458
all-measurements = [ 735.1218059062958, 736.743967294693, 738.6876220703125,]
