best-result = 195.15977549552917
warmup-time = 196.12565279006958
all-measurements = [ 195.15977549552917, 195.9137828350067, 195.79500579833984,]
