best-result = 44.43261981010437
warmup-time = 47.0819525718689
all-measurements = [ 44.43261981010437, 45.278987884521484, 48.068190813064575,]
