best-result = 22.40967845916748
warmup-time = 22.708600759506226
all-measurements = [ 22.638721704483032, 22.40967845916748, 22.781721591949463,]
