best-result = 45.897119760513306
warmup-time = 64.97823286056519
all-measurements = [ 45.897119760513306, 46.749884605407715, 46.59928011894226,]
