best-result = 46.4093291759491
warmup-time = 59.78301787376404
all-measurements = [ 46.43457913398743, 46.4093291759491, 46.72274565696716,]
