best-result = 942.4810032844543
warmup-time = 1133.0094602108002
all-measurements = [ 944.7369017601013, 942.4810032844543, 953.8156988620758,]
