best-result = 84.23592591285706
warmup-time = 99.4061119556427
all-measurements = [ 84.23592591285706, 85.05704498291016, 85.17254495620728,]
