best-result = 81.29930114746094
warmup-time = 103.87951612472534
all-measurements = [ 81.61470293998718, 82.30980682373047, 81.29930114746094,]
