best-result = 70.31268167495728
warmup-time = 90.8563084602356
all-measurements = [ 70.31268167495728, 70.66024255752563, 71.46252036094666,]
