best-result = 90.2650351524353
warmup-time = 104.63439559936523
all-measurements = [ 91.44869756698608, 91.34964203834534, 90.2650351524353,]
