best-result = 632.8713512420654
warmup-time = 648.6388423442841
all-measurements = [ 632.8713512420654, 633.4725749492645, 632.9480633735657,]
