best-result = 64.90119528770447
warmup-time = 77.40684080123901
all-measurements = [ 65.15635323524475, 65.51377964019775, 64.90119528770447,]
