best-result = 223.15672826766968
warmup-time = 369.7348053455353
all-measurements = [ 223.48645544052124, 223.15672826766968, 224.2321138381958,]
