best-result = 440.9718155860901
warmup-time = 886.3804619312286
all-measurements = [ 440.9718155860901, 444.09198093414307, 441.54578042030334,]
