best-result = 61.65172600746155
warmup-time = 78.18491053581238
all-measurements = [ 63.078280210494995, 62.63455271720886, 61.65172600746155,]
