best-result = 142.5429847240448
warmup-time = 165.17741656303406
all-measurements = [ 142.81006717681885, 142.5429847240448, 142.71587324142456,]
