best-result = 881.1770949363708
warmup-time = 905.203622341156
all-measurements = [ 884.5231969356537, 881.753279209137, 881.1770949363708,]
