best-result = 27.173600435256958
warmup-time = 37.258182764053345
all-measurements = [ 27.37065029144287, 27.173600435256958, 27.512438535690308,]
