best-result = 58.24604845046997
warmup-time = 69.27549123764038
all-measurements = [ 58.24604845046997, 58.62499713897705, 58.43535900115967,]
