best-result = 58.66913151741028
warmup-time = 73.37435388565063
all-measurements = [ 59.99078607559204, 58.9680871963501, 58.66913151741028,]
