best-result = 111.21858024597168
warmup-time = 138.19404911994934
all-measurements = [ 111.24409365653992, 111.48866677284241, 111.21858024597168,]
