best-result = 784.0701961517334
warmup-time = 869.1724092960358
all-measurements = [ 791.6264297962189, 784.0701961517334, 786.6689684391022,]
