best-result = 33.30971050262451
warmup-time = 42.01208543777466
all-measurements = [ 33.30971050262451, 33.69364047050476, 33.86022901535034,]
