best-result = 54.63827419281006
warmup-time = 71.09887433052063
all-measurements = [ 55.08600664138794, 54.63827419281006, 55.165220737457275,]
