best-result = 2867.9117896556854
warmup-time = 3062.0184237957
all-measurements = [ 2867.9117896556854, 2942.8569197654724, 2999.8146276474,]
