best-result = 49.6051926612854
warmup-time = 70.8505220413208
all-measurements = [ 49.6051926612854, 49.746907234191895, 50.06625747680664,]
