best-result = 77.69628381729126
warmup-time = 99.61913418769836
all-measurements = [ 77.69628381729126, 78.3562638759613, 78.73817539215088,]
