best-result = 36.385937452316284
warmup-time = 45.8690140247345
all-measurements = [ 37.01709485054016, 36.385937452316284, 36.77016282081604,]
