best-result = 358.9641258716583
warmup-time = 491.45138239860535
all-measurements = [ 359.0715494155884, 366.61292123794556, 358.9641258716583,]
