best-result = 59.68414616584778
warmup-time = 59.94740843772888
all-measurements = [ 59.82892370223999, 59.745157957077026, 59.68414616584778,]
