best-result = 21.389695644378662
warmup-time = 21.8132266998291
all-measurements = [ 22.09220790863037, 21.874459981918335, 21.389695644378662,]
