best-result = 46.944005489349365
warmup-time = 63.05658984184265
all-measurements = [ 47.12625217437744, 46.944005489349365, 47.08713221549988,]
