best-result = 47.1260085105896
warmup-time = 59.56048893928528
all-measurements = [ 47.2257080078125, 47.1260085105896, 47.378702878952026,]
