best-result = 968.7186574935913
warmup-time = 1175.4534792900085
all-measurements = [ 983.6991827487946, 986.8520557880402, 968.7186574935913,]
