best-result = 81.42011713981628
warmup-time = 95.17258977890015
all-measurements = [ 82.95590901374817, 81.42011713981628, 82.47743558883667,]
