best-result = 78.50199437141418
warmup-time = 99.8506646156311
all-measurements = [ 78.50199437141418, 78.69973611831665, 79.17854881286621,]
