best-result = 68.93755292892456
warmup-time = 92.27532267570496
all-measurements = [ 69.11047005653381, 68.93755292892456, 69.80892252922058,]
