best-result = 84.4147720336914
warmup-time = 98.95604014396667
all-measurements = [ 84.4147720336914, 84.57228636741638, 84.99473643302917,]
