best-result = 594.4258816242218
warmup-time = 635.3014678955078
all-measurements = [ 596.9689295291901, 598.1770827770233, 594.4258816242218,]
