best-result = 62.27381730079651
warmup-time = 77.41888523101807
all-measurements = [ 62.40403771400452, 62.52040219306946, 62.27381730079651,]
