best-result = 230.37664151191711
warmup-time = 395.1033465862274
all-measurements = [ 235.68768620491028, 231.58324217796326, 230.37664151191711,]
