best-result = 449.9574730396271
warmup-time = 917.064291715622
all-measurements = [ 450.5236554145813, 449.9574730396271, 450.1643874645233,]
