best-result = 60.13308811187744
warmup-time = 77.48276329040527
all-measurements = [ 60.13308811187744, 61.00563716888428, 61.464784145355225,]
