best-result = 858.7970788478851
warmup-time = 889.7169358730316
all-measurements = [ 859.1149704456329, 867.793381690979, 858.7970788478851,]
