best-result = 27.251055002212524
warmup-time = 35.72255802154541
all-measurements = [ 27.251055002212524, 27.39503002166748, 27.591916799545288,]
