best-result = 58.426135540008545
warmup-time = 72.21072578430176
all-measurements = [ 58.547687292099, 58.426135540008545, 59.20706009864807,]
