best-result = 55.765607595443726
warmup-time = 70.59089970588684
all-measurements = [ 55.765607595443726, 56.05651354789734, 56.42212438583374,]
