best-result = 108.62320923805237
warmup-time = 139.40649700164795
all-measurements = [ 109.79037404060364, 110.19001078605652, 108.62320923805237,]
