best-result = 770.7656123638153
warmup-time = 842.0598609447479
all-measurements = [ 773.7082126140594, 772.1477236747742, 770.7656123638153,]
