best-result = 33.93488025665283
warmup-time = 41.87939691543579
all-measurements = [ 33.93488025665283, 34.0650908946991, 34.01390767097473,]
