best-result = 53.3318727016449
warmup-time = 68.00842308998108
all-measurements = [ 53.49592590332031, 53.3318727016449, 53.381661891937256,]
