best-result = 49.62803101539612
warmup-time = 69.04911160469055
all-measurements = [ 50.506088733673096, 50.21616244316101, 49.62803101539612,]
