best-result = 78.96345281600952
warmup-time = 98.82253742218018
all-measurements = [ 79.23685359954834, 80.50520253181458, 78.96345281600952,]
