best-result = 36.01668405532837
warmup-time = 45.441681146621704
all-measurements = [ 36.04297733306885, 36.12791061401367, 36.01668405532837,]
