best-result = 347.02095246315
warmup-time = 482.6506085395813
all-measurements = [ 350.5071225166321, 353.0184202194214, 347.02095246315,]
