best-result = 102.53864598274231
warmup-time = 103.11086010932922
all-measurements = [ 104.65623307228088, 104.1430094242096, 102.53864598274231,]
