best-result = 22.818528175354004
warmup-time = 22.719587564468384
all-measurements = [ 22.818528175354004, 22.85635209083557, 23.274143934249878,]
