best-result = 46.631006479263306
warmup-time = 64.38706612586975
all-measurements = [ 46.631006479263306, 47.05206084251404, 47.20777916908264,]
