best-result = 46.37935018539429
warmup-time = 59.395939111709595
all-measurements = [ 46.509660720825195, 47.53194260597229, 46.37935018539429,]
