best-result = 933.9136459827423
warmup-time = 1129.5973601341248
all-measurements = [ 942.0193729400635, 945.5129041671753, 933.9136459827423,]
