best-result = 85.24230861663818
warmup-time = 98.82035565376282
all-measurements = [ 85.24230861663818, 85.69053936004639, 86.04553461074829,]
