best-result = 82.30783772468567
warmup-time = 103.57055807113647
all-measurements = [ 83.06011629104614, 82.91421699523926, 82.30783772468567,]
