best-result = 70.12384295463562
warmup-time = 90.29149007797241
all-measurements = [ 70.20118117332458, 70.12384295463562, 70.975914478302,]
