best-result = 91.3965392112732
warmup-time = 105.64951086044312
all-measurements = [ 91.85507988929749, 91.62330389022827, 91.3965392112732,]
