best-result = 633.2804434299469
warmup-time = 648.3372173309326
all-measurements = [ 633.2804434299469, 633.712075471878, 634.602166891098,]
