best-result = 63.660990953445435
warmup-time = 76.67301630973816
all-measurements = [ 64.43600678443909, 64.96358275413513, 63.660990953445435,]
