best-result = 223.30863332748413
warmup-time = 373.385217666626
all-measurements = [ 223.653067111969, 224.440434217453, 223.30863332748413,]
