best-result = 441.06685853004456
warmup-time = 887.8340787887573
all-measurements = [ 451.1783320903778, 441.06685853004456, 441.4437084197998,]
