best-result = 62.27351355552673
warmup-time = 79.29517340660095
all-measurements = [ 62.27351355552673, 63.69849252700806, 63.15620183944702,]
