best-result = 139.96598410606384
warmup-time = 168.05012321472168
all-measurements = [ 140.99552154541016, 139.96598410606384, 140.0499324798584,]
