best-result = 885.281884431839
warmup-time = 920.6287887096405
all-measurements = [ 893.4639856815338, 893.8242704868317, 885.281884431839,]
