best-result = 26.91285467147827
warmup-time = 36.640952587127686
all-measurements = [ 26.91285467147827, 27.5072660446167, 27.93113660812378,]
