best-result = 58.62794756889343
warmup-time = 72.09433245658875
all-measurements = [ 59.11035227775574, 58.62794756889343, 59.11546802520752,]
