best-result = 59.087393283843994
warmup-time = 75.50191164016724
all-measurements = [ 59.181166648864746, 59.78380584716797, 59.087393283843994,]
