best-result = 110.7237195968628
warmup-time = 139.08442735671997
all-measurements = [ 111.15702700614929, 110.7237195968628, 111.28729200363159,]
