best-result = 788.707585811615
warmup-time = 883.2003161907196
all-measurements = [ 792.0965249538422, 788.7953171730042, 788.707585811615,]
