best-result = 33.586772441864014
warmup-time = 43.001484632492065
all-measurements = [ 33.586772441864014, 33.92822766304016, 33.735480546951294,]
