best-result = 54.9741268157959
warmup-time = 70.40634298324585
all-measurements = [ 54.9741268157959, 55.25845527648926, 55.37987160682678,]
