best-result = 2450.7476048469543
warmup-time = 4201.467383623123
all-measurements = [ 3446.418490409851, 3316.935632944107, 2450.7476048469543,]
