best-result = 49.445963859558105
warmup-time = 70.91510009765625
all-measurements = [ 49.73273944854736, 49.445963859558105, 50.21795201301575,]
