best-result = 78.91411995887756
warmup-time = 98.62235808372498
all-measurements = [ 79.45728015899658, 79.84873747825623, 78.91411995887756,]
