best-result = 36.511385917663574
warmup-time = 46.92881417274475
all-measurements = [ 36.95392823219299, 36.511385917663574, 36.79902791976929,]
