best-result = 354.24635434150696
warmup-time = 491.18351650238037
all-measurements = [ 359.95020484924316, 354.24635434150696, 356.9907531738281,]
