best-result = 59.626211643218994
warmup-time = 59.61915421485901
all-measurements = [ 59.626211643218994, 60.09863877296448, 59.75846195220947,]
