best-result = 25.77433180809021
warmup-time = 26.134360313415527
all-measurements = [ 25.77433180809021, 25.8708438873291, 25.833949089050293,]
