best-result = 36.91131258010864
warmup-time = 38.629372119903564
all-measurements = [ 37.652817249298096, 36.91131258010864, 37.244224309921265,]
