best-result = 32.17854380607605
warmup-time = 32.765376567840576
all-measurements = [ 32.17854380607605, 33.65473246574402, 32.24058985710144,]
