best-result = 261.8093466758728
warmup-time = 272.01737570762634
all-measurements = [ 265.62912917137146, 261.8093466758728, 264.13350892066956,]
