best-result = 36.57523798942566
warmup-time = 37.747183084487915
all-measurements = [ 37.06009292602539, 36.57523798942566, 37.06887173652649,]
