best-result = 41.65847635269165
warmup-time = 42.24077558517456
all-measurements = [ 41.65847635269165, 42.95533847808838, 42.25303769111633,]
