best-result = 49.83062410354614
warmup-time = 51.168763399124146
all-measurements = [ 50.50814914703369, 49.83062410354614, 50.607330322265625,]
