best-result = 34.16518235206604
warmup-time = 34.82424068450928
all-measurements = [ 35.573161363601685, 34.69823408126831, 34.16518235206604,]
