best-result = 37.894407749176025
warmup-time = 38.86479091644287
all-measurements = [ 38.44581985473633, 38.43320631980896, 37.894407749176025,]
