best-result = 59.516210317611694
warmup-time = 60.39336705207825
all-measurements = [ 60.25578737258911, 62.752320289611816, 59.516210317611694,]
