best-result = 225.41814637184143
warmup-time = 231.8441846370697
all-measurements = [ 228.68631982803345, 231.91082334518433, 225.41814637184143,]
