best-result = 524.6903998851776
warmup-time = 529.1120674610138
all-measurements = [ 525.4353249073029, 525.0781843662262, 524.6903998851776,]
