best-result = 36.14683222770691
warmup-time = 35.79804611206055
all-measurements = [ 36.814330101013184, 36.14683222770691, 36.73138475418091,]
