best-result = 64.0335967540741
warmup-time = 63.42776131629944
all-measurements = [ 65.01914167404175, 64.5612576007843, 64.0335967540741,]
