best-result = 27.266872882843018
warmup-time = 28.309595346450806
all-measurements = [ 28.81886625289917, 27.266872882843018, 28.745014190673828,]
