best-result = 36.28651833534241
warmup-time = 33.68304109573364
all-measurements = [ 36.40705871582031, 36.28651833534241, 36.942474365234375,]
