best-result = 33.427541971206665
warmup-time = 33.538915157318115
all-measurements = [ 33.75106883049011, 33.5899019241333, 33.427541971206665,]
