best-result = 43.3639121055603
warmup-time = 44.221044063568115
all-measurements = [ 43.3639121055603, 43.85957384109497, 43.612942934036255,]
