best-result = 98.83176326751709
warmup-time = 97.76708745956421
all-measurements = [ 100.84436964988708, 98.93584060668945, 98.83176326751709,]
