best-result = 27.883669137954712
warmup-time = 29.703712940216064
all-measurements = [ 28.73086953163147, 27.883669137954712, 28.71455979347229,]
