best-result = 33.95473074913025
warmup-time = 35.14716553688049
all-measurements = [ 33.95473074913025, 34.40430736541748, 34.6786572933197,]
