best-result = 87.8736002445221
warmup-time = 89.77528238296509
all-measurements = [ 91.5428671836853, 87.8736002445221, 88.27391076087952,]
