best-result = 40.22029423713684
warmup-time = 39.4087450504303
all-measurements = [ 41.29240608215332, 40.30316472053528, 40.22029423713684,]
