best-result = 42.26694631576538
warmup-time = 44.56980919837952
all-measurements = [ 45.68531370162964, 42.26694631576538, 42.84997892379761,]
