best-result = 27.94176149368286
warmup-time = 28.047685861587524
all-measurements = [ 28.168774843215942, 27.94176149368286, 28.855658769607544,]
