best-result = 174.81174516677856
warmup-time = 177.42377471923828
all-measurements = [ 174.81174516677856, 177.15561842918396, 175.4589831829071,]
