best-result = 43.77039837837219
warmup-time = 43.54803156852722
all-measurements = [ 43.77039837837219, 44.86731219291687, 44.919513463974,]
