best-result = 25.82199788093567
warmup-time = 26.366951942443848
all-measurements = [ 26.859994649887085, 25.82199788093567, 26.603172063827515,]
