best-result = 35.53566312789917
warmup-time = 38.41006922721863
all-measurements = [ 35.53566312789917, 37.71454644203186, 37.521021366119385,]
