best-result = 30.960414171218872
warmup-time = 31.1442449092865
all-measurements = [ 31.055395126342773, 31.076102018356323, 30.960414171218872,]
