best-result = 251.06145215034485
warmup-time = 262.1606070995331
all-measurements = [ 251.06145215034485, 252.92277574539185, 252.74560379981995,]
