best-result = 36.90460419654846
warmup-time = 36.94041323661804
all-measurements = [ 36.90460419654846, 37.665613412857056, 37.27422547340393,]
