best-result = 113.13678169250488
warmup-time = 114.4433810710907
all-measurements = [ 113.7379162311554, 115.01824474334717, 113.13678169250488,]
