best-result = 34.79620051383972
warmup-time = 35.40667104721069
all-measurements = [ 34.92020773887634, 34.826740741729736, 34.79620051383972,]
