best-result = 40.716519832611084
warmup-time = 40.15908169746399
all-measurements = [ 40.716519832611084, 41.98949193954468, 41.55649161338806,]
