best-result = 48.036025047302246
warmup-time = 49.09283971786499
all-measurements = [ 48.11911344528198, 49.2995183467865, 48.036025047302246,]
