best-result = 33.14676523208618
warmup-time = 34.26427435874939
all-measurements = [ 33.87541079521179, 34.41378140449524, 33.14676523208618,]
