best-result = 37.502899408340454
warmup-time = 37.11115789413452
all-measurements = [ 37.502899408340454, 37.66084432601929, 38.89643931388855,]
