best-result = 61.98325276374817
warmup-time = 61.24611496925354
all-measurements = [ 61.98325276374817, 63.35168409347534, 63.21465992927551,]
