best-result = 220.1964545249939
warmup-time = 227.06261777877808
all-measurements = [ 221.34882616996765, 220.62447690963745, 220.1964545249939,]
