best-result = 510.5983703136444
warmup-time = 519.0158550739288
all-measurements = [ 513.4477746486664, 510.5983703136444, 523.9612240791321,]
