best-result = 36.52374219894409
warmup-time = 41.578399658203125
all-measurements = [ 39.578131675720215, 38.23993134498596, 36.52374219894409,]
