best-result = 28.78388810157776
warmup-time = 29.836572885513306
all-measurements = [ 28.78388810157776, 29.932145833969116, 28.910346746444702,]
