best-result = 72.41748046875
warmup-time = 69.40699625015259
all-measurements = [ 76.29486155509949, 72.41748046875, 77.867178440094,]
