best-result = 61.24926710128784
warmup-time = 63.5571026802063
all-measurements = [ 61.92713952064514, 61.24926710128784, 62.487138748168945,]
