best-result = 27.623700380325317
warmup-time = 28.859821796417236
all-measurements = [ 28.35553479194641, 27.623700380325317, 29.003080368041992,]
