best-result = 32.46843647956848
warmup-time = 35.289599657058716
all-measurements = [ 32.46843647956848, 36.1282057762146, 32.707480907440186,]
