best-result = 32.23782825469971
warmup-time = 34.46420741081238
all-measurements = [ 34.68378472328186, 32.23782825469971, 33.92469501495361,]
