best-result = 42.56862688064575
warmup-time = 43.16698217391968
all-measurements = [ 42.56862688064575, 42.62453651428223, 44.48586869239807,]
