best-result = 95.59165573120117
warmup-time = 97.97362923622131
all-measurements = [ 96.07820463180542, 97.68318295478821, 95.59165573120117,]
