best-result = 29.15441584587097
warmup-time = 28.531075716018677
all-measurements = [ 30.314298391342163, 29.432512760162354, 29.15441584587097,]
