best-result = 34.62785339355469
warmup-time = 35.0438175201416
all-measurements = [ 35.797566175460815, 34.62785339355469, 34.66561722755432,]
