best-result = 89.34893822669983
warmup-time = 88.809152841568
all-measurements = [ 95.46952271461487, 94.62940859794617, 89.34893822669983,]
