best-result = 38.888837814331055
warmup-time = 38.34953689575195
all-measurements = [ 39.97993206977844, 39.699326276779175, 38.888837814331055,]
