best-result = 43.40514063835144
warmup-time = 44.57763862609863
all-measurements = [ 43.40514063835144, 45.24406981468201, 44.1216254234314,]
