best-result = 49.891260385513306
warmup-time = 51.040106773376465
all-measurements = [ 49.89967632293701, 50.321335315704346, 49.891260385513306,]
