best-result = 28.368048667907715
warmup-time = 28.398833513259888
all-measurements = [ 28.368048667907715, 29.240930795669556, 28.976008653640747,]
