best-result = 638.8914802074432
warmup-time = 692.6891987323761
all-measurements = [ 648.5529961585999, 646.9913847446442, 638.8914802074432,]
