best-result = 167.12061500549316
warmup-time = 170.51790261268616
all-measurements = [ 167.12061500549316, 175.63110971450806, 169.75359988212585,]
