best-result = 58.883275747299194
warmup-time = 67.59026002883911
all-measurements = [ 58.883275747299194, 65.96933388710022, 64.82820773124695,]
