best-result = 25.808166980743408
warmup-time = 26.02085518836975
all-measurements = [ 25.808166980743408, 26.431735038757324, 26.194834232330322,]
