best-result = 36.149768352508545
warmup-time = 38.3602659702301
all-measurements = [ 37.12179899215698, 36.86153769493103, 36.149768352508545,]
