best-result = 30.687715768814087
warmup-time = 30.88819193840027
all-measurements = [ 30.687715768814087, 30.76602840423584, 31.42072057723999,]
