best-result = 260.0267264842987
warmup-time = 265.97494316101074
all-measurements = [ 266.1467957496643, 265.5958797931671, 260.0267264842987,]
