best-result = 35.60181212425232
warmup-time = 36.47836875915527
all-measurements = [ 35.60181212425232, 36.4161536693573, 35.85838580131531,]
