best-result = 40.85197138786316
warmup-time = 40.63453984260559
all-measurements = [ 40.85197138786316, 41.900511264801025, 41.53387260437012,]
