best-result = 48.74575161933899
warmup-time = 51.04796123504639
all-measurements = [ 48.83135366439819, 48.74575161933899, 49.18840956687927,]
