best-result = 33.64903211593628
warmup-time = 32.8077507019043
all-measurements = [ 34.78087663650513, 34.42241597175598, 33.64903211593628,]
