best-result = 36.29221034049988
warmup-time = 37.497458934783936
all-measurements = [ 37.002032995224, 36.29221034049988, 36.923612117767334,]
