best-result = 61.62464237213135
warmup-time = 66.86327338218689
all-measurements = [ 62.943363666534424, 64.85357713699341, 61.62464237213135,]
