best-result = 224.16444182395935
warmup-time = 228.32829880714417
all-measurements = [ 226.2447545528412, 224.16444182395935, 226.9988133907318,]
