best-result = 517.4219088554382
warmup-time = 523.5924251079559
all-measurements = [ 524.047687292099, 519.7767236232758, 517.4219088554382,]
