best-result = 34.595250606536865
warmup-time = 36.4580180644989
all-measurements = [ 37.78115916252136, 34.595250606536865, 34.95079970359802,]
