best-result = 73.37327718734741
warmup-time = 72.78104209899902
all-measurements = [ 84.14218425750732, 73.37327718734741, 79.25676774978638,]
