best-result = 61.8163537979126
warmup-time = 63.29447960853577
all-measurements = [ 62.08908295631409, 62.649325132369995, 61.8163537979126,]
