best-result = 27.238582372665405
warmup-time = 28.608524799346924
all-measurements = [ 28.245885372161865, 27.37857484817505, 27.238582372665405,]
