best-result = 35.22542667388916
warmup-time = 32.6609833240509
all-measurements = [ 35.22542667388916, 35.59751749038696, 35.49118137359619,]
