best-result = 33.54947638511658
warmup-time = 33.982396602630615
all-measurements = [ 33.54947638511658, 33.865259885787964, 33.75352621078491,]
