best-result = 41.62070918083191
warmup-time = 44.34593844413757
all-measurements = [ 41.62070918083191, 41.796778440475464, 41.686405181884766,]
