best-result = 95.75561618804932
warmup-time = 97.92049956321716
all-measurements = [ 96.17566132545471, 96.07030773162842, 95.75561618804932,]
