best-result = 26.89033055305481
warmup-time = 30.02860379219055
all-measurements = [ 28.022355318069458, 28.94184947013855, 26.89033055305481,]
