best-result = 33.29900360107422
warmup-time = 33.877896785736084
all-measurements = [ 33.98067665100098, 35.73827385902405, 33.29900360107422,]
