best-result = 90.8158848285675
warmup-time = 93.18420195579529
all-measurements = [ 98.16304326057434, 99.61334037780762, 90.8158848285675,]
