best-result = 38.61781358718872
warmup-time = 39.75693488121033
all-measurements = [ 39.991706132888794, 39.36363458633423, 38.61781358718872,]
