best-result = 44.056642055511475
warmup-time = 45.897860527038574
all-measurements = [ 45.35457372665405, 44.056642055511475, 46.73032832145691,]
