best-result = 27.806253910064697
warmup-time = 28.280269861221313
all-measurements = [ 28.895260095596313, 28.53787088394165, 27.806253910064697,]
