best-result = 694.3374502658844
warmup-time = 725.5022482872009
all-measurements = [ 694.3374502658844, 701.2973322868347, 696.2842082977295,]
