best-result = 170.62675762176514
warmup-time = 174.25467252731323
all-measurements = [ 172.8823800086975, 170.62675762176514, 174.69352197647095,]
