best-result = 59.37308692932129
warmup-time = 66.07616472244263
all-measurements = [ 68.09461069107056, 59.37308692932129, 67.0576286315918,]
