best-result = 22.293458461761475
warmup-time = 24.137003183364868
all-measurements = [ 22.37677836418152, 22.293458461761475, 22.527347326278687,]
memory-traffic = 276
