best-result = 45.93344497680664
warmup-time = 64.48705387115479
all-measurements = [ 46.21709752082825, 45.93344497680664, 46.23472189903259,]
memory-traffic = 3700
