best-result = 45.957890033721924
warmup-time = 58.72545504570007
all-measurements = [ 45.957890033721924, 46.188191175460815, 46.08313775062561,]
memory-traffic = 3330
