best-result = 935.0399887561798
warmup-time = 1117.4048373699188
all-measurements = [ 951.4969522953033, 960.1433806419373, 935.0399887561798,]
memory-traffic = 94338
