best-result = 80.95098114013672
warmup-time = 98.9480676651001
all-measurements = [ 80.95098114013672, 81.31061720848083, 81.4075436592102,]
memory-traffic = 6783
