best-result = 77.06320905685425
warmup-time = 102.2486822605133
all-measurements = [ 77.06320905685425, 77.85482478141785, 77.63958287239075,]
