best-result = 67.7040503025055
warmup-time = 91.28468203544617
all-measurements = [ 68.14734268188477, 67.95758318901062, 67.7040503025055,]
memory-traffic = 5953
