best-result = 83.53188157081604
warmup-time = 100.97972369194031
all-measurements = [ 83.85492539405823, 83.53188157081604, 84.15549659729004,]
memory-traffic = 6807
