best-result = 592.89581990242
warmup-time = 599.0164890289307
all-measurements = [ 593.2725405693054, 592.89581990242, 593.4705319404602,]
memory-traffic = 55823
