best-result = 61.02619123458862
warmup-time = 75.28159379959106
all-measurements = [ 61.02619123458862, 61.80044889450073, 61.575722455978394,]
memory-traffic = 3634
