best-result = 216.69733333587646
warmup-time = 376.15339708328247
all-measurements = [ 219.4297580718994, 220.6437599658966, 216.69733333587646,]
