best-result = 436.44437861442566
warmup-time = 874.1123461723328
all-measurements = [ 456.924809217453, 437.75056505203247, 436.44437861442566,]
memory-traffic = 25822
