best-result = 59.69122338294983
warmup-time = 76.6525046825409
all-measurements = [ 59.97966241836548, 59.69122338294983, 59.81226992607117,]
memory-traffic = 3681
