best-result = 845.3582246303558
warmup-time = 878.292418718338
all-measurements = [ 845.6543622016907, 848.907568693161, 845.3582246303558,]
memory-traffic = 97488
