best-result = 26.395915031433105
warmup-time = 35.35740852355957
all-measurements = [ 27.02769684791565, 26.749085664749146, 26.395915031433105,]
memory-traffic = 783
