best-result = 56.31808686256409
warmup-time = 71.85010981559753
all-measurements = [ 56.844995737075806, 56.31808686256409, 56.66620492935181,]
memory-traffic = 4015
