best-result = 55.30458664894104
warmup-time = 71.26651906967163
all-measurements = [ 56.2165265083313, 55.476686000823975, 55.30458664894104,]
memory-traffic = 3044
