best-result = 107.45525026321411
warmup-time = 138.29762935638428
all-measurements = [ 107.8190667629242, 107.48042845726013, 107.45525026321411,]
memory-traffic = 10270
