best-result = 760.1191058158875
warmup-time = 827.2454023361206
all-measurements = [ 761.477680683136, 761.0337450504303, 760.1191058158875,]
memory-traffic = 67673
