best-result = 33.0829656124115
warmup-time = 43.71700072288513
all-measurements = [ 33.0829656124115, 33.14712119102478, 33.19218635559082,]
memory-traffic = 1311
