best-result = 52.4641535282135
warmup-time = 68.94944906234741
all-measurements = [ 52.5880708694458, 52.4641535282135, 52.69249963760376,]
memory-traffic = 3762
