best-result = 1328.548124551773
warmup-time = 2405.137921333313
all-measurements = [ 1399.1945011615753, 1328.548124551773, 1658.0078535079956,]
