best-result = 48.04382061958313
warmup-time = 69.21659231185913
all-measurements = [ 48.04382061958313, 48.662455558776855, 48.089319705963135,]
memory-traffic = 3701
