best-result = 78.08838152885437
warmup-time = 98.41262245178223
all-measurements = [ 78.08838152885437, 78.827641248703, 78.30143690109253,]
memory-traffic = 6433
