best-result = 34.93792366981506
warmup-time = 46.351075887680054
all-measurements = [ 34.93792366981506, 35.12289547920227, 34.9399209022522,]
memory-traffic = 1783
