best-result = 330.3785710334778
warmup-time = 471.1412696838379
all-measurements = [ 330.3785710334778, 331.31512117385864, 343.3206527233124,]
memory-traffic = 30868
