best-result = 120.65890288352966
warmup-time = 127.32648420333862
all-measurements = [ 120.65890288352966, 123.05119514465332, 124.01219463348389,]
memory-traffic = 9170
