best-result = 25.967690467834473
warmup-time = 26.453261852264404
all-measurements = [ 26.588857412338257, 25.967690467834473, 26.33495330810547,]
