best-result = 36.07899618148804
warmup-time = 36.78224229812622
all-measurements = [ 36.869767904281616, 36.07899618148804, 36.44009971618652,]
