best-result = 31.45282483100891
warmup-time = 32.425490379333496
all-measurements = [ 31.45282483100891, 31.56324028968811, 31.8434841632843,]
