best-result = 253.9280285835266
warmup-time = 259.37054800987244
all-measurements = [ 257.9062156677246, 257.7014729976654, 253.9280285835266,]
