best-result = 36.16521239280701
warmup-time = 37.649698972702026
all-measurements = [ 36.1675181388855, 36.16521239280701, 36.42625308036804,]
