best-result = 112.28508186340332
warmup-time = 115.40402746200562
all-measurements = [ 115.55225610733032, 113.1514184474945, 112.28508186340332,]
