best-result = 40.87846088409424
warmup-time = 42.43130922317505
all-measurements = [ 42.01438879966736, 41.31059813499451, 40.87846088409424,]
