best-result = 47.14344501495361
warmup-time = 46.99341893196106
all-measurements = [ 47.14344501495361, 47.69069457054138, 48.026737213134766,]
