best-result = 32.825812578201294
warmup-time = 33.754327058792114
all-measurements = [ 33.79995250701904, 33.51025176048279, 32.825812578201294,]
