best-result = 36.707968950271606
warmup-time = 37.40273571014404
all-measurements = [ 37.62134552001953, 36.707968950271606, 37.12251400947571,]
