best-result = 60.541627168655396
warmup-time = 61.15413188934326
all-measurements = [ 60.541627168655396, 61.169344663619995, 62.807520389556885,]
