best-result = 222.7918586730957
warmup-time = 226.12838077545166
all-measurements = [ 222.7918586730957, 223.8955090045929, 225.2305839061737,]
