best-result = 513.074271440506
warmup-time = 516.7859616279602
all-measurements = [ 517.935533285141, 513.074271440506, 517.5583982467651,]
