best-result = 36.45986604690552
warmup-time = 38.56346416473389
all-measurements = [ 37.79826378822327, 36.45986604690552, 38.298744678497314,]
