best-result = 28.856385231018066
warmup-time = 28.87566328048706
all-measurements = [ 28.856385231018066, 29.157496213912964, 28.86548376083374,]
