best-result = 69.42878651618958
warmup-time = 76.78816652297974
all-measurements = [ 74.89904546737671, 69.42878651618958, 76.71795058250427,]
