best-result = 61.40365529060364
warmup-time = 62.196561098098755
all-measurements = [ 62.04393267631531, 61.40365529060364, 61.897475242614746,]
