best-result = 27.2665696144104
warmup-time = 28.960227966308594
all-measurements = [ 28.013005018234253, 27.2665696144104, 28.93944478034973,]
