best-result = 34.774149656295776
warmup-time = 35.43467593193054
all-measurements = [ 34.774149656295776, 35.455183267593384, 35.398489475250244,]
