best-result = 32.06217885017395
warmup-time = 33.61272740364075
all-measurements = [ 32.06217885017395, 32.73292660713196, 32.86590337753296,]
