best-result = 42.003809213638306
warmup-time = 43.61204791069031
all-measurements = [ 43.261725187301636, 42.003809213638306, 44.29192495346069,]
