best-result = 94.59967637062073
warmup-time = 97.23404836654663
all-measurements = [ 95.39757680892944, 94.59967637062073, 97.70492506027222,]
