best-result = 29.09244418144226
warmup-time = 29.426889419555664
all-measurements = [ 29.737426042556763, 29.456738471984863, 29.09244418144226,]
