best-result = 34.134621381759644
warmup-time = 34.24043369293213
all-measurements = [ 35.35023021697998, 34.134621381759644, 34.3895320892334,]
