best-result = 85.80990219116211
warmup-time = 97.480295419693
all-measurements = [ 92.0136239528656, 89.20977354049683, 85.80990219116211,]
