best-result = 38.159069299697876
warmup-time = 39.65866446495056
all-measurements = [ 38.159069299697876, 39.10996389389038, 38.7441725730896,]
