best-result = 43.05397415161133
warmup-time = 45.79183864593506
all-measurements = [ 43.05397415161133, 45.81133317947388, 45.61552095413208,]
