best-result = 27.955220699310303
warmup-time = 27.596424341201782
all-measurements = [ 29.825615644454956, 27.955220699310303, 28.6997709274292,]
