best-result = 633.4829843044281
warmup-time = 678.0397350788116
all-measurements = [ 634.295018196106, 642.0988848209381, 633.4829843044281,]
