best-result = 173.2720911502838
warmup-time = 172.8223307132721
all-measurements = [ 173.2720911502838, 174.6239402294159, 173.74250483512878,]
