best-result = 58.34700632095337
warmup-time = 58.76816964149475
all-measurements = [ 66.0839958190918, 65.6396381855011, 58.34700632095337,]
