best-result = 25.721173524856567
warmup-time = 26.548113107681274
all-measurements = [ 25.848531007766724, 26.296513080596924, 25.721173524856567,]
