best-result = 37.01726508140564
warmup-time = 37.516658306121826
all-measurements = [ 37.01726508140564, 37.03489661216736, 37.57183074951172,]
