best-result = 29.855565786361694
warmup-time = 32.539031982421875
all-measurements = [ 31.035562992095947, 29.855565786361694, 29.995423078536987,]
