best-result = 254.88287830352783
warmup-time = 262.3132860660553
all-measurements = [ 254.88287830352783, 257.36886501312256, 255.55658984184265,]
