best-result = 35.8365216255188
warmup-time = 36.28962469100952
all-measurements = [ 35.8365216255188, 36.06703543663025, 36.47287583351135,]
