best-result = 111.6948184967041
warmup-time = 114.52742981910706
all-measurements = [ 111.6948184967041, 115.17772507667542, 113.15302348136902,]
