best-result = 39.498281717300415
warmup-time = 41.32149934768677
all-measurements = [ 41.237003326416016, 41.19879174232483, 39.498281717300415,]
