best-result = 47.505258321762085
warmup-time = 49.232380390167236
all-measurements = [ 47.96030569076538, 47.505258321762085, 49.17026901245117,]
