best-result = 33.16755509376526
warmup-time = 34.23135209083557
all-measurements = [ 34.12141942977905, 34.41154360771179, 33.16755509376526,]
