best-result = 36.56869983673096
warmup-time = 37.91268348693848
all-measurements = [ 37.455458879470825, 37.22110080718994, 36.56869983673096,]
