best-result = 58.16985869407654
warmup-time = 62.05898380279541
all-measurements = [ 58.16985869407654, 62.37142539024353, 62.34673357009888,]
