best-result = 222.28067445755005
warmup-time = 225.54553723335266
all-measurements = [ 222.28067445755005, 227.83376955986023, 224.7128825187683,]
