best-result = 512.8548140525818
warmup-time = 527.7754578590393
all-measurements = [ 514.2935853004456, 512.8548140525818, 516.3519334793091,]
