best-result = 35.865397214889526
warmup-time = 38.05746912956238
all-measurements = [ 35.865397214889526, 36.08029627799988, 37.32056164741516,]
