best-result = 28.540828943252563
warmup-time = 29.114704132080078
all-measurements = [ 28.74895167350769, 29.150460720062256, 28.540828943252563,]
