best-result = 67.71435403823853
warmup-time = 75.3589084148407
all-measurements = [ 79.38022685050964, 76.63903617858887, 67.71435403823853,]
