best-result = 61.6629159450531
warmup-time = 64.68095254898071
all-measurements = [ 61.6629159450531, 63.46163201332092, 61.76036524772644,]
