best-result = 28.074867486953735
warmup-time = 29.03727626800537
all-measurements = [ 28.074867486953735, 28.32080841064453, 28.218143224716187,]
