best-result = 32.857847690582275
warmup-time = 32.55372619628906
all-measurements = [ 32.857847690582275, 35.629029750823975, 34.72335934638977,]
