best-result = 32.890121936798096
warmup-time = 32.65015172958374
all-measurements = [ 33.31426024436951, 32.890121936798096, 35.13597893714905,]
