best-result = 40.61530780792236
warmup-time = 42.17876935005188
all-measurements = [ 40.61530780792236, 44.266308069229126, 43.98079824447632,]
