best-result = 93.88911390304565
warmup-time = 97.07038116455078
all-measurements = [ 93.88911390304565, 94.61824297904968, 95.9987440109253,]
