best-result = 29.179996490478516
warmup-time = 29.699758052825928
all-measurements = [ 29.179996490478516, 29.66527509689331, 29.256385326385498,]
