best-result = 32.62030100822449
warmup-time = 36.4961371421814
all-measurements = [ 32.71734952926636, 32.62030100822449, 35.19357657432556,]
