best-result = 85.2355728149414
warmup-time = 87.74202609062195
all-measurements = [ 88.74620747566223, 85.2355728149414, 90.21424722671509,]
