best-result = 38.15633296966553
warmup-time = 37.745481967926025
all-measurements = [ 38.54033303260803, 38.16121244430542, 38.15633296966553,]
