best-result = 43.289795875549316
warmup-time = 43.479432821273804
all-measurements = [ 44.1690354347229, 43.289795875549316, 45.77302098274231,]
