best-result = 27.782386541366577
warmup-time = 28.90708041191101
all-measurements = [ 27.782386541366577, 28.253458738327026, 28.822785139083862,]
