best-result = 632.2915964126587
warmup-time = 677.7416319847107
all-measurements = [ 657.0066735744476, 636.4451367855072, 632.2915964126587,]
