best-result = 172.66572761535645
warmup-time = 174.2567114830017
all-measurements = [ 172.66572761535645, 175.08412528038025, 173.82331037521362,]
