best-result = 55.317057609558105
warmup-time = 66.98249411582947
all-measurements = [ 70.17233300209045, 55.317057609558105, 66.94088220596313,]
