best-result = 25.82508373260498
warmup-time = 26.481969833374023
all-measurements = [ 25.82508373260498, 26.122663259506226, 26.02108120918274,]
