best-result = 36.47510886192322
warmup-time = 37.94114947319031
all-measurements = [ 37.47584891319275, 36.47510886192322, 37.10909986495972,]
