best-result = 30.30982494354248
warmup-time = 31.560388565063477
all-measurements = [ 30.739906072616577, 30.30982494354248, 31.16606593132019,]
