best-result = 262.4106788635254
warmup-time = 270.8683338165283
all-measurements = [ 269.55369806289673, 267.60919308662415, 262.4106788635254,]
