best-result = 35.8575975894928
warmup-time = 37.21442437171936
all-measurements = [ 36.662169218063354, 37.1828830242157, 35.8575975894928,]
