best-result = 40.50108456611633
warmup-time = 43.34603428840637
all-measurements = [ 40.50108456611633, 42.09754467010498, 41.7341730594635,]
