best-result = 48.63226819038391
warmup-time = 50.38953399658203
all-measurements = [ 51.3486967086792, 51.11203932762146, 48.63226819038391,]
