best-result = 31.332709550857544
warmup-time = 33.17376685142517
all-measurements = [ 34.77024221420288, 31.332709550857544, 34.843502044677734,]
