best-result = 37.61248540878296
warmup-time = 38.80168414115906
all-measurements = [ 37.79024934768677, 38.007412910461426, 37.61248540878296,]
