best-result = 62.40859913825989
warmup-time = 65.9310302734375
all-measurements = [ 63.59006190299988, 65.84391522407532, 62.40859913825989,]
