best-result = 225.67224788665771
warmup-time = 228.16179037094116
all-measurements = [ 226.07469868659973, 228.78792023658752, 225.67224788665771,]
