best-result = 517.4570934772491
warmup-time = 526.6915712356567
all-measurements = [ 517.8580813407898, 517.4570934772491, 523.0217003822327,]
