best-result = 36.01914191246033
warmup-time = 36.625580072402954
all-measurements = [ 36.01914191246033, 38.094836711883545, 36.54928636550903,]
