best-result = 82.32336163520813
warmup-time = 86.50683569908142
all-measurements = [ 85.17747497558594, 82.32336163520813, 83.40785789489746,]
