best-result = 61.61618781089783
warmup-time = 62.83141613006592
all-measurements = [ 61.61618781089783, 62.68204998970032, 61.71233034133911,]
