best-result = 29.981340885162354
warmup-time = 28.69330406188965
all-measurements = [ 32.15654516220093, 33.56531763076782, 29.981340885162354,]
