best-result = 40.775105714797974
warmup-time = 45.811097621917725
all-measurements = [ 41.44906949996948, 40.775105714797974, 40.97391653060913,]
