best-result = 35.228434562683105
warmup-time = 39.07899808883667
all-measurements = [ 37.713597536087036, 36.678210496902466, 35.228434562683105,]
