best-result = 43.47237181663513
warmup-time = 48.7594096660614
all-measurements = [ 44.5348699092865, 44.175429344177246, 43.47237181663513,]
