best-result = 95.21092581748962
warmup-time = 97.71066284179688
all-measurements = [ 97.16101288795471, 95.21092581748962, 100.54151654243469,]
