best-result = 27.77453351020813
warmup-time = 28.64725685119629
all-measurements = [ 28.13132357597351, 27.77453351020813, 28.698341608047485,]
