best-result = 32.90964126586914
warmup-time = 34.83266592025757
all-measurements = [ 35.238608837127686, 35.71063232421875, 32.90964126586914,]
