best-result = 86.35674810409546
warmup-time = 94.86920022964478
all-measurements = [ 86.35674810409546, 89.78915929794312, 93.09530425071716,]
