best-result = 38.85043978691101
warmup-time = 40.44934797286987
all-measurements = [ 39.17528676986694, 38.85043978691101, 39.625614404678345,]
