best-result = 44.97035026550293
warmup-time = 45.88888764381409
all-measurements = [ 46.43423533439636, 44.97035026550293, 45.59520196914673,]
