best-result = 28.473791122436523
warmup-time = 29.21646237373352
all-measurements = [ 28.911274433135986, 28.78737163543701, 28.473791122436523,]
