best-result = 696.0545706748962
warmup-time = 731.2968769073486
all-measurements = [ 696.0545706748962, 699.1120638847351, 699.7143123149872,]
