best-result = 174.2870750427246
warmup-time = 175.93920993804932
all-measurements = [ 174.2870750427246, 175.04788088798523, 174.35968279838562,]
