best-result = 64.75673651695251
warmup-time = 68.51860237121582
all-measurements = [ 68.80659699440002, 64.75673651695251, 66.42742896080017,]
