best-result = 25.915776014328003
warmup-time = 25.949119091033936
all-measurements = [ 26.777440071105957, 25.93197226524353, 25.915776014328003,]
