best-result = 36.378594636917114
warmup-time = 39.54432535171509
all-measurements = [ 37.68164610862732, 36.378594636917114, 37.61613392829895,]
