best-result = 30.845105409622192
warmup-time = 31.06452965736389
all-measurements = [ 33.29900932312012, 31.123130559921265, 30.845105409622192,]
