best-result = 258.60904335975647
warmup-time = 262.93114614486694
all-measurements = [ 259.35484552383423, 259.752149105072, 258.60904335975647,]
