best-result = 36.39478826522827
warmup-time = 36.82567095756531
all-measurements = [ 36.74415683746338, 36.53790593147278, 36.39478826522827,]
