best-result = 111.44240188598633
warmup-time = 114.5635416507721
all-measurements = [ 112.60719299316406, 111.63133931159973, 111.44240188598633,]
