best-result = 35.55419659614563
warmup-time = 35.15014362335205
all-measurements = [ 36.302659034729004, 35.55419659614563, 35.99919867515564,]
