best-result = 41.41068410873413
warmup-time = 42.43248271942139
all-measurements = [ 41.41068410873413, 42.49476480484009, 42.11615061759949,]
