best-result = 47.46121883392334
warmup-time = 48.093236684799194
all-measurements = [ 47.46121883392334, 48.43766140937805, 47.772618532180786,]
