best-result = 33.03819727897644
warmup-time = 31.494325160980225
all-measurements = [ 33.800503730773926, 33.5281400680542, 33.03819727897644,]
