best-result = 37.23708963394165
warmup-time = 37.498026609420776
all-measurements = [ 37.48867082595825, 37.23708963394165, 37.77334761619568,]
