best-result = 61.54590702056885
warmup-time = 60.767340898513794
all-measurements = [ 64.05596566200256, 61.54590702056885, 62.64762020111084,]
