best-result = 220.4480845928192
warmup-time = 225.66046023368835
all-measurements = [ 220.4480845928192, 223.79937887191772, 220.75286531448364,]
