best-result = 514.46488904953
warmup-time = 521.8920454978943
all-measurements = [ 515.2605183124542, 514.46488904953, 541.1871688365936,]
