best-result = 34.44299602508545
warmup-time = 36.68635129928589
all-measurements = [ 34.44299602508545, 36.229832887649536, 36.23572373390198,]
