best-result = 28.9914128780365
warmup-time = 29.537017583847046
all-measurements = [ 29.026164770126343, 29.079803943634033, 28.9914128780365,]
