best-result = 68.99555897712708
warmup-time = 75.05940413475037
all-measurements = [ 77.16154074668884, 82.94787740707397, 68.99555897712708,]
