best-result = 62.708298206329346
warmup-time = 62.86337327957153
all-measurements = [ 63.28856635093689, 63.635313749313354, 62.708298206329346,]
