best-result = 28.592812061309814
warmup-time = 28.588945150375366
all-measurements = [ 28.84644055366516, 28.592812061309814, 29.26222014427185,]
