best-result = 34.81077480316162
warmup-time = 33.21273493766785
all-measurements = [ 35.7489492893219, 34.81077480316162, 35.60491895675659,]
