best-result = 33.80870032310486
warmup-time = 33.488428354263306
all-measurements = [ 34.08539795875549, 34.74182677268982, 33.80870032310486,]
