best-result = 41.50595021247864
warmup-time = 42.78644847869873
all-measurements = [ 41.50595021247864, 42.109673500061035, 43.69689679145813,]
