best-result = 94.47545981407166
warmup-time = 95.87340211868286
all-measurements = [ 95.88572144508362, 98.21998691558838, 94.47545981407166,]
