best-result = 28.18958306312561
warmup-time = 29.422834396362305
all-measurements = [ 29.794336795806885, 28.18958306312561, 29.07222008705139,]
