best-result = 34.6837592124939
warmup-time = 34.897669315338135
all-measurements = [ 34.6837592124939, 35.74873685836792, 34.705414056777954,]
