best-result = 86.16276907920837
warmup-time = 89.4899685382843
all-measurements = [ 89.62757229804993, 86.16276907920837, 86.73675966262817,]
