best-result = 39.25646734237671
warmup-time = 39.580400228500366
all-measurements = [ 39.25646734237671, 39.5217342376709, 39.47690439224243,]
