best-result = 44.26791000366211
warmup-time = 46.409857511520386
all-measurements = [ 44.66767692565918, 45.352134704589844, 44.26791000366211,]
