best-result = 50.053263425827026
warmup-time = 50.516802072525024
all-measurements = [ 50.357495069503784, 50.92135405540466, 50.053263425827026,]
