best-result = 28.286475658416748
warmup-time = 28.469799518585205
all-measurements = [ 28.286475658416748, 29.522858142852783, 28.977869510650635,]
