best-result = 639.2463340759277
warmup-time = 719.1707365512848
all-measurements = [ 639.2463340759277, 643.8087022304535, 647.5894436836243,]
