best-result = 168.44765710830688
warmup-time = 171.4376301765442
all-measurements = [ 168.49098563194275, 168.60682249069214, 168.44765710830688,]
