best-result = 66.22505259513855
warmup-time = 59.79699373245239
all-measurements = [ 69.41075825691223, 66.44539022445679, 66.22505259513855,]
