best-result = 25.717817783355713
warmup-time = 26.09687066078186
all-measurements = [ 26.00634503364563, 25.717817783355713, 26.377471208572388,]
