best-result = 36.757164001464844
warmup-time = 38.9699923992157
all-measurements = [ 36.757164001464844, 36.777827739715576, 37.95132637023926,]
