best-result = 31.7993221282959
warmup-time = 32.06278991699219
all-measurements = [ 31.7993221282959, 33.019110441207886, 32.32745695114136,]
