best-result = 263.94467997550964
warmup-time = 271.99679923057556
all-measurements = [ 265.6425380706787, 265.08185505867004, 263.94467997550964,]
