best-result = 36.81091856956482
warmup-time = 37.47729206085205
all-measurements = [ 37.2222638130188, 36.81091856956482, 37.34439992904663,]
