best-result = 41.14182686805725
warmup-time = 41.96326303482056
all-measurements = [ 41.6439642906189, 41.14182686805725, 42.07391357421875,]
