best-result = 49.92148303985596
warmup-time = 50.058194637298584
all-measurements = [ 53.10635471343994, 49.92148303985596, 50.186073303222656,]
