best-result = 34.87887215614319
warmup-time = 35.500616788864136
all-measurements = [ 35.641008615493774, 34.87887215614319, 35.37411546707153,]
