best-result = 36.49568462371826
warmup-time = 38.652127742767334
all-measurements = [ 38.214741945266724, 38.468844175338745, 36.49568462371826,]
