best-result = 62.04623007774353
warmup-time = 68.09119439125061
all-measurements = [ 64.30907130241394, 62.04623007774353, 63.075369358062744,]
