best-result = 226.53639602661133
warmup-time = 232.99565649032593
all-measurements = [ 228.6540927886963, 232.0448923110962, 226.53639602661133,]
