best-result = 522.6255764961243
warmup-time = 529.2549071311951
all-measurements = [ 523.5491490364075, 530.2266023159027, 522.6255764961243,]
