best-result = 36.321186542510986
warmup-time = 37.31485152244568
all-measurements = [ 37.513577938079834, 36.321186542510986, 37.8597047328949,]
