best-result = 63.20845985412598
warmup-time = 63.933205127716064
all-measurements = [ 63.20845985412598, 65.79172348976135, 64.83476710319519,]
