best-result = 27.710471153259277
warmup-time = 28.342214822769165
all-measurements = [ 27.710471153259277, 28.213768243789673, 27.868297338485718,]
