best-result = 35.81801700592041
warmup-time = 33.5028862953186
all-measurements = [ 35.81801700592041, 37.318241119384766, 36.695791482925415,]
