best-result = 33.73578882217407
warmup-time = 33.316269636154175
all-measurements = [ 34.058922290802, 34.22699809074402, 33.73578882217407,]
