best-result = 43.19815278053284
warmup-time = 44.68647766113281
all-measurements = [ 44.88425946235657, 45.58409404754639, 43.19815278053284,]
