best-result = 95.98008060455322
warmup-time = 98.23175287246704
all-measurements = [ 96.95834469795227, 98.79014992713928, 95.98008060455322,]
