best-result = 27.93531107902527
warmup-time = 29.80854868888855
all-measurements = [ 27.98478412628174, 28.967416048049927, 27.93531107902527,]
