best-result = 34.62325310707092
warmup-time = 35.31343126296997
all-measurements = [ 35.65931725502014, 34.62325310707092, 37.633994579315186,]
