best-result = 90.86781644821167
warmup-time = 98.0443274974823
all-measurements = [ 92.09851717948914, 96.8448314666748, 90.86781644821167,]
