best-result = 40.20935082435608
warmup-time = 41.288250207901
all-measurements = [ 40.83475613594055, 40.20935082435608, 41.58697748184204,]
