best-result = 44.36521530151367
warmup-time = 45.81721377372742
all-measurements = [ 44.36521530151367, 45.461946964263916, 44.57327485084534,]
