best-result = 27.61093044281006
warmup-time = 28.498342514038086
all-measurements = [ 27.61093044281006, 28.584518432617188, 29.083561658859253,]
