best-result = 691.3485190868378
warmup-time = 714.843658208847
all-measurements = [ 694.4258725643158, 695.018678188324, 691.3485190868378,]
