best-result = 173.17582035064697
warmup-time = 175.30236768722534
all-measurements = [ 173.17582035064697, 174.43611693382263, 179.53350067138672,]
