best-result = 43.97958588600159
warmup-time = 43.674931049346924
all-measurements = [ 46.40892958641052, 45.867732763290405, 43.97958588600159,]
