best-result = 25.602397441864014
warmup-time = 26.32724642753601
all-measurements = [ 25.755878686904907, 25.740899085998535, 25.602397441864014,]
