best-result = 35.575682163238525
warmup-time = 38.31183314323425
all-measurements = [ 36.850670337677, 37.105568647384644, 35.575682163238525,]
