best-result = 29.914220333099365
warmup-time = 31.367031574249268
all-measurements = [ 32.0437650680542, 31.083048105239868, 29.914220333099365,]
