best-result = 264.6349186897278
warmup-time = 269.5642828941345
all-measurements = [ 265.1912910938263, 265.00414633750916, 264.6349186897278,]
