best-result = 36.58451247215271
warmup-time = 36.23707914352417
all-measurements = [ 36.61057376861572, 37.490585803985596, 36.58451247215271,]
