best-result = 40.0611732006073
warmup-time = 41.02761220932007
all-measurements = [ 41.032145261764526, 40.0611732006073, 41.54689121246338,]
