best-result = 48.74718999862671
warmup-time = 48.63224768638611
all-measurements = [ 48.74718999862671, 50.663368940353394, 48.935590505599976,]
