best-result = 32.462719202041626
warmup-time = 34.04819321632385
all-measurements = [ 34.70276117324829, 32.462719202041626, 33.85341191291809,]
