best-result = 37.21784949302673
warmup-time = 37.33709263801575
all-measurements = [ 37.21784949302673, 37.79327726364136, 37.49172592163086,]
