best-result = 62.3379442691803
warmup-time = 64.10324621200562
all-measurements = [ 66.55409789085388, 67.01306414604187, 62.3379442691803,]
