best-result = 224.190749168396
warmup-time = 228.68320775032043
all-measurements = [ 224.190749168396, 229.04517698287964, 226.62826991081238,]
