best-result = 517.8027403354645
warmup-time = 518.7169394493103
all-measurements = [ 517.8027403354645, 518.9180085659027, 520.4996044635773,]
