best-result = 35.1047089099884
warmup-time = 35.73236298561096
all-measurements = [ 37.5908088684082, 35.1047089099884, 37.934343338012695,]
