best-result = 79.63531398773193
warmup-time = 75.46187353134155
all-measurements = [ 79.63531398773193, 80.6255612373352, 83.41442728042603,]
