best-result = 61.55640506744385
warmup-time = 61.810386180877686
all-measurements = [ 62.55835223197937, 61.55640506744385, 63.635992765426636,]
