best-result = 27.68830895423889
warmup-time = 28.180115938186646
all-measurements = [ 27.68830895423889, 28.13228154182434, 28.442712545394897,]
