best-result = 35.250574827194214
warmup-time = 35.570648193359375
all-measurements = [ 35.250574827194214, 35.33394479751587, 35.790480852127075,]
