best-result = 32.7616331577301
warmup-time = 33.47603130340576
all-measurements = [ 32.7616331577301, 33.83016657829285, 34.1243622303009,]
