best-result = 41.215203285217285
warmup-time = 43.27510356903076
all-measurements = [ 43.39196014404297, 43.279123306274414, 41.215203285217285,]
