best-result = 95.60362839698792
warmup-time = 96.99847650527954
all-measurements = [ 95.60362839698792, 99.01415371894836, 96.86262917518616,]
