best-result = 27.992518663406372
warmup-time = 29.490335702896118
all-measurements = [ 29.423343420028687, 28.96409249305725, 27.992518663406372,]
