best-result = 33.9125554561615
warmup-time = 35.44752216339111
all-measurements = [ 34.70040249824524, 33.9125554561615, 33.96266984939575,]
