best-result = 87.37115168571472
warmup-time = 90.92331099510193
all-measurements = [ 90.668128490448, 87.37115168571472, 89.01694774627686,]
