best-result = 38.50826048851013
warmup-time = 38.90508532524109
all-measurements = [ 40.12055516242981, 38.50826048851013, 41.13373398780823,]
