best-result = 44.56400799751282
warmup-time = 44.32210993766785
all-measurements = [ 44.56400799751282, 45.867668867111206, 45.13245129585266,]
