best-result = 28.682685136795044
warmup-time = 28.870525598526
all-measurements = [ 28.767937660217285, 28.682685136795044, 28.859631776809692,]
