best-result = 692.1700203418732
warmup-time = 735.9922082424164
all-measurements = [ 701.3414735794067, 704.4797236919403, 692.1700203418732,]
