best-result = 174.7449085712433
warmup-time = 174.2025089263916
all-measurements = [ 175.0546703338623, 178.02338576316833, 174.7449085712433,]
