best-result = 59.35370492935181
warmup-time = 72.06408071517944
all-measurements = [ 69.04071688652039, 59.35370492935181, 60.00520873069763,]
