best-result = 22.457478046417236
warmup-time = 22.80251979827881
all-measurements = [ 22.845264434814453, 22.5991051197052, 22.457478046417236,]
