best-result = 47.23177981376648
warmup-time = 64.35154032707214
all-measurements = [ 47.645758390426636, 47.23177981376648, 47.35808539390564,]
