best-result = 46.44196581840515
warmup-time = 58.57915425300598
all-measurements = [ 46.44196581840515, 46.57323360443115, 46.87805223464966,]
