best-result = 950.9023079872131
warmup-time = 1137.7595777511597
all-measurements = [ 950.9023079872131, 962.5203416347504, 962.7282314300537,]
