best-result = 84.72658729553223
warmup-time = 98.38796043395996
all-measurements = [ 85.18052935600281, 85.75763082504272, 84.72658729553223,]
