best-result = 80.84784364700317
warmup-time = 102.12381339073181
all-measurements = [ 80.84784364700317, 81.53118252754211, 82.91602396965027,]
