best-result = 69.87031865119934
warmup-time = 92.17013478279114
all-measurements = [ 69.91453075408936, 69.87031865119934, 69.88725185394287,]
