best-result = 89.82338762283325
warmup-time = 105.06722354888916
all-measurements = [ 90.79932951927185, 89.82338762283325, 90.19691443443298,]
