best-result = 616.4572355747223
warmup-time = 629.4743645191193
all-measurements = [ 616.4572355747223, 616.5351037979126, 619.9284291267395,]
