best-result = 64.9373152256012
warmup-time = 80.92071628570557
all-measurements = [ 64.9373152256012, 65.08339214324951, 65.28470540046692,]
