best-result = 222.5077087879181
warmup-time = 376.35711646080017
all-measurements = [ 222.9656720161438, 222.5077087879181, 223.99097323417664,]
