best-result = 440.7830767631531
warmup-time = 897.4612197875977
all-measurements = [ 440.7830767631531, 445.78867268562317, 454.9576008319855,]
