best-result = 61.55449652671814
warmup-time = 77.45814347267151
all-measurements = [ 62.26233696937561, 61.63967227935791, 61.55449652671814,]
