best-result = 863.8259124755859
warmup-time = 889.1199948787689
all-measurements = [ 864.4380650520325, 866.7432563304901, 863.8259124755859,]
