best-result = 27.236863613128662
warmup-time = 35.262508153915405
all-measurements = [ 27.714081287384033, 27.236863613128662, 27.924814224243164,]
