best-result = 57.92270588874817
warmup-time = 71.42635226249695
all-measurements = [ 58.20147657394409, 58.05800747871399, 57.92270588874817,]
