best-result = 58.48546838760376
warmup-time = 71.41300535202026
all-measurements = [ 58.48546838760376, 58.64607644081116, 58.725544452667236,]
