best-result = 109.627188205719
warmup-time = 138.0670943260193
all-measurements = [ 109.627188205719, 110.69286561012268, 110.37662482261658,]
