best-result = 779.7276713848114
warmup-time = 845.7129528522491
all-measurements = [ 780.39257979393, 779.7276713848114, 806.486111164093,]
