best-result = 33.97391200065613
warmup-time = 42.11658787727356
all-measurements = [ 33.97391200065613, 34.09124755859375, 34.39879012107849,]
