best-result = 54.19876551628113
warmup-time = 67.79808259010315
all-measurements = [ 54.31502342224121, 54.19876551628113, 54.32900094985962,]
