best-result = 2050.481746196747
warmup-time = 2544.9204766750336
all-measurements = [ 2992.68745303154, 2292.8483221530914, 2050.481746196747,]
