best-result = 49.23293590545654
warmup-time = 71.47620058059692
all-measurements = [ 49.23293590545654, 49.95806622505188, 49.56152057647705,]
