best-result = 80.42157340049744
warmup-time = 102.90675926208496
all-measurements = [ 80.42157340049744, 80.64962840080261, 81.23270463943481,]
