best-result = 36.48448038101196
warmup-time = 45.01630878448486
all-measurements = [ 36.48448038101196, 36.54457139968872, 36.52087473869324,]
