best-result = 341.34378027915955
warmup-time = 483.07728147506714
all-measurements = [ 341.34378027915955, 343.46377515792847, 341.9455645084381,]
