best-result = 103.99790740013123
warmup-time = 104.94290375709534
all-measurements = [ 105.22041296958923, 103.99790740013123, 104.74382543563843,]
