best-result = 25.730974912643433
warmup-time = 26.2042875289917
all-measurements = [ 26.131782293319702, 25.730974912643433, 26.334405183792114,]
