best-result = 37.697641134262085
warmup-time = 37.14650893211365
all-measurements = [ 38.34381437301636, 37.892640590667725, 37.697641134262085,]
