best-result = 30.73114800453186
warmup-time = 30.961952209472656
all-measurements = [ 31.5462167263031, 30.73114800453186, 31.284003496170044,]
