best-result = 264.310316324234
warmup-time = 271.7450141906738
all-measurements = [ 266.4955110549927, 264.310316324234, 266.3048691749573,]
