best-result = 36.039270639419556
warmup-time = 36.42882180213928
all-measurements = [ 37.040390729904175, 36.039270639419556, 37.283759117126465,]
