best-result = 111.71086239814758
warmup-time = 114.3129494190216
all-measurements = [ 111.71086239814758, 111.7410192489624, 114.52535343170166,]
