best-result = 41.87274503707886
warmup-time = 40.833824157714844
all-measurements = [ 41.87274503707886, 43.55143475532532, 42.00035309791565,]
