best-result = 47.08074426651001
warmup-time = 49.51491093635559
all-measurements = [ 47.95178031921387, 47.08074426651001, 48.4719820022583,]
