best-result = 33.90395736694336
warmup-time = 33.563679933547974
all-measurements = [ 33.90395736694336, 34.23085355758667, 34.65293622016907,]
