best-result = 36.93872570991516
warmup-time = 37.699010372161865
all-measurements = [ 36.93872570991516, 37.897449254989624, 37.09862303733826,]
