best-result = 62.929240465164185
warmup-time = 59.24700474739075
all-measurements = [ 65.2204942703247, 62.929240465164185, 63.44679665565491,]
