best-result = 227.18200254440308
warmup-time = 231.43938517570496
all-measurements = [ 229.6180453300476, 227.18200254440308, 227.83683013916016,]
