best-result = 519.0433402061462
warmup-time = 528.95539021492
all-measurements = [ 519.0433402061462, 526.4797828197479, 525.2986333370209,]
