best-result = 36.72476530075073
warmup-time = 36.522260904312134
all-measurements = [ 40.490756034851074, 37.27747964859009, 36.72476530075073,]
