best-result = 28.64116406440735
warmup-time = 29.33501410484314
all-measurements = [ 29.150926113128662, 28.752999544143677, 28.64116406440735,]
