best-result = 76.75460481643677
warmup-time = 73.62357521057129
all-measurements = [ 81.65522813796997, 76.75460481643677, 81.02809762954712,]
