best-result = 61.61191391944885
warmup-time = 62.488269567489624
all-measurements = [ 61.61191391944885, 63.883976459503174, 63.7684531211853,]
