best-result = 27.144761085510254
warmup-time = 28.222854614257812
all-measurements = [ 29.49217653274536, 27.144761085510254, 29.393524408340454,]
