best-result = 35.44415497779846
warmup-time = 35.48238730430603
all-measurements = [ 35.44415497779846, 35.54972290992737, 35.62877631187439,]
