best-result = 33.71632933616638
warmup-time = 33.41423845291138
all-measurements = [ 33.90667366981506, 33.71632933616638, 34.686370849609375,]
