best-result = 40.76295351982117
warmup-time = 44.86364722251892
all-measurements = [ 40.76295351982117, 41.84151363372803, 42.355470180511475,]
