best-result = 96.62321519851685
warmup-time = 97.77339315414429
all-measurements = [ 97.02353501319885, 96.93202829360962, 96.62321519851685,]
