best-result = 27.95356512069702
warmup-time = 27.696513414382935
all-measurements = [ 29.67882776260376, 29.03734803199768, 27.95356512069702,]
