best-result = 34.77149152755737
warmup-time = 34.70044422149658
all-measurements = [ 35.12322497367859, 34.77149152755737, 35.99928545951843,]
