best-result = 87.79466605186462
warmup-time = 95.83608913421631
all-measurements = [ 90.6706793308258, 89.56791067123413, 87.79466605186462,]
