best-result = 39.338730335235596
warmup-time = 38.85585165023804
all-measurements = [ 39.338730335235596, 39.62188935279846, 40.532899141311646,]
