best-result = 44.11717081069946
warmup-time = 44.694586992263794
all-measurements = [ 47.10170793533325, 44.11717081069946, 47.45091247558594,]
