best-result = 28.679006099700928
warmup-time = 28.88176989555359
all-measurements = [ 29.044834852218628, 28.77658700942993, 28.679006099700928,]
