best-result = 699.5277082920074
warmup-time = 733.2065105438232
all-measurements = [ 701.9893164634705, 703.617484331131, 699.5277082920074,]
