best-result = 177.9194028377533
warmup-time = 176.79152369499207
all-measurements = [ 179.55037450790405, 179.41374588012695, 177.9194028377533,]
