best-result = 58.70659828186035
warmup-time = 70.30569624900818
all-measurements = [ 66.29460048675537, 70.38454961776733, 58.70659828186035,]
