best-result = 22.892512321472168
warmup-time = 23.31063437461853
all-measurements = [ 22.892512321472168, 22.989022731781006, 22.907143354415894,]
