best-result = 46.45289874076843
warmup-time = 63.34053301811218
all-measurements = [ 46.59434676170349, 47.610167264938354, 46.45289874076843,]
