best-result = 46.65538311004639
warmup-time = 58.233420610427856
all-measurements = [ 46.875229358673096, 46.65538311004639, 46.78629279136658,]
