best-result = 926.0879640579224
warmup-time = 1130.1965248584747
all-measurements = [ 926.0879640579224, 936.0294895172119, 943.6521775722504,]
