best-result = 84.98796010017395
warmup-time = 100.49072551727295
all-measurements = [ 85.6603615283966, 84.98796010017395, 85.62405395507812,]
