best-result = 82.73783659934998
warmup-time = 102.31202101707458
all-measurements = [ 83.60099029541016, 82.73783659934998, 83.49955296516418,]
