best-result = 70.45006012916565
warmup-time = 91.20615243911743
all-measurements = [ 70.45006012916565, 70.78578019142151, 71.61310815811157,]
