best-result = 91.6113772392273
warmup-time = 105.3397171497345
all-measurements = [ 91.90668392181396, 92.5607795715332, 91.6113772392273,]
