best-result = 635.6154863834381
warmup-time = 649.1877448558807
all-measurements = [ 635.6154863834381, 639.5535867214203, 635.9723851680756,]
