best-result = 64.99292993545532
warmup-time = 78.303142786026
all-measurements = [ 64.99292993545532, 65.0670576095581, 65.34286832809448,]
