best-result = 223.0898675918579
warmup-time = 374.9425137042999
all-measurements = [ 223.0898675918579, 223.57239961624146, 224.4586160182953,]
