best-result = 440.647257566452
warmup-time = 886.5530636310577
all-measurements = [ 443.8549163341522, 443.4883749485016, 440.647257566452,]
