best-result = 61.99601221084595
warmup-time = 78.06057858467102
all-measurements = [ 62.11385536193848, 61.99601221084595, 63.16892743110657,]
