best-result = 143.659658908844
warmup-time = 173.45680475234985
all-measurements = [ 143.659658908844, 143.89890265464783, 144.0275342464447,]
