best-result = 886.3918561935425
warmup-time = 915.6193046569824
all-measurements = [ 886.3918561935425, 892.8713779449463, 886.725207567215,]
