best-result = 27.385083198547363
warmup-time = 36.28809714317322
all-measurements = [ 27.892340898513794, 27.385083198547363, 27.5327627658844,]
