best-result = 58.55612373352051
warmup-time = 71.5207781791687
all-measurements = [ 60.019620418548584, 58.55612373352051, 59.036357164382935,]
