best-result = 59.6910080909729
warmup-time = 73.58756232261658
all-measurements = [ 60.000927448272705, 59.6910080909729, 59.952956199645996,]
