best-result = 111.22107934951782
warmup-time = 169.65768909454346
all-measurements = [ 112.44700503349304, 111.22107934951782, 112.07179141044617,]
