best-result = 789.1179103851318
warmup-time = 858.8531095981598
all-measurements = [ 791.616578578949, 792.2954325675964, 789.1179103851318,]
