best-result = 33.7269823551178
warmup-time = 41.61310625076294
all-measurements = [ 33.92666172981262, 34.441510915756226, 33.7269823551178,]
