best-result = 54.78412342071533
warmup-time = 71.07352232933044
all-measurements = [ 55.70668339729309, 55.20998024940491, 54.78412342071533,]
