best-result = 2443.2812535762787
warmup-time = 3858.1146750450134
all-measurements = [ 3207.1941657066345, 2443.2812535762787, 2540.7269656658173,]
