best-result = 49.32666730880737
warmup-time = 70.7292971611023
all-measurements = [ 49.99677896499634, 49.78761172294617, 49.32666730880737,]
