best-result = 78.87782335281372
warmup-time = 98.19536805152893
all-measurements = [ 78.942631483078, 78.87782335281372, 79.28292036056519,]
