best-result = 36.511629819869995
warmup-time = 46.41235017776489
all-measurements = [ 36.511629819869995, 36.79782557487488, 37.00265550613403,]
