best-result = 354.91216254234314
warmup-time = 501.01491522789
all-measurements = [ 360.6220033168793, 354.91216254234314, 369.24383568763733,]
