best-result = 59.017966985702515
warmup-time = 60.535176038742065
all-measurements = [ 59.590107679367065, 60.42637610435486, 59.017966985702515,]
