best-result = 26.965813398361206
warmup-time = 26.823076486587524
all-measurements = [ 26.965813398361206, 27.651707410812378, 27.742002487182617,]
