best-result = 38.87913465499878
warmup-time = 41.319117069244385
all-measurements = [ 38.87913465499878, 39.08189940452576, 40.17915725708008,]
