best-result = 34.82511496543884
warmup-time = 33.80378746986389
all-measurements = [ 34.83014464378357, 34.88847303390503, 34.82511496543884,]
