best-result = 282.71005034446716
warmup-time = 286.1650412082672
all-measurements = [ 286.76756739616394, 289.23304629325867, 282.71005034446716,]
