best-result = 37.32580375671387
warmup-time = 37.586127519607544
all-measurements = [ 37.32580375671387, 39.008570432662964, 37.91408729553223,]
