best-result = 44.50662064552307
warmup-time = 44.47237730026245
all-measurements = [ 45.72807431221008, 44.50662064552307, 46.38447570800781,]
