best-result = 53.186163902282715
warmup-time = 52.849015951156616
all-measurements = [ 53.233447790145874, 55.13986015319824, 53.186163902282715,]
