best-result = 35.33732604980469
warmup-time = 37.18959856033325
all-measurements = [ 38.12178087234497, 36.83523893356323, 35.33732604980469,]
