best-result = 39.90873146057129
warmup-time = 40.648433446884155
all-measurements = [ 41.20592427253723, 41.15769553184509, 39.90873146057129,]
