best-result = 61.422712564468384
warmup-time = 66.86183786392212
all-measurements = [ 65.29677248001099, 61.422712564468384, 66.36557650566101,]
