best-result = 254.3705174922943
warmup-time = 257.63576555252075
all-measurements = [ 257.6902720928192, 257.4373736381531, 254.3705174922943,]
