best-result = 597.4634213447571
warmup-time = 597.186758518219
all-measurements = [ 599.3710780143738, 599.3482384681702, 597.4634213447571,]
