best-result = 37.604228258132935
warmup-time = 37.5826141834259
all-measurements = [ 38.46569800376892, 39.23382353782654, 37.604228258132935,]
