best-result = 68.89622211456299
warmup-time = 70.2339255809784
all-measurements = [ 69.81595182418823, 68.89622211456299, 70.03077745437622,]
