best-result = 29.217727184295654
warmup-time = 29.37855863571167
all-measurements = [ 29.217727184295654, 29.43049192428589, 29.422542572021484,]
