best-result = 35.15368175506592
warmup-time = 38.21338486671448
all-measurements = [ 35.15368175506592, 39.1419882774353, 38.137147665023804,]
