best-result = 34.66334104537964
warmup-time = 34.683255195617676
all-measurements = [ 34.66334104537964, 35.76935291290283, 34.71460270881653,]
