best-result = 45.918545722961426
warmup-time = 46.508355140686035
all-measurements = [ 47.376962423324585, 46.2906551361084, 45.918545722961426,]
