best-result = 107.52223753929138
warmup-time = 107.47821044921875
all-measurements = [ 111.95466303825378, 110.56155800819397, 107.52223753929138,]
