best-result = 28.64225482940674
warmup-time = 29.900004386901855
all-measurements = [ 29.115278244018555, 30.206389665603638, 28.64225482940674,]
