best-result = 35.9301540851593
warmup-time = 36.95448017120361
all-measurements = [ 36.69868516921997, 36.90864706039429, 35.9301540851593,]
