best-result = 42.80076718330383
warmup-time = 42.6912624835968
all-measurements = [ 43.671710729599, 43.671637535095215, 42.80076718330383,]
