best-result = 46.64208984375
warmup-time = 49.589086294174194
all-measurements = [ 46.64208984375, 48.78304982185364, 46.75200700759888,]
