best-result = 29.805428981781006
warmup-time = 29.998111486434937
all-measurements = [ 30.32697367668152, 29.897284984588623, 29.805428981781006,]
