best-result = 733.6177389621735
warmup-time = 751.1965711116791
all-measurements = [ 737.1680886745453, 733.6177389621735, 746.3091955184937,]
