best-result = 197.0667018890381
warmup-time = 195.4319245815277
all-measurements = [ 198.70970797538757, 197.0667018890381, 201.45826482772827,]
