best-result = 46.01954960823059
warmup-time = 48.035550117492676
all-measurements = [ 47.13659453392029, 46.01954960823059, 47.062519550323486,]
