best-result = 22.84727668762207
warmup-time = 22.812360525131226
all-measurements = [ 22.96449613571167, 22.84727668762207, 23.049733638763428,]
