best-result = 46.64881920814514
warmup-time = 63.79240822792053
all-measurements = [ 46.64881920814514, 46.96832227706909, 47.07290291786194,]
