best-result = 46.35826563835144
warmup-time = 58.96976017951965
all-measurements = [ 46.755146980285645, 46.35826563835144, 47.17833757400513,]
