best-result = 918.4261405467987
warmup-time = 1146.513623714447
all-measurements = [ 918.4261405467987, 925.9740295410156, 945.2791321277618,]
