best-result = 85.25344324111938
warmup-time = 99.47708106040955
all-measurements = [ 85.91782903671265, 86.0905442237854, 85.25344324111938,]
