best-result = 991.1428556442261
warmup-time = 1017.1811988353729
all-measurements = [ 991.1428556442261, 1004.305433511734, 996.6607367992401,]
