best-result = 82.05412602424622
warmup-time = 105.21616744995117
all-measurements = [ 82.05412602424622, 82.94366455078125, 82.79280710220337,]
