best-result = 67.77733135223389
warmup-time = 88.33124566078186
all-measurements = [ 68.5619547367096, 67.77733135223389, 68.91256332397461,]
