best-result = 91.79966449737549
warmup-time = 106.24821162223816
all-measurements = [ 92.82549357414246, 91.79966449737549, 92.87002158164978,]
