best-result = 650.7917470932007
warmup-time = 665.5067405700684
all-measurements = [ 650.7917470932007, 653.7674918174744, 652.117928981781,]
