best-result = 63.035491704940796
warmup-time = 74.22024750709534
all-measurements = [ 63.92453193664551, 63.035491704940796, 63.35908555984497,]
