best-result = 208.2783579826355
warmup-time = 371.28981280326843
all-measurements = [ 212.71599102020264, 209.0135281085968, 208.2783579826355,]
