best-result = 425.443651676178
warmup-time = 877.6850306987762
all-measurements = [ 444.88897800445557, 428.3208682537079, 425.443651676178,]
