best-result = 62.660277366638184
warmup-time = 78.15268039703369
all-measurements = [ 63.19163131713867, 62.660277366638184, 62.86224627494812,]
