best-result = 39.842832803726196
warmup-time = 48.465752840042114
all-measurements = [ 39.842832803726196, 40.286375284194946, 39.9469690322876,]
