best-result = 138.68247365951538
warmup-time = 169.3090090751648
all-measurements = [ 138.83314299583435, 138.68247365951538, 139.18207430839539,]
