best-result = 913.8421030044556
warmup-time = 939.5299804210663
all-measurements = [ 918.6798460483551, 913.8421030044556, 924.1795477867126,]
