best-result = 27.594131231307983
warmup-time = 36.96038222312927
all-measurements = [ 27.594131231307983, 28.455076932907104, 28.235174894332886,]
