best-result = 57.937358140945435
warmup-time = 71.35235214233398
all-measurements = [ 58.07423114776611, 58.800445556640625, 57.937358140945435,]
