best-result = 59.90672826766968
warmup-time = 73.79653215408325
all-measurements = [ 59.98571753501892, 60.164700746536255, 59.90672826766968,]
