best-result = 110.66107296943665
warmup-time = 139.95857524871826
all-measurements = [ 111.9736077785492, 112.52283453941345, 110.66107296943665,]
