best-result = 783.5687408447266
warmup-time = 853.1747379302979
all-measurements = [ 789.3519961833954, 789.1856825351715, 783.5687408447266,]
