best-result = 33.65556526184082
warmup-time = 43.00203251838684
all-measurements = [ 34.62342596054077, 34.0304799079895, 33.65556526184082,]
