best-result = 55.43471050262451
warmup-time = 70.5995979309082
all-measurements = [ 55.496604919433594, 55.617897033691406, 55.43471050262451,]
