best-result = 1567.433111667633
warmup-time = 1754.6432936191559
all-measurements = [ 1567.433111667633, 1691.7007746696472, 1584.9112215042114,]
