best-result = 48.47498559951782
warmup-time = 70.86216735839844
all-measurements = [ 48.907294273376465, 49.44670748710632, 48.47498559951782,]
