best-result = 79.20258092880249
warmup-time = 96.86833786964417
all-measurements = [ 79.47181987762451, 79.20258092880249, 79.47561407089233,]
