best-result = 36.6045560836792
warmup-time = 46.82949113845825
all-measurements = [ 36.6045560836792, 36.9687123298645, 37.41868042945862,]
