best-result = 354.07745385169983
warmup-time = 504.1654598712921
all-measurements = [ 384.93332529067993, 354.07745385169983, 359.29542803764343,]
