best-result = 59.06691002845764
warmup-time = 59.097009897232056
all-measurements = [ 59.06691002845764, 59.44853758811951, 59.42836093902588,]
