best-result = 23.494641065597534
warmup-time = 23.87276339530945
all-measurements = [ 23.93743109703064, 23.494641065597534, 23.919835805892944,]
