best-result = 47.74128174781799
warmup-time = 63.63744258880615
all-measurements = [ 48.004621267318726, 47.74128174781799, 47.9978141784668,]
