best-result = 47.5911123752594
warmup-time = 58.52225852012634
all-measurements = [ 48.27679491043091, 48.390684366226196, 47.5911123752594,]
