best-result = 905.9414892196655
warmup-time = 1084.7883677482605
all-measurements = [ 911.6497488021851, 911.2497985363007, 905.9414892196655,]
