best-result = 85.64245128631592
warmup-time = 100.30772113800049
all-measurements = [ 85.64245128631592, 86.06407499313354, 86.00954365730286,]
