best-result = 884.9450352191925
warmup-time = 912.4674894809723
all-measurements = [ 886.6509857177734, 884.9450352191925, 892.2704617977142,]
