best-result = 66.72260618209839
warmup-time = 93.96133661270142
all-measurements = [ 68.93073344230652, 67.58920431137085, 66.72260618209839,]
