best-result = 86.20805263519287
warmup-time = 105.71889281272888
all-measurements = [ 86.20805263519287, 87.60910081863403, 87.31901478767395,]
