best-result = 69.44703102111816
warmup-time = 90.67452454566956
all-measurements = [ 69.44703102111816, 69.6432237625122, 69.5862226486206,]
