best-result = 88.38302993774414
warmup-time = 101.54127430915833
all-measurements = [ 88.5805594921112, 88.61324262619019, 88.38302993774414,]
