best-result = 657.7739923000336
warmup-time = 667.1811091899872
all-measurements = [ 658.049783706665, 660.135068655014, 657.7739923000336,]
