best-result = 64.49044275283813
warmup-time = 79.63889622688293
all-measurements = [ 65.34853744506836, 64.51579117774963, 64.49044275283813,]
