best-result = 192.90818738937378
warmup-time = 344.89749002456665
all-measurements = [ 194.17820835113525, 195.08132219314575, 192.90818738937378,]
