best-result = 392.5838782787323
warmup-time = 830.2005009651184
all-measurements = [ 392.5838782787323, 393.6580934524536, 396.61909651756287,]
