best-result = 64.7288990020752
warmup-time = 79.30981779098511
all-measurements = [ 65.29214906692505, 64.7288990020752, 64.87829065322876,]
