best-result = 41.53140425682068
warmup-time = 49.64375281333923
all-measurements = [ 41.53140425682068, 42.2845504283905, 41.87789487838745,]
