best-result = 138.56030178070068
warmup-time = 163.71609377861023
all-measurements = [ 138.8775725364685, 138.56030178070068, 138.70777201652527,]
