best-result = 957.1754686832428
warmup-time = 982.0263950824738
all-measurements = [ 966.9380848407745, 961.7282526493073, 957.1754686832428,]
