best-result = 28.48880386352539
warmup-time = 36.7287437915802
all-measurements = [ 28.48880386352539, 28.836677312850952, 28.81865429878235,]
