best-result = 60.216498136520386
warmup-time = 73.91639137268066
all-measurements = [ 61.16973280906677, 61.0927951335907, 60.216498136520386,]
