best-result = 60.88099217414856
warmup-time = 74.75103616714478
all-measurements = [ 60.88099217414856, 61.73947048187256, 61.832937717437744,]
