best-result = 110.51159739494324
warmup-time = 138.25049448013306
all-measurements = [ 110.51159739494324, 111.57136464118958, 110.83892607688904,]
