best-result = 784.8007452487946
warmup-time = 854.7639474868774
all-measurements = [ 787.3352887630463, 786.2934150695801, 784.8007452487946,]
