best-result = 35.14996266365051
warmup-time = 42.07850217819214
all-measurements = [ 35.14996266365051, 35.18521785736084, 35.22854495048523,]
