best-result = 57.510016202926636
warmup-time = 72.73173427581787
all-measurements = [ 57.510016202926636, 57.67950463294983, 57.5271258354187,]
