best-result = 2337.332498550415
warmup-time = 3339.0592596530914
all-measurements = [ 2337.332498550415, 3277.133172750473, 2392.8039984703064,]
