best-result = 49.950687646865845
warmup-time = 73.02976608276367
all-measurements = [ 50.141844034194946, 50.493481159210205, 49.950687646865845,]
