best-result = 84.21193981170654
warmup-time = 101.42533469200134
all-measurements = [ 84.21193981170654, 84.4104232788086, 92.60760068893433,]
