best-result = 94.44378852844238
warmup-time = 118.37279844284058
all-measurements = [ 95.18598055839539, 94.44378852844238, 94.67374515533447,]
