best-result = 38.67365026473999
warmup-time = 48.65239977836609
all-measurements = [ 39.066845178604126, 39.88027286529541, 38.67365026473999,]
