best-result = 311.5002865791321
warmup-time = 454.0734324455261
all-measurements = [ 315.52960658073425, 328.1482021808624, 311.5002865791321,]
