best-result = 61.679091691970825
warmup-time = 62.35658359527588
all-measurements = [ 62.09485173225403, 61.892348289489746, 61.679091691970825,]
