best-result = 22.43447256088257
warmup-time = 22.787809371948242
all-measurements = [ 22.777942895889282, 22.43447256088257, 22.83739709854126,]
