best-result = 46.68962860107422
warmup-time = 61.71076536178589
all-measurements = [ 46.68962860107422, 47.615917682647705, 46.96953368186951,]
