best-result = 46.11730885505676
warmup-time = 58.56971192359924
all-measurements = [ 46.43634247779846, 46.11730885505676, 46.46536874771118,]
