best-result = 934.7956805229187
warmup-time = 1129.9848222732544
all-measurements = [ 934.7956805229187, 939.3732845783234, 949.1048192977905,]
