best-result = 84.61616587638855
warmup-time = 100.03190755844116
all-measurements = [ 84.98428392410278, 85.60687375068665, 84.61616587638855,]
