best-result = 81.30224347114563
warmup-time = 104.55627846717834
all-measurements = [ 81.93136429786682, 81.57006740570068, 81.30224347114563,]
