best-result = 70.38724756240845
warmup-time = 91.51773595809937
all-measurements = [ 70.62534785270691, 70.55909752845764, 70.38724756240845,]
