best-result = 90.78562235832214
warmup-time = 104.82285523414612
all-measurements = [ 92.21865105628967, 91.02942490577698, 90.78562235832214,]
