best-result = 648.5855669975281
warmup-time = 663.1641595363617
all-measurements = [ 648.9569382667542, 656.1173961162567, 648.5855669975281,]
