best-result = 65.106516122818
warmup-time = 80.16480946540833
all-measurements = [ 65.10785341262817, 65.22922945022583, 65.106516122818,]
