best-result = 219.98470854759216
warmup-time = 373.1037666797638
all-measurements = [ 224.0683205127716, 219.98470854759216, 222.3265142440796,]
