best-result = 437.484689950943
warmup-time = 867.113272190094
all-measurements = [ 438.9287221431732, 439.4580616950989, 437.484689950943,]
