best-result = 61.21989464759827
warmup-time = 79.2018210887909
all-measurements = [ 62.236459732055664, 62.21727180480957, 61.21989464759827,]
