best-result = 140.77119493484497
warmup-time = 173.04791378974915
all-measurements = [ 141.24064350128174, 141.59975242614746, 140.77119493484497,]
