best-result = 866.5700290203094
warmup-time = 904.1981298923492
all-measurements = [ 878.900529384613, 874.4301378726959, 866.5700290203094,]
