best-result = 26.984391927719116
warmup-time = 36.0002920627594
all-measurements = [ 27.92019748687744, 26.984391927719116, 27.438669443130493,]
