best-result = 56.86764359474182
warmup-time = 71.64042687416077
all-measurements = [ 56.86764359474182, 56.97651290893555, 56.9154999256134,]
