best-result = 58.60109305381775
warmup-time = 73.60510778427124
all-measurements = [ 58.60109305381775, 59.65991020202637, 58.73214769363403,]
