best-result = 109.87772512435913
warmup-time = 136.68778014183044
all-measurements = [ 111.38165497779846, 109.87772512435913, 111.03879427909851,]
