best-result = 782.4293727874756
warmup-time = 852.4005522727966
all-measurements = [ 802.1212015151978, 782.4293727874756, 784.2316460609436,]
