best-result = 33.641748905181885
warmup-time = 41.77893018722534
all-measurements = [ 33.641748905181885, 33.89174747467041, 33.8525607585907,]
