best-result = 54.904128313064575
warmup-time = 71.25712275505066
all-measurements = [ 54.904128313064575, 55.0630145072937, 55.354772329330444,]
