best-result = 1660.3711030483246
warmup-time = 2112.890434026718
all-measurements = [ 2324.9445147514343, 1818.1303360462189, 1660.3711030483246,]
