best-result = 49.40266513824463
warmup-time = 69.89332103729248
all-measurements = [ 49.48492479324341, 49.78176498413086, 49.40266513824463,]
