best-result = 80.00474548339844
warmup-time = 97.0823884010315
all-measurements = [ 80.00474548339844, 80.23045587539673, 80.60586142539978,]
