best-result = 36.410173654556274
warmup-time = 45.94222855567932
all-measurements = [ 36.438971757888794, 36.573822021484375, 36.410173654556274,]
