best-result = 337.3126950263977
warmup-time = 479.3923647403717
all-measurements = [ 337.3126950263977, 338.0267858505249, 338.2783031463623,]
