best-result = 59.77976989746094
warmup-time = 60.09656238555908
all-measurements = [ 59.77976989746094, 60.038591384887695, 59.94170880317688,]
