best-result = 25.509427070617676
warmup-time = 25.79766082763672
all-measurements = [ 25.509427070617676, 25.628602504730225, 25.769718408584595,]
