best-result = 34.56522583961487
warmup-time = 38.06726622581482
all-measurements = [ 38.32806873321533, 38.310664892196655, 34.56522583961487,]
