best-result = 30.605343341827393
warmup-time = 30.907657623291016
all-measurements = [ 30.605343341827393, 31.09886360168457, 30.822756052017212,]
