best-result = 261.1160788536072
warmup-time = 271.3329176902771
all-measurements = [ 264.39249634742737, 261.1160788536072, 264.9798183441162,]
