best-result = 36.39086174964905
warmup-time = 36.29094076156616
all-measurements = [ 36.39086174964905, 36.97970938682556, 36.661784410476685,]
