best-result = 40.278499126434326
warmup-time = 39.52227187156677
all-measurements = [ 41.45529103279114, 40.36326479911804, 40.278499126434326,]
