best-result = 48.335137605667114
warmup-time = 51.299500942230225
all-measurements = [ 48.52817106246948, 48.335137605667114, 49.8724045753479,]
