best-result = 33.22540235519409
warmup-time = 33.22949457168579
all-measurements = [ 34.0460205078125, 33.22540235519409, 34.74094104766846,]
