best-result = 36.26555514335632
warmup-time = 37.31329655647278
all-measurements = [ 38.120765924453735, 36.26555514335632, 37.77677083015442,]
