best-result = 62.43831658363342
warmup-time = 62.22867941856384
all-measurements = [ 65.20446538925171, 63.779998779296875, 62.43831658363342,]
