best-result = 226.04130339622498
warmup-time = 230.2784070968628
all-measurements = [ 226.87617778778076, 226.04130339622498, 227.5272445678711,]
