best-result = 518.9168484210968
warmup-time = 523.8013713359833
all-measurements = [ 519.7320976257324, 521.7391541004181, 518.9168484210968,]
