best-result = 34.859445571899414
warmup-time = 36.47349548339844
all-measurements = [ 36.91564178466797, 34.859445571899414, 36.2203848361969,]
