best-result = 71.03964686393738
warmup-time = 83.14650988578796
all-measurements = [ 71.03964686393738, 87.49077796936035, 77.29559445381165,]
