best-result = 61.46724343299866
warmup-time = 63.74369168281555
all-measurements = [ 61.88832926750183, 62.15247058868408, 61.46724343299866,]
