best-result = 27.4942626953125
warmup-time = 27.79510807991028
all-measurements = [ 27.517338752746582, 27.993048191070557, 27.4942626953125,]
