best-result = 35.2194082736969
warmup-time = 35.31901407241821
all-measurements = [ 35.363075494766235, 35.520676136016846, 35.2194082736969,]
