best-result = 33.79668068885803
warmup-time = 33.69218373298645
all-measurements = [ 33.79668068885803, 34.141026973724365, 33.871870279312134,]
