best-result = 42.106762170791626
warmup-time = 42.966493368148804
all-measurements = [ 42.27790021896362, 42.72725582122803, 42.106762170791626,]
