best-result = 95.73003244400024
warmup-time = 95.97695875167847
all-measurements = [ 97.28054213523865, 97.17836999893188, 95.73003244400024,]
