best-result = 28.03969979286194
warmup-time = 27.732605934143066
all-measurements = [ 29.270850658416748, 28.731033086776733, 28.03969979286194,]
