best-result = 34.800302267074585
warmup-time = 34.93849778175354
all-measurements = [ 35.0263454914093, 36.14522743225098, 34.800302267074585,]
