best-result = 88.59904050827026
warmup-time = 86.38066673278809
all-measurements = [ 89.16852283477783, 88.59904050827026, 89.36066913604736,]
