best-result = 39.12074613571167
warmup-time = 39.225351333618164
all-measurements = [ 39.6890389919281, 39.46244144439697, 39.12074613571167,]
