best-result = 43.792550563812256
warmup-time = 45.37308859825134
all-measurements = [ 46.67208218574524, 44.23401975631714, 43.792550563812256,]
