best-result = 28.14726424217224
warmup-time = 28.467456579208374
all-measurements = [ 28.14726424217224, 28.93533158302307, 28.701056003570557,]
