best-result = 693.7918212413788
warmup-time = 728.9154965877533
all-measurements = [ 697.1105082035065, 698.4398555755615, 693.7918212413788,]
