best-result = 173.1609001159668
warmup-time = 178.24419927597046
all-measurements = [ 173.1609001159668, 174.685156583786, 174.58777236938477,]
