best-result = 64.99563121795654
warmup-time = 66.67324900627136
all-measurements = [ 69.22193884849548, 64.99563121795654, 68.01832365989685,]
