best-result = 21.78447985649109
warmup-time = 22.326326847076416
all-measurements = [ 22.506600856781006, 22.442235469818115, 21.78447985649109,]
