best-result = 47.109261989593506
warmup-time = 63.19176983833313
all-measurements = [ 47.35258173942566, 47.109261989593506, 47.22618365287781,]
