best-result = 46.81508946418762
warmup-time = 59.55206513404846
all-measurements = [ 47.12509322166443, 46.8712112903595, 46.81508946418762,]
