best-result = 975.4991247653961
warmup-time = 1173.4444062709808
all-measurements = [ 975.4991247653961, 979.3901197910309, 988.5532567501068,]
