best-result = 82.06017136573792
warmup-time = 95.27727317810059
all-measurements = [ 82.06017136573792, 82.36550951004028, 83.2475974559784,]
