best-result = 79.363609790802
warmup-time = 99.57771134376526
all-measurements = [ 79.363609790802, 79.56173896789551, 79.81035542488098,]
