best-result = 69.25752854347229
warmup-time = 92.65202069282532
all-measurements = [ 69.96507000923157, 69.25752854347229, 69.74598717689514,]
