best-result = 84.1702630519867
warmup-time = 98.33869171142578
all-measurements = [ 85.14262700080872, 84.1702630519867, 84.4965558052063,]
