best-result = 593.3542928695679
warmup-time = 601.7165615558624
all-measurements = [ 596.7635202407837, 596.9929218292236, 593.3542928695679,]
