best-result = 62.4148063659668
warmup-time = 77.64809131622314
all-measurements = [ 62.43105721473694, 62.710907220840454, 62.4148063659668,]
