best-result = 229.74542832374573
warmup-time = 396.3454840183258
all-measurements = [ 231.57402110099792, 229.9347734451294, 229.74542832374573,]
