best-result = 442.52452635765076
warmup-time = 914.6564493179321
all-measurements = [ 445.9419174194336, 442.52452635765076, 443.48713779449463,]
