best-result = 60.434778451919556
warmup-time = 78.85062837600708
all-measurements = [ 60.434778451919556, 60.59612703323364, 60.629234313964844,]
