best-result = 858.8260316848755
warmup-time = 898.16202044487
all-measurements = [ 873.555278301239, 864.4961411952972, 858.8260316848755,]
