best-result = 27.418823957443237
warmup-time = 36.279258489608765
all-measurements = [ 27.46708583831787, 27.45858860015869, 27.418823957443237,]
