best-result = 58.33747863769531
warmup-time = 72.16152739524841
all-measurements = [ 58.599976539611816, 58.33747863769531, 59.79413914680481,]
