best-result = 56.00943088531494
warmup-time = 69.45807361602783
all-measurements = [ 56.00943088531494, 56.332181453704834, 56.83548831939697,]
