best-result = 108.93485832214355
warmup-time = 137.7216649055481
all-measurements = [ 108.93485832214355, 108.94765710830688, 109.614333152771,]
