best-result = 768.5837440490723
warmup-time = 847.4305593967438
all-measurements = [ 768.5837440490723, 771.4989790916443, 770.431046962738,]
