best-result = 34.054768562316895
warmup-time = 41.56792688369751
all-measurements = [ 34.054768562316895, 34.15441131591797, 34.28667688369751,]
