best-result = 53.32374405860901
warmup-time = 70.21556663513184
all-measurements = [ 53.32374405860901, 54.086737871170044, 54.02546191215515,]
