best-result = 49.409608364105225
warmup-time = 70.3301887512207
all-measurements = [ 49.84139323234558, 49.409608364105225, 50.27019953727722,]
