best-result = 78.71805810928345
warmup-time = 100.47182989120483
all-measurements = [ 78.71805810928345, 80.1882004737854, 79.56383323669434,]
