best-result = 35.785489320755005
warmup-time = 43.50556945800781
all-measurements = [ 36.35284614562988, 35.814146280288696, 35.785489320755005,]
