best-result = 347.5021598339081
warmup-time = 484.09315037727356
all-measurements = [ 347.5021598339081, 355.79657554626465, 349.06897497177124,]
