best-result = 103.04716038703918
warmup-time = 103.88614273071289
all-measurements = [ 104.36665272712708, 103.04716038703918, 104.21586608886719,]
