best-result = 21.522459268569946
warmup-time = 22.188186168670654
all-measurements = [ 22.010716438293457, 22.19317102432251, 21.522459268569946,]
