best-result = 46.88811159133911
warmup-time = 63.55976963043213
all-measurements = [ 46.96348190307617, 46.88811159133911, 47.300089597702026,]
