best-result = 46.578943967819214
warmup-time = 59.05595088005066
all-measurements = [ 46.74026274681091, 46.578943967819214, 46.823688983917236,]
