best-result = 943.8260548114777
warmup-time = 1152.7117710113525
all-measurements = [ 943.8260548114777, 956.6443033218384, 957.9748253822327,]
