best-result = 81.86896753311157
warmup-time = 97.56900978088379
all-measurements = [ 81.86896753311157, 82.21786880493164, 82.69150710105896,]
