best-result = 78.71702146530151
warmup-time = 97.5999264717102
all-measurements = [ 78.71702146530151, 78.94870734214783, 78.92978930473328,]
