best-result = 69.21356058120728
warmup-time = 92.32103681564331
all-measurements = [ 71.57247543334961, 69.21356058120728, 70.65935349464417,]
