best-result = 84.02454996109009
warmup-time = 99.76832365989685
all-measurements = [ 84.6647379398346, 84.8631317615509, 84.02454996109009,]
