best-result = 589.477498292923
warmup-time = 605.2523317337036
all-measurements = [ 594.8382124900818, 591.1079404354095, 589.477498292923,]
