best-result = 62.07170104980469
warmup-time = 78.91908550262451
all-measurements = [ 62.07170104980469, 62.93377709388733, 62.409791707992554,]
