best-result = 223.9548237323761
warmup-time = 378.172643661499
all-measurements = [ 228.1383078098297, 224.97615814208984, 223.9548237323761,]
