best-result = 437.8958203792572
warmup-time = 888.953038930893
all-measurements = [ 439.15206718444824, 437.8958203792572, 441.19879126548767,]
