best-result = 60.264715909957886
warmup-time = 82.82800436019897
all-measurements = [ 73.36908721923828, 66.9920859336853, 60.264715909957886,]
