best-result = 847.101301908493
warmup-time = 875.8842310905457
all-measurements = [ 847.8133234977722, 847.101301908493, 851.3143122196198,]
