best-result = 27.146849155426025
warmup-time = 34.89800810813904
all-measurements = [ 27.146849155426025, 27.41326665878296, 28.066241979599,]
