best-result = 57.5798704624176
warmup-time = 71.62196922302246
all-measurements = [ 57.5798704624176, 58.323339223861694, 58.29410481452942,]
