best-result = 55.91820573806763
warmup-time = 68.09837555885315
all-measurements = [ 56.26387572288513, 56.177237033843994, 55.91820573806763,]
