best-result = 107.71033692359924
warmup-time = 138.2832465171814
all-measurements = [ 109.14815998077393, 107.71033692359924, 109.10009670257568,]
