best-result = 759.9990804195404
warmup-time = 828.2778940200806
all-measurements = [ 761.4676151275635, 759.9990804195404, 761.3434474468231,]
