best-result = 33.92408061027527
warmup-time = 40.446961641311646
all-measurements = [ 34.346601724624634, 33.92408061027527, 34.091339111328125,]
