best-result = 53.22374105453491
warmup-time = 68.46521186828613
all-measurements = [ 53.47022271156311, 53.22374105453491, 53.789692878723145,]
