best-result = 49.31241321563721
warmup-time = 67.96646976470947
all-measurements = [ 49.62164497375488, 49.42088556289673, 49.31241321563721,]
