best-result = 78.8316581249237
warmup-time = 96.77329778671265
all-measurements = [ 79.14849758148193, 78.8316581249237, 83.55398988723755,]
