best-result = 35.824801445007324
warmup-time = 53.373029947280884
all-measurements = [ 38.56885290145874, 36.385517597198486, 35.824801445007324,]
