best-result = 333.1741976737976
warmup-time = 476.04181599617004
all-measurements = [ 345.8005967140198, 336.84010314941406, 333.1741976737976,]
