best-result = 101.82213258743286
warmup-time = 102.38387537002563
all-measurements = [ 102.12954521179199, 101.82213258743286, 102.34251189231873,]
