best-result = 26.693809747695923
warmup-time = 26.78459668159485
all-measurements = [ 26.820299863815308, 26.96040415763855, 26.693809747695923,]
