best-result = 37.89368677139282
warmup-time = 42.09800601005554
all-measurements = [ 40.561439037323, 38.59593677520752, 37.89368677139282,]
