best-result = 33.91139602661133
warmup-time = 33.76313138008118
all-measurements = [ 33.91139602661133, 34.63442945480347, 34.35051894187927,]
