best-result = 287.2778389453888
warmup-time = 291.4988167285919
all-measurements = [ 287.9727523326874, 290.427442073822, 287.2778389453888,]
