best-result = 37.93708109855652
warmup-time = 37.90555667877197
all-measurements = [ 39.67927002906799, 39.323784828186035, 37.93708109855652,]
