best-result = 44.79181241989136
warmup-time = 44.53790521621704
all-measurements = [ 44.79181241989136, 45.03188180923462, 45.732168436050415,]
