best-result = 52.42339634895325
warmup-time = 55.63790583610535
all-measurements = [ 54.290255546569824, 55.97249627113342, 52.42339634895325,]
