best-result = 35.312525510787964
warmup-time = 37.47220468521118
all-measurements = [ 36.14515399932861, 37.09348750114441, 35.312525510787964,]
