best-result = 40.239240884780884
warmup-time = 39.51769423484802
all-measurements = [ 40.239240884780884, 41.043663024902344, 40.61173486709595,]
