best-result = 61.58505320549011
warmup-time = 59.08607816696167
all-measurements = [ 61.58505320549011, 65.80769658088684, 64.44848155975342,]
