best-result = 255.3045370578766
warmup-time = 257.01025128364563
all-measurements = [ 255.72508120536804, 255.36648154258728, 255.3045370578766,]
