best-result = 595.271329164505
warmup-time = 595.5822515487671
all-measurements = [ 595.271329164505, 598.6358921527863, 596.7942976951599,]
