best-result = 38.04834961891174
warmup-time = 40.51872253417969
all-measurements = [ 38.04834961891174, 38.64904451370239, 39.409594774246216,]
