best-result = 67.94671130180359
warmup-time = 67.42686581611633
all-measurements = [ 69.84515309333801, 68.39845585823059, 67.94671130180359,]
