best-result = 29.315499544143677
warmup-time = 29.39697575569153
all-measurements = [ 30.09760856628418, 29.50620436668396, 29.315499544143677,]
