best-result = 38.36885905265808
warmup-time = 38.185354232788086
all-measurements = [ 38.90511155128479, 38.36885905265808, 38.409117221832275,]
