best-result = 34.83084177970886
warmup-time = 33.90174150466919
all-measurements = [ 35.31734848022461, 36.15786290168762, 34.83084177970886,]
