best-result = 45.286399841308594
warmup-time = 49.95445370674133
all-measurements = [ 47.591388463974, 45.286399841308594, 48.225330114364624,]
