best-result = 106.44052171707153
warmup-time = 104.6467797756195
all-measurements = [ 106.44052171707153, 110.46222639083862, 110.1665780544281,]
