best-result = 28.706576824188232
warmup-time = 30.499409675598145
all-measurements = [ 29.09499168395996, 28.706576824188232, 31.417279958724976,]
