best-result = 36.61984610557556
warmup-time = 35.58976650238037
all-measurements = [ 37.070154666900635, 37.62962770462036, 36.61984610557556,]
