best-result = 42.28849244117737
warmup-time = 44.22952127456665
all-measurements = [ 42.28849244117737, 43.41356110572815, 42.9415967464447,]
