best-result = 44.54786205291748
warmup-time = 45.77403974533081
all-measurements = [ 44.54786205291748, 48.349117279052734, 45.545202016830444,]
