best-result = 29.5806987285614
warmup-time = 31.12527346611023
all-measurements = [ 29.5806987285614, 30.763129711151123, 29.819950580596924,]
