best-result = 737.2827143669128
warmup-time = 740.1234331130981
all-measurements = [ 737.2827143669128, 738.6220984458923, 748.0534760951996,]
