best-result = 194.7567102909088
warmup-time = 197.71851539611816
all-measurements = [ 197.70844292640686, 194.7567102909088, 197.63562083244324,]
