best-result = 45.399980306625366
warmup-time = 47.60942602157593
all-measurements = [ 47.95422005653381, 46.80293607711792, 45.399980306625366,]
